209438
506711
1004800
648751
778437
652005
822413
822452
1110123
679635
455722
822730
715702
255698
130946
269357
726744
1110170
521436
534988
504248
138686
496712
781771
509382
683073
177620
520670
529872
548313
323016
399772
509341
532957
432554
347561
223665
357813
399798
506965
544170
372134
715171
340396
510382
553365
517529
578964
213432
896089
589246
1110434
184753
1109384
375194
507990
335431
73280
260676
352839
656972
325170
588862
517688
167991
482873
255591
512053
512620
255589
255593
434781
506452
530011
562793
207454
255587
399867
322047
369726
145923
333883
749026
517596
604653
620019
813541
506365
323645
410159
430647
638499
616511
749071
374847
335366
518672
920094
768542
369886
