1	0.028508077288565095
2	0.020589166930630346
3	0.022384119945095555
4	0.021856192587899906
5	0.022595290887973817
6	0.019955654101995565
7	0.020166825044873826
8	0.022595290887973817
9	0.020377995987752084
10	0.017316017316017316
11	0.015521064301552107
12	0.017421602787456445
13	0.016999260901699925
14	0.017316017316017316
15	0.016682504487382538
16	0.015943406187308627
17	0.016893675430260796
18	0.014465209587160808
19	0.015204307887234716
20	0.015204307887234716
21	0.015626649772991236
22	0.015309893358673847
23	0.017104846373139058
24	0.012881427515573857
25	0.014676380530039067
26	0.013726111287086897
27	0.012775842044134728
28	0.013620525815647768
29	0.011403230915426037
30	0.011192059972547777
31	0.011192059972547777
32	0.011508816386865168
33	0.009185936015204309
34	0.011825572801182557
35	0.011297645443986908
36	0.010875303558230388
37	0.009291521486643438
38	0.010980889029669517
39	0.007707739415056488
40	0.010980889029669517
41	0.008235666772252138
42	0.008869179600886918
43	0.008869179600886918
44	0.007390983000739098
45	0.009713863372399958
46	0.009819448843839089
47	0.007602153943617358
48	0.008974765072326049
49	0.007285397529299968
50	0.007496568472178228
51	0.007707739415056488
52	0.007285397529299968
53	0.005701615457713019
54	0.0064407137577869285
55	0.0065462992292260585
56	0.0065462992292260585
57	0.005912786400591279
58	0.0062295428149086686
59	0.0062295428149086686
60	0.005384859043395629
61	0.004962517157639109
62	0.006018371872030409
63	0.005173688100517369
64	0.0066518847006651885
65	0.004434589800443459
66	0.004645760743321719
67	0.005807200929152149
68	0.003484320557491289
69	0.004223418857565199
70	0.004329004329004329
71	0.003695491500369549
72	0.004329004329004329
73	0.0029563932002956393
74	0.005490444514834759
75	0.005384859043395629
76	0.004751346214760849
77	0.0029563932002956393
78	0.0033787350860521592
79	0.003695491500369549
80	0.0023228803716608595
81	0.004223418857565199
82	0.0030619786717347693
83	0.0033787350860521592
84	0.0027452222574173794
85	0.0025340513145391194
86	0.0026396367859782494
87	0.0025340513145391194
88	0.0027452222574173794
89	0.0026396367859782494
90	0.003906662443247809
91	0.0015837820715869496
92	0.0015837820715869496
93	0.0027452222574173794
94	0.0029563932002956393
95	0.0025340513145391194
96	0.0015837820715869496
97	0.0019005384859043396
98	0.0025340513145391194
99	0.0021117094287825995
100	0.0014781966001478197
101	0.0016893675430260796
102	0.0025340513145391194
103	0.0016893675430260796
104	0.0021117094287825995
105	0.0017949530144652096
106	0.0014781966001478197
107	0.0011614401858304297
108	0.0017949530144652096
109	9.502692429521698E-4
110	0.0024284658430999894
111	0.0017949530144652096
112	0.0026396367859782494
113	0.0022172949002217295
114	8.446837715130398E-4
115	0.0012670256572695597
116	0.0011614401858304297
117	0.0013726111287086897
118	0.0010558547143912998
119	0.0012670256572695597
120	9.502692429521698E-4
121	7.390983000739098E-4
122	0.0015837820715869496
123	8.446837715130398E-4
124	7.390983000739098E-4
125	0.0011614401858304297
126	9.502692429521698E-4
127	6.335128286347799E-4
128	0.0013726111287086897
129	9.502692429521698E-4
130	8.446837715130398E-4
131	0.0010558547143912998
132	9.502692429521698E-4
133	9.502692429521698E-4
134	7.390983000739098E-4
135	2.1117094287825995E-4
136	9.502692429521698E-4
137	5.279273571956499E-4
138	4.223418857565199E-4
139	3.167564143173899E-4
140	0.0011614401858304297
141	3.167564143173899E-4
142	8.446837715130398E-4
143	0.0010558547143912998
144	6.335128286347799E-4
145	8.446837715130398E-4
146	6.335128286347799E-4
147	8.446837715130398E-4
148	0.0010558547143912998
149	5.279273571956499E-4
150	7.390983000739098E-4
151	4.223418857565199E-4
152	6.335128286347799E-4
153	3.167564143173899E-4
154	6.335128286347799E-4
155	6.335128286347799E-4
156	7.390983000739098E-4
157	5.279273571956499E-4
158	6.335128286347799E-4
159	3.167564143173899E-4
160	0.0012670256572695597
161	3.167564143173899E-4
162	4.223418857565199E-4
163	3.167564143173899E-4
164	4.223418857565199E-4
165	1.0558547143912998E-4
166	2.1117094287825995E-4
167	2.1117094287825995E-4
168	3.167564143173899E-4
169	3.167564143173899E-4
170	4.223418857565199E-4
171	3.167564143173899E-4
172	1.0558547143912998E-4
173	3.167564143173899E-4
174	2.1117094287825995E-4
175	4.223418857565199E-4
176	3.167564143173899E-4
177	0.0011614401858304297
178	7.390983000739098E-4
179	1.0558547143912998E-4
180	1.0558547143912998E-4
181	1.0558547143912998E-4
182	8.446837715130398E-4
184	2.1117094287825995E-4
185	1.0558547143912998E-4
186	3.167564143173899E-4
187	4.223418857565199E-4
188	4.223418857565199E-4
189	2.1117094287825995E-4
190	1.0558547143912998E-4
192	4.223418857565199E-4
193	2.1117094287825995E-4
194	2.1117094287825995E-4
195	1.0558547143912998E-4
196	4.223418857565199E-4
197	1.0558547143912998E-4
198	3.167564143173899E-4
200	2.1117094287825995E-4
201	1.0558547143912998E-4
202	3.167564143173899E-4
203	2.1117094287825995E-4
204	1.0558547143912998E-4
205	2.1117094287825995E-4
206	1.0558547143912998E-4
207	2.1117094287825995E-4
208	2.1117094287825995E-4
210	1.0558547143912998E-4
211	3.167564143173899E-4
212	1.0558547143912998E-4
214	4.223418857565199E-4
216	2.1117094287825995E-4
218	1.0558547143912998E-4
221	1.0558547143912998E-4
223	4.223418857565199E-4
224	2.1117094287825995E-4
225	3.167564143173899E-4
226	1.0558547143912998E-4
227	1.0558547143912998E-4
229	1.0558547143912998E-4
230	2.1117094287825995E-4
231	1.0558547143912998E-4
232	1.0558547143912998E-4
233	1.0558547143912998E-4
234	1.0558547143912998E-4
236	2.1117094287825995E-4
237	1.0558547143912998E-4
239	1.0558547143912998E-4
241	1.0558547143912998E-4
242	1.0558547143912998E-4
243	1.0558547143912998E-4
245	1.0558547143912998E-4
246	2.1117094287825995E-4
248	1.0558547143912998E-4
250	1.0558547143912998E-4
252	2.1117094287825995E-4
255	1.0558547143912998E-4
256	1.0558547143912998E-4
257	1.0558547143912998E-4
258	1.0558547143912998E-4
259	1.0558547143912998E-4
264	2.1117094287825995E-4
267	2.1117094287825995E-4
268	1.0558547143912998E-4
269	2.1117094287825995E-4
270	1.0558547143912998E-4
271	2.1117094287825995E-4
272	1.0558547143912998E-4
276	1.0558547143912998E-4
279	1.0558547143912998E-4
281	1.0558547143912998E-4
283	2.1117094287825995E-4
285	1.0558547143912998E-4
286	2.1117094287825995E-4
288	1.0558547143912998E-4
293	1.0558547143912998E-4
298	2.1117094287825995E-4
299	1.0558547143912998E-4
302	1.0558547143912998E-4
303	1.0558547143912998E-4
310	1.0558547143912998E-4
311	1.0558547143912998E-4
317	1.0558547143912998E-4
318	1.0558547143912998E-4
319	2.1117094287825995E-4
322	1.0558547143912998E-4
325	1.0558547143912998E-4
326	1.0558547143912998E-4
329	1.0558547143912998E-4
332	1.0558547143912998E-4
335	1.0558547143912998E-4
336	1.0558547143912998E-4
341	1.0558547143912998E-4
344	1.0558547143912998E-4
349	1.0558547143912998E-4
351	1.0558547143912998E-4
355	1.0558547143912998E-4
377	1.0558547143912998E-4
379	1.0558547143912998E-4
381	1.0558547143912998E-4
382	1.0558547143912998E-4
383	1.0558547143912998E-4
395	1.0558547143912998E-4
398	1.0558547143912998E-4
406	1.0558547143912998E-4
408	1.0558547143912998E-4
409	1.0558547143912998E-4
410	1.0558547143912998E-4
415	1.0558547143912998E-4
436	1.0558547143912998E-4
441	1.0558547143912998E-4
447	2.1117094287825995E-4
458	1.0558547143912998E-4
469	1.0558547143912998E-4
470	1.0558547143912998E-4
478	1.0558547143912998E-4
480	1.0558547143912998E-4
498	1.0558547143912998E-4
512	1.0558547143912998E-4
536	1.0558547143912998E-4
540	1.0558547143912998E-4
542	1.0558547143912998E-4
558	1.0558547143912998E-4
565	1.0558547143912998E-4
625	1.0558547143912998E-4
637	1.0558547143912998E-4
670	2.1117094287825995E-4
680	1.0558547143912998E-4
688	1.0558547143912998E-4
704	1.0558547143912998E-4
720	1.0558547143912998E-4
733	1.0558547143912998E-4
757	1.0558547143912998E-4
769	1.0558547143912998E-4
783	1.0558547143912998E-4
803	1.0558547143912998E-4
907	1.0558547143912998E-4
1695	1.0558547143912998E-4
