147396
351496
162251
161976
48347
347114
586043
147064
351638
154476
242861
351603
344894
344776
162261
351497
344770
284389
164581
678348
584811
162035
348433
147558
349104
641144
59852
774124
344780
149318
242811
662735
585189
162099
352466
774127
351451
162284
312964
662490
159110
113202
347309
773858
161878
151837
242809
344773
162287
345036
662321
584344
351490
352173
671642
161877
161979
678347
351498
48382
147072
344781
349271
344895
151825
662703
663041
166589
147133
344741
648059
348772
761095
641145
21982
344736
312996
12314
344818
87736
312994
641026
161879
161964
641146
352207
48366
344810
348767
58183
986742
346156
347105
347120
344778
349068
586093
166858
351264
585238
