1494606
799697
1388651
1411210
862713
348101
577441
1118646
1140795
1354853
209468
280903
1328710
425695
997102
934399
466651
621500
1098300
1003441
1620681
1620698
1074312
994395
1025054
969979
1216107
786063
994230
1552901
1057326
1190325
172123
1098219
1494634
1163727
196220
1494674
1103501
578067
581683
1494652
1252984
1494603
139326
1384196
1120073
1149578
941863
909584
1329094
879244
1231596
1494680
1494710
248072
373131
892883
1494720
1379423
1016998
1072193
1414441
1082688
1340373
511349
83083
114702
971912
1098768
1225697
451733
1076481
1049213
1332797
1451608
284254
1494570
1494531
1494589
1280941
998377
216015
688792
678780
969625
783872
1440283
1149063
1454331
1255986
841778
698889
810959
329991
1609224
1028398
1331508
926346
1192575
