246533
620551
760090
620682
620553
620550
237395
1137702
1162758
348252
620552
724333
396181
1032935
932768
330214
351264
1030308
1019770
1008880
565358
977611
72358
167396
430638
177013
1162774
1017955
1032810
45667
520490
372356
509536
529558
1057421
466781
769031
300587
383107
674998
468171
1032945
1033031
979867
1191514
266745
516979
835393
806991
1266318
1138718
686993
1151354
27284
772675
682179
870002
784589
265306
265181
657301
526873
265303
58886
45537
304619
10650
265190
265134
16776
932292
2057
949190
503655
696020
870600
870363
566047
347692
786803
441209
793054
560806
483677
819583
204166
8658
13563
64644
184205
237735
14262
69652
38972
45546
45672
45679
45548
213092
1403319
