48979
19
2157
48979 558 1 0 4 6 26
1887 109 1 1 6 6 16
4848 69 1 0 1 6 20
8531 55 1 1 6 6 18
9229 91 1 0 6 6 16
10041 37 0 1 8 6 24
10679 267 0 1 2 6 54
12218 109 1 0 6 6 26
13518 96 1 1 8 6 15
15268 764 1 1 5 6 20
16545 389 1 1 2 6 29
16890 565 1 1 8 6 22
19434 264 1 1 2 6 21
21003 371 1 1 1 6 16
21568 35 1 1 0 6 28
22366 41 0 1 7 6 33
22367 70 1 0 7 6 30
22729 128 1 1 1 6 26
24587 342 1 1 2 6 27
26365 428 0 1 4 6 20
31863 47 1 0 6 6 25
32625 133 0 0 8 6 22
33868 98 1 1 1 6 21
34203 390 1 1 2 6 22
34629 73 1 1 4 6 23
35322 516 1 1 6 6 24
35346 96 1 0 6 5 21
35628 50 0 0 0 6 17
39254 69 1 1 7 6 25
39426 104 1 0 2 6 20
40473 129 1 1 4 6 21
41291 171 1 0 4 6 15
41409 207 1 1 4 5 22
41533 581 1 1 2 6 31
41879 111 1 0 0 6 23
42510 134 0 1 0 6 22
42747 58 0 0 5 6 19
42929 39 1 0 4 6 19
42997 199 1 1 2 6 26
48525 53 1 0 1 6 21
48881 23 0 0 4 6 21
49069 292 1 0 6 6 26
53569 110 0 0 6 6 33
53749 196 0 0 6 6 20
56485 495 0 1 7 6 37
58427 52 1 1 4 5 25
58543 85 0 0 8 6 21
58720 236 0 0 8 6 18
60053 113 0 0 4 6 30
60089 102 1 1 0 6 22
61034 495 1 0 0 5 23
61633 227 1 0 5 6 29
63088 26 0 0 0 6 28
63089 37 0 1 0 6 23
66132 157 1 1 1 6 31
67449 157 1 0 6 6 17
67917 84 1 1 4 6 24
67963 56 1 1 3 6 23
68366 98 1 1 4 6 22
70202 101 1 1 3 6 27
70318 524 1 1 2 6 37
70634 99 1 0 1 5 27
73049 231 1 0 1 6 23
73623 144 1 1 5 5 19
73843 98 1 1 6 6 18
77721 623 1 1 4 6 17
79226 670 1 0 8 6 11
83757 59 1 1 6 6 29
85253 283 1 1 8 6 20
85546 141 1 0 5 6 27
85621 66 1 0 5 6 19
86480 11 1 0 5 6 20
88019 459 1 1 2 6 17
88280 635 1 0 1 6 19
88861 344 0 0 6 6 16
90841 122 1 0 8 6 24
90979 52 1 0 9 6 20
92134 14 0 0 2 6 35
92688 32 0 0 1 6 23
98369 77 1 0 2 6 21
98748 277 1 0 6 6 25
102051 65 0 0 3 6 43
102648 148 0 0 6 6 25
107495 22 1 0 6 6 21
107662 276 1 0 1 6 31
108449 333 1 0 1 6 21
108483 491 1 0 2 6 27
108630 16 1 0 1 6 19
108770 45 0 0 6 6 30
108897 81 1 0 9 6 23
108953 101 0 0 3 6 27
109735 76 1 0 4 6 26
110101 33 1 0 0 6 22
110339 370 1 0 3 6 23
112217 64 1 0 0 6 25
115085 139 1 0 2 6 23
116080 236 0 0 6 6 19
122653 109 1 1 6 6 17
122705 246 1 0 2 6 29
124081 19 1 0 1 6 26
124980 275 1 0 1 6 36
127402 243 1 1 2 6 19
130214 66 1 1 4 6 19
130252 185 1 1 4 6 20
130919 92 0 0 3 5 20
130976 66 0 1 7 6 27
133285 96 1 0 2 6 21
134083 55 1 0 2 6 16
134146 44 1 0 5 6 36
134221 145 1 0 5 5 29
135563 390 1 1 6 6 16
136269 22 0 1 4 5 33
136454 30 0 0 2 6 25
139161 191 0 1 7 5 26
143918 94 1 0 5 6 27
145045 167 0 1 4 6 33
146959 763 1 0 7 6 20
152523 9 1 0 2 6 24
159153 74 0 0 7 6 31
160943 57 1 1 7 6 19
164893 28 1 1 4 6 26
169356 83 1 0 7 6 31
169924 87 1 1 1 6 42
170371 164 1 1 4 6 22
170590 109 1 0 6 6 19
172758 496 1 0 8 6 20
175183 86 1 0 8 6 30
181350 198 1 1 8 6 24
184575 82 0 0 7 6 24
189517 100 0 0 6 6 38
191669 19 0 0 5 6 34
199665 786 1 0 6 6 25
200431 20 1 0 2 6 20
201224 137 1 1 0 6 24
201397 6 1 1 4 5 30
201743 65 1 0 2 6 24
203151 79 1 1 2 6 19
206550 54 1 0 7 6 23
212369 38 0 1 4 5 21
212901 65 0 1 1 6 24
213277 96 0 1 4 6 21
213339 150 1 1 8 6 22
214104 50 1 0 3 6 27
214105 307 0 0 6 6 28
214113 338 1 0 1 5 32
215602 258 1 1 1 6 40
217145 40 1 0 1 6 18
217756 51 1 0 2 6 29
220801 53 1 1 9 6 20
222730 55 1 1 9 6 22
226952 343 1 0 9 6 13
232213 187 0 1 7 6 22
232447 38 1 1 0 6 19
235146 20 0 0 0 6 23
235903 57 1 0 2 6 20
236928 17 0 0 0 6 26
237748 14 1 0 8 5 17
237802 136 1 0 8 6 17
246131 371 1 1 4 6 29
250574 99 1 0 2 6 22
251201 65 1 1 8 6 20
255652 64 1 0 4 6 21
256148 295 1 1 2 6 25
256151 241 1 0 6 6 22
256194 195 1 0 7 6 15
257341 33 0 0 3 6 23
257940 37 1 1 2 6 20
258355 33 0 0 2 6 17
262730 137 1 0 2 6 24
264549 28 1 1 5 6 20
264934 5 1 1 2 6 39
266625 93 1 1 1 6 32
267406 195 1 1 8 6 17
267612 62 1 0 3 6 21
268160 14 1 0 0 6 22
271182 356 1 1 7 6 31
272406 104 1 1 2 6 25
275239 23 1 0 7 6 21
275657 51 1 0 2 5 26
276058 29 1 0 6 6 21
276234 4 1 0 6 5 21
276279 38 1 0 2 6 21
276468 72 1 0 4 6 22
276518 70 1 0 1 6 23
276622 106 1 0 4 6 22
279049 179 1 0 7 6 20
279075 31 1 1 7 6 20
279256 53 1 0 4 6 19
281556 44 0 0 0 6 41
283197 273 1 0 9 6 23
283200 341 1 0 2 6 24
283208 33 1 0 4 6 23
283667 341 0 1 1 6 41
283887 53 0 0 1 6 26
284465 37 1 0 6 6 40
284533 79 1 0 5 6 27
285466 210 1 0 1 6 22
285981 48 0 0 1 6 22
286907 7 1 0 0 6 25
289329 174 1 0 2 6 20
289819 181 1 0 1 6 26
290146 28 1 0 4 5 22
291124 18 1 0 6 6 29
296007 104 1 1 4 6 32
296247 13 1 0 8 6 27
296252 42 0 0 6 6 20
296496 78 1 0 0 6 22
297324 205 1 0 2 6 22
297425 236 1 0 1 6 28
297477 55 1 0 4 6 20
298393 5 0 0 0 6 24
298676 46 1 0 6 6 21
298749 9 0 0 1 6 23
298767 106 1 0 4 6 17
301357 25 0 0 8 6 21
303218 153 0 1 0 6 35
303574 103 1 1 3 6 20
305440 192 1 0 6 6 27
305441 35 1 0 2 6 29
306949 136 0 1 7 6 28
310831 47 1 1 6 6 23
312079 54 1 0 6 6 23
312577 81 1 1 6 6 19
313827 43 1 0 1 6 17
317363 77 1 0 4 6 23
317439 150 1 1 1 6 40
318152 55 1 0 2 6 20
318153 56 1 0 2 5 20
318626 167 1 0 7 6 18
319806 32 1 0 8 6 39
330698 85 1 0 7 6 24
330760 119 0 0 1 6 21
331072 14 0 0 2 5 23
331276 55 1 1 6 5 19
331351 96 1 0 1 6 26
332659 84 0 0 6 6 37
332914 137 1 0 8 6 17
333399 78 0 0 4 6 22
333400 31 1 0 3 6 22
333496 70 1 0 0 6 36
333737 36 1 1 9 6 36
333740 63 1 1 6 6 18
333844 20 1 1 6 6 42
333845 9 1 1 1 5 26
333849 81 1 1 6 6 28
333859 131 1 0 7 6 19
333883 42 1 1 2 5 23
334104 102 1 1 6 6 23
334660 13 1 1 6 6 22
334995 58 1 0 2 6 29
335787 222 0 1 8 6 22
339939 102 1 0 1 5 19
341783 58 0 0 4 6 19
342013 80 1 0 0 5 30
345613 117 1 0 1 6 47
347399 68 1 1 8 5 22
347546 71 0 1 3 6 22
347633 102 1 0 2 6 21
347797 117 1 1 4 6 33
348983 100 1 0 5 6 32
351355 284 0 1 4 6 15
351488 129 1 0 2 6 27
351929 19 1 0 8 6 21
352536 41 1 0 7 6 22
352578 38 0 0 1 6 20
353221 41 1 0 2 6 18
353233 246 1 0 2 6 29
353234 44 0 0 7 6 20
353329 119 1 0 8 6 18
353851 25 1 0 1 6 21
354031 76 1 0 3 6 15
354506 36 1 0 7 6 28
355012 27 1 0 2 6 22
355130 105 1 0 4 6 26
355229 50 1 0 4 6 24
355718 23 0 0 6 6 28
357260 28 0 0 2 6 31
358342 65 1 1 5 6 17
358554 70 1 0 1 6 23
359460 16 0 0 0 6 24
363468 35 0 1 8 6 20
364721 126 1 1 7 6 20
366327 85 1 0 8 6 24
367844 562 1 0 2 6 19
368172 70 1 0 4 6 24
368317 144 1 0 1 6 20
368398 50 1 0 2 6 19
368402 25 0 1 6 6 29
368648 11 1 1 6 6 14
368748 19 0 1 7 6 23
368848 13 1 1 1 6 44
368873 33 1 0 1 6 20
369125 54 1 1 2 6 22
369228 267 1 0 1 6 21
369671 9 1 0 9 6 29
370787 81 1 0 7 6 21
371549 11 1 0 5 6 33
372348 57 0 1 4 6 20
373390 104 1 0 7 6 30
376231 105 1 0 7 6 23
376766 48 1 0 8 6 19
378042 59 1 1 4 6 24
378948 51 0 0 8 6 23
381876 44 1 1 2 6 19
382614 9 1 0 7 6 24
385064 104 1 1 4 6 21
386062 15 1 0 6 6 18
390608 29 0 1 6 6 21
391106 24 1 0 7 6 18
393466 183 1 1 1 5 24
394287 24 0 0 3 6 36
395730 37 0 1 4 6 30
396791 68 1 0 1 6 29
397806 180 1 0 2 6 18
397938 72 1 0 6 5 24
398385 35 1 0 4 6 23
398812 138 1 1 2 6 19
399396 6 0 1 8 6 26
399973 80 0 0 4 6 21
400684 85 1 0 0 6 23
400757 19 1 1 5 6 26
400762 57 1 0 2 6 26
401174 50 1 0 9 6 22
402718 166 1 1 6 6 18
402940 231 1 1 4 6 18
403113 23 1 1 2 5 22
403813 77 1 1 2 6 23
405339 35 1 0 2 6 19
408338 184 0 0 8 6 19
409316 68 1 0 6 5 22
410600 6 1 0 1 6 22
410615 71 1 0 8 6 16
411939 19 0 1 7 6 27
414880 95 1 1 7 6 20
415003 12 1 0 1 5 22
430449 16 1 0 3 6 20
430752 33 1 0 8 5 39
434363 34 0 0 8 6 17
435547 35 1 0 9 6 26
438340 64 1 1 8 6 21
440078 54 1 1 9 6 41
440428 41 1 0 4 6 20
442916 56 0 1 6 6 23
443797 58 1 0 0 6 26
444227 79 1 1 7 6 25
450606 54 1 1 4 6 29
456075 122 1 1 7 6 22
457653 66 1 1 8 6 12
457684 93 1 1 1 6 54
461700 94 1 1 0 6 14
466400 20 1 1 5 6 37
467452 64 1 0 1 6 20
468459 4 1 0 2 6 23
469086 25 1 0 4 6 31
471421 63 1 0 8 6 23
471495 23 1 0 1 5 23
471499 21 1 0 1 6 30
471791 49 1 0 9 6 29
471826 37 1 0 1 6 21
472137 12 1 0 9 6 48
477462 69 1 1 4 5 31
479645 31 1 1 1 6 29
481099 46 1 1 2 6 18
486827 9 1 0 2 6 21
487882 106 1 0 5 6 19
488668 74 1 0 7 6 22
488836 18 0 0 1 6 22
489355 60 1 0 7 6 24
489406 23 1 1 0 6 37
493526 165 1 1 6 6 18
499650 153 1 0 2 6 28
503608 57 1 0 0 6 22
505135 101 1 0 8 6 22
509341 101 0 1 4 6 18
510038 114 1 1 4 6 28
510485 186 0 1 6 6 18
512095 323 1 1 7 6 17
512614 97 1 1 6 6 24
517239 35 1 0 1 6 27
518823 28 1 1 0 5 32
519036 24 1 1 1 6 24
520779 67 1 1 7 6 29
524786 44 0 0 8 6 33
525017 28 1 1 9 6 22
525912 71 1 1 4 6 18
528852 69 1 1 8 6 39
529405 18 1 0 2 6 22
529575 50 1 0 0 6 25
530354 69 1 0 9 6 19
531482 19 1 0 7 6 9
531655 74 0 0 7 6 29
531658 46 1 0 3 6 26
532230 26 1 0 4 6 20
532322 22 1 0 4 6 24
532323 33 1 0 1 6 27
532731 47 1 0 8 6 19
532910 202 1 0 4 5 26
533176 10 1 1 9 6 21
535445 22 0 0 2 6 24
539955 19 1 1 2 6 18
544698 23 0 1 7 6 24
545897 19 1 0 1 6 22
549678 78 1 1 8 5 17
551692 37 1 0 0 6 42
554886 16 1 1 0 6 42
556586 19 0 1 4 6 24
559391 18 1 1 7 6 18
565246 18 0 1 2 6 20
565320 10 1 0 5 6 27
565468 15 1 0 1 6 19
565921 4 1 1 6 6 25
565930 3 1 0 2 6 28
566081 18 1 0 2 6 18
575407 15 1 1 6 6 19
575630 25 0 1 6 6 30
576676 105 1 1 6 6 22
577382 14 0 0 6 6 27
580523 43 1 0 3 6 24
580606 17 1 0 1 6 23
583731 10 1 1 6 5 29
585389 36 1 0 1 6 27
586066 8 1 1 1 6 27
587175 40 1 0 1 6 21
587183 41 1 1 9 6 21
587442 26 1 0 8 6 45
588574 5 1 0 1 6 23
588633 8 1 1 5 6 25
589237 8 1 1 9 6 25
589646 69 1 1 6 6 28
589675 83 0 1 6 6 30
589903 2 1 1 0 6 15
589904 15 1 1 5 6 14
589906 10 1 1 5 6 24
589921 6 1 1 1 6 32
589960 26 1 1 4 6 17
589961 33 1 0 6 6 24
589963 29 1 0 1 6 26
589964 5 1 1 1 6 25
589993 17 1 1 4 6 32
589996 26 1 1 8 6 21
589997 101 1 1 4 6 37
589998 84 1 1 6 6 19
590001 40 1 0 9 6 26
590002 20 1 0 2 6 41
590006 51 0 1 8 6 27
590033 24 1 0 1 6 25
590035 16 1 0 1 6 31
590036 41 1 1 8 6 28
590037 90 1 1 4 6 37
590098 25 1 1 1 6 33
590101 70 1 1 7 6 33
590103 18 1 0 2 6 33
590137 16 1 0 4 6 26
590138 65 1 0 2 6 28
590139 26 1 0 6 6 25
590201 25 1 1 4 6 22
590212 4 1 0 1 5 15
590228 3 1 1 1 5 38
590234 63 1 1 6 6 27
590278 33 1 0 7 6 21
590312 8 1 0 4 6 40
590313 21 1 1 2 6 23
590317 114 1 1 6 6 25
590377 12 1 1 8 6 29
590423 3 1 1 2 5 31
590424 1 1 0 1 6 22
590425 33 1 0 1 6 16
590426 47 1 1 6 6 12
590431 32 1 0 2 6 45
590432 8 1 0 8 6 31
590433 69 1 1 3 6 27
590447 51 1 1 1 6 30
590481 20 1 1 9 6 32
590483 29 1 0 4 6 22
590484 6 1 0 2 5 21
590486 1 0 1 2 5 23
590487 43 0 1 8 6 45
590545 9 1 1 8 5 26
590546 18 1 1 8 6 25
590547 39 0 0 3 6 24
590548 6 1 0 4 6 22
590553 1 0 1 2 5 25
590589 2 1 1 9 6 20
590590 23 0 1 7 6 36
590619 6 1 1 6 6 21
590622 37 1 0 7 6 20
590624 5 1 1 1 5 41
590664 23 1 1 4 6 24
590665 22 1 0 2 6 17
590666 25 1 0 4 6 26
590667 12 0 0 1 6 46
590668 9 0 1 2 6 14
590718 6 1 0 2 6 37
590719 17 1 0 6 5 19
590744 50 1 0 4 5 21
590745 45 1 1 6 5 16
590746 31 1 1 4 6 21
590747 3 1 1 1 6 32
590770 72 1 0 5 6 25
590777 9 1 1 4 5 27
590779 15 1 0 7 5 9
590832 6 1 0 2 6 27
590837 26 1 0 1 6 24
590874 17 1 0 2 5 33
590877 12 1 1 4 6 16
590879 11 1 0 6 6 22
590969 11 1 0 0 6 28
591000 11 1 0 6 6 26
591001 10 1 1 7 6 48
591036 10 1 0 1 6 22
591063 11 0 0 3 6 30
591064 5 1 0 4 6 23
591213 20 0 0 0 6 44
592004 14 1 0 8 5 21
592005 25 1 1 7 6 25
592006 48 1 0 3 6 23
592027 61 1 1 3 6 16
592034 81 1 0 6 6 30
592063 46 1 0 8 6 23
592064 12 0 0 6 6 28
592065 41 1 0 6 6 24
592104 3 0 1 1 6 29
592191 6 1 1 8 6 25
592216 27 0 0 7 5 41
592217 52 1 0 0 5 21
592290 9 1 0 1 6 30
592291 32 1 0 0 6 33
592328 9 1 0 7 6 23
592380 37 1 1 6 5 22
592383 16 1 0 2 5 22
592420 9 1 1 5 6 22
592511 16 1 1 7 5 17
592622 24 0 0 4 6 25
593007 40 1 0 2 6 21
593008 3 1 0 0 6 26
593013 7 1 0 1 5 32
593086 7 1 0 7 6 24
593088 11 1 0 1 6 23
593090 4 1 0 5 5 21
593096 14 1 0 6 6 24
593099 30 1 0 6 6 20
593102 13 1 0 6 6 33
593106 12 1 0 6 6 20
593107 11 1 0 7 5 21
593131 3 1 0 5 6 22
593133 6 1 0 1 6 23
593134 17 1 0 4 6 23
593135 5 1 0 3 6 28
593136 22 1 0 2 5 30
593192 24 1 0 1 6 22
593193 13 1 0 7 6 20
593194 16 1 0 6 6 42
593196 5 0 0 5 5 22
593272 10 1 0 2 5 22
593275 26 1 0 8 6 26
593277 8 0 0 3 6 43
593523 35 1 1 1 6 31
593524 15 1 0 6 6 23
593525 31 1 0 6 6 22
