88280
19
449
88280 635 1 0 1 6 19
3784 558 1 1 5 6 19
4537 547 1 1 1 6 26
11438 135 0 0 7 6 21
16545 389 1 1 2 6 29
16890 565 1 1 8 6 22
20273 119 0 0 0 6 27
20997 104 1 0 1 6 22
24115 234 1 0 7 6 20
30036 27 0 0 5 6 16
30166 61 0 0 0 6 19
32778 151 1 0 0 6 19
35322 516 1 1 6 6 24
39582 335 1 1 5 6 16
39673 97 1 0 2 6 19
40136 102 1 0 5 6 15
40510 87 0 0 0 6 21
41464 101 1 0 2 6 25
41528 474 1 1 6 6 22
41533 581 1 1 2 6 31
42233 103 1 0 0 6 19
43330 31 1 0 5 6 19
43872 40 1 0 5 6 18
44803 179 1 0 7 5 19
46980 498 1 0 1 6 20
47398 82 1 0 7 6 18
48363 14 1 0 8 6 20
48881 23 0 0 4 6 21
48905 6 0 0 5 6 24
48927 23 1 0 1 5 24
48979 558 1 0 4 6 26
49008 44 1 0 6 6 16
53490 78 0 0 8 6 23
53749 196 0 0 6 6 20
56260 64 1 0 5 6 17
56485 495 0 1 7 6 37
56781 51 1 0 4 5 20
59146 225 1 0 1 6 20
59275 80 1 0 5 6 27
61636 43 0 0 6 6 27
62616 49 0 0 4 6 19
63962 76 1 0 2 6 21
68596 508 1 0 4 6 21
68678 35 1 0 7 6 25
69127 255 1 1 2 6 15
69484 283 0 1 5 6 22
70283 53 0 0 4 6 25
70330 35 1 1 7 6 26
70435 313 0 0 1 5 23
70634 99 1 0 1 5 27
71434 65 1 0 6 6 22
71753 23 0 0 5 6 15
72040 155 1 0 0 6 17
77152 28 1 0 0 6 16
77721 623 1 1 4 6 17
79552 194 1 1 2 6 24
81170 89 0 1 6 6 19
85504 191 1 1 4 6 22
85545 24 1 0 6 6 27
85546 141 1 0 5 6 27
85667 82 1 0 5 6 24
86525 23 0 0 6 6 22
87042 10 1 0 6 5 19
87340 58 1 0 7 6 23
87848 89 1 0 2 6 25
87940 138 1 0 2 6 20
88130 128 0 0 8 6 20
88429 23 0 0 1 5 20
88558 96 1 0 2 6 23
89564 36 1 0 9 6 23
90298 75 1 0 7 6 20
90345 20 0 0 7 6 20
90841 122 1 0 8 6 24
93456 221 1 1 2 6 22
97466 31 1 0 2 6 36
98347 92 1 0 2 5 19
99780 93 1 1 2 6 22
102129 194 1 0 0 6 35
102648 148 0 0 6 6 25
107186 129 1 0 4 6 16
107372 67 1 0 4 6 20
108212 114 1 0 1 6 19
108218 39 0 0 8 6 20
108271 71 1 0 7 6 20
108278 93 1 0 6 6 22
108449 333 1 0 1 6 21
108483 491 1 0 2 6 27
108768 36 1 0 6 6 20
108770 45 0 0 6 6 30
108778 61 0 0 2 6 28
108797 76 1 0 2 6 22
108800 63 1 0 6 6 20
108806 59 1 0 7 6 23
108953 101 0 0 3 6 27
108954 110 1 0 2 6 20
108959 113 1 0 5 5 25
109400 31 1 0 7 6 28
110101 33 1 0 0 6 22
110353 15 0 0 3 5 26
119642 28 0 0 0 6 22
120035 64 1 1 2 6 20
122705 246 1 0 2 6 29
123429 57 1 0 4 6 24
129435 53 0 0 4 5 18
132391 41 0 0 1 5 31
135563 390 1 1 6 6 16
138964 128 0 0 7 6 17
139161 191 0 1 7 5 26
145923 555 1 1 6 6 18
146954 276 1 0 6 6 20
149488 9 1 0 0 6 16
149960 398 1 1 8 6 20
152002 56 1 0 0 6 29
152604 196 1 1 2 6 20
152878 239 1 0 2 6 21
152962 54 1 0 2 6 20
154672 12 0 0 2 6 21
160225 27 1 1 8 6 16
161061 156 1 1 2 6 45
161323 107 0 1 1 6 23
162536 125 1 0 2 6 27
163447 564 1 0 2 6 18
165657 119 1 0 1 6 18
168118 137 0 1 6 6 21
168954 85 1 1 8 6 23
171606 178 1 0 1 6 27
172758 496 1 0 8 6 20
175390 350 1 0 1 6 29
176192 121 1 0 0 6 21
176251 85 1 1 2 6 23
177168 133 0 0 1 6 28
177370 74 1 1 9 6 20
178170 102 0 0 4 6 22
178177 105 0 0 1 6 27
181845 130 1 0 2 6 20
182282 169 1 0 7 6 18
184933 57 0 0 1 6 23
188219 82 0 0 7 6 18
188907 9 0 0 2 5 22
198632 42 1 0 1 6 18
199665 786 1 0 6 6 25
200754 64 0 1 4 6 20
201674 19 1 0 6 6 30
201922 44 0 1 0 6 27
202176 191 1 0 7 6 20
203002 178 1 0 7 5 18
203110 71 1 0 7 5 19
203275 53 0 0 7 6 17
203522 75 1 0 2 6 32
211239 47 1 0 3 6 25
211732 264 1 1 4 6 18
212305 29 1 0 4 6 20
213218 46 0 1 8 6 16
214104 50 1 0 3 6 27
214105 307 0 0 6 6 28
214113 338 1 0 1 5 32
214302 47 1 0 2 6 26
214725 349 1 1 1 6 25
216340 351 1 1 4 6 21
216960 175 1 1 1 6 40
221807 567 1 0 3 6 19
223753 42 1 1 9 6 20
226971 38 0 0 7 6 21
227273 50 1 0 1 6 19
228035 27 1 0 3 6 19
228148 97 0 0 1 6 27
235846 98 1 0 1 5 21
236701 193 1 1 9 6 15
240148 124 1 0 1 6 24
241518 110 1 0 4 6 22
243515 38 1 0 8 6 19
251195 138 1 0 7 6 20
251306 116 1 0 2 6 21
251734 38 0 0 7 6 21
254648 22 1 0 2 6 19
254733 256 1 0 8 6 15
255792 37 0 0 4 6 22
256148 295 1 1 2 6 25
256192 81 0 0 8 6 21
258794 16 1 1 0 6 18
259392 140 1 0 4 6 21
263773 61 0 0 7 6 24
264363 81 0 0 3 6 18
268836 38 1 0 1 6 20
271029 41 1 0 1 6 26
271178 100 1 0 6 6 25
272756 35 1 0 4 6 22
273791 29 0 0 1 5 17
275764 58 1 0 4 6 21
275862 48 1 0 1 5 25
275863 42 1 0 6 6 23
275993 148 1 0 1 6 25
276279 38 1 0 2 6 21
276367 200 1 0 8 6 19
276372 36 1 0 4 6 19
276415 31 0 0 6 6 24
276769 31 1 0 1 6 22
277168 186 1 0 1 6 24
277349 73 1 0 2 6 19
277356 19 1 0 7 6 22
277364 65 1 0 7 6 28
277464 27 1 0 1 6 22
278063 103 1 0 5 6 19
278618 83 1 0 8 6 28
279077 25 1 0 8 5 20
280276 17 0 0 7 5 21
280584 20 1 0 4 6 18
280764 49 1 1 8 6 26
282245 106 1 0 5 6 20
283197 273 1 0 9 6 23
283208 33 1 0 4 6 23
283701 60 1 0 1 6 31
283877 42 1 0 1 6 22
283879 47 0 0 7 6 24
284835 25 1 0 4 5 20
285466 210 1 0 1 6 22
285611 88 1 0 2 5 22
285612 2 1 0 2 5 17
285654 18 0 0 8 6 21
286653 19 0 0 1 6 24
286777 57 1 0 7 6 21
287221 42 0 0 2 6 21
287922 104 1 0 7 6 23
289412 43 1 0 3 6 20
290273 46 0 0 1 6 25
291161 28 1 0 2 5 21
291908 15 0 0 4 6 21
291989 59 1 0 5 6 23
296184 44 1 0 6 6 19
296185 47 1 0 6 6 21
296498 79 1 0 8 6 22
296847 67 1 0 1 6 20
296867 60 0 0 0 5 20
296870 69 1 0 2 6 22
296927 64 0 0 1 6 25
297146 39 1 0 8 6 18
297150 63 0 0 2 6 22
297151 52 1 0 2 6 19
297185 27 1 0 3 6 19
297324 205 1 0 2 6 22
297425 236 1 0 1 6 28
297451 100 1 0 4 6 23
297592 62 1 0 2 6 33
297645 19 1 0 4 6 31
297647 49 1 0 4 6 19
297655 135 0 0 4 6 20
297669 33 1 0 0 5 21
297699 50 1 0 1 6 23
297705 26 1 0 1 5 28
297706 48 1 0 0 6 18
297839 32 1 0 7 6 26
298097 34 1 0 1 6 20
298336 163 1 0 2 6 19
298385 66 0 0 4 6 22
298430 64 0 0 4 6 21
298472 102 0 0 1 5 19
298541 24 1 0 1 6 22
298603 157 1 0 4 6 28
298752 84 1 0 6 6 23
298813 190 1 0 8 6 21
298869 65 1 0 6 6 23
299883 36 0 0 5 6 18
301443 15 0 0 3 6 26
305401 35 1 0 3 6 19
305452 42 1 0 1 6 19
305453 46 1 0 8 6 26
305454 99 1 0 6 6 22
305548 138 1 0 6 6 22
305743 190 1 0 6 6 25
305965 78 1 0 2 6 29
308649 13 1 0 7 6 25
309006 36 1 0 7 6 17
310447 8 0 0 9 5 20
313434 84 1 0 5 6 22
313769 14 1 0 1 6 20
316102 9 0 0 1 5 23
316105 92 1 0 1 6 21
316287 12 1 0 4 6 23
317363 77 1 0 4 6 23
317519 18 1 0 3 6 24
317888 30 1 0 4 6 27
317909 65 1 0 9 6 24
318050 55 1 0 5 6 20
318051 23 1 0 4 6 25
318146 156 1 0 4 6 19
318152 55 1 0 2 6 20
318330 48 0 0 1 6 21
318626 167 1 0 7 6 18
319200 14 1 0 6 6 23
319405 139 1 0 5 6 29
324366 115 1 1 7 6 20
324892 148 1 0 7 6 19
327052 47 1 0 1 6 20
327775 53 0 0 7 6 24
329066 17 1 0 4 5 21
330398 32 1 0 4 6 26
330486 14 0 0 8 6 18
330567 145 1 0 8 6 22
330568 28 0 0 6 6 24
330571 28 1 0 6 6 19
330701 158 1 0 4 6 26
330760 119 0 0 1 6 21
330843 29 1 0 2 6 17
330903 53 1 0 6 6 24
330904 38 0 0 7 6 22
331068 138 0 0 2 6 19
331151 43 1 0 8 6 19
331356 16 1 0 2 5 21
331471 24 0 0 2 6 20
331591 24 1 0 4 6 20
331627 55 1 0 4 6 30
331687 13 1 0 4 6 20
331738 10 0 0 4 6 20
331990 75 1 0 1 6 40
332122 31 0 0 7 6 27
333399 78 0 0 4 6 22
333400 31 1 0 3 6 22
333463 79 1 0 1 6 20
333514 78 1 0 6 6 26
333516 335 0 0 3 6 26
333526 119 1 0 1 6 22
333880 92 1 0 4 6 42
333911 173 1 1 6 6 18
335047 124 1 0 4 6 23
335198 43 1 0 7 6 15
335918 22 0 0 4 6 21
336166 49 1 0 2 6 21
336173 62 1 0 2 6 19
339997 55 1 0 1 6 15
340337 123 1 0 1 6 19
340479 30 1 0 1 6 20
340642 65 1 0 0 6 21
341658 10 1 0 1 5 19
342370 37 1 0 1 6 27
343272 67 1 0 2 6 22
343340 18 0 0 3 6 20
343838 29 1 0 2 6 18
345054 71 1 0 3 6 20
345057 31 0 0 2 6 26
346413 33 0 1 5 6 23
348542 52 0 0 4 6 31
348720 22 1 0 3 6 31
349643 203 1 1 2 6 20
349731 115 1 0 0 6 18
350427 37 1 0 9 5 19
350455 60 0 0 2 6 18
350472 22 0 0 4 6 18
351800 61 1 0 4 5 22
351962 11 1 0 6 6 26
352023 25 1 0 1 5 19
352025 16 1 0 1 6 25
352099 10 0 0 8 6 16
352101 38 1 0 8 6 20
352647 34 1 0 7 6 18
352731 66 1 0 6 6 21
353169 19 1 0 2 6 21
353170 8 1 0 6 6 27
353223 16 1 0 1 6 21
353233 246 1 0 2 6 29
353240 33 1 0 1 6 21
353271 44 1 0 9 6 21
353345 10 1 0 4 5 25
353350 62 1 0 2 6 20
353358 21 0 0 6 6 27
353619 46 1 0 2 6 25
353643 27 1 0 1 6 21
353680 15 1 0 2 5 22
354157 46 1 0 6 5 22
354716 3 1 0 4 6 26
355572 73 1 0 9 6 25
355782 85 1 0 1 6 18
358118 17 0 0 5 6 19
358788 6 1 0 7 6 17
358890 65 1 0 0 6 16
360554 33 0 0 4 6 21
365579 51 0 0 5 6 25
366287 9 1 0 1 5 17
366290 10 1 0 0 6 19
366327 85 1 0 8 6 24
366941 44 1 0 1 6 22
367432 34 1 1 6 6 23
367437 265 1 1 5 6 25
367631 64 0 0 5 6 26
367632 136 1 0 2 6 31
367698 21 1 0 4 6 16
367699 63 1 0 0 6 20
367797 98 1 0 2 6 19
367800 32 1 0 0 6 18
367801 16 1 0 4 6 19
367844 562 1 0 2 6 19
368317 144 1 0 1 6 20
368403 130 1 0 2 6 19
368654 132 1 1 7 6 28
368694 35 1 1 4 6 17
368744 30 1 0 8 6 30
368746 13 1 0 2 6 26
368847 18 1 0 8 6 19
369103 35 0 0 7 6 18
369122 216 1 1 4 6 20
369918 44 1 0 2 6 21
370248 11 0 0 4 5 24
370655 40 1 0 1 5 31
370799 8 1 0 4 5 21
371016 37 1 0 6 6 20
371446 15 1 0 0 5 23
371617 251 1 0 9 6 31
372568 48 1 0 1 6 15
374859 84 1 1 8 6 13
376199 103 1 0 2 6 19
385077 17 1 0 7 6 24
385829 23 1 0 1 5 17
388713 19 0 0 1 5 18
389286 80 1 0 1 6 16
391129 18 1 0 2 5 17
392022 73 1 1 7 6 16
393035 19 1 0 6 6 17
393229 125 1 0 7 6 23
393628 34 1 0 1 6 22
395968 19 0 1 4 6 20
397687 352 1 1 8 6 15
397814 44 1 1 1 6 33
397938 72 1 0 6 5 24
398437 42 1 0 1 6 16
398577 287 1 1 2 6 15
398887 90 1 1 1 6 16
400498 25 1 0 2 6 25
400603 54 1 0 2 6 21
401171 51 1 0 2 6 35
405339 35 1 0 2 6 19
415008 12 1 0 1 6 20
417045 45 1 1 4 6 14
418631 26 1 1 7 6 19
424104 28 1 1 2 6 16
424341 195 1 1 6 6 17
427054 101 1 1 3 6 23
427335 15 0 0 4 6 22
431547 30 1 0 1 5 22
432991 22 1 0 1 6 20
433045 27 0 0 4 6 23
433947 37 1 1 6 5 15
434281 12 1 0 3 6 26
437280 100 1 1 8 5 20
440961 42 1 0 1 6 22
441461 58 1 0 6 6 24
441652 26 1 0 0 6 23
442827 23 1 0 0 6 26
445328 36 1 0 4 6 17
447513 46 1 0 1 5 16
447722 19 1 0 1 6 17
451268 35 1 0 4 6 18
456495 25 0 0 7 6 21
456632 29 1 0 1 6 23
457213 23 1 0 6 6 31
457683 131 1 0 4 6 23
457688 27 1 0 4 6 21
457728 41 1 0 4 6 19
463391 44 1 0 1 6 20
467606 66 1 1 2 6 19
468458 26 1 0 2 5 20
469399 28 0 0 1 6 19
472260 767 1 1 1 6 20
472812 54 1 0 4 6 23
474712 21 1 0 2 6 22
474717 40 1 0 4 6 23
474753 26 1 0 4 6 19
480068 36 1 1 2 6 29
486929 36 0 0 4 6 32
487055 38 1 0 7 6 22
487882 106 1 0 5 6 19
501522 24 1 0 3 6 20
503602 29 1 1 8 6 16
505218 25 1 0 3 5 17
507138 15 1 0 2 5 19
508951 121 1 1 4 6 29
512095 323 1 1 7 6 17
513647 138 1 1 1 6 15
516389 137 1 1 4 6 16
520748 26 1 1 2 5 30
521217 15 0 0 5 6 20
521295 112 1 1 7 6 25
524399 25 1 1 2 6 66
525691 43 1 1 2 6 25
525912 71 1 1 4 6 18
525929 13 1 0 2 6 17
526601 19 1 0 1 6 19
527575 24 1 0 8 6 23
528502 14 1 0 1 5 18
531390 43 1 0 5 6 22
531448 10 1 0 6 6 18
531526 39 1 0 4 6 17
532063 71 1 0 4 6 22
532235 26 1 0 3 6 19
532269 25 1 0 1 5 19
533279 59 1 0 5 6 22
533374 24 0 0 4 6 32
536727 30 0 0 1 6 29
538374 18 1 0 7 6 25
538674 32 1 1 8 6 33
540517 41 1 0 0 6 15
547052 27 0 1 3 6 32
557516 51 1 0 8 6 21
558553 40 1 1 6 6 15
560809 29 1 0 2 6 27
566324 82 1 0 1 6 22
566426 51 1 0 6 6 35
570579 54 0 1 8 6 19
571525 10 1 0 2 6 23
575405 48 1 1 4 6 14
575769 35 1 1 8 6 15
576353 35 0 1 6 6 18
578622 56 1 0 8 6 18
581705 50 1 1 4 6 16
582977 41 1 0 2 5 19
584477 40 1 0 9 6 18
586905 46 1 0 2 6 26
587400 79 1 1 1 6 16
589564 18 1 0 0 6 23
590278 33 1 0 7 6 21
590282 22 1 0 1 6 20
590297 17 0 0 1 6 23
590656 44 1 0 7 6 21
592358 23 1 0 1 6 28
611737 14 0 0 2 5 21
616898 14 0 0 8 6 25
629617 45 1 0 6 6 20
645722 17 1 0 1 6 20
647721 17 1 0 4 6 20
657723 49 1 0 1 6 27
657725 28 1 0 2 5 22
657914 68 1 1 2 6 17
660039 10 1 0 7 5 20
660640 9 1 0 7 6 19
662750 10 1 0 4 5 21
663426 46 1 1 5 6 39
669467 11 0 0 4 6 19
670444 12 0 1 5 6 31
672598 19 1 0 7 6 21
675104 47 1 0 6 6 23
686179 41 1 0 3 6 21
687251 9 0 0 1 5 24
692144 26 1 0 7 6 16
695700 24 1 0 4 6 24
717952 33 1 0 6 6 18
718315 11 1 0 9 6 22
718392 23 0 0 0 6 22
718604 39 1 0 2 6 20
728415 57 0 0 1 6 29
732092 18 1 0 1 6 21
738965 37 1 0 5 6 26
739571 10 1 0 6 5 20
739607 11 0 0 6 6 17
739848 26 1 0 2 6 19
740465 23 1 0 8 6 19
741163 41 0 0 6 5 19
752806 2 0 0 4 6 21
752828 24 1 0 4 6 31
758042 74 1 0 4 6 25
761027 13 1 0 7 6 21
769342 88 1 0 7 6 24
771784 1 0 0 2 6 18
772614 20 1 0 5 6 14
775746 14 1 0 8 6 16
786904 25 0 0 6 6 20
795017 5 1 0 9 5 17
795059 20 1 0 7 6 23
797697 52 1 0 5 6 19
801871 23 1 0 1 6 19
807225 6 0 0 1 6 20
808882 6 1 0 7 5 24
808910 19 1 0 4 5 28
808944 11 1 0 7 6 19
808972 12 1 0 6 6 31
808973 15 1 0 2 6 22
808976 16 1 0 2 6 14
809012 19 1 0 4 6 22
809181 11 0 0 7 6 21
810066 23 1 0 1 5 20
810133 117 1 1 1 6 31
810297 69 1 0 3 6 20
810345 7 0 0 6 6 18
810377 4 1 0 6 5 19
811242 23 1 0 6 6 22
813813 48 1 0 6 6 20
819973 30 0 0 2 6 29
821252 14 1 1 2 6 23
821289 2 1 0 6 6 22
821582 20 1 1 8 6 16
821583 52 1 1 8 6 16
821631 4 1 0 1 6 22
821634 10 1 1 8 6 21
821639 17 1 0 2 6 20
821686 8 0 0 7 6 22
821719 26 1 1 2 6 22
821735 49 1 0 1 6 32
821736 2 1 0 1 5 19
821765 13 1 0 0 6 25
821800 17 0 1 3 5 17
821825 2 1 1 3 5 27
821826 30 1 0 4 6 32
821929 8 1 0 1 6 16
821930 16 1 0 4 6 18
821965 11 1 0 0 5 19
822015 15 1 0 1 6 30
822018 14 1 0 4 6 21
822281 15 1 0 7 5 31
822295 11 1 0 2 5 17
822313 6 1 0 6 6 21
822358 8 1 0 4 5 19
822377 15 1 0 2 5 28
822505 3 1 0 4 5 25
822506 8 1 0 2 6 27
822507 25 1 0 1 6 16
822546 13 1 0 2 6 26
822551 16 1 0 2 5 17
822553 3 0 0 2 6 15
822560 12 1 0 0 6 21
822561 2 0 0 3 5 22
822562 5 1 0 6 6 19
822563 11 0 0 4 6 20
822583 22 1 0 4 6 20
822591 22 1 0 2 6 18
822592 9 1 0 2 5 29
822605 2 0 0 7 5 21
822609 1 1 0 1 5 17
822664 13 1 0 5 5 33
822665 17 1 0 6 5 19
822728 34 1 0 1 6 23
822799 5 0 0 7 6 31
822897 16 0 0 6 6 36
822929 18 1 0 8 6 22
822930 16 1 0 8 6 21
822948 5 1 0 4 6 19
822963 8 1 0 2 6 22
822964 63 1 0 7 6 26
822983 2 1 0 1 6 22
823018 8 1 0 6 6 25
