88019
19
2213
88019 459 1 1 2 6 17
3568 209 1 0 0 6 18
6150 255 1 0 5 6 17
11451 30 0 0 7 6 22
12187 42 0 0 0 6 23
12789 171 1 0 0 6 18
15335 59 1 0 6 6 20
15991 77 1 0 6 6 27
17063 79 0 1 2 6 23
22743 90 1 1 2 6 27
23575 88 0 0 0 6 20
27121 178 1 0 8 6 21
28304 316 1 0 8 6 18
29984 160 1 0 3 6 19
31180 27 1 0 0 6 23
31405 124 1 0 2 6 27
31909 141 1 0 8 6 23
32895 133 1 0 6 6 21
36882 65 1 0 2 6 21
39661 248 1 0 6 6 20
41147 124 1 0 8 6 21
41161 89 1 0 2 6 18
41184 103 0 0 8 6 14
41646 174 1 0 7 6 23
42053 63 0 0 0 6 24
43186 75 0 0 8 5 19
43729 149 0 0 8 6 19
44021 151 1 0 6 5 20
44283 90 0 0 9 6 25
44965 25 1 0 2 6 20
46453 103 1 0 4 6 18
47817 172 1 0 2 6 20
48597 163 1 0 4 6 20
48731 111 1 0 7 6 19
48753 77 0 0 6 6 21
48826 170 1 0 6 6 25
48979 558 1 0 4 6 26
49148 215 1 0 0 6 18
49329 49 0 0 7 6 22
49998 38 1 0 0 6 20
52091 145 1 0 0 6 18
54363 199 0 0 8 6 22
55546 62 0 0 6 6 19
55783 104 1 0 2 6 9
55848 102 1 0 7 6 20
57377 49 0 0 8 6 21
57736 227 0 0 2 6 18
57771 55 0 0 8 6 21
58369 150 1 0 4 6 17
58594 65 0 0 0 6 21
58629 25 1 1 2 6 12
61933 144 1 0 6 6 18
64928 119 1 0 7 6 17
68004 84 1 1 2 6 11
73280 124 0 1 6 6 19
73890 229 0 0 7 6 24
74831 144 0 0 2 6 19
76560 105 0 0 3 6 19
77244 58 1 0 2 6 18
77246 85 1 1 2 6 14
77451 52 1 0 2 6 19
77637 37 0 0 2 6 17
77706 27 0 0 2 6 19
77950 126 1 0 2 6 9
79019 114 1 1 2 6 15
79864 119 1 0 1 6 20
80823 105 1 0 8 6 18
81652 343 1 0 2 6 15
83168 194 1 0 6 6 17
83427 106 1 1 2 6 17
85574 86 1 0 2 6 19
85908 206 1 1 3 6 29
88051 71 1 1 3 6 23
89063 104 1 0 5 6 28
89122 64 0 0 7 6 17
89697 65 1 0 2 6 21
90144 6 0 0 1 5 23
90888 117 0 0 6 6 16
90964 96 0 0 0 6 20
93181 47 0 0 6 6 19
93438 74 1 0 5 6 16
93474 86 0 0 8 6 18
93711 30 0 0 8 6 18
94763 172 1 0 6 6 19
96557 143 1 0 5 6 18
98608 88 0 0 0 6 17
104086 106 0 0 4 6 18
105643 430 1 0 6 6 17
105647 64 1 1 2 6 23
106341 177 0 0 2 6 22
107824 176 1 0 4 6 21
107914 308 1 0 6 6 19
108297 18 0 0 3 6 24
109905 190 1 0 6 6 19
111235 304 1 0 6 6 19
111448 80 1 0 2 5 21
113539 45 0 0 7 6 16
115776 20 0 0 3 6 25
116467 37 0 0 4 6 20
117354 32 0 0 2 6 23
123528 183 1 0 0 6 19
123920 115 0 0 4 6 20
124176 467 1 1 6 6 32
128696 34 0 0 0 6 20
129214 30 0 0 1 5 17
129234 86 1 1 2 6 24
131992 66 0 0 2 6 18
132391 41 0 0 1 5 31
133138 266 0 0 4 6 18
133490 74 0 0 8 6 17
133585 118 0 0 3 6 17
135056 121 1 1 7 6 22
138413 72 1 0 2 6 20
143185 190 1 0 5 6 19
148245 56 0 0 2 6 25
149842 101 1 1 2 6 22
150099 94 1 0 6 6 18
150785 35 0 0 2 6 19
152865 103 1 0 2 6 18
155299 53 0 0 2 6 20
157586 121 1 0 2 6 21
159521 82 1 0 2 6 16
161641 83 0 0 1 6 26
164302 73 1 0 6 6 20
165052 73 0 0 6 6 21
169557 233 1 0 7 6 18
170757 188 1 0 4 6 18
171088 187 0 0 4 6 17
171118 73 1 0 6 6 20
172105 38 0 0 0 6 18
172655 284 1 0 4 6 16
172787 76 0 0 6 6 18
173184 84 1 0 8 6 21
175186 50 0 0 7 6 21
176327 94 1 0 6 6 19
176686 89 1 0 6 6 21
177111 62 0 0 2 6 23
177353 237 0 0 6 6 22
179058 38 0 0 5 6 22
182296 112 0 0 4 5 18
182999 77 1 0 2 6 19
183873 101 1 0 2 6 19
188811 132 0 0 6 6 17
190135 85 1 0 4 6 19
193349 76 1 0 6 6 21
195304 99 0 0 6 6 19
196142 68 0 0 7 6 20
199021 45 1 0 4 5 20
199338 72 0 0 2 6 22
199446 40 0 0 7 6 19
199782 53 0 0 2 6 22
203040 104 1 0 2 6 21
208698 36 0 0 8 6 18
211995 67 0 0 4 6 21
213451 96 0 0 2 6 18
213928 220 0 0 6 6 18
214373 77 1 0 2 6 23
223513 47 1 0 7 6 18
226675 85 0 0 2 6 18
229454 26 0 0 3 6 23
229917 201 1 0 2 6 30
230434 39 1 1 0 6 23
232291 68 0 0 3 6 20
232323 164 1 0 2 6 19
233981 18 0 0 7 6 21
234497 288 1 0 8 6 23
235001 102 1 0 2 6 18
235160 54 0 1 6 6 26
237699 77 0 0 7 6 19
238948 109 1 0 1 6 22
241073 329 1 0 6 6 17
241594 98 1 1 6 6 20
245226 60 0 0 4 6 20
247922 10 0 0 2 6 23
249715 56 1 0 4 6 18
251981 164 1 0 2 6 18
255220 33 1 0 8 5 18
255602 100 1 0 8 6 17
256371 14 1 0 2 5 16
261527 153 1 0 6 6 20
261947 151 1 0 8 6 17
265392 72 1 0 3 6 18
266565 126 0 0 8 6 21
269520 58 1 0 2 6 19
272182 126 1 0 8 6 20
272273 246 0 0 4 6 17
272627 26 1 1 2 6 18
272857 61 0 1 2 6 18
276426 134 1 0 4 5 21
277343 627 1 1 8 6 21
278125 38 1 0 2 6 17
278336 24 1 0 2 5 19
278623 48 1 0 3 6 19
278807 50 1 0 1 6 17
279308 103 1 0 5 6 17
282238 45 0 0 6 6 22
282623 228 0 0 6 6 17
282871 51 1 0 2 6 18
282887 36 0 0 4 5 21
283590 128 1 0 3 6 22
285076 54 0 0 8 6 20
289816 207 0 0 6 6 18
290144 49 0 0 4 6 20
291750 20 0 0 4 6 19
292153 47 1 0 9 5 21
292378 160 1 0 7 6 24
295687 18 0 0 9 5 24
299358 30 0 0 2 6 20
299785 260 1 0 8 6 20
299847 264 1 0 4 6 19
301398 49 1 0 4 6 20
301490 166 0 0 4 6 21
303493 87 1 0 0 6 16
305647 319 0 0 6 6 19
305836 141 0 0 4 6 19
305900 159 1 0 4 6 19
311395 57 1 0 6 6 20
313073 71 0 0 6 6 18
316229 32 0 0 1 6 29
317063 28 1 0 2 6 19
317602 94 0 0 1 5 21
318331 26 1 0 2 6 21
318337 44 0 0 4 6 19
318462 542 1 1 6 6 38
319428 67 1 0 9 6 19
319432 22 0 0 0 6 21
321413 95 0 0 4 6 21
321449 286 1 0 8 6 20
321571 67 1 0 4 6 21
321975 101 1 0 6 6 20
322064 153 1 0 8 6 17
322167 93 1 0 8 5 19
323752 163 1 0 6 6 21
323802 120 1 0 4 6 17
324195 192 1 0 4 6 20
326644 67 1 0 2 6 20
329017 129 1 0 2 6 20
329922 28 0 0 7 6 25
331038 70 1 0 2 6 21
332648 134 1 0 2 5 17
335885 25 0 0 5 6 29
338984 31 0 0 8 6 19
341918 81 1 0 7 6 18
342314 70 0 0 4 6 17
344506 108 1 0 2 6 16
345977 120 1 0 3 6 16
347922 52 0 0 4 5 18
348149 5 0 0 6 5 21
348185 65 1 1 3 6 24
350931 204 1 0 6 6 18
352461 81 1 0 5 6 22
352839 146 1 0 8 5 16
353180 72 1 0 8 6 19
355436 237 0 0 8 6 20
355680 210 1 0 4 6 17
355741 198 1 0 4 5 19
356053 15 1 0 1 6 21
358256 66 1 0 2 6 19
359207 60 1 0 1 6 23
361265 40 0 0 7 6 22
363385 70 0 0 2 6 20
363995 17 0 0 4 6 22
371374 22 0 0 0 6 20
371951 38 1 0 6 6 22
372044 141 1 0 2 6 30
373918 211 1 1 4 6 19
374875 330 1 1 6 6 34
375312 63 1 0 3 6 22
375858 43 1 0 4 6 20
381113 123 1 1 9 6 20
382079 140 1 0 8 6 19
382767 164 1 0 0 6 33
382923 61 0 0 4 6 22
383144 14 0 0 4 6 36
383768 66 0 0 4 6 18
385859 254 1 0 4 6 17
387263 63 1 0 2 6 25
389726 181 0 0 8 6 20
389730 54 1 0 0 6 21
390448 67 0 0 2 6 18
390588 28 1 1 2 6 14
391620 108 1 0 2 6 17
393790 48 1 1 8 6 22
400427 33 1 0 9 6 18
401299 140 1 0 8 6 22
408641 66 1 1 4 6 22
413404 155 1 0 6 6 18
418352 26 0 0 1 6 21
424881 90 0 0 2 6 16
425452 118 1 0 2 6 17
426917 40 0 0 2 6 18
429709 34 0 0 1 6 24
430469 49 0 0 1 6 19
431020 111 0 0 6 6 18
432803 151 1 0 8 6 17
433152 69 1 0 4 5 22
433755 104 0 0 8 6 20
434365 96 1 0 9 6 18
435804 36 1 0 9 6 20
437947 46 0 1 2 6 18
442439 23 1 1 2 6 16
446286 43 0 0 9 6 21
447919 16 1 1 2 6 16
448442 27 1 1 4 5 16
460062 30 0 0 2 6 19
461830 13 0 0 2 6 22
462950 119 1 0 8 6 17
463462 14 0 0 4 6 19
464450 46 1 0 7 6 15
469621 54 1 0 6 6 18
473876 62 1 1 2 6 16
476246 25 1 0 4 6 19
482530 56 1 0 2 6 20
483606 71 1 1 2 6 18
483612 84 1 1 2 6 18
483710 24 1 0 2 6 21
483889 48 0 0 4 6 20
486065 65 1 0 5 6 22
494063 64 1 0 1 6 30
500955 79 1 0 2 6 17
501127 62 0 0 5 6 20
504130 122 0 1 2 6 24
506643 38 0 1 2 6 20
506678 61 1 0 8 6 19
510219 43 1 0 4 5 22
510258 43 0 0 2 6 20
510489 259 0 0 8 6 18
511386 76 0 0 6 6 20
511938 64 1 0 4 6 18
512413 104 0 0 8 6 18
513373 109 0 0 4 6 19
513895 57 1 0 9 6 17
514974 78 0 1 6 6 23
518970 106 0 0 6 5 22
519162 45 0 0 6 6 25
521658 94 1 0 6 6 19
521869 100 1 0 2 6 12
522760 54 1 0 9 6 21
522835 63 0 0 4 6 21
522938 43 1 0 9 5 19
523078 56 0 0 4 6 69
523196 45 1 1 7 5 28
524104 104 1 0 8 6 20
524591 28 0 1 2 6 25
525704 96 1 0 2 6 20
529038 54 1 0 2 6 18
530262 30 0 0 6 6 29
533764 104 1 0 2 6 17
534094 23 1 0 6 6 20
535464 69 1 0 6 6 19
535561 72 0 0 2 6 20
535647 10 0 0 2 6 21
535843 71 1 0 9 6 17
545170 75 1 0 2 6 19
550028 43 1 0 4 6 21
553425 45 0 0 6 6 21
556496 85 1 0 2 6 18
561806 31 1 1 2 5 16
565112 47 1 1 2 6 34
565341 66 1 0 4 6 21
566481 32 0 0 9 6 35
566815 100 0 0 4 6 19
572403 23 0 0 6 6 23
573572 66 0 0 1 6 24
574214 29 1 0 2 6 15
576344 47 1 0 2 6 23
582780 34 1 1 2 6 24
587357 56 1 0 2 6 22
597238 74 0 1 2 6 33
601690 64 1 1 6 6 24
603276 204 0 0 8 6 18
610207 14 0 1 2 6 40
614552 44 1 1 6 6 19
615117 24 1 0 6 6 17
619634 16 1 0 8 6 24
622648 17 0 0 6 6 28
627249 61 1 0 6 6 21
630141 15 1 1 2 6 34
631055 15 0 0 1 6 22
633839 27 1 0 7 6 17
640168 66 0 0 6 6 23
641780 23 0 0 5 6 23
643613 11 1 0 2 6 6
643615 38 0 1 2 6 21
644268 39 1 0 2 6 38
661920 25 1 0 9 6 19
667711 20 1 1 2 6 24
681335 19 1 0 9 6 26
682100 19 0 0 4 6 24
684267 45 1 0 7 6 30
690705 9 1 1 2 6 15
692366 28 1 0 2 6 18
695000 20 0 0 3 6 16
702931 42 1 0 2 5 20
719013 39 0 0 2 6 20
720465 34 1 0 9 6 23
724021 30 1 0 2 6 18
724673 83 1 0 4 6 18
732222 73 1 1 4 6 22
739537 5 1 0 3 6 25
741035 20 1 0 9 5 19
749392 60 1 0 8 6 22
750059 41 1 0 2 6 22
751172 55 0 0 7 6 20
751857 45 1 0 4 6 16
757411 3 1 0 2 6 22
757640 67 1 0 2 6 22
764605 70 1 0 4 6 21
768135 26 0 1 4 6 18
769713 33 1 1 9 6 35
770731 8 1 0 2 6 30
771890 40 1 1 2 6 23
773620 9 1 0 2 5 16
774068 26 1 1 2 5 32
774948 19 1 1 2 5 16
777122 40 1 1 2 6 20
778320 23 1 0 5 6 50
787321 42 0 1 1 6 32
807050 83 1 1 7 6 19
808203 22 1 0 9 6 17
817325 52 1 0 8 6 26
820198 32 1 0 4 6 20
821092 5 1 1 2 5 12
821529 1 0 0 4 6 25
821748 2 0 0 9 6 21
821749 12 1 1 2 5 11
821768 24 1 1 2 6 49
821787 78 1 0 2 6 15
821789 3 1 0 9 5 18
821814 10 1 0 4 6 16
821815 45 1 1 2 6 35
821840 27 1 1 2 5 19
821841 14 0 0 0 5 19
821842 7 1 0 2 5 16
821843 67 1 0 2 6 27
822167 24 0 1 8 6 19
822227 41 1 0 2 6 19
822262 21 0 0 6 6 18
822311 21 1 0 9 5 30
822383 18 1 0 2 6 33
822412 8 0 0 6 6 20
822461 58 1 1 2 5 38
822574 13 1 1 2 6 8
822602 24 1 0 7 6 20
822616 31 1 0 6 6 19
822618 2 1 0 2 6 17
822619 2 1 0 1 6 36
822660 7 0 0 1 6 22
822661 4 0 0 2 5 19
822662 57 0 1 4 6 20
822691 11 0 0 6 5 23
822719 3 0 0 6 6 22
822795 36 1 0 2 6 27
822814 8 0 0 6 6 20
822873 3 0 1 3 5 24
823005 17 1 1 2 5 29
823007 57 1 0 6 6 20
823008 3 0 0 6 6 22
823053 39 1 1 1 6 26
823099 6 1 1 6 6 32
