279571
19
495
279571 514 1 0 6 6 15
2295 76 0 1 2 6 21
15403 39 1 1 1 6 18
16070 53 1 1 0 6 16
17537 87 1 1 8 6 17
18672 1 1 1 2 6 22
22085 299 1 0 1 6 27
26033 95 1 1 6 6 16
31284 215 0 1 8 6 15
33518 367 0 1 0 6 21
39801 298 1 0 6 6 16
40087 287 1 1 8 6 18
42347 206 1 1 6 6 17
49029 138 1 1 4 6 18
53151 27 1 1 9 6 19
72294 254 1 1 4 6 17
72387 133 0 1 6 6 17
72509 111 1 1 4 6 18
75013 177 1 1 2 6 17
77496 70 1 1 6 6 17
78297 179 1 1 6 6 16
78478 386 1 1 6 6 14
79423 149 1 1 8 6 17
80789 270 1 1 4 6 15
83754 230 1 1 6 6 18
84587 128 1 1 2 6 21
85144 140 1 1 7 6 15
85506 111 1 1 6 6 18
85596 69 1 1 2 6 15
85771 69 1 1 6 6 17
85809 259 1 1 6 5 13
85976 205 0 1 4 6 16
87859 237 1 1 8 6 18
88049 178 1 1 8 6 16
88599 123 0 1 4 6 16
88855 88 1 1 3 5 15
89184 301 1 0 8 6 16
91148 222 1 1 4 6 16
91426 632 1 0 4 6 20
105707 231 1 1 2 6 14
107664 249 0 0 6 6 22
114019 411 1 1 4 6 21
126904 126 1 1 6 6 54
130856 275 1 1 4 6 22
130857 53 1 1 6 6 15
130943 61 1 1 8 6 24
130946 443 0 1 8 6 18
135563 390 1 1 6 6 16
135777 80 1 1 2 5 20
137620 162 1 1 3 6 15
137956 577 1 1 6 6 16
145439 100 1 1 2 6 19
145923 555 1 1 6 6 18
149766 60 0 1 4 6 19
154024 159 1 1 6 6 14
155900 83 1 1 6 6 20
156412 120 1 1 8 6 17
157555 127 1 1 7 6 17
162216 164 1 1 2 6 18
162217 85 1 1 0 6 18
162672 348 1 1 2 6 29
163006 50 0 1 0 6 111
166488 121 1 0 8 6 11
166675 371 1 0 8 6 16
167555 156 0 1 6 6 13
168519 122 1 1 8 6 15
169241 278 1 0 6 6 19
170373 344 1 1 6 6 26
172838 144 1 1 2 6 19
174530 121 1 1 4 6 17
174645 86 1 1 8 6 19
175989 66 1 0 4 6 27
176136 47 1 1 2 6 20
178256 426 1 1 6 6 17
180918 85 1 1 0 6 18
184107 250 0 1 8 6 25
184108 413 1 1 4 6 22
184639 117 0 1 4 6 20
188288 87 1 1 8 6 18
201405 36 1 1 0 6 18
206412 49 1 1 2 6 15
206728 33 1 1 2 6 18
209330 28 1 1 1 5 17
209828 170 1 0 2 6 12
209901 52 0 0 4 6 17
211007 398 1 0 6 6 19
211596 168 0 0 4 6 17
211700 70 1 1 4 6 19
211729 242 1 1 4 6 16
211820 27 1 1 7 6 22
211874 141 1 1 8 6 17
212377 202 1 1 8 6 18
212378 219 1 1 6 6 14
212667 124 1 1 2 6 16
213014 115 1 1 6 6 17
213089 147 1 1 6 6 34
213223 281 1 1 6 6 17
213432 397 1 1 6 6 17
214876 399 1 1 8 6 16
215750 389 1 1 6 5 28
219263 190 1 1 4 6 19
219632 190 1 1 8 6 25
223698 325 1 1 8 6 24
224454 186 1 0 6 6 14
230006 28 1 1 9 6 19
230096 177 1 1 8 6 14
230118 188 1 1 6 6 16
235430 125 1 0 8 6 7
236419 38 0 1 6 6 24
239695 46 1 1 6 5 21
254135 493 1 1 4 6 16
254246 509 1 1 8 6 16
261963 19 1 1 8 6 22
264472 57 1 1 9 6 20
266443 192 1 1 9 6 18
271418 188 1 0 2 6 14
272082 211 0 0 6 6 17
274728 228 1 1 6 6 18
276892 114 1 1 6 6 19
279074 86 1 1 2 6 18
299566 72 1 0 4 6 17
305745 40 1 0 4 6 17
311019 27 1 0 4 6 19
323144 186 1 1 4 6 19
323574 346 1 1 6 6 18
324366 115 1 1 7 6 20
325170 151 0 1 4 6 22
326414 188 1 0 6 6 19
330104 128 1 1 8 6 20
331107 77 1 1 6 6 21
332691 178 1 1 8 6 15
333623 169 1 1 9 6 26
334029 136 1 1 8 6 19
335787 222 0 1 8 6 22
347043 42 1 1 8 5 18
350029 145 1 0 6 6 17
351318 90 1 0 4 6 13
352602 21 1 1 2 6 16
352618 303 1 0 8 6 15
353011 116 1 0 8 6 16
353042 152 1 0 8 5 16
355472 61 1 1 8 6 20
356644 33 1 0 1 6 17
359157 60 1 0 6 6 10
368121 147 1 1 8 6 19
368384 38 1 1 6 6 17
368803 78 1 1 8 6 18
369886 70 1 0 8 6 16
369931 252 1 1 8 6 15
369950 68 1 1 8 5 18
370154 90 1 1 6 6 16
370155 17 1 1 6 6 13
371745 155 1 1 4 6 19
372723 119 1 1 8 6 19
373002 318 1 1 4 6 20
373012 139 1 1 6 6 19
373741 215 1 1 9 6 16
373843 60 1 1 8 6 16
373979 180 1 1 6 6 18
374033 61 1 1 2 6 14
374068 422 1 1 6 6 20
374099 51 1 0 6 6 15
374133 43 1 1 6 6 15
374204 18 1 1 2 5 23
374635 228 1 1 4 6 19
374654 83 1 1 6 6 24
374859 84 1 1 8 6 13
375483 96 1 1 8 6 17
376711 73 1 1 8 6 20
376836 264 1 1 8 6 17
378731 84 1 1 8 6 17
385879 75 1 1 6 6 13
387997 79 1 1 8 6 20
388806 82 1 1 0 6 17
391101 82 1 1 4 6 17
391352 98 1 1 6 6 17
392953 45 1 1 4 5 20
393023 53 1 1 8 6 17
393414 348 1 1 4 6 18
393620 173 1 1 8 6 16
393671 274 1 1 8 5 26
396506 85 1 1 6 6 19
397430 224 1 1 9 6 20
397997 65 1 1 4 6 18
398001 204 1 1 4 6 18
398051 53 1 1 4 5 18
400102 211 1 0 6 6 14
402501 96 1 1 8 6 17
402718 166 1 1 6 6 18
402777 71 1 1 6 6 16
402783 27 1 1 9 6 28
406314 136 1 1 6 6 26
406315 93 1 1 8 6 17
406942 138 0 1 8 6 18
407017 119 1 1 6 6 24
407393 37 1 1 8 5 22
407516 37 1 1 4 6 12
407569 85 1 1 8 5 18
407659 77 0 1 8 6 18
407800 47 1 1 8 5 21
407820 72 1 1 6 6 15
407886 83 1 1 8 6 19
410742 39 1 1 7 6 19
416829 138 1 1 4 6 18
422867 39 1 0 1 6 12
424113 79 1 1 0 6 19
426156 9 1 1 1 6 19
426596 343 1 1 8 6 19
428891 59 1 0 8 6 22
429821 159 1 1 8 6 19
429823 110 1 1 6 6 17
430046 188 1 1 8 6 15
431352 72 1 1 4 6 23
431362 54 1 1 8 6 12
431750 124 1 1 8 5 19
432554 127 1 1 6 5 26
432570 132 1 0 8 6 16
432616 51 1 0 8 6 27
434188 60 1 1 2 6 17
434280 51 1 1 8 6 10
437924 110 1 1 6 6 28
438908 190 1 1 4 6 15
453866 193 1 1 8 6 17
453946 80 1 1 8 6 15
457492 132 1 1 8 6 17
459528 195 1 1 6 5 21
462699 219 1 1 8 6 18
466749 39 0 1 3 6 27
467792 17 1 1 8 6 16
470305 51 1 0 6 5 16
470556 201 1 0 6 6 20
473702 89 1 1 8 6 15
482132 59 1 1 8 6 13
487724 68 0 1 8 6 22
490609 159 1 1 2 6 18
493897 86 1 0 6 5 19
497027 41 1 1 8 6 15
497091 143 1 1 8 5 18
497092 57 1 1 8 6 16
499335 24 1 0 8 6 15
502325 182 1 1 6 6 18
502385 140 1 1 6 6 17
504248 23 1 1 8 6 20
504296 251 1 1 8 6 24
504299 55 1 1 8 5 28
504460 78 1 1 6 6 19
504717 76 1 1 8 6 12
504718 129 1 1 4 6 28
504738 21 0 1 2 6 29
504875 99 1 1 8 6 22
505276 68 1 1 4 5 16
505495 26 1 1 6 6 18
505565 134 1 1 4 5 23
506430 8 0 1 6 5 21
506966 177 1 1 6 6 18
507487 126 1 1 4 5 17
507631 45 1 1 4 6 17
508269 140 1 0 8 6 39
509119 213 1 1 8 6 17
509270 29 1 1 2 6 12
509375 4 0 1 4 6 27
509455 39 1 1 6 6 23
509483 163 1 1 4 6 16
509544 39 1 1 2 6 24
509590 34 1 1 6 6 19
509593 60 1 1 8 6 14
509596 254 1 1 8 6 19
509663 63 1 1 6 5 15
510714 51 1 1 4 5 14
511489 55 1 1 8 6 17
511942 24 1 0 8 6 16
511943 77 1 1 6 6 17
511973 6 1 0 2 6 20
512019 134 1 1 6 6 24
512053 104 1 1 6 6 21
512090 11 1 1 2 6 15
512263 45 1 0 2 6 20
512268 52 1 0 6 6 20
512324 26 1 1 1 6 14
512412 38 1 1 8 5 18
512518 80 0 1 6 6 20
512551 89 0 1 8 6 15
512614 97 1 1 6 6 24
512620 149 1 1 2 5 13
512622 60 1 0 8 6 21
512628 149 1 1 8 6 17
513008 35 1 1 6 5 14
513113 68 1 1 6 6 19
513225 230 1 1 4 6 17
513400 33 1 1 1 6 24
513662 116 1 1 6 6 23
513983 102 1 1 4 6 16
514002 24 1 1 8 6 16
514579 102 1 1 8 6 28
515266 81 1 1 9 6 19
515645 20 1 1 6 6 17
515784 72 1 1 8 5 16
516113 38 1 1 8 6 22
516497 75 1 1 6 6 18
516514 83 0 1 4 5 18
516877 47 1 1 8 6 14
517624 77 1 1 8 6 14
517707 76 1 1 6 6 16
518110 81 1 1 4 6 21
518791 47 1 1 4 6 19
518943 35 1 1 8 5 15
519166 73 1 1 8 6 18
519970 36 1 1 6 6 34
520276 52 1 1 6 6 18
520278 52 1 1 6 5 20
520490 155 0 1 8 6 19
520546 84 1 1 8 6 13
520833 46 1 1 6 6 16
521073 83 1 1 4 6 16
521162 145 1 1 7 5 14
521883 165 1 1 6 6 24
521973 58 1 0 6 6 27
522782 13 1 0 6 6 11
522906 99 1 1 6 5 19
523778 74 1 1 6 6 22
523906 155 1 1 6 6 18
524745 145 1 0 6 6 19
524785 88 1 0 6 6 20
524788 213 1 0 6 5 19
525216 38 1 1 8 6 21
525629 44 1 1 3 6 19
527889 74 1 1 2 6 18
528513 11 1 1 3 5 15
528855 5 1 1 5 6 25
530009 116 1 1 6 6 26
532324 26 1 1 6 6 55
532706 163 1 1 6 6 23
533560 86 1 1 4 6 29
533760 33 1 0 6 5 15
533858 92 1 1 6 6 19
534887 34 1 1 6 6 24
535041 10 1 1 7 5 21
535200 103 1 0 8 6 29
537128 33 1 0 6 5 29
538244 54 1 1 2 6 18
538791 113 1 1 2 6 20
539401 40 1 1 8 6 15
542675 58 1 1 0 6 20
542712 45 1 1 1 6 16
549645 39 1 1 6 6 21
557744 68 1 1 2 5 29
559336 8 1 1 2 6 22
562418 43 1 1 6 6 14
562477 95 1 1 3 6 18
563304 18 1 1 8 6 21
563781 41 1 1 6 6 9
564941 44 1 1 6 5 29
564943 58 1 1 6 5 29
565299 12 1 1 2 6 21
568202 12 1 1 9 6 20
571567 41 1 1 8 6 17
571995 105 1 1 6 6 16
574298 17 1 1 6 6 24
575319 130 1 1 6 6 32
575380 11 1 0 6 6 22
577505 36 1 1 9 6 14
577805 16 1 0 6 6 24
584340 39 1 1 6 6 15
586790 50 1 1 8 6 15
586818 36 1 1 6 6 23
588000 117 1 1 4 6 14
589019 81 1 1 2 6 17
601409 40 1 1 8 6 16
607861 45 1 0 4 6 13
607933 41 1 1 1 5 13
608225 54 1 1 6 6 22
608377 29 0 1 8 6 31
624028 16 1 1 8 5 13
627044 12 1 1 6 5 16
627123 103 1 1 6 6 22
627970 37 1 1 6 6 16
632828 29 1 0 7 6 50
634534 4 1 1 2 5 19
634657 36 1 0 7 6 50
638107 10 1 1 2 6 15
645563 34 1 1 9 6 13
647332 43 1 1 6 6 15
655529 5 0 1 4 6 20
659355 24 1 1 6 5 16
664718 15 0 1 6 6 17
665815 18 0 1 2 6 19
667011 30 1 1 2 5 11
671559 26 1 1 6 6 15
672727 13 1 1 6 6 11
677690 21 1 1 6 6 18
680143 59 0 0 8 6 18
682649 11 0 1 4 6 20
684013 56 1 1 6 6 15
686483 21 1 0 6 6 18
696696 136 1 1 8 6 21
715634 71 1 0 8 6 34
730624 96 0 1 6 6 17
733110 108 1 1 6 6 17
746026 114 1 0 4 6 19
747906 20 1 0 6 5 21
749992 48 1 1 6 6 16
750219 94 1 1 4 6 16
750290 30 1 0 6 6 19
750861 24 1 0 2 5 20
751705 18 1 0 9 6 15
751744 48 1 1 8 6 19
751759 18 1 1 2 6 12
751775 50 1 1 8 5 14
752016 2 1 1 5 6 24
754245 113 0 1 8 6 21
761485 30 1 1 8 6 18
764213 10 1 0 1 6 21
766919 21 1 1 2 5 29
767991 39 1 1 8 6 16
768442 2 1 0 2 6 19
775444 34 1 1 6 6 21
781689 86 1 0 4 6 19
783078 65 1 1 6 6 14
783327 20 1 1 6 6 27
787914 44 1 1 8 6 13
790858 7 1 1 2 5 15
791015 33 1 1 8 6 17
796355 13 0 1 6 6 20
799227 15 1 1 3 6 16
799228 18 1 1 9 6 21
809664 68 1 1 6 5 16
812199 21 1 1 9 5 16
813829 5 1 1 6 5 15
814608 16 1 1 8 6 18
817355 14 1 1 4 6 29
817723 36 1 1 2 5 12
819375 78 1 1 8 6 29
821066 57 1 1 6 6 18
821135 15 1 1 4 5 19
821700 16 1 1 6 5 13
821731 23 1 1 6 6 17
824787 49 1 1 3 6 15
825833 14 1 1 8 6 14
826145 24 1 1 6 6 15
828569 30 1 1 6 6 23
829423 31 1 1 8 6 13
830282 37 1 1 8 6 17
842942 13 1 1 8 6 33
883422 17 1 1 6 5 19
886232 15 1 1 4 5 18
887930 69 1 1 4 6 19
889765 2 1 1 2 6 16
896089 67 1 1 8 5 15
899666 43 1 1 4 6 31
899694 5 1 1 8 5 18
926986 57 1 0 6 5 14
927088 43 1 0 4 6 19
931718 95 1 1 8 6 13
933345 60 1 0 4 6 27
948976 58 1 1 4 6 17
949217 7 1 1 9 6 32
951625 15 1 1 8 6 16
951814 12 1 0 2 6 21
962986 6 1 1 2 6 15
982545 17 1 0 5 6 9
991141 18 1 1 6 6 29
993176 30 1 1 6 6 29
994184 8 0 1 6 5 13
994197 14 1 1 6 5 19
997310 16 1 0 4 6 19
1003643 36 1 0 4 5 19
1003645 39 1 0 4 5 19
1003759 43 1 0 6 5 19
1014418 50 1 1 8 6 18
1018637 50 1 0 4 6 24
1024359 50 1 1 8 6 21
1030341 29 1 1 8 6 16
1032109 5 1 1 9 5 17
1034585 53 1 1 6 6 21
1056769 6 1 1 6 6 31
1060105 12 1 1 6 5 18
1070897 7 0 1 6 6 22
1071991 13 1 1 6 6 14
1087101 21 1 1 9 6 17
1100485 10 1 0 8 6 23
1101623 10 1 1 1 5 17
1109827 14 1 1 1 6 13
1113478 8 1 1 8 6 22
1114031 31 1 1 6 6 28
1117618 5 1 1 8 6 20
1117722 19 1 0 2 6 14
1124830 20 1 1 5 6 29
1127367 21 1 1 8 6 35
1138752 9 1 1 2 6 15
1153626 3 1 1 2 5 20
1156747 16 1 1 6 6 29
1161565 41 1 1 1 6 27
1174052 24 1 1 8 6 26
1176193 13 0 1 6 6 17
1195158 18 1 1 4 6 19
1196594 2 1 1 8 6 13
1198470 6 0 1 9 5 17
1200134 7 1 1 4 5 19
1200547 2 1 1 6 6 29
1200588 1 1 1 8 5 25
1200629 8 1 1 8 6 24
1200701 22 1 1 6 6 27
1200856 18 1 1 6 5 16
1200864 2 1 1 4 5 26
1200928 9 1 1 2 6 12
1200935 22 1 1 6 6 22
1200944 9 1 1 6 5 17
1200968 7 1 0 4 6 22
1200977 1 1 1 8 6 9
1200978 5 1 1 6 6 23
1201010 1 1 1 4 5 18
1201011 4 1 1 1 6 42
1201136 13 1 1 4 5 20
1201152 7 1 1 6 6 29
1233621 6 1 1 6 5 19
