46770
19
2186
46770 570 1 1 2 6 37
8012 74 0 0 8 6 29
9692 60 1 0 3 6 35
17767 46 1 1 2 5 19
18642 72 1 0 2 6 18
21253 54 1 0 8 6 22
26751 264 1 0 2 6 20
27811 44 0 0 1 6 22
31025 26 0 0 6 6 52
31952 45 0 0 0 6 49
33680 91 1 0 2 6 18
36765 33 0 0 7 6 41
40204 24 0 0 0 6 37
42273 8 1 0 8 6 39
45580 60 1 0 0 6 31
46224 85 1 0 9 6 21
49710 83 0 0 1 6 36
51080 70 1 0 0 6 34
51587 31 1 0 0 6 21
51805 77 1 0 0 6 21
52713 107 0 0 3 6 21
53522 18 1 0 1 6 44
57139 238 1 1 2 6 18
57823 19 0 0 1 6 29
58277 54 1 0 7 6 22
59243 70 1 0 2 6 32
59934 24 0 0 1 6 36
64302 20 0 0 2 6 35
70435 313 0 0 1 5 23
76172 46 1 0 9 6 47
85337 17 0 0 7 6 34
85979 34 1 0 5 6 14
90620 105 1 0 2 6 18
92867 16 1 0 2 6 22
93055 21 0 0 4 6 42
98748 277 1 0 6 6 25
100630 143 1 0 8 6 13
102061 23 1 0 6 6 41
105481 89 0 0 7 6 35
106698 47 1 0 7 6 25
107698 31 0 0 1 6 50
108141 120 1 1 2 6 22
108211 504 1 0 1 5 20
112297 62 1 0 3 6 34
114220 18 1 1 2 6 20
114702 23 0 0 2 6 53
119491 51 1 0 3 6 23
119614 73 1 0 6 6 27
120869 17 1 0 2 6 18
122192 72 1 0 4 5 19
130205 67 0 0 2 6 22
131866 11 1 0 0 6 28
134487 215 1 0 2 6 25
135002 122 1 0 8 6 22
140686 25 0 0 5 6 26
148287 25 1 1 2 6 23
149290 61 1 0 2 6 23
149317 64 1 0 8 6 28
152749 76 1 0 8 6 20
154359 156 1 0 7 6 34
154528 37 1 0 1 6 21
155928 18 0 0 4 6 22
156723 28 1 0 2 6 33
157449 16 1 1 3 6 19
159776 49 1 0 7 6 23
161773 16 0 0 2 6 43
163707 27 1 0 2 6 40
166641 61 0 0 1 6 33
167024 22 1 0 8 6 17
169658 39 1 0 6 6 21
170470 53 0 0 2 6 30
174246 48 1 0 5 6 34
174575 47 1 0 4 6 29
175183 86 1 0 8 6 30
175190 60 0 0 8 6 29
175673 88 1 0 2 6 23
176120 50 1 1 2 6 24
176902 51 1 0 2 6 23
182820 74 1 1 2 6 20
183193 90 1 1 2 6 21
185195 24 0 0 6 5 25
186007 51 0 0 1 6 21
189941 18 1 0 5 6 22
192408 23 1 0 3 6 22
194996 58 1 0 2 6 30
194997 26 1 0 2 6 35
196147 42 1 0 2 6 35
196210 41 1 0 6 6 29
196226 40 1 0 2 6 23
196403 16 0 0 2 6 38
196821 26 0 0 2 6 47
196877 51 0 0 2 6 22
202240 57 0 0 8 6 28
202309 12 1 0 2 6 36
203044 23 1 0 2 6 32
203956 36 1 0 2 6 34
206848 17 0 0 2 6 37
207283 70 0 0 1 6 29
210388 47 1 0 7 6 16
214300 69 1 0 6 6 26
216252 23 0 0 0 6 30
219686 16 0 0 2 6 29
223458 19 0 0 6 6 35
228036 56 1 0 7 6 16
230274 69 1 0 1 6 25
236240 15 1 0 3 6 38
243847 47 0 0 4 6 33
246103 54 0 0 2 6 29
247058 23 1 0 2 6 30
247143 22 0 0 3 6 21
247628 26 0 0 3 6 32
248150 17 0 0 2 6 45
249343 194 1 0 6 6 20
255328 85 0 0 8 6 19
256766 12 0 0 2 6 37
259640 27 1 0 3 6 28
259976 59 1 0 2 6 22
260603 12 0 1 2 6 21
260938 120 0 1 2 6 22
263411 13 0 0 5 6 38
265224 197 1 0 6 6 27
265739 77 0 0 1 6 36
268568 28 0 0 7 6 31
268628 29 0 0 7 5 44
269725 13 0 0 0 6 47
271112 96 0 0 9 6 37
275590 21 0 0 3 6 40
275644 6 1 0 4 6 21
276099 77 1 0 3 6 49
277093 54 1 0 6 6 23
277938 58 1 0 2 6 34
280189 7 0 0 5 6 18
282735 52 1 0 2 6 46
282812 3 0 0 1 6 40
283936 13 0 0 2 6 43
284248 15 1 0 6 6 48
284254 142 1 0 2 6 41
284470 15 0 0 6 6 40
284550 69 0 0 1 6 39
284633 46 1 0 8 6 21
285298 48 1 0 5 6 31
286620 32 0 0 7 6 43
286671 23 1 0 1 6 19
286678 7 0 0 2 6 32
288526 24 1 0 1 6 23
290884 29 0 0 2 6 23
290923 33 1 0 1 6 33
292659 43 0 0 1 6 23
293437 17 0 0 7 6 25
295583 80 1 0 2 6 32
296746 82 1 1 2 6 24
299810 62 1 0 7 6 42
299978 30 0 0 0 6 35
301181 40 1 0 3 6 33
302955 20 1 1 2 6 18
303000 58 0 1 2 6 19
303051 18 1 1 2 6 25
303099 52 1 1 0 6 25
305403 73 1 0 2 6 20
310123 56 1 1 2 6 22
310125 69 1 1 2 6 25
310126 42 1 1 2 6 25
310149 14 1 1 5 6 20
310154 24 0 0 7 6 23
310926 92 0 1 2 6 29
312516 31 1 0 2 6 17
312709 69 1 0 4 6 25
318752 89 1 0 2 6 25
320001 21 1 0 2 6 26
320624 35 1 0 2 6 41
324265 56 0 0 2 6 28
325372 58 1 0 7 6 38
325970 3 1 0 2 5 32
326811 20 1 1 7 6 82
330129 30 0 0 2 6 48
331512 47 1 0 0 6 32
332120 47 0 0 2 6 22
333880 92 1 0 4 6 42
334196 30 0 0 2 6 31
337269 93 1 0 7 6 16
339859 18 1 0 8 6 21
341064 33 1 0 7 6 38
344017 23 1 0 2 6 21
345026 58 1 0 2 6 35
346033 19 1 0 2 6 32
353168 52 1 0 7 6 37
353277 25 1 0 1 6 34
353528 55 1 0 2 6 19
353908 20 1 0 1 6 30
356785 19 1 0 8 6 39
358273 17 0 0 1 6 33
360573 14 1 0 4 5 18
363858 15 0 0 2 6 32
365364 20 0 0 7 6 34
365521 51 1 0 5 6 32
367433 81 1 0 2 6 22
368954 30 1 0 8 6 47
369700 4 1 0 1 6 26
370247 10 0 0 4 5 21
370323 47 1 0 8 6 40
370643 55 1 0 8 5 27
373858 75 1 0 2 6 31
376756 42 1 0 6 6 20
376761 55 1 0 4 6 21
377719 45 0 0 2 6 38
379239 38 0 0 3 6 37
381751 33 1 0 9 6 24
382767 164 1 0 0 6 33
383099 40 1 0 4 6 30
384345 241 1 1 2 6 14
385309 65 1 0 2 6 24
385852 15 0 0 1 6 19
388373 62 1 0 5 6 37
389228 123 1 0 6 6 36
389453 32 1 0 8 6 23
389507 5 1 0 2 6 26
389813 13 0 0 8 6 25
390898 37 0 0 3 6 37
391100 62 1 0 8 6 12
394978 44 0 0 2 6 31
397294 65 1 0 3 6 21
399812 23 0 0 2 6 32
404275 26 1 0 2 6 18
412030 50 1 0 6 6 37
412707 32 1 0 6 6 28
416976 3 0 1 7 6 18
416983 78 1 1 2 6 34
417274 11 0 0 2 6 32
417277 22 1 0 5 6 25
419206 79 1 0 3 6 22
419777 27 0 0 3 6 33
420980 16 0 1 2 6 46
422969 35 0 0 6 6 48
430521 66 1 0 2 6 19
430657 17 1 0 8 6 25
432825 80 1 0 1 5 28
436138 13 0 0 6 6 23
441175 96 1 0 6 6 25
441892 7 1 1 2 5 26
442950 81 1 0 1 6 23
446481 14 1 0 8 6 21
446711 52 0 0 8 6 21
448586 59 1 0 2 6 25
450092 58 1 0 8 6 28
455769 42 1 0 7 6 32
460176 44 0 0 0 6 19
463123 55 0 0 8 6 32
468073 4 0 1 5 6 17
469995 60 1 0 6 6 30
471416 5 0 0 7 6 22
472753 53 1 0 4 6 31
475296 12 0 0 0 6 17
476125 59 0 0 0 6 46
479465 10 1 0 2 6 33
479745 128 1 0 1 6 33
483794 52 1 0 7 6 26
484436 7 0 0 0 5 37
487878 89 1 0 7 6 19
487879 1 0 0 5 5 23
488257 6 0 0 7 5 22
489133 54 0 0 7 6 37
494617 19 1 0 2 6 27
498465 46 0 0 3 6 30
500540 17 1 0 7 6 19
501306 33 0 1 2 6 29
509651 29 1 1 7 6 22
512326 116 1 0 2 6 22
521822 34 1 0 7 6 30
530686 56 1 0 7 6 23
531228 79 1 0 6 6 22
532953 35 0 0 7 6 44
533305 7 0 0 1 6 34
534034 16 1 0 6 6 22
534363 50 0 0 5 6 23
534637 12 0 0 2 6 33
542014 10 1 0 6 6 32
542790 16 1 0 7 6 41
544088 20 1 0 8 6 24
551957 59 0 0 7 6 45
564198 65 1 0 9 6 18
566534 28 0 0 0 6 41
566806 17 0 1 1 6 20
567090 43 0 0 2 6 32
568517 42 1 0 2 6 22
571251 50 1 0 2 6 32
573543 24 1 0 8 6 34
575240 15 1 0 2 6 36
575688 22 1 0 2 6 22
576149 18 1 1 8 6 31
576678 15 0 1 0 6 34
576681 9 1 0 2 6 21
576683 1 1 0 6 6 31
576685 7 0 0 5 6 42
576687 10 1 0 0 6 28
576691 20 0 0 5 6 37
576693 40 1 0 1 6 44
576709 5 0 0 7 6 41
576710 89 1 0 6 6 41
576711 16 1 0 0 5 24
576713 6 0 0 7 6 46
576715 21 1 0 6 6 39
576717 18 1 0 2 6 41
576718 11 1 1 8 6 38
576719 12 1 0 2 6 50
576720 1 1 0 2 6 40
576768 14 1 0 3 5 21
576769 6 0 0 7 6 16
576770 4 0 0 7 6 40
576771 17 1 0 7 6 23
576772 24 1 0 2 5 25
576773 38 1 0 4 6 36
576774 4 1 0 1 6 24
576775 23 0 0 0 6 41
576776 29 1 0 2 6 40
576823 9 1 1 2 5 46
576824 28 1 0 8 6 42
576825 5 1 0 5 5 43
576872 36 1 1 2 6 24
576995 14 1 0 2 6 38
577057 22 1 0 2 6 34
577058 62 1 0 9 6 21
577059 8 1 0 2 6 25
577062 6 0 0 7 6 29
577063 5 1 1 6 6 36
577064 1 1 0 2 5 29
577104 42 1 0 5 6 32
577105 12 1 0 9 6 46
577106 26 1 1 2 5 30
577107 7 1 0 2 6 35
577108 20 1 0 2 6 36
577110 28 1 0 3 6 39
577111 12 1 0 8 5 43
577112 5 0 0 2 6 33
577113 8 0 0 2 6 31
577116 11 1 0 4 6 32
577117 12 0 0 2 6 33
577135 32 1 0 2 6 36
577137 64 1 0 7 6 28
577138 2 1 0 2 5 34
577139 19 0 0 2 6 36
577140 4 1 0 7 6 44
577141 24 1 0 2 6 32
577167 3 0 0 2 6 39
577206 50 1 0 1 6 40
577207 29 1 0 6 6 38
577208 5 1 0 2 6 25
577209 44 1 0 8 5 28
577210 3 1 0 2 5 27
577213 10 1 0 7 6 27
577214 15 1 0 2 6 15
577216 15 1 0 7 6 44
577282 17 1 0 2 6 31
577284 3 1 0 8 6 44
577287 13 1 0 8 6 31
577288 15 0 0 2 6 30
577326 15 0 0 7 6 57
577327 2 1 0 5 6 21
577329 26 1 0 4 6 30
577384 18 0 0 4 6 51
577385 6 0 0 6 6 43
577386 42 1 0 0 6 37
577387 34 0 0 2 6 47
577388 3 0 0 2 5 28
577389 36 1 0 5 6 49
577390 17 0 0 2 6 23
577391 34 1 0 6 6 33
577393 37 1 0 7 6 23
577432 9 1 0 2 6 41
577434 18 0 0 2 6 34
577436 6 1 0 5 6 21
577438 53 0 0 2 6 32
577440 2 0 0 0 6 30
577441 13 1 0 1 6 56
577442 16 0 0 5 6 37
577487 18 1 0 2 6 34
577488 11 1 0 2 6 30
577490 10 1 0 1 6 24
577492 11 1 0 2 6 20
577493 10 1 0 8 6 19
577494 29 1 0 2 6 38
577495 2 1 0 7 6 26
577496 8 1 0 8 6 17
577497 1 0 0 2 6 23
577520 4 1 0 1 6 22
577521 5 1 1 2 6 24
577522 28 1 0 2 6 36
577524 34 0 0 5 6 40
577527 5 1 0 2 6 20
577528 7 1 0 9 6 32
577543 22 1 0 7 6 35
577545 26 1 0 3 5 23
577546 7 1 0 2 6 39
577547 10 1 0 2 5 35
577548 6 0 0 6 5 23
577549 1 0 0 6 6 48
577550 7 1 0 5 6 17
577551 2 0 0 2 6 31
577552 2 1 0 2 6 34
577555 6 1 0 1 6 22
577556 3 0 0 3 6 46
577570 1 1 0 2 6 29
577571 2 1 0 7 6 19
577572 4 1 0 2 6 32
577573 47 1 0 7 6 35
577574 4 1 0 2 6 26
577575 7 1 0 2 6 37
577576 7 1 0 2 6 40
577577 2 1 0 2 6 58
577579 9 1 0 2 6 35
577581 13 1 0 2 6 39
577582 3 1 1 0 6 34
577583 7 1 0 1 6 25
577584 1 1 0 3 6 32
577585 1 1 0 2 6 35
577586 2 1 0 2 6 39
577587 2 0 0 1 6 40
577613 10 1 0 2 6 39
577614 2 1 0 6 6 35
577615 2 0 0 2 6 36
577616 2 0 0 2 6 31
577617 8 0 0 5 6 19
577618 3 1 0 2 6 23
577619 1 0 0 2 6 34
577621 1 0 0 6 6 48
577622 10 1 0 5 6 43
577624 9 0 0 4 6 47
577625 17 1 0 3 6 29
577642 17 1 0 6 6 47
577643 20 1 0 2 6 48
577644 52 1 0 4 6 37
577645 4 1 0 2 5 23
577646 8 1 0 2 6 34
577647 3 0 0 2 6 42
577648 18 1 0 8 6 34
577649 8 1 0 2 6 31
577650 41 0 0 2 6 31
577673 17 0 0 5 6 45
577674 43 1 0 8 6 29
577675 17 0 0 2 6 43
577676 14 1 0 2 6 39
577677 88 1 0 0 6 32
577678 12 1 0 2 6 32
577679 10 0 0 2 6 32
577680 3 1 0 0 6 20
577719 13 1 0 2 6 37
577720 18 1 0 7 6 53
577721 10 1 0 2 5 25
577722 21 1 0 7 5 20
577723 8 1 0 6 6 34
577724 7 1 0 2 6 33
577726 23 0 0 4 6 46
577727 109 1 0 6 6 33
577728 27 1 0 2 6 32
577729 31 1 0 2 5 36
577752 41 1 0 7 6 38
577753 3 1 0 2 5 21
577754 45 0 1 6 6 35
577756 18 1 0 2 6 27
577757 66 1 0 7 6 36
577758 16 1 0 5 6 38
577759 16 0 0 2 6 54
577760 19 1 0 2 6 23
577779 5 1 1 6 5 35
577780 6 1 0 2 5 32
577781 18 1 0 1 6 18
577782 47 1 0 7 6 34
577785 1 1 0 2 5 36
577787 9 1 0 2 6 39
577788 31 0 0 2 6 50
577790 7 0 1 6 5 16
577802 14 0 0 7 6 38
577803 5 1 0 7 6 22
577804 44 1 1 8 6 32
577805 16 1 0 6 6 24
577806 6 1 0 2 6 31
577807 16 0 0 6 6 30
577810 9 1 0 6 6 35
577839 1 0 1 8 6 39
577840 22 0 0 7 6 41
577841 22 0 0 8 6 33
577842 11 0 0 5 6 43
577844 20 0 0 7 6 39
577848 34 0 0 7 6 27
577850 10 1 0 6 6 57
577945 10 1 1 2 6 20
577946 6 0 0 2 6 43
577947 26 1 0 7 6 27
577949 12 1 0 2 6 19
577988 44 1 0 9 6 24
577989 21 1 0 2 6 43
577991 10 1 0 2 6 42
578012 17 1 0 4 6 22
578014 5 1 1 2 6 25
578017 31 1 0 2 6 26
578062 7 0 0 2 6 30
578063 43 1 0 2 6 34
578064 25 0 0 0 6 38
578065 32 0 0 6 6 40
578066 10 0 0 2 6 38
578067 7 0 0 2 6 40
578140 16 1 0 0 6 47
578141 23 1 0 8 6 29
578142 22 0 0 2 6 22
578144 21 0 0 2 6 39
578145 5 0 0 6 6 21
578146 11 0 0 1 6 33
578147 9 1 0 8 6 44
578148 13 1 0 2 6 32
578149 14 1 0 2 6 32
578156 8 0 0 3 6 39
578256 18 0 0 2 6 21
578257 2 0 0 1 6 22
578259 16 0 0 2 6 46
578261 5 0 0 7 6 39
578265 25 0 0 8 6 43
578266 7 1 0 2 6 37
578267 9 0 0 2 6 28
578269 23 0 0 1 6 43
578270 17 1 0 5 6 32
578271 8 1 1 2 6 67
578278 7 0 0 2 6 45
578279 16 1 1 8 6 28
578281 11 0 0 2 6 37
578282 19 1 0 2 6 35
578283 17 1 0 8 5 36
578287 18 0 0 2 6 51
578289 11 1 1 6 6 23
578290 11 0 0 5 6 36
578297 34 1 0 2 6 48
578299 8 0 0 8 6 51
578300 10 1 0 2 6 38
578301 14 0 0 2 6 45
578303 32 1 0 5 6 49
578305 11 1 0 6 6 30
578306 23 0 0 6 6 34
578313 13 0 0 8 6 48
578315 6 0 0 5 6 49
578316 64 1 0 6 6 35
578317 9 0 0 1 6 40
578318 35 1 0 2 6 41
578319 105 1 0 6 6 34
578385 22 1 0 6 6 41
578386 4 1 0 5 6 33
578387 4 0 0 6 6 21
578388 14 1 0 5 6 39
578391 25 1 0 9 6 38
578417 8 1 0 9 6 51
578419 11 0 0 6 6 33
578421 47 1 0 5 6 29
578426 56 1 0 8 6 23
578453 15 0 0 0 6 26
578454 16 1 0 5 6 39
578455 22 0 0 2 6 28
578456 22 0 0 3 6 34
578459 23 0 0 6 6 41
578460 12 0 0 8 6 38
578514 41 1 0 2 6 22
578516 25 1 0 2 6 37
578517 14 0 0 2 6 37
578518 24 0 0 6 6 31
578521 9 1 1 6 6 25
578522 4 1 0 2 6 40
578523 19 0 0 6 6 37
578524 13 0 0 3 5 26
578537 25 1 0 6 6 34
578538 10 1 0 2 6 34
578585 11 1 0 2 5 23
578586 30 1 0 2 6 26
578587 6 0 0 1 6 22
578588 2 0 0 5 6 29
578589 49 0 0 6 6 33
