214732
19
2160
214732 644 1 0 4 6 16
4757 169 0 1 1 6 20
8762 9 0 0 4 5 20
10406 37 1 0 1 5 18
12967 165 0 0 4 6 18
29059 66 1 0 0 6 20
32388 16 0 0 7 5 19
35263 126 0 1 3 6 17
39996 29 1 0 3 6 19
41935 41 1 0 3 6 17
42747 58 0 0 5 6 19
44278 82 1 0 6 6 16
45090 12 0 0 5 6 19
48347 107 1 0 4 6 26
48357 5 1 0 2 6 21
58720 236 0 0 8 6 18
59538 273 1 1 0 5 17
62768 379 1 0 6 6 18
63773 53 1 0 2 6 19
65570 20 1 0 5 6 17
68596 508 1 0 4 6 21
68728 135 1 0 8 6 17
68939 88 1 0 1 5 19
72472 23 1 0 0 6 19
74351 88 1 1 2 6 20
83397 35 1 0 0 6 16
87566 10 1 0 3 5 18
87950 42 1 0 4 5 16
88034 6 0 0 4 6 18
88122 63 1 0 5 6 20
88130 128 0 0 8 6 20
91063 5 0 0 4 5 18
93783 89 1 0 0 6 20
97371 98 1 0 2 6 18
97417 6 1 0 9 5 16
97424 17 0 0 0 6 17
97733 14 1 0 4 6 16
103713 12 0 0 7 6 16
105385 7 0 1 9 5 17
114618 6 0 0 4 6 16
114680 11 0 0 8 5 17
120502 7 1 0 6 6 18
120580 3 0 0 0 6 19
121003 8 1 0 0 6 27
129469 25 1 1 4 6 20
132915 35 1 0 5 6 19
140897 18 0 0 4 6 18
141076 230 1 1 7 6 12
141086 312 1 0 9 6 19
145958 60 1 1 2 6 17
146954 276 1 0 6 6 20
146959 763 1 0 7 6 20
146962 37 0 1 1 6 22
147079 640 1 0 4 6 17
147081 48 1 0 4 5 20
147123 52 1 0 4 6 17
147127 28 1 0 4 6 19
147135 47 1 0 4 5 19
147204 3 1 0 1 5 17
147335 64 1 0 1 6 17
147404 30 1 0 4 6 16
147558 105 1 0 4 6 24
147565 23 0 0 4 6 16
147656 6 1 0 2 5 17
147688 30 1 0 2 5 19
147851 21 1 0 4 5 18
148381 18 0 0 4 5 19
148786 18 1 0 1 6 18
149220 14 0 0 4 5 19
149488 9 1 0 0 6 16
149862 49 1 0 0 6 16
150757 137 1 0 8 6 21
150758 79 1 0 8 5 21
150942 49 0 0 3 6 16
153203 24 1 0 7 6 21
153902 8 0 0 7 5 15
154750 8 1 0 1 5 17
154975 22 0 0 8 5 17
156465 100 1 1 0 6 20
158008 43 1 0 4 6 16
159752 20 1 0 2 5 14
159965 9 1 0 4 5 17
161964 50 1 0 4 5 25
162035 128 0 0 4 6 26
163324 120 1 0 9 6 16
163325 213 1 0 9 6 16
163335 41 1 0 2 6 16
163767 24 1 0 6 5 18
167017 42 1 0 9 5 17
168261 8 0 0 4 6 19
168388 37 1 0 8 6 19
172583 5 0 0 6 6 18
176222 39 1 0 0 6 17
176654 19 0 0 4 6 20
179489 139 1 1 4 6 15
182347 19 1 0 0 6 19
184471 26 0 0 2 6 18
194530 33 1 0 0 5 16
194556 13 0 0 0 5 18
195044 9 1 0 2 6 20
199837 29 1 0 4 6 16
202541 53 0 0 8 6 13
205248 27 0 0 4 6 18
208516 11 1 0 4 6 17
208517 8 1 0 2 6 17
209997 28 1 0 1 6 21
210861 9 0 0 5 6 19
211664 164 1 0 8 5 18
212309 13 0 0 3 6 16
213544 39 1 0 4 6 17
214721 208 1 0 1 6 16
214729 32 1 0 4 5 16
220477 92 1 0 2 6 16
226953 120 1 0 9 6 16
228170 21 0 0 1 6 17
229844 55 1 1 1 6 19
230523 20 1 0 6 5 18
232203 60 0 1 4 6 17
240825 71 1 0 1 6 20
242370 54 0 0 9 6 20
249394 24 1 0 4 6 17
254482 26 0 0 4 6 20
254816 25 1 0 0 6 14
256123 72 0 0 2 6 17
256466 33 1 0 2 6 16
256516 10 0 0 2 6 16
256649 35 1 0 2 6 15
256732 7 0 0 2 6 16
257106 139 1 0 6 6 17
257705 115 1 0 7 6 17
258520 20 1 0 4 6 17
261333 46 1 0 9 5 19
264638 15 0 1 4 6 18
266050 42 1 0 1 6 16
266424 3 0 0 4 6 15
268020 13 1 0 9 5 16
271890 24 1 0 4 5 21
275012 22 0 1 1 6 17
276477 41 1 0 1 6 20
278146 25 1 0 5 5 17
279567 58 0 0 3 6 18
280209 18 1 0 4 6 16
280450 21 1 1 2 6 18
280590 37 1 0 9 6 18
283656 20 0 0 1 6 18
284094 43 0 0 8 6 17
285327 21 1 0 4 5 17
286869 10 1 0 4 6 18
288243 10 0 0 4 5 17
289296 15 1 0 4 6 16
290695 5 0 0 2 5 20
290740 20 1 0 4 6 13
290861 26 1 0 4 6 15
296531 23 1 0 1 6 17
297016 55 1 0 4 6 19
302458 33 1 0 2 5 20
313177 38 1 0 2 6 15
316692 12 1 1 2 5 17
316955 44 1 0 2 6 18
323502 74 1 0 4 6 19
329900 6 1 0 4 6 20
330518 18 0 0 6 6 18
331267 21 1 0 9 6 21
331546 31 1 0 9 6 15
336856 5 0 0 5 5 17
337492 47 1 1 2 6 17
338470 36 1 0 1 6 19
342320 10 1 0 8 6 17
346009 23 1 1 4 6 18
347086 107 1 0 8 5 18
347933 54 1 0 1 6 19
349007 12 0 0 4 6 20
350566 34 1 0 2 6 18
351947 14 0 0 4 6 18
352084 20 1 0 2 6 18
354521 10 1 0 1 6 17
357977 6 0 0 4 5 16
360787 15 0 0 9 6 18
365875 53 1 0 4 6 18
367683 61 0 0 7 6 15
369498 25 0 0 6 5 18
369997 13 1 0 8 6 18
370379 18 1 0 8 6 16
373041 30 1 0 4 5 17
377867 39 1 1 6 6 20
381598 15 1 1 2 6 19
382417 31 0 0 4 6 18
382737 7 0 0 1 6 18
384300 15 1 0 7 5 19
384735 38 0 0 5 6 21
384755 34 0 0 4 6 21
384807 19 1 0 4 6 20
384809 8 0 0 4 6 18
384834 26 1 0 9 5 19
384838 17 1 0 2 5 19
384839 63 1 0 9 6 17
384840 32 1 0 2 5 20
384867 20 1 0 2 5 19
384873 12 0 0 4 6 17
384965 9 0 0 4 6 18
385198 16 0 0 7 6 18
385300 13 0 0 3 6 18
386089 19 0 1 3 6 18
386122 18 0 0 2 5 15
386163 28 1 0 2 5 15
386164 43 1 0 1 5 17
386166 6 1 0 2 6 17
386169 33 1 0 4 6 17
386211 16 1 0 2 6 14
386215 6 1 0 7 6 17
386216 7 0 0 4 6 16
386218 19 1 0 2 5 16
386411 26 1 0 1 5 19
387040 28 0 0 4 6 18
387076 28 1 0 7 6 19
387149 9 0 0 4 6 18
387418 44 1 0 2 6 16
387746 58 1 0 1 6 16
387812 25 0 0 0 6 18
389080 12 1 1 0 6 20
390738 19 1 1 0 6 20
391382 12 0 0 7 5 17
391497 3 0 1 8 5 18
392926 23 1 0 4 6 17
394740 113 1 0 2 6 16
401560 31 0 1 4 6 17
402955 5 1 1 2 6 17
404328 29 0 1 4 6 16
417988 5 1 1 4 5 20
418633 28 0 1 4 6 17
419053 5 0 1 0 6 19
422028 9 0 0 1 6 16
423275 27 1 0 3 5 18
423276 87 1 0 6 6 15
423681 10 0 0 3 6 19
424366 18 1 0 6 6 16
425264 60 1 0 7 6 16
425902 12 0 1 4 6 20
427352 21 1 0 0 5 17
427447 22 1 0 7 5 17
428687 24 1 0 6 6 17
429558 8 1 0 6 5 18
429585 11 0 0 4 6 19
429619 16 1 0 6 5 18
432368 36 0 0 4 6 18
432450 34 1 0 4 6 20
433793 45 0 0 4 5 16
435254 9 1 0 0 6 18
435429 45 1 1 9 6 18
439636 10 0 1 0 6 18
439729 5 0 1 1 5 19
439731 15 1 1 9 5 16
439732 17 1 1 3 6 16
439736 11 1 1 7 5 16
439830 14 1 1 8 5 17
440187 21 1 0 2 6 19
440772 14 1 1 1 5 17
441737 6 1 1 4 6 19
442387 15 1 1 5 6 18
442988 6 0 0 1 6 19
444413 17 0 0 7 5 17
444907 10 1 0 1 6 16
451271 15 1 0 5 6 17
455104 21 1 0 4 5 19
456639 39 1 0 6 6 18
457162 12 0 0 2 5 18
457187 14 1 0 3 5 19
457749 11 1 0 6 6 18
457835 40 1 0 2 6 20
458713 16 1 0 4 6 18
458714 10 1 0 4 5 17
458763 24 1 0 6 5 16
458833 14 0 0 1 6 18
458893 11 1 0 2 6 17
458895 14 1 0 7 6 16
459137 30 0 0 2 6 18
464473 55 1 0 8 6 18
464549 12 0 0 4 5 16
464933 27 1 0 8 6 20
465819 53 1 0 2 6 18
468615 27 1 0 2 5 20
468942 3 0 0 1 5 18
469666 16 1 0 4 5 16
471343 19 1 0 8 6 17
472347 47 1 0 1 6 17
478675 91 1 1 4 6 18
478680 15 1 1 1 5 16
478867 53 1 1 9 6 19
478883 27 0 0 4 6 17
479710 6 1 0 8 6 18
479976 26 1 0 2 6 21
484191 32 0 0 2 6 17
484254 39 1 0 4 6 16
485156 77 1 0 8 6 12
489219 28 1 0 1 5 17
501324 117 1 0 2 6 18
502165 19 1 0 0 5 18
503482 11 0 0 6 6 20
505952 28 1 0 6 6 18
506709 22 1 0 5 5 16
507227 3 1 0 2 6 19
523444 144 1 0 4 6 19
523447 100 1 0 6 6 18
523588 24 1 0 6 6 17
523624 23 1 1 7 6 17
524654 15 0 0 4 6 17
524703 5 1 1 6 5 19
524704 36 1 0 4 5 19
524749 12 1 0 1 5 18
524807 11 1 0 0 5 16
524808 20 1 0 2 5 16
524813 20 1 0 2 6 16
524961 7 0 1 6 5 16
525126 17 1 0 0 6 20
525180 13 1 0 0 6 17
525183 3 1 1 1 5 19
525184 7 1 1 4 5 19
525186 6 0 1 4 6 19
525189 4 0 1 4 6 17
529331 10 1 0 1 6 18
533723 22 0 0 4 6 17
535451 9 1 0 1 6 18
540948 13 0 0 2 5 19
542878 15 0 0 4 6 17
555775 11 1 0 2 5 19
561176 20 1 0 1 6 13
561736 15 1 0 4 6 18
561929 28 1 0 9 6 17
562227 37 1 0 9 6 17
562299 22 1 0 2 6 17
562792 23 1 0 7 6 16
571621 30 1 0 4 5 15
583987 5 0 0 1 6 19
587306 36 1 1 2 6 13
591320 7 1 0 5 5 18
597514 53 1 0 2 5 18
600881 18 0 0 7 5 16
604617 20 1 1 2 6 15
606826 10 0 0 8 6 16
609733 20 0 0 0 6 17
621432 9 1 1 7 5 17
630306 20 1 0 0 6 18
637411 7 1 0 4 6 18
643604 19 1 0 2 5 20
645853 27 1 0 2 5 23
647055 16 0 1 4 6 18
654658 5 0 1 1 6 23
661449 61 0 0 4 6 17
665322 14 1 0 4 5 19
670119 11 1 0 0 5 16
673226 16 0 0 1 5 19
675513 14 1 1 9 6 16
675514 13 1 0 4 5 19
675515 30 1 0 4 5 18
675702 9 1 1 0 6 18
675849 13 0 0 1 6 17
676525 16 1 0 4 6 19
677955 42 1 0 6 6 16
682636 32 0 0 7 6 19
688402 36 1 0 4 6 16
693758 28 1 1 2 6 30
694940 21 0 0 9 6 20
695731 30 1 0 1 6 17
699763 27 0 0 6 6 18
701661 38 1 0 7 6 18
707500 24 1 0 2 6 18
708003 15 1 0 4 6 20
710997 23 1 1 1 5 18
714060 12 1 0 1 6 21
718296 8 1 1 8 5 20
720876 13 1 0 9 5 18
724492 8 1 0 1 6 13
725831 11 1 0 1 5 18
727748 6 1 1 6 6 17
728940 4 0 1 4 6 19
729138 7 0 1 4 5 18
730430 6 0 0 1 5 20
731136 7 1 0 2 5 16
732611 6 1 0 7 6 17
747893 6 0 0 4 6 17
749310 6 1 1 2 6 16
750743 16 1 0 7 6 17
758191 32 1 0 2 6 16
758274 7 0 1 2 6 19
758276 31 1 0 2 5 19
760458 18 1 0 9 6 19
767645 6 0 0 4 6 19
772952 10 1 0 4 5 19
773240 10 1 0 1 5 17
774545 7 1 1 5 5 17
774547 9 0 1 1 6 18
774612 7 0 1 1 6 19
774620 17 1 1 1 5 18
774622 17 0 1 1 6 18
774627 7 1 1 7 5 19
775062 27 1 0 2 6 16
775108 17 1 0 2 6 13
775122 10 1 0 2 5 15
777551 6 1 0 2 5 18
777700 33 1 0 2 6 17
778113 27 1 0 2 5 15
778318 21 1 0 5 6 17
779831 23 1 0 4 6 16
781014 10 0 0 4 5 17
781946 19 1 0 6 6 18
782523 4 1 0 6 5 18
783053 21 0 0 4 5 17
783155 18 1 0 4 5 19
783167 10 1 1 6 5 18
783168 14 1 0 4 5 18
783366 5 1 0 0 5 18
783368 12 1 0 0 5 18
783369 8 1 0 6 5 18
783631 11 1 0 6 6 18
783632 5 1 0 6 6 17
783664 11 1 0 0 6 16
785693 28 0 0 7 5 17
785927 23 1 0 2 5 19
792544 9 0 0 4 6 16
793702 22 1 0 2 6 16
797333 11 1 1 4 5 16
797409 2 1 0 4 6 16
797568 5 0 1 4 6 19
800792 24 1 0 2 6 17
805768 8 0 0 1 5 15
806713 6 1 0 2 6 17
807299 10 0 0 3 6 17
808650 4 1 0 5 5 18
810406 9 1 0 4 6 19
811563 4 0 0 6 6 18
814333 4 0 0 4 6 19
815884 7 0 0 8 6 20
818200 10 0 0 4 6 18
820001 17 0 0 4 6 17
820896 31 1 0 5 5 16
830241 13 1 0 1 5 19
830303 6 0 0 7 6 17
831399 13 1 0 5 6 17
834582 86 1 0 2 6 17
835082 5 0 0 4 6 18
835494 9 1 0 2 5 19
835579 11 1 0 3 5 19
837923 8 1 0 1 5 15
850888 11 0 0 0 6 18
851761 5 1 1 9 5 19
862054 7 0 0 4 6 17
862685 23 1 0 2 6 19
867551 7 1 1 7 5 17
867996 22 1 0 4 5 19
876984 21 0 0 9 6 20
889234 8 1 0 1 5 16
892346 6 0 0 1 6 16
897380 11 1 0 2 5 15
902251 18 1 0 7 5 19
903341 9 1 0 1 6 17
903348 18 1 0 2 5 19
903716 33 1 0 6 5 17
915329 2 1 0 0 5 16
917597 12 1 0 1 5 20
917863 10 1 0 6 6 17
918512 5 1 0 8 5 16
923927 7 1 0 3 5 19
928915 11 1 0 6 5 18
934359 12 1 0 6 5 18
934788 15 0 0 4 5 18
938994 8 0 0 4 6 20
940289 41 1 0 2 5 18
946397 9 1 0 8 6 19
949930 19 1 0 4 6 19
953118 3 1 0 1 5 19
954269 9 1 0 4 5 18
954420 9 0 0 4 5 18
954432 12 1 0 4 5 17
954626 16 1 0 4 5 21
959282 6 1 1 0 5 19
961286 16 1 0 1 6 18
961604 7 1 0 9 5 17
963423 7 1 1 4 6 18
964251 22 1 0 6 5 17
964877 6 0 1 6 5 18
964985 7 1 0 4 5 16
964986 1 0 0 2 5 16
964988 7 1 0 6 5 19
964991 4 1 1 9 6 16
964992 5 0 0 6 5 16
965009 8 1 1 9 6 15
965010 4 1 0 9 6 17
965011 12 1 0 2 5 18
965013 2 1 1 6 5 19
965033 13 1 1 2 5 16
965035 5 0 0 2 6 21
965088 9 1 0 2 5 18
973998 32 1 0 6 6 19
984162 11 1 0 2 6 17
984715 14 1 0 8 5 19
985181 2 1 0 6 5 17
985518 10 1 0 2 6 21
985592 8 1 0 7 5 19
985663 3 1 0 2 5 17
986178 16 1 0 6 5 19
986281 5 1 0 4 6 15
986292 6 1 0 4 6 20
986369 5 0 0 9 5 18
986437 7 0 0 4 5 19
986468 8 1 0 5 5 18
986469 3 0 0 2 5 16
986476 12 0 0 4 6 18
986486 6 1 0 4 5 29
986487 15 1 0 7 5 19
986490 12 0 0 1 5 16
986491 4 1 0 6 5 15
986536 11 1 0 3 5 18
986541 20 1 0 8 6 29
986544 5 1 0 0 6 20
986557 4 0 0 8 6 18
986570 3 0 0 4 5 19
986576 5 1 0 2 5 17
986582 2 0 0 4 6 16
986585 18 1 0 4 6 16
986614 12 1 0 1 6 17
986616 9 0 0 4 5 15
986617 11 1 0 6 5 17
986639 4 0 0 1 6 19
986654 14 1 0 2 5 18
986656 6 1 0 9 5 19
986678 6 1 0 0 5 16
986686 15 1 0 6 6 19
986704 7 1 0 6 5 16
986714 4 0 0 9 5 16
986751 13 1 0 8 6 15
986855 5 0 0 4 5 18
986856 2 1 0 9 5 17
986857 6 0 0 7 5 16
986871 13 1 0 4 5 19
986881 8 1 0 7 5 18
986894 19 1 0 3 6 19
986900 8 1 0 8 5 19
986902 3 0 0 4 6 18
986903 6 0 0 2 5 17
986917 8 1 0 2 6 17
986922 7 1 0 4 5 20
986931 12 1 0 6 5 18
986969 6 1 0 4 5 15
986970 9 1 0 4 6 16
986972 5 0 0 3 5 16
987030 4 0 0 4 6 18
987040 6 1 0 4 5 19
987042 5 0 0 1 6 17
987055 17 1 0 6 6 17
987061 4 1 0 1 5 18
987125 11 1 0 2 5 24
987138 2 1 0 6 5 16
987139 3 1 0 7 6 17
987146 7 1 0 8 6 16
987148 13 1 0 4 6 18
987171 7 0 0 6 5 16
987187 3 0 0 4 6 18
987198 7 1 0 8 5 16
987202 4 0 0 1 5 17
987225 6 0 0 4 5 17
987246 13 1 0 6 6 17
987255 10 1 0 8 6 17
987260 6 1 0 4 6 17
987357 3 0 0 4 6 18
987422 6 0 0 2 6 17
987427 8 1 0 6 6 18
987428 3 0 0 4 5 18
987554 20 1 0 7 6 14
987555 49 1 0 7 6 17
987693 1 0 0 0 5 15
987933 19 1 0 6 5 17
988178 6 1 0 9 5 20
990857 4 0 0 3 6 18
995807 8 1 0 8 6 18
1004092 2 0 1 1 5 18
1009314 5 0 0 8 5 17
1009948 4 1 0 4 5 15
1010868 4 0 1 4 5 18
1010869 4 1 1 8 5 18
1010870 5 1 1 9 6 14
1010871 8 1 0 2 5 17
1010881 4 1 1 6 5 16
1010909 3 1 1 2 5 15
1010910 4 1 0 9 5 19
1010911 2 1 1 2 5 18
1010912 2 1 0 2 5 20
1010913 6 1 0 2 5 17
1010939 1 0 0 6 5 19
1011043 4 0 0 3 5 18
1011057 5 1 1 2 6 18
1011089 5 0 0 6 6 16
1021607 4 0 1 2 5 18
1022214 2 1 0 7 5 16
1022226 4 1 1 2 5 19
1022233 7 0 0 0 5 18
1022244 7 0 0 4 5 16
1022246 13 1 0 1 6 17
1022327 4 0 0 4 5 19
1022400 5 0 0 4 6 17
1022452 7 1 0 4 6 16
1022459 3 1 0 2 5 19
1022507 1 0 0 4 5 15
1023579 3 1 0 4 5 21
1023631 4 0 0 4 6 19
1028233 8 0 1 5 6 19
1029032 9 1 1 7 5 18
1033796 3 0 0 4 5 20
1047429 8 1 0 1 5 19
1065804 29 1 1 2 5 16
1066474 3 1 0 1 6 16
1081897 4 1 1 4 5 18
1082729 30 1 1 2 6 19
1083103 1 0 0 1 5 16
1083400 5 1 0 4 5 16
1092666 5 0 0 3 6 15
1117365 9 1 1 4 6 18
1119322 6 1 0 2 5 18
1119431 3 0 1 4 6 19
1119660 3 0 1 7 5 17
1120014 13 1 1 1 5 16
1120015 3 1 1 0 5 18
1120025 3 1 0 2 5 15
1120026 3 1 1 0 5 18
1120027 7 1 1 4 5 15
1120028 5 1 0 6 5 20
1120146 5 1 0 9 6 19
1120412 5 1 0 2 6 17
1120477 4 1 0 2 6 19
1120478 2 0 0 7 5 17
1120487 4 1 0 1 6 17
1120565 1 1 0 7 5 18
1120579 1 1 0 1 5 18
1120588 3 1 1 7 5 16
1120613 2 1 1 0 6 19
1120615 5 1 1 0 6 19
1120618 10 1 0 1 6 19
1120640 1 0 0 3 6 19
1120662 2 0 1 6 6 18
1120702 8 1 0 1 5 20
1120712 15 1 1 8 5 18
1120743 2 1 0 2 6 16
1120744 7 1 0 6 6 19
1120750 3 0 0 6 5 19
1120751 16 1 0 6 6 16
1120774 3 1 1 6 5 19
