31099
19
519
31099 490 1 0 2 6 20
1149 183 1 1 0 6 20
1169 33 0 1 6 6 21
3038 86 0 1 4 6 22
3190 116 1 1 0 6 19
3723 83 1 1 0 6 21
4020 144 1 1 3 6 20
4919 28 0 1 3 6 22
6405 102 1 1 0 6 21
6829 22 0 1 0 6 21
7466 37 1 1 0 6 21
8331 39 0 1 0 6 22
8554 91 1 1 2 6 21
8765 84 1 1 0 6 21
9259 58 1 1 2 6 19
9831 34 0 1 2 6 21
10742 29 1 1 2 6 26
11214 115 1 0 2 6 20
11255 92 0 1 5 6 21
11684 36 1 1 0 6 20
12159 190 0 0 2 6 19
12830 50 0 1 4 6 20
13557 44 0 1 5 6 21
15531 126 1 1 3 6 22
15959 59 1 1 0 6 23
16008 57 0 1 3 6 24
16013 18 0 1 0 6 20
16266 49 0 1 0 6 26
16703 96 1 1 0 5 20
17405 35 0 1 3 6 23
17409 64 0 1 0 6 20
18148 53 0 1 0 6 19
18729 94 1 1 2 6 20
18936 101 1 1 0 6 21
19282 61 1 1 0 6 21
19549 26 1 1 0 6 21
19616 26 1 1 4 6 21
20109 134 1 1 0 6 21
20545 32 0 1 2 6 21
20913 99 1 1 3 6 22
21540 82 1 1 5 6 20
22168 47 1 1 3 6 21
22258 34 1 1 0 6 20
23337 46 0 1 3 6 19
23563 64 0 1 0 6 20
24334 71 0 1 0 6 21
24636 58 0 1 0 6 21
24713 48 0 1 0 6 20
26751 264 1 0 2 6 20
26770 136 1 1 0 6 20
28509 33 0 1 0 6 21
29166 58 1 1 0 6 20
30742 21 0 1 0 6 21
31201 68 1 1 3 6 21
31468 154 1 1 4 6 21
32329 158 0 0 7 6 22
32409 34 1 1 1 6 25
32452 49 0 1 7 6 20
32957 12 0 1 0 6 21
34531 166 1 1 2 6 21
34663 29 0 1 8 6 21
35132 30 1 1 0 6 22
35269 74 1 1 7 6 22
35687 189 1 1 2 6 20
35693 104 1 1 0 6 20
36006 34 0 1 8 6 20
37499 65 0 1 7 6 21
38975 116 1 1 3 6 22
39674 87 1 1 7 6 20
40628 84 1 1 7 6 23
41851 10 1 1 0 5 21
41912 150 1 1 1 6 21
42235 71 1 1 0 6 21
42626 50 1 1 0 6 20
43705 26 0 1 2 6 19
44125 53 1 1 2 6 22
46299 124 1 1 2 6 19
47082 52 1 1 5 6 21
47251 44 0 1 0 6 20
47818 39 0 0 2 6 20
48762 46 0 1 3 6 20
51538 540 1 1 1 6 21
54273 192 1 1 6 5 22
54687 78 1 1 3 6 20
55198 51 1 1 8 6 21
55397 61 1 1 0 5 21
57246 41 0 1 1 6 21
60211 111 1 1 7 6 20
61227 110 1 1 0 6 20
62552 87 1 1 6 6 21
63284 6 1 1 0 6 21
64523 48 1 1 0 6 21
66187 40 0 1 8 6 22
67960 72 1 1 8 6 21
68790 30 0 1 2 6 23
69105 90 1 1 5 6 19
69146 97 1 1 2 6 21
69801 23 0 1 3 6 23
69845 68 1 1 0 6 21
70365 55 1 1 0 6 21
70869 89 1 1 9 6 21
71363 54 1 1 1 6 24
74452 88 0 1 3 6 21
74583 75 1 1 2 6 19
75045 54 0 1 2 6 20
75202 211 1 1 2 6 20
75387 64 1 1 2 6 19
75390 96 1 1 2 6 19
75825 48 1 1 2 6 18
76032 45 1 1 2 6 21
76818 86 1 1 1 6 23
76888 138 1 1 2 6 22
76890 117 1 1 2 6 21
76926 74 1 1 2 6 21
77014 65 1 1 2 6 20
77051 39 0 1 5 6 25
77259 196 1 1 2 6 17
77372 86 1 1 2 6 20
77657 91 1 1 2 6 20
77883 59 1 1 2 6 21
78139 176 1 1 2 6 20
78314 52 1 1 2 6 23
78338 108 1 1 6 6 20
78413 126 1 1 8 6 24
78456 21 0 1 7 6 20
78996 61 0 1 2 6 22
81132 49 1 1 0 6 19
82093 37 1 1 2 6 18
82460 55 1 1 6 6 20
84617 31 1 1 9 6 20
85215 87 1 1 2 6 20
85454 42 1 1 1 6 21
86725 17 0 1 1 6 20
87324 39 0 0 2 6 32
88836 46 0 1 6 6 21
88962 33 1 1 8 6 21
90560 20 1 0 2 5 19
90794 27 0 1 2 6 20
92998 15 0 1 2 6 19
94268 113 1 1 2 6 19
95588 130 1 1 2 6 21
97081 54 0 0 2 6 23
97157 94 1 1 2 6 20
98934 48 1 1 0 6 20
98973 37 1 1 5 5 20
99221 122 1 1 2 6 21
99693 93 1 1 7 6 21
100482 51 0 1 2 6 21
101033 27 0 1 0 6 21
102411 87 0 1 4 6 25
102587 31 0 1 1 6 20
102934 125 1 1 0 6 20
103423 155 1 1 3 6 21
105147 65 0 1 2 6 20
107190 30 0 1 2 6 21
107515 101 1 1 0 6 21
108529 61 1 1 1 6 21
110216 89 1 1 3 6 21
111906 27 1 1 2 6 20
113625 124 1 1 3 6 21
114243 31 1 1 0 6 21
114400 171 1 1 2 6 22
115488 6 0 1 1 6 23
116968 92 1 1 0 6 20
118570 56 1 1 2 6 22
119559 62 0 1 3 6 21
119973 50 0 1 2 6 21
120140 78 1 1 2 6 23
120651 101 1 1 2 6 22
122768 55 0 1 6 6 24
124692 65 1 1 2 6 21
126425 61 1 1 0 6 21
128265 32 0 1 2 6 25
129514 62 1 1 1 6 21
129788 90 1 1 5 6 22
130066 29 0 1 0 6 26
130274 31 0 1 2 6 23
132921 44 1 1 0 6 21
133125 15 0 0 2 6 19
136501 23 0 1 1 6 20
137313 118 1 1 2 6 21
137586 38 1 1 0 6 20
139848 56 1 1 2 6 20
140224 71 0 1 2 6 20
141050 25 0 1 3 6 21
142463 89 0 1 1 6 20
142493 88 0 1 1 6 20
143136 57 1 1 2 6 21
145109 26 0 1 2 6 20
145221 129 1 1 5 6 20
146429 50 0 1 2 6 22
146584 134 1 1 2 6 20
146801 50 1 1 7 5 28
146898 78 0 1 8 6 19
147422 9 1 1 1 6 23
147942 50 1 1 3 6 20
148186 48 1 1 0 6 22
148558 61 0 1 3 6 21
149567 79 1 1 2 6 21
152292 77 1 1 3 6 22
152534 58 1 0 2 6 21
153872 34 1 1 2 6 20
154815 104 1 1 3 6 21
155182 57 0 1 6 6 23
155788 76 1 1 0 6 22
158067 11 0 1 3 6 27
158310 42 0 1 4 6 21
158977 37 1 1 2 6 20
160686 28 1 1 1 6 19
162149 89 1 1 6 6 22
163457 63 1 1 6 6 21
163634 51 0 1 6 6 21
164421 31 1 1 7 5 20
166082 53 0 1 7 6 20
167981 24 0 1 2 6 20
172147 24 0 1 2 6 16
172768 119 0 1 3 6 17
174063 91 1 1 4 6 21
175146 82 1 1 2 6 20
175973 26 1 1 2 6 20
176373 50 0 1 5 6 20
176604 72 1 1 0 6 20
178152 15 0 1 2 6 19
179033 112 1 1 6 6 20
179840 33 0 1 3 6 21
184731 79 1 0 2 6 20
189750 20 0 1 2 6 19
189880 101 1 1 2 6 18
191281 36 1 1 2 6 21
191987 21 0 1 2 6 24
192914 56 1 1 5 6 21
193450 86 0 1 2 6 22
193983 26 0 1 7 6 20
194065 58 1 1 2 6 20
194325 44 1 1 2 6 20
196439 168 1 1 2 6 20
197501 154 1 0 2 6 18
197584 65 1 1 0 6 22
199631 27 1 1 0 6 22
200460 24 0 1 0 6 20
202806 19 0 1 2 6 24
203301 29 0 1 6 6 21
205017 51 1 1 3 6 20
207106 67 1 1 2 6 23
208404 136 1 1 6 6 22
208745 36 0 1 8 6 23
209321 29 1 1 2 6 20
209570 55 0 1 4 6 29
210115 144 1 1 8 6 21
210123 87 1 1 6 6 21
210815 88 1 1 2 6 21
213431 45 1 1 1 6 22
213765 170 1 1 1 6 21
213927 112 1 1 8 6 20
216745 84 1 1 0 6 21
219333 23 0 1 6 6 20
222131 46 1 1 2 6 23
222371 41 0 0 2 6 25
224389 32 1 1 2 6 33
228217 56 0 1 0 6 18
231799 107 1 1 6 6 21
232330 146 0 1 2 6 18
232368 90 1 1 2 6 17
233178 35 0 1 2 6 19
233198 32 1 1 2 6 20
234331 74 1 1 3 6 21
236337 70 1 1 0 6 22
236805 23 1 1 3 6 21
237750 30 1 1 7 6 22
241837 13 0 1 2 6 22
242483 90 0 1 2 6 24
242643 133 1 1 0 6 20
245207 123 1 1 2 6 20
248641 12 0 1 2 6 33
251211 48 0 1 2 6 21
257655 48 1 1 2 5 21
261184 18 1 1 7 5 20
261230 57 1 1 1 6 21
262015 74 0 1 4 6 20
263113 62 0 1 1 6 21
265181 81 1 1 3 6 21
267180 21 0 1 7 6 19
267426 64 1 1 3 6 20
271909 86 1 1 7 6 20
275385 19 1 1 3 6 20
277758 36 0 1 6 6 23
278508 45 0 1 3 6 21
278511 82 1 1 8 6 22
281168 43 1 1 7 6 21
281711 35 1 0 0 6 19
283073 51 1 1 2 6 20
284753 65 1 1 6 6 20
284906 41 0 1 2 6 18
287672 46 0 1 6 6 23
289092 182 1 1 1 6 20
292682 82 1 1 2 6 21
294735 18 0 1 9 6 1
295185 89 0 1 7 6 22
295356 52 0 1 3 6 20
295981 11 1 0 0 6 30
296165 23 1 1 2 6 21
296598 63 0 1 0 6 20
297368 77 0 1 7 6 22
297933 33 0 1 3 6 30
299117 99 1 1 5 6 19
300165 102 1 1 3 6 23
302242 74 0 1 0 6 21
309887 90 1 1 7 5 21
312352 35 0 1 3 6 22
314488 53 1 1 8 6 22
314738 77 1 1 8 6 21
315556 70 1 1 6 6 22
315943 41 0 1 0 6 20
316441 37 1 1 0 6 21
319894 14 0 1 3 6 20
320482 70 1 1 0 6 18
323885 105 1 1 3 6 21
325936 20 0 0 5 6 20
328877 74 1 1 6 6 24
329492 29 0 1 2 6 21
329687 22 1 1 7 6 20
330876 28 0 1 8 6 21
330993 69 1 1 2 6 22
331537 47 0 1 3 6 20
336540 88 1 1 6 6 21
337933 54 1 1 1 6 22
340646 54 1 1 7 6 20
341564 93 1 1 1 6 21
345435 152 1 1 6 6 21
346568 46 0 1 8 6 22
347531 75 1 1 0 6 24
347847 60 1 1 1 6 20
354189 111 1 1 8 6 21
354679 85 0 1 6 6 20
355337 82 0 1 3 6 20
356805 57 1 0 2 6 22
360006 69 0 1 8 6 21
365720 48 1 1 2 6 20
366258 8 1 1 0 6 20
366953 63 1 1 8 6 20
370543 58 0 1 2 6 20
379243 35 0 1 6 6 20
381072 9 1 1 2 6 25
383545 28 0 1 2 6 19
390621 56 0 1 2 6 19
391046 6 0 1 4 5 21
391957 2 0 1 0 6 17
392688 48 1 1 2 6 21
393006 139 1 1 8 6 20
394639 54 0 1 0 6 20
395816 46 0 1 7 6 19
396556 35 1 1 3 6 20
396840 72 1 1 2 6 21
397007 24 1 1 3 6 21
397523 52 1 1 2 6 20
397648 79 1 1 2 6 21
404612 72 0 1 2 6 20
405600 66 1 1 2 6 24
406442 50 1 1 6 6 22
406672 70 1 1 2 6 21
407964 39 1 1 2 6 23
410897 20 0 1 2 6 21
414704 52 0 1 6 6 20
415321 27 1 1 2 5 21
416321 27 0 1 6 6 20
416902 21 0 1 2 6 21
423382 23 0 1 6 6 20
426783 29 1 1 2 6 21
426817 67 1 1 8 6 21
426933 22 0 1 2 6 20
427139 34 0 1 7 6 21
427140 53 1 1 2 6 19
427141 103 1 1 6 6 19
427142 1 0 0 9 6 22
427143 19 1 1 7 6 20
427145 6 0 1 2 6 10
427146 35 1 0 2 6 36
427201 9 1 1 2 6 27
427203 39 1 0 2 6 16
427205 17 1 1 0 6 19
427206 77 0 1 6 6 20
427263 26 1 1 6 5 22
427405 47 1 1 6 6 22
427460 25 1 1 8 6 20
427462 13 1 1 6 6 20
427463 34 1 1 2 6 20
427467 49 1 1 2 6 22
427521 6 1 1 2 6 21
427522 30 1 1 7 6 20
427523 67 1 1 6 6 21
427524 30 0 1 6 6 22
427556 8 0 1 2 6 19
427600 11 1 1 2 5 21
427603 12 1 1 0 6 21
427604 6 0 1 2 6 20
427605 44 1 1 3 6 24
427655 50 1 1 1 6 22
427661 66 1 0 2 6 16
427664 7 0 1 1 5 31
427952 27 1 1 3 5 22
427953 35 1 1 8 6 20
427954 23 0 1 2 6 19
427956 48 1 1 3 6 21
428039 132 1 1 6 6 20
428040 33 0 1 2 6 21
428041 44 1 1 7 6 20
428125 14 1 1 1 6 21
428201 1 1 1 6 6 20
428202 45 1 1 7 6 24
428203 17 0 1 4 6 21
428205 23 1 1 2 6 22
428206 4 0 1 7 6 21
428207 62 0 1 7 6 19
428208 74 1 1 0 6 20
428209 84 1 1 0 6 21
428210 10 0 1 3 6 21
428211 40 1 1 6 6 20
428250 6 0 1 3 6 21
428251 11 1 1 0 6 21
428252 68 1 1 2 6 20
428253 29 1 1 2 6 18
428254 33 0 1 2 6 35
428278 19 1 1 2 6 18
428279 18 1 1 2 6 18
428281 1 0 1 1 5 22
428282 3 1 1 6 5 20
428283 14 1 1 4 6 20
428284 1 0 1 2 5 20
428287 9 1 1 2 6 19
428288 9 1 1 2 6 20
428289 18 1 1 2 6 23
428335 5 1 1 2 6 19
428337 22 1 0 2 6 18
428338 16 1 1 1 6 21
428339 7 0 1 0 6 21
428341 12 0 1 2 5 21
428342 11 0 1 2 6 37
428377 26 1 0 2 6 16
428378 27 0 1 1 6 22
428379 52 1 1 8 6 21
428380 8 1 1 9 6 21
428381 15 0 1 0 6 22
428382 31 1 1 6 6 20
428384 16 0 1 4 6 20
428403 69 1 1 1 6 20
428411 16 1 1 8 6 21
428431 35 1 1 4 6 20
428898 14 0 1 6 6 22
428901 26 1 1 1 6 20
429047 39 1 1 3 6 21
429053 34 0 1 6 6 22
429054 46 0 1 3 6 21
429100 22 0 1 6 6 22
429164 38 0 1 2 6 20
429188 85 1 1 4 6 25
429243 60 1 1 4 6 24
429244 61 0 1 7 6 20
429245 39 1 1 6 6 21
429296 13 0 1 7 6 22
429297 39 1 1 7 6 20
429298 38 1 1 1 6 21
429299 90 1 1 6 6 20
429347 23 0 1 6 6 19
429348 29 0 1 6 6 28
429351 109 1 1 1 6 21
429353 20 0 1 3 6 20
429354 18 0 1 4 6 21
429355 61 1 1 8 6 21
429393 129 1 1 6 6 20
429395 23 0 1 2 6 22
429396 34 1 1 3 6 21
429397 49 1 1 3 5 21
429398 37 0 1 8 6 22
429432 35 1 1 2 6 21
429433 32 0 1 6 6 21
429434 77 1 1 6 6 20
429435 12 1 1 2 6 19
429437 45 1 1 6 6 20
429438 36 1 1 2 6 18
429490 20 1 1 8 6 30
429491 98 1 1 8 6 22
429492 43 1 1 2 6 22
429493 38 0 1 1 6 21
429583 66 0 1 8 6 21
430145 23 0 1 5 6 20
430146 44 1 1 6 6 21
430147 15 0 1 8 6 22
430148 25 0 1 2 6 21
430172 40 0 1 8 6 25
430184 27 1 1 6 6 20
430185 29 0 1 4 6 22
