145923
19
369
145923 555 1 1 6 6 18
6577 245 1 0 0 6 20
10471 49 0 0 0 6 21
11130 53 0 0 3 6 19
20221 220 1 0 0 6 20
20273 119 0 0 0 6 27
21005 90 1 0 6 6 22
27232 210 1 0 4 6 24
27511 520 0 0 3 6 21
27639 38 1 0 6 6 20
31084 160 1 0 3 6 21
39643 50 0 0 5 6 19
40016 7 1 0 6 5 20
40936 62 0 0 6 6 18
41189 117 0 0 6 6 19
41287 86 0 0 1 6 22
48140 136 0 0 5 6 20
48286 76 1 0 2 6 19
48349 85 1 0 5 6 21
49629 55 1 0 6 5 43
53127 48 0 1 6 6 18
53631 17 0 0 7 6 22
59083 83 0 0 0 6 20
59357 94 1 0 2 6 17
59775 142 1 0 6 6 22
68165 128 1 0 2 6 22
68596 508 1 0 4 6 21
69742 119 0 0 2 5 18
72296 355 1 0 4 6 16
72355 82 1 0 6 6 16
78965 181 0 1 6 6 18
79338 34 0 0 6 6 17
82234 152 1 0 5 6 18
83837 97 1 0 6 6 18
84055 149 1 0 1 6 21
85546 141 1 0 5 6 27
85760 30 1 0 2 5 21
85856 9 0 0 6 5 17
86688 198 1 0 6 6 19
86753 153 0 0 8 6 30
87940 138 1 0 2 6 20
88123 23 1 0 2 6 23
88280 635 1 0 1 6 19
88283 106 1 0 1 6 29
88429 23 0 0 1 5 20
88431 69 1 0 1 6 20
89117 38 1 0 8 6 19
91426 632 1 0 4 6 20
93177 59 1 0 6 6 19
102648 148 0 0 6 6 25
105643 430 1 0 6 6 17
106039 30 1 0 6 6 23
106422 143 1 0 7 6 21
106660 79 1 0 6 6 18
106920 131 1 0 3 6 20
108198 169 0 0 6 6 21
108211 504 1 0 1 5 20
108278 93 1 0 6 6 22
108479 68 0 0 2 5 19
108760 32 0 0 7 6 21
108770 45 0 0 6 6 30
108800 63 1 0 6 6 20
108954 110 1 0 2 6 20
109087 184 1 0 9 6 20
109120 98 1 0 6 6 19
113066 56 1 0 3 6 23
115741 116 1 0 6 6 22
120778 104 1 0 6 6 12
122241 27 1 0 9 6 20
123484 85 1 0 6 5 18
124176 467 1 1 6 6 32
126702 100 1 0 2 6 18
129439 106 0 0 0 6 17
130153 64 1 0 6 6 15
131756 128 1 0 2 6 19
132713 28 0 0 4 6 19
134000 177 1 0 6 6 16
139023 83 0 0 3 6 18
139042 42 1 0 2 6 23
147064 570 1 0 4 6 18
152878 239 1 0 2 6 21
153099 49 0 0 6 6 24
153331 27 0 0 7 6 21
160692 293 1 0 4 6 19
161032 227 1 0 6 6 21
166035 102 0 0 8 6 21
166398 50 0 0 6 5 18
166596 83 1 0 8 6 17
166738 107 0 0 6 6 22
167402 146 0 0 4 6 17
168463 79 0 0 4 6 18
170308 55 0 0 6 6 16
170373 344 1 1 6 6 26
171389 395 1 0 8 6 18
171728 67 1 0 6 6 19
172168 137 1 0 6 6 20
172758 496 1 0 8 6 20
175188 22 1 0 2 6 23
175390 350 1 0 1 6 29
176626 43 0 0 6 6 24
178158 66 1 0 3 6 19
178499 25 0 0 0 6 34
179621 223 1 0 6 6 18
179674 98 0 0 6 6 17
184084 137 1 1 6 6 30
184106 146 1 1 6 6 16
187994 69 0 0 6 6 17
189435 63 0 0 1 6 19
193686 23 0 0 6 6 23
203517 54 1 0 2 6 16
207474 74 1 0 1 6 18
209438 351 1 0 8 6 19
210071 40 0 0 2 6 17
211180 72 1 0 0 6 33
211679 91 0 0 8 6 17
222443 200 1 0 9 6 18
223709 462 1 1 6 6 21
227273 50 1 0 1 6 19
230523 20 1 0 6 5 18
231271 83 0 0 8 6 18
241592 563 1 0 6 6 22
246170 22 1 0 6 6 17
246596 116 1 0 3 6 22
247945 118 1 0 6 6 18
248000 48 0 0 6 6 20
248908 205 0 0 2 6 18
249397 197 1 0 2 6 18
249750 6 0 0 6 5 19
254227 49 0 0 6 6 21
255792 37 0 0 4 6 22
255818 62 1 0 8 6 21
256045 150 1 0 8 6 18
256190 64 1 0 1 6 23
256441 42 1 0 2 6 15
256981 3 1 0 6 5 16
257980 95 0 0 6 6 24
258183 133 1 0 6 6 18
258975 150 0 0 6 5 18
262552 131 1 0 6 6 19
262822 149 0 0 6 6 15
262873 46 0 1 6 6 21
263417 26 0 0 4 6 41
266566 31 0 0 4 6 21
266776 109 1 0 2 6 17
268497 222 1 0 4 6 15
269185 99 0 0 6 6 22
271762 92 0 0 4 6 18
272162 79 0 0 8 6 19
272421 378 1 0 4 6 15
272429 32 1 0 6 6 19
273577 82 0 0 6 6 17
273611 145 1 0 1 6 36
276099 77 1 0 3 6 49
276804 62 1 0 1 6 21
277168 186 1 0 1 6 24
277420 15 1 0 7 6 20
278063 103 1 0 5 6 19
278381 155 1 0 6 6 21
278705 258 1 0 4 6 20
279571 514 1 0 6 6 15
280271 11 1 0 1 5 16
280277 225 0 0 6 6 18
281832 46 0 0 1 6 20
282101 7 0 0 6 5 17
282613 48 0 0 5 6 30
282615 113 1 0 6 6 29
282661 270 1 0 4 6 19
282890 336 0 0 8 6 18
283285 54 1 0 2 5 18
283701 60 1 0 1 6 31
283887 53 0 0 1 6 26
285190 167 0 0 6 6 17
285466 210 1 0 1 6 22
285526 121 0 1 6 6 17
285611 88 1 0 2 5 22
286683 111 1 0 4 6 22
287219 76 1 0 1 6 16
287762 12 0 0 1 6 20
287801 8 0 0 6 6 24
287836 58 1 0 7 6 17
290671 35 0 0 1 6 18
291161 28 1 0 2 5 21
291881 83 1 0 6 6 18
297085 85 1 0 2 6 28
297150 63 0 0 2 6 22
297655 135 0 0 4 6 20
301947 64 1 0 2 6 26
305440 192 1 0 6 6 27
305453 46 1 0 8 6 26
305647 319 0 0 6 6 19
305778 112 1 0 6 6 25
306949 136 0 1 7 6 28
311023 107 1 0 8 6 27
313080 170 1 0 2 6 17
313253 119 0 0 4 6 19
313665 119 1 0 4 6 21
313711 48 1 0 0 6 22
313795 33 0 0 5 6 19
315541 36 0 1 6 6 15
315552 51 1 0 6 6 20
316382 149 1 0 6 6 16
316959 6 0 0 5 6 19
317256 25 0 0 4 6 22
317602 94 0 0 1 5 21
317886 17 1 0 4 6 25
318146 156 1 0 4 6 19
318468 17 1 0 9 6 15
319309 205 1 0 6 6 31
320886 42 0 0 2 6 17
320940 231 1 0 9 6 18
322888 81 1 0 6 6 18
322922 90 1 0 6 6 19
325177 29 1 0 9 6 20
327775 53 0 0 7 6 24
328216 31 1 0 6 6 19
330317 98 1 0 6 6 20
330698 85 1 0 7 6 24
330706 102 1 0 1 6 26
330760 119 0 0 1 6 21
331041 44 0 0 6 6 22
331506 20 1 0 1 6 20
331544 11 0 0 4 6 17
332261 97 1 0 6 6 20
332580 23 0 0 6 6 19
333192 71 1 0 6 6 19
335198 43 1 0 7 6 15
335410 57 1 0 6 6 18
339867 99 1 0 3 6 20
341851 50 0 0 6 6 16
342338 26 1 0 2 6 19
345052 49 0 0 1 6 23
345125 184 1 0 7 6 19
346639 25 0 0 4 6 23
348670 258 1 0 4 6 16
349005 42 1 0 3 6 20
349268 155 1 0 4 6 13
349976 37 1 0 5 6 20
350029 145 1 0 6 6 17
350118 120 1 0 4 6 17
350256 93 1 0 9 6 26
350427 37 1 0 9 5 19
350454 15 1 0 6 5 17
350565 25 1 0 6 5 19
350572 18 1 0 8 5 32
350582 48 1 0 4 6 20
350768 69 1 0 6 6 24
351559 212 1 0 6 6 17
351923 14 0 0 6 5 23
351929 19 1 0 8 6 21
354004 32 1 0 1 6 19
354008 48 1 0 1 6 21
354642 28 1 0 1 6 20
355782 85 1 0 1 6 18
356090 119 0 0 6 6 22
356105 203 1 0 8 6 15
356178 25 1 0 1 6 22
360578 41 0 0 9 6 18
365026 74 1 0 3 6 22
365669 7 1 0 2 6 21
365697 21 0 0 6 6 16
365727 73 1 0 2 5 18
367631 64 0 0 5 6 26
367733 38 1 0 9 5 15
367897 85 1 0 6 6 16
367921 111 1 0 6 6 21
368405 116 1 1 6 6 14
368697 66 1 0 6 6 21
372227 68 1 0 5 6 25
372779 229 1 0 8 6 17
373600 48 0 0 6 6 21
373602 143 1 0 6 6 20
374009 97 0 0 7 6 31
374586 91 1 1 6 6 21
379404 99 0 0 6 6 20
382476 82 1 0 4 6 18
383104 102 0 0 6 6 16
383334 95 1 0 6 6 16
384826 67 1 1 6 6 18
384910 91 1 0 6 6 15
385309 65 1 0 2 6 24
385786 29 1 0 8 5 17
385834 5 0 0 1 6 20
385936 25 1 0 7 5 20
385950 15 1 0 9 5 18
386409 19 0 0 6 6 19
387819 8 0 0 0 6 19
389583 23 1 0 6 6 27
389796 6 1 0 4 6 17
390548 49 0 0 6 6 36
391105 17 1 0 2 6 19
399145 125 1 0 6 6 19
401087 156 1 0 2 6 22
401306 77 0 0 6 6 18
405196 180 1 0 8 6 20
407468 42 0 0 6 6 18
407768 150 1 1 6 6 16
410100 29 0 0 4 6 33
414704 52 0 1 6 6 20
414803 30 0 1 6 6 16
419361 95 1 0 6 6 19
422239 24 1 0 6 6 17
425269 168 1 0 2 6 14
427747 192 1 0 6 6 25
430098 124 1 0 3 6 18
431730 39 1 1 6 6 20
432222 4 0 0 6 6 17
432307 53 1 0 3 6 18
432652 58 1 0 6 5 19
432892 255 1 0 6 6 18
432981 140 1 0 8 6 17
435719 43 1 0 3 6 22
441042 30 1 0 1 6 25
441749 84 1 0 6 6 18
443952 69 0 0 4 6 16
445186 14 1 0 6 5 18
445305 142 1 0 6 6 19
446288 45 0 0 6 6 16
446655 44 0 0 8 6 23
448431 103 1 1 4 6 17
453284 32 0 0 6 6 28
455722 117 0 0 8 6 18
456445 54 1 0 6 6 18
457831 19 1 0 6 6 17
466956 40 1 0 1 6 17
469858 142 0 0 6 6 17
470469 10 0 0 1 6 16
470689 5 0 0 6 5 19
471521 16 1 0 1 5 18
471672 57 1 0 4 6 21
471754 90 1 0 6 6 18
471824 46 0 0 7 6 23
472809 7 1 0 6 6 19
474671 13 1 0 6 5 18
474865 54 1 0 4 6 16
478870 31 1 0 4 6 21
484173 100 1 0 6 6 19
485566 10 1 0 5 5 20
485617 51 1 0 5 6 20
487142 13 1 0 1 6 30
487537 11 1 0 1 6 23
487652 23 1 0 2 6 18
488733 55 1 0 6 6 16
493692 32 1 0 2 6 19
495238 159 1 0 6 6 17
499370 50 1 0 6 6 18
501118 66 0 0 6 6 20
505100 34 1 0 8 6 13
505799 104 1 1 6 6 20
508722 16 0 0 6 6 22
509458 171 1 1 6 6 21
510767 83 0 0 6 6 18
511024 109 1 0 6 6 17
512962 84 1 0 6 6 17
514495 26 1 0 6 6 16
517949 29 1 0 6 5 16
518284 116 1 0 6 6 16
518565 89 1 0 2 6 22
522028 87 0 0 4 6 16
522481 100 0 0 6 6 23
523885 15 0 0 6 6 19
525299 31 0 0 6 6 18
526002 55 1 0 2 6 19
526602 93 1 0 6 6 18
528829 30 1 0 4 5 19
529410 5 1 0 6 6 21
529453 25 1 0 3 6 23
529499 84 0 0 6 6 18
530192 52 1 0 6 6 19
531087 33 1 0 2 5 22
531526 39 1 0 4 6 17
532269 25 1 0 1 5 19
532407 27 1 0 1 6 24
533427 30 1 0 7 6 26
537634 42 1 0 0 6 22
537810 18 0 0 5 5 25
539076 60 1 0 1 6 22
539939 113 0 0 4 6 16
543837 16 1 0 7 5 25
548100 42 1 0 6 6 17
549365 45 1 1 6 6 22
556841 218 1 1 6 6 18
557150 37 1 0 1 6 17
558167 53 1 0 6 6 19
558716 119 1 0 6 6 31
562797 75 1 0 6 6 17
564802 54 1 0 6 6 17
565103 76 1 0 1 6 20
565398 117 1 0 8 6 17
570720 17 1 0 8 6 23
572261 54 1 0 5 6 20
577069 50 0 1 6 6 18
578229 84 1 0 6 6 19
582050 45 1 0 4 6 25
588861 6 0 1 6 6 22
588868 14 0 1 6 5 22
590009 42 1 0 6 6 20
590317 114 1 1 6 6 25
591089 106 1 0 6 6 15
591094 23 1 0 6 6 46
591095 106 0 1 6 6 19
596175 40 0 0 6 6 16
597793 77 1 0 6 6 17
597796 167 1 0 6 6 16
599417 80 1 0 6 6 19
599577 64 1 0 6 5 21
602106 128 1 0 6 6 19
605799 4 0 0 6 6 18
607382 13 0 0 6 6 19
607577 53 1 0 2 6 21
608442 55 0 1 1 6 23
610298 13 1 0 1 6 18
610918 32 1 0 2 6 17
617164 69 1 0 6 6 16
620539 18 0 0 5 6 38
625940 45 0 0 4 6 19
629479 55 1 0 6 6 18
640148 73 1 0 4 6 15
640518 38 0 0 6 6 24
652833 39 0 0 6 6 43
655590 105 1 0 6 6 18
656727 11 0 0 6 6 20
659498 54 1 1 4 6 18
668952 110 1 1 6 6 22
669640 94 0 0 6 6 16
671904 75 1 0 4 6 16
671975 12 1 0 8 6 20
673034 76 0 0 6 6 17
676248 54 0 0 6 6 20
682025 35 1 0 8 6 31
682322 90 0 0 6 6 17
685554 125 1 0 6 6 38
694450 59 1 0 2 6 18
699621 168 1 0 6 6 17
699846 81 1 0 4 6 21
708421 66 1 1 6 6 15
708929 127 1 0 6 6 16
715363 20 0 0 1 6 22
720795 36 1 0 6 6 32
722513 82 1 0 6 6 18
723838 117 1 0 6 6 18
725078 2 0 0 6 5 18
725451 6 0 0 1 6 23
725678 90 1 0 6 6 22
727147 13 0 0 7 6 21
729908 12 1 0 6 5 29
732063 3 1 0 6 5 16
732084 24 0 0 1 6 25
732514 66 1 0 6 6 19
733110 108 1 1 6 6 17
737533 3 1 0 6 5 18
739717 18 1 0 0 6 19
740406 10 0 0 1 6 20
740421 17 1 1 0 6 37
740738 25 1 0 4 6 16
740791 13 1 0 1 6 23
740800 11 1 0 8 6 18
745763 65 1 0 6 6 16
749301 39 1 0 6 6 18
749518 14 0 0 6 5 18
750118 8 1 0 6 6 17
750308 5 0 0 6 5 19
752722 37 1 0 6 6 16
752851 67 0 0 6 5 16
752979 15 1 0 2 5 20
756079 44 0 0 6 6 15
760602 73 1 0 6 6 17
760943 21 1 0 4 6 16
761624 14 1 0 6 6 17
761675 86 1 0 6 6 22
767247 17 0 0 6 6 19
777616 20 0 0 6 6 19
779451 26 0 0 6 6 18
782738 6 1 0 6 6 18
782807 12 0 0 6 6 20
785434 21 0 0 2 5 18
785697 31 1 0 9 6 17
802140 9 0 0 6 6 23
804253 16 1 0 6 6 20
805675 25 1 1 6 6 26
808973 15 1 0 2 6 22
809014 10 1 0 6 6 20
810200 19 1 0 6 5 24
814433 46 1 0 6 6 10
836759 18 0 0 6 6 16
839143 105 1 1 6 6 23
879417 1 0 0 6 5 16
887440 9 0 0 1 6 17
891266 5 0 0 7 5 19
923601 81 1 1 6 6 30
923657 63 1 1 6 6 22
923660 7 1 1 2 6 21
924640 12 1 0 6 6 12
928112 15 1 0 6 5 19
929470 24 1 0 6 6 15
932362 18 1 0 8 6 44
935247 42 1 0 1 6 43
948644 9 1 0 6 6 18
948850 7 1 0 6 6 16
953678 11 0 0 6 6 40
957672 12 1 0 3 6 17
981255 3 0 0 1 6 17
982901 1 1 0 6 6 20
982909 2 1 0 6 5 22
983196 1 0 0 1 5 21
983769 35 1 0 6 6 22
983826 19 1 0 1 6 24
983875 8 1 0 6 6 14
983909 11 1 0 4 6 16
983910 41 1 0 6 6 32
983943 4 0 0 6 5 23
983948 15 1 0 6 5 28
983963 11 0 0 6 6 22
983965 9 0 0 5 5 22
983966 32 1 1 9 6 41
984000 23 1 0 3 6 30
984008 15 1 0 2 6 34
984011 1 1 0 6 5 18
984018 5 1 0 6 5 18
984019 3 0 0 6 6 17
984020 8 1 0 0 6 22
984021 18 1 0 7 6 25
984046 6 1 0 6 6 20
984077 16 0 0 2 6 18
984106 2 0 0 6 6 18
984107 5 1 0 6 6 16
984108 14 1 0 6 6 19
984109 3 1 0 6 5 20
984127 1 0 0 6 6 23
984128 22 1 0 6 6 17
984129 2 1 0 6 6 16
984130 1 1 0 6 6 20
984138 1 0 0 6 6 18
984174 11 1 0 6 5 22
984175 2 0 0 6 6 21
984176 12 1 0 1 6 21
984177 54 1 0 0 6 19
984178 5 0 0 6 6 15
984179 9 1 0 6 6 21
984194 9 1 0 6 5 20
984210 3 1 0 6 6 18
984211 10 1 0 4 6 19
984212 3 1 0 2 5 15
984223 18 1 0 6 5 25
984225 13 0 0 6 6 27
984227 24 1 0 1 6 25
984239 2 1 0 6 5 20
984245 3 1 0 6 5 20
984246 2 1 0 6 5 19
984247 3 0 0 6 5 18
984298 56 1 0 6 6 35
984303 8 0 0 6 6 18
984313 13 0 0 6 6 41
984314 1 1 0 2 6 18
984371 3 1 0 6 5 17
984394 3 1 0 6 5 17
984419 49 1 0 6 6 17
