48632
19
2189
48632 502 1 1 2 6 34
1831 44 1 0 0 6 24
6572 74 1 0 2 6 22
6784 77 1 0 2 6 20
9180 111 1 0 2 6 20
13460 98 0 0 1 6 20
18622 47 0 0 4 6 20
29451 58 1 0 7 6 24
31847 60 1 0 1 6 19
34598 16 0 0 7 6 21
34882 38 0 0 7 6 22
36457 16 0 0 0 6 26
38266 73 1 0 8 6 22
38582 40 0 0 7 6 22
39822 4 0 0 2 6 22
41665 47 0 0 2 6 20
43798 71 0 0 7 6 18
45303 37 1 0 0 6 21
45325 8 1 0 1 6 20
48642 36 0 0 1 6 20
49104 177 0 0 3 6 25
50524 56 0 0 2 6 21
52044 34 0 0 0 6 25
52909 78 0 0 8 6 19
54222 52 0 0 2 6 21
55510 134 1 0 7 6 29
57376 53 0 0 1 6 22
57714 80 0 0 2 6 20
58176 86 1 0 8 6 33
58528 70 0 0 2 6 18
58550 59 0 0 6 6 22
58959 75 0 0 2 6 19
59581 31 1 0 5 6 28
62855 116 1 0 1 6 21
63104 102 1 0 2 6 20
63729 43 0 0 0 6 21
64849 54 1 0 7 6 23
66906 174 1 0 7 6 23
67413 50 1 0 7 6 24
68520 60 1 0 1 6 40
70288 30 1 0 1 6 20
73150 31 1 0 7 6 27
76982 43 1 0 0 6 28
77538 66 1 0 2 6 22
79600 24 0 0 1 6 21
79649 56 1 0 2 6 17
87445 143 1 0 5 6 18
92758 7 0 0 8 5 18
94435 30 0 0 0 6 23
94564 7 0 0 7 5 20
95751 149 1 0 7 6 23
106434 37 0 0 7 6 19
109173 196 1 0 7 6 19
110512 17 0 0 3 6 21
111288 30 1 0 1 6 30
111433 65 1 0 2 6 22
112317 106 1 0 8 6 21
116089 35 0 0 1 6 24
119726 35 0 0 7 6 17
120426 51 0 0 5 6 24
120743 34 1 0 2 6 17
121716 733 1 0 1 6 20
123884 43 1 0 6 5 19
124680 42 0 0 3 6 20
125095 41 1 0 7 6 22
125192 14 0 0 7 6 37
134004 107 1 0 1 6 26
134030 4 0 0 1 6 26
135176 76 1 0 3 6 20
135240 68 0 0 7 6 22
138172 12 0 0 2 6 27
139255 27 1 0 2 6 28
139417 16 0 1 4 6 34
141199 55 1 0 7 5 22
147778 20 0 0 7 6 22
152275 42 0 0 4 6 28
152339 7 0 0 2 6 42
152535 24 0 0 2 6 27
154807 26 0 0 1 6 25
164037 182 1 0 2 6 43
166634 19 0 0 6 6 39
172366 17 0 0 1 6 32
172376 90 1 0 5 6 36
172641 82 0 0 7 6 25
173249 20 1 0 2 6 36
175217 56 0 0 8 6 28
176528 53 1 0 4 6 21
177131 41 1 0 2 6 49
179041 56 0 0 2 6 22
180516 54 0 0 5 6 27
182233 55 1 0 3 6 22
182343 27 0 0 7 6 26
183132 34 0 0 0 6 33
184121 82 1 0 2 6 20
184196 66 1 0 2 6 20
185065 94 1 0 1 6 22
185460 14 1 0 1 6 24
188630 6 1 0 1 5 22
189070 9 1 0 2 6 26
189439 43 1 0 2 6 18
194596 20 0 0 2 6 21
196359 85 0 0 1 6 40
196513 70 1 0 7 5 21
196725 95 1 0 2 6 18
196767 86 0 0 1 6 40
197143 60 1 0 1 6 20
198812 52 1 0 1 6 29
200126 100 1 0 8 6 19
200923 29 0 0 2 6 21
201688 62 0 0 1 6 21
202043 9 0 0 7 6 21
202440 63 0 1 1 6 26
206839 55 0 0 5 6 23
208531 39 0 0 2 6 21
218337 42 0 0 1 6 22
219402 22 0 0 1 6 23
219774 80 0 0 7 6 20
223175 40 0 0 7 6 21
226100 23 1 0 1 6 25
228378 68 1 0 0 6 18
230245 19 0 0 4 6 45
230658 36 0 0 1 5 25
230855 139 0 0 8 6 23
231126 48 0 0 8 6 19
241736 35 1 0 0 6 25
242461 85 0 0 2 6 22
243049 14 1 0 2 5 15
246804 52 1 0 2 6 39
249626 40 1 0 7 6 23
250396 39 0 0 1 6 24
251408 79 0 0 3 6 20
260622 40 0 0 7 6 21
262479 58 1 0 1 6 43
263076 36 0 0 7 6 20
263136 22 0 0 7 6 29
274254 98 1 0 5 6 20
275925 9 1 0 1 6 26
276053 7 0 0 1 6 26
276214 36 1 0 2 6 23
276606 60 0 0 2 6 27
277227 10 0 0 7 6 19
278474 12 0 0 3 6 23
278782 65 0 0 7 6 20
278860 59 0 0 3 6 29
280339 12 0 0 7 6 36
280425 6 1 0 2 6 20
281018 58 1 0 7 6 29
281736 55 0 0 1 6 21
282812 3 0 0 1 6 40
283717 40 1 0 1 6 20
283946 113 1 0 3 6 33
286678 7 0 0 2 6 32
287150 24 0 0 7 6 15
287342 73 1 0 1 6 32
287504 52 1 0 1 6 26
288150 40 0 0 1 6 23
288524 17 1 0 1 6 22
289447 81 1 0 2 6 22
289946 55 0 0 1 6 32
290273 46 0 0 1 6 25
290294 13 0 0 1 6 28
291788 15 0 0 5 6 33
291978 192 1 0 7 6 20
292277 37 0 0 7 6 23
294561 8 0 0 2 6 21
297147 95 1 0 2 6 22
297939 55 1 0 1 6 30
298671 79 1 0 1 6 17
299007 7 0 0 7 6 33
301583 84 1 0 3 6 24
302697 9 1 0 2 5 26
305488 15 1 0 2 6 18
307787 83 0 0 8 6 21
312323 93 1 0 1 6 24
313613 70 1 0 7 6 22
316099 34 1 0 1 6 27
317460 30 0 0 1 6 22
317515 34 0 0 7 6 26
317754 20 1 0 1 6 24
318256 21 1 0 1 5 28
318297 37 0 0 7 6 21
318943 65 1 0 6 6 25
321238 69 1 0 2 6 39
323664 107 1 0 7 6 21
325463 28 1 0 2 6 23
326104 104 1 0 7 5 29
331817 20 0 0 2 6 29
332069 36 0 0 7 6 21
333514 78 1 0 6 6 26
333526 119 1 0 1 6 22
333549 115 0 0 7 6 33
338310 26 0 0 2 6 21
340696 125 1 0 7 6 26
342370 37 1 0 1 6 27
343471 33 1 0 7 6 25
345299 88 1 0 5 6 22
345782 57 1 0 1 6 22
347870 255 1 0 6 6 20
350637 32 1 0 1 5 29
351460 24 1 0 7 6 20
351735 14 1 0 0 6 25
351921 134 1 0 7 6 20
352827 42 1 0 3 6 38
353674 46 0 0 7 6 36
355113 43 0 0 2 6 22
355775 58 1 0 1 6 24
355997 36 0 0 5 5 25
356048 14 1 0 1 6 23
356434 21 0 0 1 6 25
358890 65 1 0 0 6 16
359860 26 1 0 6 6 21
364854 21 1 0 1 6 25
365026 74 1 0 3 6 22
365334 18 0 0 3 6 24
366508 35 1 1 6 6 40
367293 19 0 0 0 6 25
369770 27 1 0 3 6 20
371873 32 0 0 8 6 41
372924 77 1 0 6 6 19
379160 81 0 0 8 6 19
379834 72 0 0 1 6 28
383839 41 0 0 1 6 33
383880 132 1 0 8 6 34
387209 1 0 0 8 5 18
391192 36 0 0 7 6 20
391424 58 0 0 1 6 26
393278 15 1 0 1 6 26
394544 48 0 0 1 6 20
397067 44 1 0 2 6 32
398340 10 1 0 2 6 28
398690 15 1 0 1 6 27
401395 50 0 0 7 6 19
402901 117 1 0 7 6 22
406826 32 0 0 1 6 22
408825 36 0 0 7 6 37
410088 23 0 0 7 6 25
419306 53 1 0 3 6 22
420050 21 0 0 7 6 21
434151 35 0 0 7 6 26
440783 4 0 0 2 6 39
442565 22 1 0 2 6 24
448049 40 0 0 1 6 25
455780 74 1 0 8 6 19
456725 85 1 0 8 6 20
456790 11 0 0 1 6 29
464471 26 0 0 7 6 27
468923 31 1 0 7 6 22
469995 60 1 0 6 6 30
470577 11 0 0 1 6 23
473060 13 1 0 1 5 32
473504 157 1 0 2 6 26
474710 6 0 0 1 6 35
474841 12 1 1 2 5 31
477110 24 0 1 1 6 29
479464 49 1 0 2 6 21
480786 1 0 0 1 6 23
483388 47 1 0 8 6 22
484101 20 1 0 7 6 38
485321 74 1 0 7 6 21
486211 30 0 0 7 6 21
487260 38 1 0 1 6 23
488158 45 1 0 7 6 26
490666 62 1 0 7 6 19
493865 57 1 0 7 6 20
494265 25 0 0 7 6 21
495394 45 1 0 7 6 21
497314 17 0 0 1 6 25
497966 26 0 0 7 6 21
498746 47 0 0 1 6 25
507436 13 0 0 1 6 49
510467 78 1 0 8 6 17
517937 66 1 0 8 6 29
527005 6 1 0 1 6 28
530720 19 1 0 1 6 26
532573 53 1 0 6 6 24
532757 55 0 0 8 6 24
534363 50 0 0 5 6 23
537261 52 1 0 2 6 35
537262 53 0 0 1 6 34
540797 33 0 0 7 5 21
543588 9 0 1 6 6 45
544946 19 1 0 6 6 20
547616 61 1 0 1 6 29
552400 29 1 0 2 6 22
553173 28 0 0 7 6 37
560486 84 1 0 6 6 23
561013 8 0 0 1 6 21
570187 50 1 0 7 6 21
573918 12 0 0 1 5 30
574458 16 0 0 7 6 33
576771 17 1 0 7 6 23
577567 57 0 0 5 6 30
580508 39 0 0 1 6 32
581943 29 0 0 7 6 24
582579 19 0 0 7 6 38
583347 29 0 0 2 6 39
584921 13 0 0 1 6 49
584970 16 1 0 1 5 27
585811 23 0 0 1 6 47
586276 8 1 0 2 6 34
586278 2 0 0 2 6 43
586279 2 0 0 1 6 25
586280 12 1 0 2 6 34
586282 8 0 0 7 6 29
586283 8 1 0 7 6 44
586365 8 1 0 7 6 24
586366 5 1 0 7 5 29
586367 8 1 0 7 5 43
586368 17 1 0 1 6 24
586369 1 0 0 1 6 27
586370 14 0 0 1 6 29
586371 7 1 0 1 5 23
586426 4 0 0 7 6 29
586429 4 1 0 5 6 29
586431 11 1 0 1 6 23
586432 11 1 0 1 6 32
586433 13 1 0 7 6 23
586434 15 0 0 1 6 23
586435 14 1 0 1 6 27
586436 1 1 0 1 6 23
586437 23 1 0 1 6 39
586439 6 1 0 1 6 27
586440 5 1 0 1 5 21
586469 3 1 0 1 5 19
586470 7 1 0 2 6 37
586471 18 1 0 2 5 43
586472 11 0 0 2 6 22
586473 4 0 0 1 6 47
586520 4 0 0 8 6 37
586521 2 1 0 1 5 21
586523 6 0 0 7 6 28
586525 10 0 0 4 6 25
586526 6 0 0 7 6 31
586564 8 1 0 3 6 33
586565 3 0 0 2 6 43
586566 6 1 1 3 6 31
586567 16 1 0 7 6 23
586570 46 1 0 2 6 25
586571 10 0 0 7 6 29
586572 17 0 0 6 6 44
586573 7 1 0 1 6 42
586606 7 1 0 1 6 33
586607 1 0 0 1 6 29
586609 9 1 0 2 6 32
586610 4 0 0 2 6 40
586612 16 0 0 2 6 33
586613 28 1 0 7 6 26
586615 1 0 1 5 6 35
586616 61 1 0 1 6 36
586685 43 1 0 1 6 19
586843 23 0 0 1 6 48
586847 32 1 0 7 6 23
586848 11 0 0 1 6 35
586849 18 0 0 4 6 51
586851 5 0 0 7 6 18
586884 3 0 0 7 6 29
586886 1 1 0 3 5 22
586888 17 1 0 1 6 21
586889 11 1 0 7 6 22
586893 29 1 0 2 6 18
586896 7 0 0 5 6 34
586897 13 0 0 7 6 35
586901 6 1 0 5 6 22
586921 11 1 0 1 6 27
586923 1 1 1 1 6 42
586925 50 0 0 7 6 21
586926 3 1 0 2 6 37
586927 19 1 0 2 6 27
586928 8 1 0 1 5 23
586931 21 1 0 1 6 29
587011 79 1 0 3 6 44
587101 11 1 0 1 6 48
587111 5 0 0 4 6 31
587454 7 0 0 1 6 18
587455 5 1 0 2 5 40
587456 2 1 0 2 5 23
587458 28 1 0 1 6 30
587459 1 1 0 7 5 19
587460 2 1 1 1 5 35
587461 6 1 0 2 6 20
587462 8 1 0 2 6 36
587463 5 0 0 7 6 39
587500 46 1 0 2 6 21
587501 3 0 0 8 6 22
587502 10 1 0 1 6 21
587504 22 1 0 3 6 16
587505 2 1 0 2 5 26
587506 20 1 0 1 6 24
587507 2 0 0 2 6 36
587508 2 1 0 2 5 24
587509 1 0 0 0 6 20
587545 31 1 0 2 6 25
587547 12 1 0 1 6 23
587548 14 1 0 1 6 24
587564 5 1 0 1 5 24
587565 5 1 0 7 5 26
587566 19 1 0 4 6 21
587567 8 1 0 1 5 22
587568 17 1 0 1 6 25
587587 3 1 0 7 6 27
587588 34 1 0 1 5 20
587589 3 1 0 2 6 34
587591 4 1 0 6 5 20
587594 3 0 0 0 6 42
587595 12 0 0 6 5 18
587596 2 0 0 2 6 52
587616 32 1 0 2 6 30
587618 14 1 0 7 6 35
587619 32 1 0 7 6 28
587620 11 0 0 2 6 30
587621 23 0 0 7 6 32
587653 9 0 0 7 6 19
587654 36 0 0 1 6 23
587655 5 0 0 0 6 16
587656 3 0 0 2 6 46
587657 7 0 0 4 5 23
587658 46 1 0 2 5 25
587660 7 1 0 1 6 23
587661 12 0 0 7 6 22
587688 4 1 0 2 5 25
587689 13 0 0 1 5 24
587690 1 0 0 2 5 21
587691 21 1 0 2 5 20
587692 2 1 0 2 6 17
587693 1 1 0 2 5 22
587694 1 1 0 7 5 19
587721 16 0 0 1 6 27
587732 10 0 0 1 6 38
587733 3 0 0 1 6 36
587736 4 0 0 1 6 29
587760 23 0 0 2 6 34
587761 7 0 0 7 6 25
587763 3 0 0 7 5 18
587764 5 0 0 1 6 34
587786 39 1 0 7 6 20
587787 25 1 0 1 6 29
587789 24 1 0 1 6 24
587790 11 0 0 2 6 52
587806 9 0 0 1 6 30
587807 44 1 0 7 6 22
587808 26 1 0 1 6 49
587809 20 0 0 1 6 35
587810 21 1 0 1 6 24
587824 41 1 0 1 6 27
587825 13 0 0 7 6 34
587826 17 0 0 5 6 25
587868 18 0 0 5 6 20
587869 28 0 0 6 6 24
587894 39 1 0 1 6 27
587895 21 1 0 2 6 21
587897 31 1 0 3 6 36
587898 3 0 0 7 6 39
587899 15 0 0 6 6 26
587900 34 1 0 7 6 22
587901 6 0 0 4 6 32
587902 9 0 0 9 6 24
587925 7 0 0 1 6 34
587927 8 1 0 1 6 27
587992 12 1 0 8 6 27
587993 16 1 0 1 6 31
587995 4 1 0 3 6 25
587996 13 1 0 7 6 35
588060 19 1 0 1 5 20
588061 55 1 0 8 6 22
588062 24 0 0 7 6 21
588121 11 0 0 7 5 44
588123 21 0 0 7 6 21
588147 11 0 0 4 6 27
588148 37 0 0 2 6 47
588149 12 1 0 1 6 24
588150 6 0 0 2 6 25
588151 8 1 0 2 6 38
588152 1 0 0 7 6 37
588175 36 1 0 1 6 26
588177 16 1 0 5 6 26
588179 2 0 0 7 6 24
588220 26 1 0 8 6 21
588221 7 1 0 3 6 24
588223 16 1 0 1 6 22
588225 8 0 0 2 6 39
588226 69 1 0 2 6 31
588229 14 0 0 5 6 32
588230 9 1 0 1 6 22
588232 10 0 0 1 6 35
588277 42 1 0 8 6 25
588278 33 1 0 6 6 22
588279 5 0 0 1 6 37
588280 55 0 0 6 6 25
588281 15 1 0 1 6 48
588282 10 1 0 5 6 21
588307 6 0 0 7 6 24
588308 13 0 0 2 6 37
588353 31 0 0 7 6 22
588354 8 0 0 1 6 36
588355 9 0 0 8 6 41
588356 24 0 0 7 6 36
588374 8 0 0 1 6 31
588376 24 0 0 2 6 24
588409 23 1 0 2 6 35
588410 7 0 0 1 6 26
588412 14 0 0 8 6 26
588413 24 0 0 1 6 40
588414 1 0 0 7 5 28
