137956
19
379
137956 577 1 1 6 6 16
9784 51 0 0 0 6 18
19454 91 1 0 0 6 16
24440 379 1 0 8 5 19
28987 98 1 0 2 6 17
31342 65 0 0 5 6 16
31779 70 1 0 0 6 20
31909 141 1 0 8 6 23
38603 59 1 0 0 6 16
39556 67 1 0 5 6 18
39801 298 1 0 6 6 16
40225 104 1 0 8 6 17
41177 213 1 0 3 6 15
41183 276 0 0 6 6 18
41269 56 1 0 9 6 20
42582 233 0 0 8 5 19
43222 170 1 0 6 6 24
43729 149 0 0 8 6 19
45499 533 1 0 4 6 18
47205 69 1 0 6 6 20
50477 163 1 0 3 6 18
51909 70 0 0 4 5 25
53313 33 1 0 9 5 21
53712 81 0 0 4 6 19
53749 196 0 0 6 6 20
54374 48 0 0 5 6 18
56378 198 0 0 3 6 19
57429 135 1 0 6 6 29
58172 76 1 0 0 6 17
61200 57 0 0 1 6 16
64996 81 0 0 2 6 16
69366 104 1 0 6 6 17
69455 255 1 0 8 6 16
72847 122 0 1 6 6 20
72892 216 1 0 8 6 17
76008 59 1 0 0 6 19
77706 27 0 0 2 6 19
78478 386 1 1 6 6 14
80496 84 1 0 3 6 15
81953 51 1 0 2 6 17
82548 48 0 0 4 6 14
85768 71 0 0 3 6 17
87937 175 1 0 8 6 16
89057 63 1 0 3 6 13
89184 301 1 0 8 6 16
92090 66 0 0 8 6 16
93354 302 0 0 6 6 18
93890 154 0 0 6 6 20
107026 185 1 0 6 6 18
107031 162 1 1 6 6 18
107497 168 0 0 6 6 16
107498 70 1 0 4 6 20
107601 123 0 0 6 6 16
107670 24 1 0 9 6 29
108206 151 1 0 8 6 16
108871 130 0 0 8 6 19
111025 31 1 0 7 6 14
113412 89 0 0 6 6 17
122579 52 1 0 6 6 19
122981 76 1 0 6 6 17
123024 14 0 0 3 6 23
125167 142 1 0 8 5 16
129608 146 0 0 8 6 19
130681 216 1 0 4 6 19
131033 51 1 0 9 6 16
131058 85 1 0 8 6 16
131406 212 1 0 2 6 16
133614 91 1 0 1 6 18
133945 138 1 0 2 6 17
134491 53 0 0 2 6 19
143435 294 1 0 6 6 17
143439 48 0 0 6 6 17
147297 101 0 0 1 6 16
150004 46 1 0 2 6 18
152506 142 1 0 8 5 20
164069 156 1 0 8 6 18
164627 126 1 0 8 5 17
165494 93 0 0 4 6 18
166311 51 1 0 4 6 18
166312 40 1 0 4 6 19
166318 225 1 0 6 6 16
166600 218 1 0 8 5 18
168193 68 1 0 8 5 15
168382 177 1 0 4 6 18
169672 163 0 0 6 6 20
171384 141 0 0 8 6 16
171479 284 1 0 8 6 16
171549 162 0 0 4 6 17
172342 70 1 0 2 6 19
172428 187 0 0 6 6 16
172825 174 1 0 6 5 17
172826 187 0 0 4 6 16
175460 40 1 0 2 6 18
179612 44 1 0 6 6 17
180123 68 1 0 4 6 17
180580 19 0 0 6 6 14
180618 87 1 1 2 6 23
180839 90 0 0 8 6 17
180919 85 1 0 6 6 19
182332 134 0 0 6 6 19
182358 102 1 0 0 6 16
183259 25 1 0 2 6 16
188104 46 1 0 8 6 14
188811 132 0 0 6 6 17
189758 51 1 0 8 5 18
196728 92 0 0 8 6 20
199311 48 0 0 3 6 15
199540 69 0 0 6 5 17
205630 193 1 0 8 6 18
205844 203 1 0 8 6 16
209438 351 1 0 8 6 19
210001 186 1 0 4 6 17
210627 126 1 0 2 5 16
210992 101 1 0 6 5 17
211007 398 1 0 6 6 19
211596 168 0 0 4 6 17
211740 60 1 1 4 6 17
212455 32 1 1 4 5 17
213064 164 1 0 4 6 16
217218 96 0 0 4 6 17
222764 123 0 0 6 6 19
224477 107 1 0 6 6 14
224487 172 0 0 6 6 19
224597 86 1 0 6 5 19
224605 92 1 0 7 6 16
224886 205 1 0 9 6 20
225043 169 1 0 8 5 19
225330 78 1 0 8 5 15
225389 79 1 0 8 6 15
225885 150 1 0 8 6 19
230011 158 1 0 8 5 18
232069 303 0 0 6 6 19
233068 57 0 0 5 6 21
241073 329 1 0 6 6 17
242959 63 0 0 4 6 26
248552 214 0 0 4 6 15
249124 85 1 0 4 5 17
249798 144 1 0 4 6 19
251736 189 1 0 4 6 16
254711 304 1 0 6 6 17
254716 167 0 0 8 6 16
256929 27 1 0 2 6 17
259340 441 1 0 8 6 16
264511 105 1 0 4 6 15
271518 80 1 0 9 5 19
271588 58 0 0 9 6 18
272426 68 1 0 6 6 17
272566 101 1 0 6 6 17
275360 189 1 0 8 6 20
275822 119 0 0 4 6 22
279012 151 1 0 3 6 16
279446 54 1 0 0 6 21
279571 514 1 0 6 6 15
280272 77 1 0 6 6 16
280533 158 1 0 6 6 15
282661 270 1 0 4 6 19
282663 137 1 0 8 6 18
284077 43 1 0 8 6 19
284311 155 1 0 4 6 19
284718 56 1 0 6 6 21
285190 167 0 0 6 6 17
285551 256 1 0 8 6 18
285703 351 1 0 8 6 19
286201 291 1 0 6 6 17
288358 22 1 0 4 6 23
289700 117 1 0 1 6 27
290017 6 0 0 4 5 19
290673 51 0 0 5 6 20
291076 96 0 0 8 6 16
291270 28 1 0 8 6 17
292166 49 1 0 6 6 20
295685 268 1 0 8 5 16
296404 25 1 0 5 6 18
296847 67 1 0 1 6 20
297116 66 1 0 2 6 18
298479 30 1 0 4 5 19
299599 48 0 0 6 6 17
299847 264 1 0 4 6 19
301873 68 1 0 9 5 17
304242 146 1 0 6 5 17
305282 153 1 0 6 6 17
305472 178 0 0 6 6 18
305526 27 0 0 2 6 19
305647 319 0 0 6 6 19
305836 141 0 0 4 6 19
306774 44 1 0 6 6 16
308112 63 1 0 6 6 20
308173 46 0 0 6 6 17
309338 232 1 0 4 6 17
312987 161 1 0 4 5 19
312989 90 0 0 6 5 16
313022 100 0 0 4 6 17
313065 91 0 0 6 6 15
313317 138 0 0 8 6 18
314492 58 1 0 6 5 19
320386 60 1 0 8 6 18
321449 286 1 0 8 6 20
323441 91 1 0 6 6 15
323754 139 0 0 4 5 20
323755 312 0 0 6 5 18
323757 84 1 0 4 6 20
323758 64 1 0 6 6 18
323802 120 1 0 4 6 17
325721 80 0 0 6 6 17
327753 81 1 0 3 6 17
329468 97 1 0 2 6 19
329790 126 1 0 6 6 20
330102 152 1 0 4 6 19
330169 142 1 0 1 6 19
330702 54 0 0 4 6 19
331257 105 0 0 4 6 20
334889 99 1 0 6 5 16
341883 152 0 0 2 6 17
344458 100 1 0 4 6 20
344897 44 1 0 8 5 14
344952 121 1 0 2 6 17
346156 141 1 0 4 6 19
347119 42 1 0 4 6 14
347583 15 1 0 3 5 15
347870 255 1 0 6 6 20
347922 52 0 0 4 5 18
348018 73 1 0 4 5 20
348087 82 1 0 8 5 18
348668 289 1 0 4 6 17
348669 61 1 0 4 6 16
348672 145 1 0 4 6 19
348811 66 1 0 4 5 23
348877 160 1 0 8 6 16
350118 120 1 0 4 6 17
350455 60 0 0 2 6 18
350620 85 1 0 2 6 21
351326 27 1 0 6 6 11
351411 137 1 0 6 6 13
352482 48 1 0 8 5 21
352618 303 1 0 8 6 15
353645 273 0 0 8 6 19
353668 182 1 0 8 5 17
355378 115 1 0 4 6 17
355680 210 1 0 4 6 17
356065 95 0 0 8 6 17
356107 169 0 0 8 6 17
359088 37 0 0 8 6 15
360925 36 1 0 9 6 19
362858 60 1 1 8 6 15
364191 32 1 0 2 5 18
364239 152 1 0 2 6 16
364920 337 1 0 7 6 30
366703 131 1 0 2 6 20
369812 42 1 0 9 6 18
369886 70 1 0 8 6 16
370511 147 1 0 8 6 25
371805 90 0 0 8 6 17
372779 229 1 0 8 6 17
374206 96 1 0 8 6 15
374221 177 1 0 8 6 16
375147 93 1 0 8 6 18
376488 72 1 0 7 6 17
376650 37 1 0 4 6 18
378925 124 1 0 6 5 16
382654 135 0 0 4 6 17
382703 329 1 0 4 6 19
384343 160 1 0 4 6 16
384345 241 1 1 2 6 14
384812 62 1 0 4 6 18
384875 126 1 0 4 6 17
384955 45 0 0 4 6 15
386032 180 1 0 4 6 19
389688 62 1 0 5 6 20
390472 94 1 0 2 6 17
390829 119 1 0 2 6 17
398106 57 0 0 9 6 16
400426 123 0 0 8 6 16
404221 71 1 0 7 6 16
406365 257 1 0 8 6 13
407018 117 1 0 6 6 20
407096 125 1 0 6 5 19
407668 125 0 0 8 6 19
407862 101 0 0 6 6 15
409277 120 1 0 2 6 17
416531 152 1 0 2 6 18
425447 249 1 0 2 6 17
426155 105 1 0 6 6 16
426426 62 1 0 2 6 17
429465 62 0 0 7 6 25
430458 57 1 0 2 6 17
430642 106 1 0 8 6 16
430699 156 1 0 4 6 16
431517 267 1 0 6 6 16
431712 171 1 0 8 6 17
432654 147 0 0 4 6 16
432892 255 1 0 6 6 18
435723 126 1 0 8 5 16
440173 91 1 0 6 6 22
440594 105 0 0 6 6 19
444861 20 1 0 2 6 18
445772 121 1 0 6 6 15
453001 211 1 0 6 6 18
453732 116 1 0 1 6 19
453866 193 1 1 8 6 17
454303 65 1 0 8 6 16
454305 134 1 0 8 6 18
454906 116 1 0 8 6 18
455512 57 1 0 2 6 19
457828 66 1 0 6 6 18
457831 19 1 0 6 6 17
459249 323 1 0 9 6 20
459258 25 1 0 7 6 14
459390 134 1 0 4 6 17
459409 38 1 0 2 6 18
459416 205 0 0 4 5 17
459417 69 0 0 6 5 16
462707 45 1 0 9 6 16
462845 67 1 0 8 6 16
462851 13 1 0 9 5 17
462882 14 1 0 2 5 13
462910 42 1 0 6 5 17
462911 92 1 0 8 5 21
462912 48 1 0 6 5 21
462914 90 0 0 8 6 15
462945 19 1 0 2 6 19
462950 119 1 0 8 6 17
463244 8 1 0 2 6 18
463565 98 1 0 8 5 19
463569 8 1 0 2 6 18
465645 80 1 0 4 6 19
466644 185 1 0 4 6 17
468058 109 1 0 1 6 18
468428 169 1 0 6 6 17
468651 126 1 0 4 6 19
469092 73 1 1 6 6 8
469547 95 1 0 2 6 18
469849 154 1 0 8 5 17
469858 142 0 0 6 6 17
470177 25 0 0 6 6 19
470180 153 1 0 8 6 18
470305 51 1 0 6 5 16
470758 33 1 0 9 6 19
471096 155 1 0 6 6 18
473089 65 1 0 8 5 20
474819 11 1 0 6 6 20
474903 118 1 0 4 6 16
475526 120 1 0 4 5 16
475682 174 0 0 9 6 18
475764 53 1 0 4 6 16
475797 103 1 0 6 5 17
478685 96 1 0 8 5 17
481890 31 1 0 8 5 18
481896 28 1 0 8 6 17
483180 200 1 0 8 6 16
483422 65 1 0 5 6 14
484676 78 1 0 5 6 19
486338 45 0 0 2 6 17
487675 102 1 0 6 5 18
493897 86 1 0 6 5 19
496602 36 0 0 6 6 19
500579 37 1 0 8 6 20
501031 123 1 0 6 6 18
503343 203 1 0 8 6 16
504629 31 1 0 8 6 14
506816 88 1 0 6 6 19
506865 166 1 0 6 6 18
507992 96 1 1 4 6 20
508976 65 1 0 6 6 29
509592 144 1 1 6 6 19
509662 110 1 1 6 5 19
512263 45 1 0 2 6 20
512590 29 0 0 4 5 18
512883 239 1 0 6 6 17
514226 26 1 0 4 6 19
516296 54 1 0 6 6 18
516979 154 1 0 9 6 16
518634 142 1 0 9 6 16
518918 51 1 0 8 6 17
522406 183 1 0 4 6 17
522807 55 1 0 8 6 16
522831 66 1 0 9 6 17
522867 24 0 1 4 6 16
522998 63 1 0 2 6 17
523563 34 1 0 6 6 17
524104 104 1 0 8 6 20
525009 75 1 0 4 6 20
525842 21 1 0 9 5 14
526086 93 1 0 9 6 14
527094 46 0 0 6 5 17
527990 50 1 0 6 5 20
528829 30 1 0 4 5 19
529014 76 1 0 4 6 16
532292 54 0 0 6 6 19
533004 22 0 0 4 6 20
533463 37 1 0 6 5 17
533492 54 0 0 6 6 13
533496 184 1 0 6 6 18
533783 18 1 0 8 6 17
533795 21 1 0 6 5 19
533798 33 1 0 6 5 18
533834 26 1 0 6 6 19
534243 95 1 0 4 6 12
534384 47 1 0 6 6 17
534419 38 1 1 6 6 13
537131 42 1 0 6 6 17
539705 143 1 0 8 6 17
543784 74 1 0 6 6 19
544787 29 1 1 6 6 23
549179 53 1 0 6 5 19
552395 80 1 0 6 6 14
562438 35 0 0 8 6 18
562742 32 0 0 4 6 19
562743 73 1 0 4 6 19
563133 4 1 0 5 6 16
564656 53 1 0 6 5 16
566984 59 1 0 5 6 19
574886 55 1 0 6 6 16
576809 42 1 0 4 6 16
576866 66 1 0 8 5 16
595780 70 0 0 6 6 19
595783 30 1 0 6 5 19
595918 37 0 0 6 6 19
596924 53 1 0 2 6 18
597128 71 0 0 6 6 16
605988 20 1 0 4 5 17
606011 93 1 0 6 6 16
606014 48 1 0 9 6 18
607857 8 1 0 2 6 17
610120 35 1 0 7 6 23
612405 68 1 0 6 6 17
616094 108 1 0 2 6 12
616359 131 1 0 8 6 19
619603 100 1 0 6 6 18
625465 26 1 0 2 5 16
625990 37 1 0 2 5 17
627779 16 1 0 4 6 16
628003 45 1 0 8 6 20
638429 61 1 0 6 6 18
638695 21 1 0 8 6 18
642085 45 1 0 6 6 11
642630 22 1 1 6 6 14
642937 57 1 1 6 6 13
642945 160 1 0 6 6 14
643018 53 1 0 8 6 17
643408 51 1 0 8 5 20
649643 238 1 1 6 6 13
651637 92 1 0 6 6 14
659508 90 1 0 6 6 18
668927 27 1 1 6 6 13
668928 87 1 1 6 6 23
670868 143 1 0 2 6 18
679264 43 1 0 6 5 16
681392 135 1 0 6 6 16
682797 48 1 0 8 6 18
682825 48 1 0 1 6 20
685172 52 1 1 3 6 17
685334 44 1 0 6 6 13
685349 45 1 0 6 6 11
689446 54 1 0 6 5 21
693407 69 1 0 9 6 13
694483 38 0 1 4 6 19
697420 25 0 0 6 5 15
698654 41 1 1 6 6 13
700939 125 1 0 6 6 17
700951 86 1 0 6 6 19
701119 24 1 0 6 5 16
707205 41 1 0 4 6 16
718506 50 1 0 8 6 18
718619 29 1 0 8 6 16
719967 15 1 0 9 6 11
724938 35 0 0 4 5 19
724963 22 1 0 6 5 26
725458 54 1 0 8 6 17
728594 60 0 1 8 6 18
729647 25 1 0 3 6 15
729710 55 0 0 4 6 15
745293 185 0 0 8 6 17
746574 119 0 0 4 6 19
746720 42 1 0 6 6 18
746890 64 1 0 6 5 17
747971 41 1 0 6 6 15
748765 43 0 0 6 6 18
750122 181 1 0 4 6 19
750503 74 1 0 8 6 20
750602 57 1 0 6 6 19
750636 46 1 0 4 6 17
750861 24 1 0 2 5 20
751110 79 1 0 8 6 15
751189 17 1 0 6 5 19
751603 76 1 1 6 6 17
751676 25 1 0 4 5 23
752960 102 1 0 6 6 18
753127 49 1 0 6 5 19
753774 37 1 0 8 5 17
754065 94 1 0 8 6 16
756520 66 1 0 6 6 15
756565 29 0 0 6 6 17
756806 80 1 0 6 6 18
764398 37 1 0 2 6 18
765489 59 1 0 4 5 18
765950 31 1 0 8 6 21
766341 69 1 0 8 6 16
766573 38 1 0 8 6 18
767220 14 1 0 6 6 23
773614 28 1 0 6 6 18
774435 46 1 0 9 6 17
775452 12 1 0 6 6 20
775801 37 1 0 6 6 18
776531 12 0 0 4 6 16
777700 33 1 0 2 6 17
778074 67 1 0 6 6 20
779037 52 0 0 6 6 18
779373 7 0 0 6 6 16
780549 7 1 1 6 6 11
780567 12 1 1 6 6 13
780571 18 1 0 6 6 13
780573 18 1 1 6 6 13
780739 155 1 0 6 6 16
781261 51 1 0 6 6 12
781262 59 0 0 6 5 29
781282 24 0 0 4 6 19
781285 16 1 0 8 6 18
781365 42 1 0 6 6 26
781450 15 1 0 6 5 14
782216 32 1 0 2 6 18
783828 28 1 1 6 6 21
784402 27 0 1 8 6 9
785469 35 1 0 8 6 18
786030 50 0 0 5 6 38
787322 23 1 0 2 6 18
787347 48 1 0 4 6 20
787392 77 1 0 2 6 16
792454 21 1 0 6 6 14
793182 16 1 0 6 6 15
807306 29 1 0 6 6 14
810646 51 1 0 6 6 17
813716 6 1 0 4 5 18
819378 70 1 0 4 6 9
820159 22 1 0 8 6 16
826950 19 1 0 2 5 16
829469 55 1 0 6 5 17
830810 52 1 0 6 6 20
835021 21 1 0 8 6 17
859156 67 1 1 6 6 15
868509 26 1 0 2 6 17
885353 37 1 0 8 6 16
887902 18 1 0 1 6 18
898943 17 0 0 6 6 21
899311 7 0 0 6 6 17
938834 75 1 1 6 6 11
956958 48 1 0 8 6 16
967426 1 1 0 6 5 14
967771 2 1 0 8 6 12
967813 7 0 0 9 6 27
967836 63 1 0 6 6 15
967886 2 1 0 6 6 15
967887 5 1 0 8 6 15
967888 3 1 0 6 6 14
967889 16 1 1 6 6 9
967905 23 1 0 6 5 22
967906 8 1 0 8 5 14
967908 3 0 0 2 6 19
967994 49 1 0 9 6 15
968015 16 1 0 2 6 1
968043 4 0 0 8 5 16
968066 2 1 0 4 6 17
968093 5 1 1 6 5 4
968095 10 1 0 6 5 15
968115 5 1 0 6 6 21
968127 7 1 0 2 5 14
968128 25 0 1 1 6 24
968129 3 1 0 6 5 16
968130 60 1 0 6 6 15
968139 25 1 0 2 6 15
968140 8 1 0 2 5 20
968141 17 1 1 6 6 23
968160 11 1 0 6 5 19
968169 5 1 0 2 6 18
968209 6 0 0 2 6 18
968230 6 1 0 9 5 15
968243 31 1 0 8 5 20
968326 3 1 0 2 6 18
968592 18 1 0 4 6 21
