45696
19
512
45696 495 1 0 3 6 18
3784 558 1 1 5 6 19
3918 58 0 1 0 6 27
3921 44 0 1 4 6 20
5078 47 1 1 0 6 18
7258 55 0 1 0 6 23
9205 137 1 1 2 6 21
9521 43 0 0 0 6 18
9698 263 1 1 2 6 35
9716 143 1 1 7 6 18
10571 70 1 1 0 6 17
10998 64 1 1 4 6 19
12409 38 0 1 0 6 20
12997 122 1 1 0 6 29
15491 95 1 1 7 6 27
15618 33 0 1 0 6 20
15900 39 1 1 0 6 22
15901 50 1 1 0 6 24
16041 188 1 1 3 6 18
16260 29 1 1 0 6 27
16350 28 0 1 0 6 21
17029 59 1 1 0 6 22
18296 74 0 1 0 6 28
19440 61 1 1 8 6 19
19536 52 0 1 0 6 25
20211 57 1 1 0 6 22
20334 167 1 1 0 6 17
23159 50 0 1 0 6 19
24113 85 0 1 7 5 24
24925 108 1 1 0 6 18
25256 72 0 1 0 6 22
26333 106 1 1 0 6 18
30038 52 1 1 0 6 15
30550 48 1 1 0 6 26
30558 11 1 1 1 6 16
30565 51 1 1 0 6 20
31706 83 1 1 3 6 16
32501 21 0 1 7 6 26
33195 49 0 1 0 6 18
34052 136 1 1 2 6 17
34129 33 1 1 3 6 15
34995 42 0 1 4 6 20
35260 28 0 1 1 6 22
35272 120 1 1 4 6 16
35273 48 1 1 8 6 16
35335 21 0 1 1 6 19
35914 77 1 1 0 6 18
36903 121 1 1 7 6 23
37011 98 0 1 8 5 26
37193 381 1 1 8 6 19
38511 77 0 1 5 6 27
39347 94 1 1 0 6 19
41689 457 1 1 0 6 15
42192 23 0 1 3 6 23
42549 98 1 1 5 6 26
43299 40 1 1 0 6 24
43506 28 1 1 5 6 20
43619 45 0 1 2 6 22
46485 102 1 1 0 6 19
48320 104 1 1 5 6 25
50933 106 1 1 5 6 38
51143 140 1 1 0 6 20
53040 62 1 1 0 6 22
53639 141 0 1 4 6 22
54747 36 1 1 0 6 25
54765 70 1 1 7 6 18
54874 49 1 1 6 6 18
55878 74 1 1 0 6 17
56302 44 1 1 3 6 20
57241 114 1 1 2 6 19
60479 65 1 1 4 6 30
61923 160 1 1 2 6 20
62318 47 1 1 0 6 20
64042 51 0 1 3 5 25
66053 63 1 1 0 6 23
66796 39 1 1 0 6 21
66935 36 0 1 1 6 21
70089 12 0 1 0 6 23
70387 71 1 1 5 6 19
70913 33 1 1 3 6 22
71913 19 0 1 0 6 22
72001 74 0 1 3 6 24
72548 70 0 1 3 6 18
74283 90 1 1 3 6 18
75048 93 0 1 2 6 22
75633 56 0 1 7 6 19
75750 231 1 1 0 6 17
76404 98 0 1 8 6 18
77629 94 1 1 2 6 17
77764 52 1 1 3 6 20
78539 56 1 1 8 6 15
78589 107 1 1 8 6 20
79092 422 1 1 1 6 26
79196 49 1 1 8 6 18
79766 107 1 1 3 6 20
80329 175 1 1 0 6 21
80964 21 0 1 0 6 18
81267 41 0 1 8 6 20
81332 51 1 1 5 6 17
82449 98 1 1 0 6 18
82652 86 0 1 7 5 14
83367 103 1 1 4 6 33
84939 109 1 1 2 6 19
86141 95 1 1 8 6 28
86191 93 1 1 3 6 17
86287 68 1 1 7 6 16
87944 10 0 1 0 6 17
88375 58 1 1 4 6 23
88610 40 0 1 6 6 22
89366 99 1 0 2 6 14
89683 53 0 1 1 6 23
89870 60 1 1 3 6 18
91426 632 1 0 4 6 20
91467 59 1 1 0 6 22
91969 53 0 1 5 5 17
92071 66 1 1 3 6 19
92260 41 1 1 0 6 33
92427 88 1 1 5 6 21
93284 70 1 1 5 6 21
93899 79 1 1 7 6 22
95312 20 0 1 3 6 18
98913 69 1 1 7 6 18
100708 54 1 1 1 6 17
100868 142 1 1 0 6 19
101420 35 0 1 8 6 20
102880 67 1 1 0 6 18
104954 20 0 1 4 6 15
107297 51 0 1 5 6 17
108795 13 0 1 5 6 16
109548 40 1 1 2 6 17
109889 118 1 0 3 6 15
110237 86 1 1 5 6 17
111906 27 1 1 2 6 20
112197 106 1 1 5 6 25
113096 64 1 1 0 6 18
115646 86 1 1 0 6 20
116310 81 1 1 7 6 17
120165 91 1 1 8 6 22
120848 64 1 1 7 6 25
122743 62 1 1 5 6 19
123035 84 1 1 6 6 25
124860 33 1 1 0 5 25
125882 54 0 1 0 6 21
127143 37 1 1 0 6 18
127886 28 0 1 0 6 20
128323 33 1 1 0 6 23
130137 19 0 0 7 6 16
131226 32 1 1 3 6 24
131299 22 1 1 0 6 40
131303 78 1 1 2 6 20
132006 36 0 1 0 6 20
132806 176 1 1 2 6 21
135537 41 1 1 8 6 16
138516 23 0 1 3 6 17
139644 49 1 1 5 6 19
142770 53 1 1 5 6 18
145151 16 0 1 5 6 22
145171 55 1 1 3 6 18
145906 169 1 1 4 6 22
148271 68 1 1 3 6 32
148317 229 1 1 5 6 20
149148 70 0 1 8 6 21
149353 60 1 1 3 6 17
150039 80 1 1 8 6 17
150042 117 1 1 8 6 26
151439 95 1 1 2 6 28
152578 95 1 1 0 6 18
153738 42 0 1 2 6 18
154437 19 1 1 5 6 17
156455 102 1 1 6 6 17
156910 107 1 1 2 6 23
158499 40 0 1 5 6 20
160043 41 0 1 7 6 18
162721 55 1 1 2 6 21
164883 42 1 1 7 6 24
165210 35 1 1 2 6 25
166985 47 1 1 3 6 19
167579 117 1 1 4 6 26
168119 74 1 1 6 6 17
168182 72 0 0 1 6 21
170091 38 1 1 2 6 16
173165 64 1 1 3 6 17
174467 119 1 1 7 6 19
175762 136 1 1 8 6 18
177006 66 1 1 3 6 16
178133 75 1 1 0 6 18
181759 36 0 1 8 6 17
183517 41 1 1 5 6 18
185385 4 0 1 0 6 27
186934 17 0 1 0 6 22
186970 52 0 1 2 6 19
188535 19 0 1 6 6 15
189126 203 1 1 6 6 20
189478 15 0 1 3 6 22
190304 435 1 0 5 6 20
192968 60 1 1 6 6 21
195831 75 1 1 7 6 18
198264 53 1 1 5 6 20
199131 7 0 1 3 6 16
199329 19 0 1 0 6 19
203836 30 1 1 0 6 17
205782 108 1 1 8 6 19
206668 47 0 1 4 6 19
208563 56 1 1 8 6 18
208689 71 1 1 0 6 16
208835 78 0 1 2 6 19
209574 70 0 1 4 6 25
210195 78 1 1 8 6 17
215405 53 1 1 2 6 19
216205 99 1 1 1 6 20
216891 42 1 1 3 6 20
217131 46 1 1 3 6 19
218523 62 0 1 7 6 21
219966 85 1 1 3 6 23
226713 30 1 1 5 6 17
227644 62 1 1 3 6 22
228496 25 0 0 6 6 13
232244 69 1 1 6 6 22
232818 54 1 1 7 6 19
232992 42 0 1 4 6 27
233946 21 0 1 3 6 18
236268 87 1 1 3 6 22
239147 99 1 1 3 6 17
240305 96 1 1 6 6 35
241453 211 1 1 3 6 24
248231 42 1 1 0 6 20
252608 105 1 1 3 6 18
255867 50 0 1 7 6 22
257231 40 1 1 5 6 22
259714 14 1 1 5 6 20
260620 70 1 1 2 6 20
261604 31 1 1 6 6 23
262788 44 1 1 2 5 22
263944 57 1 1 0 6 24
264427 34 1 1 8 6 24
265006 45 1 1 6 6 21
265204 37 1 1 5 6 21
265712 31 0 1 3 6 16
267248 77 1 0 3 6 17
274662 32 1 1 8 6 17
275420 21 0 1 3 6 20
275482 12 1 1 0 6 18
277226 72 1 1 4 6 19
283687 170 1 1 1 6 23
285559 8 1 1 7 6 23
288554 56 1 1 3 6 22
294705 55 1 0 5 6 16
295422 43 1 1 3 6 17
301166 29 0 1 2 6 22
301755 47 1 0 3 6 12
303937 51 1 1 3 6 19
306776 32 1 1 3 6 21
307802 18 1 1 0 6 20
316181 90 1 1 4 6 20
317081 53 1 1 9 6 21
318202 77 1 1 0 6 18
319549 203 1 1 6 6 19
323603 47 1 1 7 6 23
324761 34 1 1 3 6 23
325062 76 1 0 8 6 17
325580 84 1 1 7 6 24
329311 73 0 1 6 6 19
332643 118 1 1 8 6 25
336867 28 0 1 3 6 18
338972 74 0 1 6 6 20
343121 53 1 1 7 6 23
344010 68 1 0 8 6 16
346804 116 1 1 8 6 21
346968 95 1 1 5 6 23
349556 35 0 1 7 6 22
350433 46 0 1 4 6 21
353051 40 1 1 2 6 27
355213 52 0 1 3 6 19
361833 42 1 1 7 6 21
363429 90 1 1 6 6 19
364520 30 0 1 3 6 56
367221 138 1 1 3 6 18
369017 41 1 1 8 5 17
369567 64 1 1 2 6 21
369569 24 1 1 5 6 40
369612 60 1 1 6 6 21
376895 45 1 1 5 6 29
377828 23 1 1 8 6 18
378692 27 0 1 3 6 20
380696 37 1 1 2 6 21
380980 4 0 1 4 6 19
381459 36 1 1 3 6 23
384028 76 0 1 3 6 27
384041 45 1 1 3 6 18
384829 46 1 1 9 6 20
386145 11 0 1 6 6 16
388833 34 1 1 5 6 27
390576 41 1 1 8 6 16
391433 25 1 1 6 6 29
392369 31 0 1 3 6 16
393518 129 1 1 3 6 28
393702 51 1 1 0 6 18
395420 29 0 1 8 6 18
395751 28 1 1 1 6 15
396369 95 1 1 3 6 18
397126 57 1 1 7 6 21
398531 32 0 1 3 6 16
400135 7 0 1 8 6 21
402893 40 1 1 0 6 16
402909 236 1 1 6 6 18
403654 70 1 1 7 6 17
404221 71 1 0 7 6 16
404440 24 1 1 5 5 17
404901 44 1 1 8 6 19
409079 53 1 1 2 6 15
412246 116 1 1 8 6 22
413860 36 1 1 9 6 22
414161 32 0 1 8 6 17
414318 72 1 1 7 6 18
415256 55 1 1 6 6 16
415747 108 1 1 7 6 19
416632 117 1 1 7 6 21
416846 59 1 1 0 6 17
417113 43 0 1 6 6 19
418254 26 1 1 8 6 22
418310 119 1 1 7 6 19
420354 26 1 1 7 6 27
423519 23 1 0 1 6 13
426098 30 1 1 3 6 24
426659 4 0 1 9 6 29
430540 101 1 1 4 6 20
433395 37 0 1 9 6 27
434321 30 0 1 4 6 20
436478 89 0 1 6 6 29
436994 33 1 1 3 6 16
441036 37 1 1 8 6 26
441919 55 1 1 3 6 21
445690 70 1 1 1 6 16
445997 14 1 1 8 6 22
447947 84 1 1 8 6 18
449279 2 1 1 0 6 21
449308 57 1 1 6 6 17
451824 20 1 1 1 5 20
453396 47 1 1 7 6 27
462778 18 1 1 4 6 22
474149 89 1 1 0 6 20
474283 38 0 1 4 6 19
474620 55 1 1 0 6 19
474693 34 1 1 5 6 35
475114 28 1 1 7 6 16
476729 43 1 1 8 6 20
477901 35 1 1 6 6 14
478490 30 1 1 7 6 18
481370 40 1 1 7 6 18
483043 32 0 1 1 6 34
483583 67 1 1 5 6 20
487788 127 1 1 8 6 21
492297 17 0 1 6 6 23
497640 22 0 1 4 6 33
500091 36 1 1 0 6 17
502065 19 0 1 4 6 25
503541 16 0 1 0 6 18
503876 15 0 1 1 6 18
512551 89 0 1 8 6 15
515978 25 1 1 0 6 16
517974 15 0 1 5 6 18
518060 39 1 1 5 5 16
524981 48 1 1 1 6 32
525289 35 1 1 7 6 17
525728 13 0 1 3 6 25
531871 56 1 1 8 6 21
534944 35 1 1 2 6 29
535185 55 1 1 8 6 19
535378 18 1 1 8 6 16
539707 107 1 1 5 6 20
539786 8 0 1 7 6 23
546989 23 1 1 2 6 23
547519 47 1 1 7 6 22
554277 30 0 1 3 6 26
559122 1 1 1 1 6 26
559949 57 1 1 7 6 20
562050 27 0 1 6 6 25
562533 15 0 1 2 6 17
564690 6 0 1 4 6 16
564760 32 0 1 3 6 35
564766 9 1 1 9 6 20
564768 11 1 0 0 6 19
564769 20 0 0 9 6 16
564931 27 0 0 2 6 13
565125 68 1 1 2 6 19
565635 18 1 1 5 6 17
565637 43 1 1 3 6 16
565638 46 1 1 5 6 18
565639 22 1 1 8 6 15
565640 45 1 1 2 6 17
565641 2 1 1 3 5 20
565744 29 0 1 6 6 18
565746 12 0 1 0 6 26
565748 16 1 1 8 6 26
565841 38 0 1 8 6 19
566033 26 0 1 6 6 24
566035 29 1 1 6 6 18
566037 21 1 1 3 6 15
566038 9 0 1 3 6 22
566065 37 0 1 6 6 19
566070 56 1 1 6 6 21
566100 15 0 1 8 6 22
566158 30 1 1 1 6 33
566159 52 1 1 6 6 17
566161 3 1 1 6 5 22
566164 46 1 1 6 6 20
566167 11 1 1 3 6 18
566294 5 1 1 3 6 25
566544 69 1 1 3 6 22
566550 19 1 1 0 6 15
566551 53 1 1 6 6 15
566552 2 1 1 0 6 23
566555 50 1 1 6 6 20
566733 1 1 1 7 6 27
566735 1 1 1 2 6 31
566737 3 0 1 8 6 17
566769 7 1 1 2 6 33
566770 28 0 1 6 6 22
566771 1 0 1 8 6 23
566785 3 0 1 8 6 19
566803 44 1 1 2 6 24
566804 20 1 1 4 6 20
566805 26 1 1 7 6 22
566806 17 0 1 1 6 20
566807 8 1 1 4 6 22
566808 2 0 1 1 6 22
566850 33 1 1 8 6 22
566855 11 1 1 4 5 26
566857 13 0 1 1 6 21
567066 12 1 1 3 6 28
567068 19 0 1 4 6 24
567085 5 1 1 5 6 18
567086 7 0 0 0 5 26
567087 12 1 1 6 6 19
567121 8 1 1 0 6 28
567176 43 1 0 5 6 19
567177 9 0 0 8 6 26
567178 17 1 1 2 6 16
567213 17 1 1 8 6 26
567214 3 1 1 1 6 21
567219 1 1 1 8 6 22
567247 17 1 1 5 6 25
567252 13 1 1 7 6 19
567279 128 1 1 8 6 25
567282 47 1 1 3 6 22
567350 6 0 1 7 6 16
567351 3 0 1 1 6 22
567357 1 0 1 6 6 23
567358 29 1 1 2 6 17
567359 7 1 1 5 6 21
567373 6 1 1 1 6 17
567379 27 1 1 4 6 29
567736 36 1 1 7 6 18
567747 24 1 1 8 5 17
567748 3 1 1 2 6 25
567749 69 1 1 7 6 18
567750 15 1 1 2 6 21
567773 5 1 1 2 6 30
567809 6 1 1 1 6 21
567811 25 1 1 8 6 24
567815 7 1 0 1 6 16
567856 3 1 1 5 6 19
567859 1 0 1 6 6 20
567888 34 1 1 2 6 16
567889 24 1 1 5 6 17
567890 5 1 1 3 6 32
567905 14 1 1 8 6 21
567910 4 0 1 2 6 44
567912 1 0 1 4 6 20
567955 37 1 1 2 6 22
567957 1 1 1 2 5 20
567958 23 0 1 8 6 19
567960 3 0 1 4 5 22
567961 2 1 1 1 6 19
567987 46 1 0 2 6 12
568017 22 1 1 8 6 16
568019 20 1 1 2 6 18
568053 40 0 1 4 6 20
568110 51 1 1 5 6 23
568111 18 0 1 6 6 19
568113 49 0 1 8 6 26
568114 38 1 1 7 6 25
568115 34 0 1 5 6 16
568116 10 1 1 6 6 35
568117 26 1 1 8 6 20
570901 61 1 1 8 6 21
575612 52 1 1 5 6 26
609575 7 1 1 1 6 30
629117 67 1 1 8 6 27
861347 23 1 1 5 6 25
873912 28 1 1 6 6 20
877843 19 1 1 3 6 30
882317 38 1 1 3 6 25
887333 32 1 1 7 6 19
927641 41 1 1 4 6 21
1317096 2 1 1 9 5 36
