120873
19
2148
120873 605 1 1 9 6 16
9302 36 0 0 9 6 25
13615 147 1 0 9 6 20
24862 199 1 0 9 6 20
25130 61 1 0 0 6 19
25635 45 1 0 9 6 28
28475 140 1 0 9 6 17
29151 44 0 0 4 6 16
30569 38 1 0 9 6 16
35463 94 1 0 2 6 18
39497 68 1 0 9 6 21
39742 23 1 0 9 6 17
40226 121 1 0 7 6 26
40330 71 0 0 4 6 25
42582 233 0 0 8 5 19
43976 16 0 0 5 6 16
44556 32 1 0 9 6 17
46025 46 1 0 9 6 18
54139 10 1 0 9 6 14
54544 42 1 0 9 6 25
55246 111 1 0 0 6 16
55628 84 0 0 4 6 17
60523 47 1 0 9 6 16
60702 118 1 0 8 6 19
61304 8 0 0 9 6 16
62087 165 0 0 9 6 27
66569 46 1 0 9 6 13
73288 126 1 0 9 6 14
79427 28 1 0 9 6 15
85048 35 1 0 9 6 17
87332 77 1 0 9 6 17
91389 124 0 0 9 6 19
91426 632 1 0 4 6 20
92745 50 0 0 9 6 17
97417 6 1 0 9 5 16
107302 47 0 0 9 6 16
107914 308 1 0 6 6 19
108979 189 0 0 4 6 19
111987 89 0 0 4 6 18
117860 81 1 0 9 6 16
119048 198 1 0 9 6 16
120585 16 1 0 9 6 17
121441 10 1 0 9 5 17
122195 32 0 0 9 6 18
123797 6 1 0 9 5 18
129098 29 0 0 9 6 16
129543 51 1 0 9 6 17
130226 24 1 0 4 5 17
132778 394 1 0 4 6 16
133751 74 0 0 9 6 18
134585 34 1 0 9 6 17
136635 79 1 0 9 6 15
141086 312 1 0 9 6 19
141488 11 0 0 9 6 16
147132 35 1 0 4 6 16
149654 30 0 0 8 6 16
156138 48 1 0 9 6 17
160399 52 1 0 2 6 22
163956 54 0 0 9 6 18
166215 86 1 0 8 6 15
166237 27 1 0 9 6 16
166396 121 0 0 4 6 18
166503 222 1 0 9 6 17
166505 197 1 0 4 6 14
166610 10 1 0 9 6 17
166758 85 1 0 9 6 18
167019 28 0 0 9 6 17
167399 153 1 0 4 6 18
167479 5 1 0 9 6 16
167684 8 1 0 9 6 17
168055 230 0 0 9 6 15
168983 38 1 0 9 6 18
169238 26 1 0 4 6 18
169846 35 0 0 9 6 17
170751 40 0 0 7 6 17
171142 30 1 0 9 6 16
171145 37 0 0 9 6 18
171460 191 1 0 8 6 18
171479 284 1 0 8 6 16
172420 131 1 0 4 6 15
172428 187 0 0 6 6 16
172745 167 1 0 4 6 13
173466 146 1 0 9 6 18
174953 8 0 0 9 5 17
175400 23 1 0 9 5 21
176960 245 1 0 9 6 17
177255 100 1 0 6 6 29
180419 66 0 0 9 6 18
183052 86 0 0 9 6 16
186312 142 1 0 9 6 16
188736 58 0 0 4 6 21
188916 64 1 0 9 6 16
190129 35 1 0 9 6 16
193207 126 1 0 4 6 17
194715 174 1 0 0 6 17
200148 87 1 0 9 6 17
209931 28 1 0 9 6 15
210193 52 1 0 9 6 18
211048 204 1 0 4 6 16
211473 16 1 0 9 6 18
213269 95 1 0 9 6 17
217650 62 1 0 9 6 18
218910 67 1 0 9 6 17
220480 15 0 0 3 6 28
221675 243 1 0 9 6 17
226953 120 1 0 9 6 16
228890 67 0 0 0 6 18
241073 329 1 0 6 6 17
242075 52 1 0 9 6 17
249715 56 1 0 4 6 18
250262 84 1 0 9 6 17
250332 92 1 0 4 5 16
250687 59 1 0 4 6 20
260013 4 1 0 9 5 17
260077 15 1 0 9 6 16
260337 30 1 0 9 6 17
261426 59 1 0 9 5 16
261465 95 1 0 0 5 15
264185 76 0 0 9 6 16
268020 13 1 0 9 5 16
270570 55 1 0 6 6 19
271494 173 1 1 6 6 18
271515 223 1 0 4 6 21
271588 58 0 0 9 6 18
271643 46 1 0 9 5 17
272139 45 1 0 9 6 16
275359 43 1 0 9 6 16
276572 156 0 0 1 6 24
277888 104 1 0 4 6 15
277967 13 0 0 9 6 17
279447 164 1 0 9 6 17
280138 130 0 0 6 6 17
280275 133 0 0 9 5 15
282428 93 1 0 9 6 15
283241 19 1 0 9 6 14
285546 81 1 0 9 6 17
285903 105 1 0 9 6 17
289022 5 1 0 9 6 18
289931 43 0 0 9 6 17
290780 23 1 0 9 6 16
292530 29 1 0 9 6 18
292694 21 1 0 9 5 16
297118 83 1 0 1 6 15
301873 68 1 0 9 5 17
305707 67 1 0 9 6 17
308975 67 0 0 9 6 18
310021 24 1 0 9 6 17
310443 23 1 0 9 6 18
311154 120 1 0 9 6 14
312255 22 0 0 0 6 17
317883 9 1 0 9 5 17
318796 68 1 0 9 6 18
319249 10 0 0 3 6 27
319428 67 1 0 9 6 19
323061 58 1 0 9 6 15
323278 94 1 0 9 6 17
323751 100 0 0 4 6 17
324192 59 1 0 6 6 21
325232 18 0 0 9 6 37
329500 51 1 0 9 6 17
329502 103 1 0 9 6 17
331545 3 1 0 9 5 17
331546 31 1 0 9 6 15
338378 167 1 0 4 6 19
346209 73 1 0 8 6 18
347922 52 0 0 4 5 18
348492 36 0 0 9 6 18
348497 126 0 0 9 6 16
348664 163 1 0 4 6 18
348669 61 1 0 4 6 16
350216 19 0 0 6 6 16
350571 54 1 0 9 6 16
350656 16 1 0 9 6 17
350744 49 1 0 9 6 17
351699 28 1 0 7 6 24
353645 273 0 0 8 6 19
354045 70 1 0 4 6 16
354984 39 1 0 9 6 32
356683 34 1 0 9 6 17
356684 106 1 0 9 6 18
360112 28 1 0 9 6 17
360578 41 0 0 9 6 18
360738 14 0 0 9 6 17
360784 6 1 0 9 6 18
360878 33 0 0 9 6 25
360922 16 1 0 9 6 18
361677 8 1 0 9 6 17
366693 10 1 0 9 5 16
369924 20 1 0 9 6 14
369955 111 1 0 4 6 15
374833 86 1 0 9 5 14
374837 187 1 0 8 6 14
374934 34 1 0 9 6 13
375073 9 1 0 9 6 15
376246 40 1 0 9 6 13
376875 22 0 0 9 5 18
377200 34 0 0 9 5 18
381825 91 1 0 9 6 15
381936 81 0 0 9 6 17
381945 115 1 0 9 6 14
382027 26 1 0 4 5 16
384227 31 1 0 9 6 16
384275 73 1 0 9 6 16
384839 63 1 0 9 6 17
385751 72 1 0 4 6 16
386263 11 0 0 9 5 17
386282 36 1 0 9 6 16
387025 234 1 0 8 6 15
387430 44 1 0 9 6 18
387614 46 1 0 9 6 16
387750 33 1 0 3 6 19
389934 24 0 0 9 6 16
390093 51 1 0 9 6 16
390377 45 1 0 9 6 1
390543 29 1 0 9 6 17
397291 92 1 0 9 6 15
397496 49 1 0 9 6 14
398106 57 0 0 9 6 16
399090 8 0 0 4 6 15
399780 44 1 0 9 6 17
404744 62 1 0 9 6 13
407519 100 1 0 9 6 18
410911 27 1 0 9 6 16
419141 31 1 0 9 6 16
421112 69 0 0 4 6 13
423311 27 1 0 9 6 14
424940 46 1 0 4 6 16
425537 24 1 0 9 6 16
430638 127 1 0 9 6 16
431273 106 0 0 4 6 17
432420 172 1 0 9 6 18
432803 151 1 0 8 6 17
432919 61 1 0 9 6 18
434365 96 1 0 9 6 18
434400 17 0 0 9 6 17
434828 99 1 0 6 5 19
437462 15 1 0 8 6 14
440879 70 1 0 6 6 25
447561 22 1 0 9 6 26
449863 84 1 0 4 6 17
450987 39 1 0 9 6 14
453001 211 1 0 6 6 18
455630 11 1 0 9 6 15
456109 12 0 0 9 6 17
456549 28 0 0 9 6 27
457934 30 1 0 9 5 16
458849 53 1 0 9 6 18
459258 25 1 0 7 6 14
459496 92 1 0 9 6 17
460141 20 1 0 9 5 18
460563 54 1 0 9 6 15
462492 144 1 0 9 6 15
462707 45 1 0 9 6 16
466889 77 0 0 4 6 21
467993 74 1 0 9 6 16
469741 12 1 0 4 5 14
469963 135 0 0 4 6 15
469967 165 1 0 8 6 18
470562 19 1 0 9 6 16
470721 87 1 0 5 6 16
471061 31 1 0 9 6 18
472344 16 1 0 9 6 17
472465 18 0 0 9 6 17
472797 15 1 0 9 6 15
474866 180 1 0 6 6 16
474906 57 1 0 9 6 15
475193 35 1 0 9 6 13
475194 42 1 0 9 6 14
475370 32 0 0 9 6 15
475682 174 0 0 9 6 18
475764 53 1 0 4 6 16
484673 29 1 0 5 6 18
489696 109 1 0 9 6 16
489927 66 0 0 9 6 16
493987 53 1 0 9 6 17
494815 231 1 0 4 6 18
496389 144 1 0 6 6 18
500273 82 1 0 6 6 19
503655 69 0 0 9 6 18
507377 20 1 0 9 6 19
508019 15 0 0 9 6 17
509683 115 1 0 9 6 14
510235 111 1 0 4 6 17
510712 124 1 0 9 5 16
510875 62 1 0 9 6 17
512684 12 1 1 8 6 18
513126 7 1 0 9 6 16
513895 57 1 0 9 6 17
515325 59 0 0 4 6 17
516226 26 1 0 9 6 19
516469 78 1 0 9 6 15
516979 154 1 0 9 6 16
517409 91 0 0 9 6 18
517665 42 1 0 4 5 17
517666 43 1 0 4 5 17
517739 25 1 0 4 6 17
518634 142 1 0 9 6 16
519564 65 1 0 4 6 16
519718 50 1 0 9 6 15
519751 11 1 0 9 6 18
519914 37 1 0 9 6 17
519956 16 1 0 9 6 17
521239 14 1 0 9 6 16
521385 35 1 0 6 5 20
522681 59 1 0 9 6 15
522831 66 1 0 9 6 17
523331 121 1 0 9 6 17
525928 60 1 0 4 6 19
526012 61 1 0 9 6 15
526082 59 1 0 1 6 22
526086 93 1 0 9 6 14
526243 2 0 0 8 6 20
526460 36 1 0 6 6 18
526647 23 1 0 9 6 18
526655 14 1 0 9 5 18
527040 8 0 0 9 6 18
531071 6 1 0 9 6 16
533048 136 0 0 4 6 17
533461 38 1 0 9 6 16
533607 86 1 0 2 6 14
533741 82 0 0 9 6 15
534337 29 1 0 9 6 20
536824 26 1 0 9 6 16
538136 27 0 0 9 6 16
544256 84 1 0 9 6 14
547606 131 1 0 9 6 18
549947 22 1 0 9 6 16
552833 132 1 0 6 6 15
555184 11 1 0 6 5 17
556075 26 0 0 3 6 16
560112 104 1 0 9 6 16
564198 65 1 0 9 6 18
564569 62 0 0 8 6 18
564769 20 0 0 9 6 16
564800 6 0 0 2 6 17
565024 13 1 0 9 6 18
565051 14 1 0 9 6 18
565053 151 1 0 9 6 17
565081 56 1 0 9 6 17
565160 34 1 0 9 6 17
565161 21 0 0 9 6 15
565303 3 1 0 9 6 18
565304 53 1 0 9 6 17
565308 9 1 0 9 6 17
565309 5 0 0 9 6 17
565580 93 0 0 9 6 16
565582 22 1 0 9 6 17
565583 17 1 0 9 6 16
565645 69 1 0 9 6 18
566791 19 1 0 9 6 18
567891 16 1 0 9 6 12
568696 3 1 0 9 6 26
570879 88 1 0 9 6 15
572106 42 1 0 9 6 15
572107 68 1 0 9 6 18
575157 47 1 0 9 6 17
577439 37 1 0 9 5 17
579833 9 1 0 0 6 15
579905 18 1 0 8 6 24
583937 49 1 0 9 5 16
586118 20 0 0 6 6 20
590522 76 1 0 9 6 18
591407 19 1 0 9 6 16
591409 18 1 0 9 6 17
591455 47 1 0 9 6 17
591458 30 1 0 2 5 19
596975 55 0 0 9 6 15
597429 63 1 0 9 6 14
604892 43 1 0 9 5 17
605924 24 1 0 9 6 18
605993 184 1 0 4 6 16
606014 48 1 0 9 6 18
610117 15 1 0 9 6 15
615622 41 1 0 9 6 14
618447 26 1 0 9 6 15
619305 13 0 0 4 5 28
620320 23 1 0 9 6 16
622758 5 1 0 9 6 18
624656 16 1 0 9 6 27
628142 52 1 0 9 6 15
643033 8 1 0 9 6 18
651364 39 1 0 4 6 11
653999 44 1 0 9 6 12
654911 17 1 0 9 6 16
656615 37 0 0 6 6 18
662397 16 1 0 9 6 14
670014 10 1 0 9 5 16
670170 36 1 0 4 5 16
670253 32 1 0 9 6 15
670521 24 1 0 9 6 16
672095 17 1 0 9 5 17
672299 51 1 0 9 6 16
672301 15 1 0 9 6 17
675342 18 1 0 4 6 27
676099 40 0 0 4 6 17
679263 58 1 0 9 6 14
679309 62 1 0 9 5 17
679440 6 0 0 9 6 28
683361 12 0 0 9 6 25
689053 21 1 0 1 6 20
689475 40 0 0 4 6 15
691014 10 0 0 9 6 14
693407 69 1 0 9 6 13
694747 33 1 0 9 6 17
699668 57 1 0 9 6 31
699669 42 0 0 9 6 31
702395 24 1 0 9 6 17
706807 8 1 0 9 5 18
714408 72 1 0 6 6 14
728101 9 1 0 9 5 14
729632 26 1 1 4 5 24
732010 30 1 0 9 5 17
734620 31 0 0 9 6 17
734905 16 1 0 9 6 16
739177 15 1 0 9 5 25
742061 3 0 0 2 6 23
742257 18 1 0 9 6 14
744914 9 0 0 9 6 17
748890 20 1 0 9 6 16
749617 31 1 0 9 6 17
750819 26 1 0 9 6 17
750836 30 0 0 6 6 17
750936 116 1 0 8 6 19
752774 39 1 0 9 6 20
753122 22 1 0 9 5 14
753194 112 1 0 6 6 15
753533 73 1 0 4 6 18
757588 19 1 0 9 6 18
761580 20 1 0 9 5 18
764448 30 0 0 9 6 25
765772 81 0 0 9 6 15
766164 119 1 0 9 6 16
766623 50 1 0 9 6 26
766747 27 1 1 4 6 17
768076 42 1 0 9 6 15
768379 43 1 0 2 6 17
768381 22 1 0 9 6 18
768806 37 0 0 9 6 16
768989 7 1 0 9 6 16
774435 46 1 0 9 6 17
774506 19 0 0 9 6 15
775125 66 1 0 9 6 17
776761 31 1 0 9 5 15
776776 14 0 0 4 6 16
782555 23 0 0 9 6 17
782643 47 1 0 9 6 16
782647 27 1 0 9 6 17
782733 22 1 0 9 6 16
784791 13 1 0 9 6 14
784893 35 1 0 9 6 18
788634 5 1 0 9 5 17
792522 2 0 0 1 6 19
795347 2 0 0 9 6 33
796857 27 1 0 9 6 14
806103 35 1 0 9 6 17
810725 34 1 0 9 5 16
810877 25 1 0 9 6 18
811548 37 1 0 9 5 17
814656 22 1 0 9 6 16
814691 27 1 0 9 6 15
814903 5 1 0 9 5 15
815440 18 1 0 9 6 18
818875 18 1 0 9 5 16
819576 22 1 0 4 5 15
820098 24 1 0 9 6 15
824131 9 1 0 9 6 27
825406 9 1 0 9 5 16
826039 29 1 0 9 6 17
826850 23 1 0 9 6 15
826852 10 1 0 9 6 15
827057 9 1 0 9 6 16
827234 14 1 0 9 6 16
835481 4 1 0 9 6 16
844539 38 1 0 9 6 16
846120 40 1 0 9 6 17
853131 31 1 0 9 6 15
854947 26 1 0 9 6 18
857965 6 1 0 9 5 16
868508 18 1 0 9 6 18
889327 9 1 0 9 6 18
889960 12 0 0 9 6 17
890395 17 1 1 6 6 17
890449 42 1 0 9 6 16
890450 9 1 0 9 5 14
900552 10 1 0 9 5 15
901930 20 1 0 9 6 28
907055 16 1 0 9 6 14
915361 27 0 0 9 6 26
920290 14 1 0 9 6 15
920294 8 0 0 6 5 17
920849 17 1 0 9 6 25
921384 8 1 0 9 6 16
922248 25 1 0 8 6 19
922355 17 1 0 9 6 16
922384 15 1 0 9 6 14
922386 1 1 0 9 5 16
922454 5 1 0 9 6 17
922457 2 1 0 9 5 19
922472 8 1 0 9 5 18
922482 12 1 0 9 5 16
922483 19 1 0 9 6 16
922489 10 0 0 4 6 20
922490 21 1 0 9 6 18
922491 13 1 0 9 6 16
922521 5 0 0 4 5 18
922522 52 1 0 9 5 15
922523 3 1 0 9 6 17
922524 28 1 0 9 6 17
922525 1 1 0 9 6 16
922530 22 1 0 9 6 17
922531 13 0 0 8 6 11
922540 1 0 0 9 6 14
922541 7 1 0 9 5 17
922542 8 1 0 0 6 16
922547 10 1 0 9 5 13
922548 24 1 0 9 6 16
922549 4 1 0 9 6 17
922556 6 1 0 9 5 17
922572 1 1 0 9 5 16
922573 2 1 0 9 5 29
922574 23 1 0 9 6 19
922575 10 0 0 2 6 48
922580 3 1 0 9 5 16
922581 15 1 0 9 6 15
922582 3 1 0 9 5 17
922592 2 1 0 9 6 17
922593 15 0 0 9 5 17
922597 9 1 0 6 6 16
922598 20 1 0 4 5 17
922599 21 1 0 9 6 13
922673 2 1 0 9 5 14
922693 15 1 0 9 6 17
922694 8 1 0 9 5 17
922696 13 1 0 9 6 17
922697 4 1 0 9 5 17
922698 5 1 0 2 5 21
922699 3 1 0 9 5 17
922700 5 0 0 9 6 17
922713 3 1 0 9 6 15
922714 14 1 0 9 6 16
922716 2 1 0 1 5 20
922717 18 1 0 9 6 17
922722 7 1 0 9 6 16
922732 10 0 0 9 6 15
922733 51 1 0 9 6 13
922761 3 1 0 9 5 16
922796 8 1 0 9 5 17
922800 4 1 0 9 6 18
922801 8 1 0 9 5 16
922802 20 1 0 9 6 15
922825 5 1 0 9 5 17
922826 5 0 0 7 6 77
922827 18 0 0 6 6 18
922828 5 1 0 9 5 25
922829 6 0 0 9 6 29
922836 2 1 0 9 5 18
922837 3 1 0 9 6 18
922838 8 1 0 9 5 13
922839 4 1 0 6 5 23
922849 13 1 0 9 6 32
922877 6 1 0 0 5 15
922879 3 1 0 9 5 17
922887 7 1 0 9 6 17
922888 4 1 0 9 5 16
922889 21 1 0 9 6 33
922898 14 1 0 9 6 16
922901 1 1 0 9 5 16
922927 4 0 0 9 6 25
922928 3 0 0 4 6 20
922929 2 1 0 9 6 17
922937 6 1 0 9 5 17
922940 3 0 0 9 6 17
922941 3 0 0 9 5 27
922943 5 1 0 9 6 28
922966 28 1 0 9 6 28
922987 1 0 0 0 6 21
922988 10 1 0 9 6 30
922989 1 1 0 9 6 25
923004 13 1 0 4 5 20
923021 10 1 0 4 6 18
923023 37 1 0 8 6 15
923063 13 1 0 9 6 16
923078 4 1 0 9 6 16
923079 1 1 0 9 5 18
923080 7 1 0 9 6 28
923090 8 1 0 9 6 18
923091 6 1 0 9 6 16
923092 13 1 0 9 6 27
923099 10 1 0 9 5 15
923104 3 1 0 9 6 17
923106 1 1 0 9 6 16
923108 34 1 0 9 6 16
923109 14 1 0 9 5 17
923118 11 1 0 9 6 16
923119 15 1 0 9 6 17
923120 4 1 0 9 6 17
923122 8 1 0 9 5 16
923143 11 1 0 9 6 15
923144 11 1 0 9 6 14
1053204 16 1 0 4 5 20
1070949 33 1 0 9 6 20
1070990 45 1 0 7 6 20
1250788 23 1 0 9 5 17
1268046 4 1 0 4 5 11
1268072 5 1 0 4 5 17
1268076 1 1 0 4 5 18
