327473
19
413
327473 508 1 0 4 6 25
20484 29 1 1 1 6 32
42089 12 1 1 0 6 28
43142 84 1 1 0 6 32
45538 163 1 1 8 6 19
48390 13 0 1 7 6 30
48590 14 0 1 2 6 35
60211 111 1 1 7 6 20
62599 26 1 1 0 6 27
67085 6 0 1 0 6 40
83062 21 1 1 0 6 36
89589 80 0 1 1 6 23
108773 34 1 0 1 6 22
109790 6 1 1 4 6 31
138662 30 1 1 1 6 32
156024 82 1 1 6 6 29
165066 97 1 1 7 6 30
165139 16 1 1 7 6 29
167826 150 1 1 2 6 30
170288 143 1 1 1 6 29
171537 26 1 1 1 6 42
172759 115 1 1 7 6 33
179008 12 0 1 3 6 32
194845 20 0 1 5 6 40
210668 8 1 1 7 6 28
223709 462 1 1 6 6 21
239920 20 0 1 1 6 29
240353 27 1 1 1 6 36
245925 42 1 1 6 6 30
271427 140 0 1 1 6 31
273007 4 1 1 2 6 30
294920 92 1 1 3 6 21
313374 26 0 1 8 6 31
333449 57 1 0 1 6 30
336103 10 0 1 1 6 30
338785 15 0 1 1 6 30
339908 9 1 1 1 6 27
340572 29 0 1 1 6 30
340588 37 0 1 4 6 35
345404 31 1 1 8 6 30
351307 62 0 1 1 6 37
361850 14 0 1 1 6 30
376574 6 1 1 1 6 40
385588 12 1 1 5 6 35
390323 49 1 1 4 6 34
393208 246 1 0 1 6 30
393212 22 1 1 0 6 33
394242 2 1 1 2 6 36
398785 14 0 1 6 6 45
399548 166 1 1 6 6 37
399608 2 1 1 1 6 31
399884 110 0 1 1 6 28
400178 11 0 1 4 6 27
401494 86 1 1 1 6 38
402282 154 1 1 1 6 29
406550 6 0 1 1 6 33
408790 56 1 1 8 6 25
410226 13 0 1 7 6 27
418767 123 1 1 7 6 40
428683 21 1 1 3 6 30
432384 9 1 1 1 6 29
476335 22 1 1 0 6 38
501640 15 1 1 1 6 28
508913 17 1 1 1 6 34
509562 4 1 1 1 6 28
509899 149 1 1 1 6 36
511669 2 0 1 8 6 25
513862 7 0 1 1 6 40
516903 15 1 1 2 5 41
522127 12 0 1 4 6 41
522308 78 0 1 1 6 28
524477 9 1 1 1 6 31
527608 101 1 0 1 6 22
529492 24 1 1 1 6 30
532417 17 1 1 1 6 42
543394 25 1 1 0 6 29
545209 25 0 1 1 6 25
550296 7 0 1 1 6 40
553808 47 1 1 1 6 29
553825 20 1 1 1 6 32
568716 15 0 1 1 6 30
568967 44 1 1 5 6 33
569552 17 1 1 0 6 30
570339 8 0 1 1 6 33
570436 23 1 1 7 6 28
570521 6 1 1 1 6 35
570581 3 0 1 1 6 29
570614 12 1 1 1 6 28
571793 4 0 1 1 6 31
573575 3 1 1 1 6 31
573578 44 1 1 1 6 35
573618 12 0 1 1 6 33
575237 67 1 1 7 6 27
580975 98 1 1 6 6 25
583915 7 1 1 1 6 30
590551 15 0 1 8 5 37
590902 15 1 1 1 6 36
590958 17 0 1 1 6 28
591651 6 0 1 5 6 32
594944 32 1 1 1 6 43
595584 7 0 1 1 6 34
597663 12 0 1 1 6 35
597722 24 1 1 1 6 28
600995 13 1 0 3 6 26
601803 8 0 1 1 6 29
608093 8 0 1 1 6 35
609971 13 1 1 1 6 28
613059 9 1 1 1 6 33
616527 61 1 1 5 6 33
623818 4 1 1 5 6 35
624358 54 0 1 1 6 35
628477 16 0 1 1 6 27
631539 34 0 1 1 6 29
631572 56 1 1 1 6 39
632460 22 0 1 3 6 27
632891 21 1 1 6 6 32
634096 4 0 1 1 6 39
641759 26 0 1 1 6 28
644207 23 0 1 1 6 31
645220 9 0 1 1 6 30
646389 44 1 1 3 6 38
647936 8 0 1 1 6 30
648063 27 1 1 5 6 35
648145 69 1 1 1 6 33
650516 5 1 1 1 6 34
653133 7 0 1 1 6 31
661059 23 0 1 1 6 37
661398 6 1 1 1 6 29
665668 34 0 1 1 6 32
670559 17 1 1 1 6 28
673601 23 1 1 1 6 32
678792 11 0 1 5 6 29
679627 3 0 1 2 5 42
681577 30 1 1 4 6 33
683030 44 1 1 1 6 38
688346 11 1 1 5 6 31
695957 7 1 1 1 6 38
695963 19 1 1 1 6 36
696542 9 1 1 1 6 112
699514 11 0 1 1 6 31
702324 68 0 1 7 6 36
726375 11 0 1 1 6 28
729830 6 0 1 1 6 45
731656 10 0 1 1 6 35
736006 13 1 1 7 5 37
741983 17 1 1 5 6 38
744347 8 0 0 4 6 23
748349 1 0 1 1 6 31
752454 10 1 1 1 6 34
766831 15 0 1 3 6 36
773010 13 1 1 1 6 41
804342 18 1 1 9 6 36
824219 5 1 1 1 6 52
826973 6 1 1 1 5 47
828538 22 0 1 1 6 29
835400 5 1 1 1 6 34
835414 3 0 1 1 6 35
835433 18 1 1 1 6 34
841381 7 1 1 1 6 28
843713 15 1 1 9 6 36
850390 40 1 1 7 6 31
854032 6 0 1 1 6 28
857530 24 0 1 1 6 24
858862 9 1 1 1 6 28
859031 20 1 1 1 6 34
876393 28 1 1 3 6 35
883437 15 1 1 1 6 30
883443 1 1 1 1 6 34
884249 9 1 1 6 6 31
893950 2 0 1 1 6 26
903481 18 0 1 1 6 31
904381 15 0 1 6 6 32
911075 16 1 1 2 6 23
911332 4 0 1 1 6 37
918165 21 1 1 1 6 34
919686 32 1 1 1 6 29
924804 10 1 1 1 6 55
925146 10 1 1 1 6 36
925441 18 0 1 1 6 34
931475 12 1 1 3 6 35
932349 5 1 1 1 6 28
932367 110 1 1 6 6 32
934502 21 1 1 1 6 32
935159 6 0 1 7 6 34
935372 31 1 1 7 6 33
935724 20 1 1 1 6 28
937098 2 0 1 1 6 39
940211 29 1 1 1 6 35
941889 3 0 1 1 6 32
945538 23 1 1 1 6 35
957361 5 1 1 1 6 35
963406 6 1 1 1 6 34
967247 6 1 1 2 6 36
967882 17 1 0 1 6 25
969819 15 1 1 6 6 26
972352 10 0 1 4 6 36
976732 2 1 1 2 6 30
985330 3 1 1 1 6 33
997080 1 1 1 2 6 37
1006261 6 1 1 1 6 34
1006588 8 0 1 1 6 39
1007246 5 0 1 7 6 34
1020004 24 1 1 1 6 31
1024327 8 1 1 1 6 36
1037713 17 1 1 1 6 24
1049427 19 0 1 4 6 31
1049485 5 0 1 1 6 34
1051023 12 1 1 1 6 31
1051106 7 1 1 1 6 34
1053692 7 1 0 2 6 21
1053697 3 0 1 3 6 37
1054332 2 0 1 1 6 33
1055505 6 1 1 7 6 33
1059001 44 1 1 3 6 30
1060176 23 1 1 4 6 42
1060194 3 1 1 1 6 34
1061410 19 1 1 5 6 31
1064006 7 0 1 7 6 39
1064500 6 1 1 1 6 37
1065301 14 1 1 1 6 31
1065532 8 1 1 7 6 28
1077142 8 1 1 1 6 36
1080226 10 0 1 3 6 31
1080495 7 0 1 1 6 39
1085680 5 0 1 1 6 34
1087575 18 0 1 4 6 33
1088049 6 1 1 5 6 32
1088075 16 1 1 1 6 33
1088097 6 1 1 4 6 36
1089800 6 0 1 1 6 32
1091644 6 1 1 7 6 37
1094568 13 0 1 1 6 35
1102295 1 0 1 6 6 27
1102596 2 0 1 4 6 34
1103374 3 1 1 1 6 30
1118101 14 1 1 1 6 42
1118892 11 1 1 1 6 44
1121058 15 1 1 1 6 31
1122854 11 1 1 1 6 40
1127750 8 0 0 1 6 21
1128021 10 1 0 7 5 25
1132554 8 0 1 1 6 33
1138265 3 1 1 8 6 41
1142722 9 0 1 1 6 29
1143715 14 1 1 4 6 31
1145404 3 1 1 5 6 31
1145416 4 0 1 1 6 26
1147263 1 1 1 5 6 39
1150570 6 1 1 2 6 28
1150991 3 1 1 1 6 34
1154893 5 0 1 1 6 40
1155607 4 1 1 5 6 32
1157944 3 0 1 1 6 40
1163414 13 0 1 1 6 34
1164762 10 1 1 1 6 32
1165439 3 1 1 1 6 36
1167736 5 1 1 7 6 54
1176863 7 1 1 1 6 34
1177587 3 1 1 1 6 23
1178879 5 1 0 1 5 22
1188862 4 1 1 8 6 19
1193298 8 0 1 1 5 36
1196303 16 0 1 1 6 41
1196407 14 1 1 1 6 28
1196986 6 1 1 5 6 24
1197044 8 0 1 7 6 34
1197215 17 1 1 4 6 32
1197259 11 1 1 1 6 35
1197276 7 1 1 8 6 33
1197621 5 0 1 1 6 30
1197672 3 0 1 1 6 34
1207579 5 1 1 3 6 28
1208661 4 0 1 4 5 34
1209489 7 1 1 1 6 39
1213746 6 1 1 6 6 21
1218391 16 1 1 8 6 29
1219982 8 0 0 1 6 32
1223941 6 1 1 1 6 30
1223954 9 1 1 2 6 41
1223970 28 1 1 6 6 32
1234154 10 0 1 4 6 47
1235621 7 0 1 1 6 35
1238062 3 0 1 4 6 35
1238682 5 1 0 1 5 21
1239157 5 0 1 1 6 32
1239193 13 1 1 1 6 33
1245783 6 0 1 1 6 28
1245910 2 1 1 8 6 32
1246292 5 1 1 1 6 30
1246452 10 1 1 0 6 36
1246662 5 1 1 0 6 33
1246747 4 1 1 1 6 29
1246963 1 1 1 2 6 32
1247134 1 1 1 5 6 34
1247145 1 0 1 2 6 24
1247173 3 1 1 1 6 38
1247201 4 1 1 1 6 42
1247208 8 1 1 1 6 28
1247224 13 1 1 1 6 33
1247258 2 1 1 1 6 28
1247259 15 1 1 1 6 29
1247261 1 0 1 7 6 35
1247262 2 1 1 1 6 39
1247263 2 1 1 1 5 52
1247264 2 1 1 1 6 22
1247271 2 1 1 1 6 26
1247272 2 1 1 1 6 33
1247273 7 1 1 1 6 34
1247274 2 1 1 1 6 32
1247275 4 1 1 1 6 30
1247280 1 1 1 1 6 28
1247281 12 1 1 1 6 25
1247282 10 1 1 1 6 40
1247284 2 1 1 1 6 32
1247285 7 1 1 1 6 31
1247296 2 1 1 1 6 30
1247297 1 0 1 7 6 37
1247298 1 1 1 5 6 38
1247299 1 1 1 3 6 29
1247300 2 1 1 1 6 33
1247301 1 1 1 1 6 32
1247309 1 1 1 4 6 35
1247311 5 1 1 1 6 30
1247312 8 0 1 1 6 35
1247313 1 1 1 1 6 32
1247314 1 1 1 1 6 30
1247315 2 1 1 1 6 36
1247316 6 1 1 1 6 32
1247325 9 1 1 0 6 29
1247326 4 1 1 1 6 31
1247328 2 1 1 4 6 33
1247329 1 1 1 5 6 36
1247330 7 0 0 4 6 21
1247331 6 1 1 1 6 28
1247333 1 0 1 1 6 32
1247334 7 1 1 1 6 39
1247337 4 1 1 1 6 38
1247342 4 1 1 5 6 41
1247353 4 1 1 2 6 32
1247361 1 1 1 1 6 36
1247362 2 1 1 1 5 28
1247363 3 1 1 2 5 36
1247364 2 1 1 6 6 29
1247365 1 1 1 5 6 35
1247370 8 0 1 1 6 33
1247372 1 1 1 1 6 37
1247373 8 1 1 1 6 34
1247374 2 1 1 1 6 38
1247376 6 1 1 2 6 37
1247377 8 1 1 1 6 38
1247378 2 0 1 6 6 33
1247379 1 0 1 1 6 31
1247382 2 1 1 7 5 30
1247383 1 1 1 1 5 35
1247384 6 1 1 1 6 27
1247385 7 1 1 3 6 43
1247386 1 1 1 1 6 32
1247389 8 1 1 1 6 27
1247390 2 0 1 1 6 38
1247393 1 1 1 1 6 33
1247394 3 1 1 1 6 24
1247395 3 1 1 5 6 34
1247397 1 1 1 1 6 28
1247398 1 1 1 1 6 29
1247399 1 1 1 1 5 33
1247419 1 1 1 4 5 31
1247422 1 1 1 1 5 32
1247423 3 1 1 1 6 29
1247424 1 1 0 1 5 26
1247425 2 1 1 4 6 39
1247426 1 1 1 5 6 31
1247427 14 1 1 1 6 44
1247428 3 0 1 1 6 32
1247429 6 1 1 1 6 38
1247430 2 1 1 5 6 30
1247431 1 1 1 5 5 24
1247432 2 1 1 1 6 27
1247439 1 1 1 1 5 34
1247441 2 1 1 4 5 31
1247443 2 1 1 2 6 45
1247445 1 1 1 9 6 28
1247446 1 0 1 3 6 21
1247454 1 1 1 9 5 28
1247455 1 0 1 4 6 32
1247456 1 1 1 1 6 29
1247457 1 1 0 1 5 31
1247458 1 1 1 1 6 39
1247459 1 1 1 1 6 25
1247460 12 1 1 1 6 30
1247461 1 1 1 2 5 30
1247462 2 1 1 1 6 32
1247463 1 1 1 2 5 25
1247464 3 1 1 1 6 46
1247466 1 1 1 1 5 30
1247479 1 1 1 2 5 31
1247480 3 1 1 4 6 33
1247481 2 1 1 1 6 38
1247482 1 1 1 1 6 31
1247483 1 1 1 6 6 30
1247484 1 1 1 5 6 32
1247485 1 1 1 0 5 21
1247486 2 1 1 8 6 28
1247487 1 1 1 1 6 32
1247488 1 1 1 2 6 32
1247489 7 1 1 1 5 31
1247490 1 1 1 4 5 38
1247491 1 1 1 1 6 37
1247492 2 1 1 1 6 27
1247500 1 1 1 1 6 112
1247501 4 1 1 4 6 32
1247502 2 1 1 1 6 33
1247503 1 0 1 1 6 28
1247506 3 1 1 7 6 31
1247507 2 1 1 1 6 21
1247509 1 0 1 1 6 37
1247510 3 1 1 8 6 25
1247511 1 1 1 8 6 28
1247512 2 1 1 1 6 31
1247529 24 1 1 4 6 32
1247530 2 1 1 5 6 37
1247531 6 1 1 1 6 33
1247534 2 1 1 6 6 49
1247536 2 1 1 1 6 35
1247538 2 1 1 1 6 34
1247555 1 1 1 6 6 37
1247557 5 1 1 1 6 112
1247558 2 1 1 1 6 33
1247559 1 1 1 1 5 34
1247560 1 1 1 8 6 32
1247561 5 1 1 1 5 36
1247562 2 1 1 1 6 38
1247563 15 1 1 1 6 32
1247564 6 0 1 1 6 51
1247577 1 1 1 1 6 35
1247578 3 1 1 1 6 32
1247579 1 1 1 1 6 29
1247580 1 1 1 8 6 29
1247581 10 1 1 1 6 34
1247583 6 1 1 4 6 29
1247584 2 1 1 1 6 26
1247585 1 1 1 1 6 33
1247586 4 1 1 1 6 30
1247587 1 1 1 1 5 41
1247588 4 1 1 1 6 37
1247592 3 0 1 1 6 34
1247595 2 0 1 1 6 29
1247596 1 1 1 1 6 47
1247602 5 0 1 1 6 32
1247603 2 0 1 1 6 30
1247604 9 0 1 1 6 32
1247605 1 1 1 1 6 31
1247607 2 0 1 4 6 28
1247610 2 1 1 1 5 42
1247611 4 1 1 1 5 33
1247617 1 1 1 1 6 33
1247620 1 0 1 1 6 30
1247634 1 0 1 1 6 35
1247636 1 1 1 1 6 37
1247642 4 0 1 1 6 32
1247646 1 0 1 7 6 31
1247647 3 0 1 1 6 29
1247648 8 1 1 1 6 31
1247679 1 0 1 1 6 32
1247683 7 1 1 1 6 36
1247684 7 0 1 1 6 34
1247686 12 1 1 1 6 42
1247692 4 1 1 1 6 33
1247695 3 1 1 1 6 32
1247696 3 0 1 1 6 32
1247703 1 0 1 3 6 34
1247717 2 0 1 5 6 41
1247732 3 1 1 4 6 29
1247737 4 0 0 1 6 44
1247746 4 1 1 1 6 29
1247750 3 1 1 1 6 32
1247752 2 1 1 1 6 30
1247753 2 1 1 7 6 33
1247754 3 1 1 5 6 35
1247755 2 0 1 1 6 33
1247761 6 1 1 7 6 37
1247762 2 1 1 1 6 37
1247763 1 1 1 1 6 43
1247766 1 1 1 1 6 33
1247772 2 1 1 1 6 31
1247775 2 0 1 1 6 38
1247776 3 1 1 1 5 32
1247777 1 0 1 1 6 48
1247787 2 1 1 1 6 37
1247788 1 1 1 6 6 36
1247789 5 1 1 8 6 31
1247794 9 1 1 1 6 35
1247803 1 1 1 1 6 28
1247811 5 1 1 1 6 37
1247812 6 1 1 1 6 30
1247814 1 1 1 1 6 46
1247815 1 0 1 1 6 27
1247822 3 0 1 1 6 36
1247823 2 1 1 1 6 32
1247824 4 0 1 6 6 31
1247825 2 0 1 1 6 30
1247832 5 1 1 1 6 41
1247833 4 1 1 1 6 41
1247834 6 0 1 1 6 37
1247835 14 1 1 5 6 32
1247836 8 1 1 0 6 39
1247837 2 0 1 1 6 31
1247843 3 1 1 1 6 32
1247845 3 0 1 1 6 32
1270560 4 1 1 7 6 28
