49030
19
391
49030 695 1 1 1 6 25
1874 84 1 0 0 6 21
2032 124 0 0 1 6 20
2814 134 0 0 0 6 21
3546 40 0 0 1 6 24
3645 17 0 0 5 6 24
4228 17 1 0 1 6 24
6075 46 0 0 0 6 23
7670 65 0 0 0 6 23
9337 41 0 0 0 6 21
9552 21 0 0 1 6 24
9687 80 1 0 1 6 25
9721 36 0 0 7 6 23
9734 68 0 0 0 6 22
9845 8 0 0 1 6 24
10361 57 0 0 1 6 22
10726 87 1 0 1 6 26
11097 73 1 0 1 6 21
11578 98 1 0 3 6 19
12012 64 0 0 1 6 20
13529 68 1 0 0 6 24
13823 99 1 0 1 6 22
13844 72 1 0 1 6 22
14054 41 0 0 0 6 21
14090 53 0 0 1 5 22
14754 46 0 0 0 6 20
17504 27 1 0 1 6 20
20014 80 1 0 1 6 20
21259 94 0 0 1 6 18
22419 65 1 0 1 6 22
22506 122 0 0 0 6 19
25625 72 0 0 1 6 21
28322 66 0 0 7 6 21
30862 24 0 0 1 6 23
32768 4 0 0 1 6 27
36678 39 0 0 0 6 21
39394 10 0 0 1 6 24
39526 31 1 0 1 6 22
40914 92 1 0 1 6 20
40983 25 0 0 1 6 27
42103 26 0 0 1 6 23
43059 31 0 0 1 6 21
44637 13 0 0 0 6 24
45112 109 1 0 1 6 22
45447 40 0 0 1 6 26
47118 14 1 0 1 6 21
47810 19 0 0 1 6 21
48707 46 1 0 1 6 23
49053 43 0 0 0 6 26
49333 110 0 0 1 6 20
50177 59 1 0 7 6 28
53454 106 1 0 2 6 21
53920 91 1 0 5 6 20
54468 98 1 0 1 6 22
57101 145 1 0 3 6 22
58189 67 1 0 1 6 20
58531 146 1 0 5 6 21
58746 42 0 0 6 6 21
58984 93 1 0 1 6 18
59038 3 1 0 1 6 22
61851 152 1 0 0 6 29
63960 51 1 0 0 6 22
64153 46 1 0 6 6 20
64943 106 0 0 3 6 23
66620 87 1 0 1 6 22
67387 86 1 0 1 6 25
67617 48 1 0 1 6 26
68949 57 1 0 3 6 22
69084 27 1 0 1 6 21
72333 90 1 0 1 6 23
74843 21 1 0 5 6 20
83232 13 0 0 1 6 26
84371 25 1 0 1 6 24
84760 45 1 0 1 6 23
86553 85 1 0 1 6 21
87288 45 1 0 1 6 25
87915 122 0 0 3 6 19
88256 155 1 0 2 6 28
90487 126 1 0 1 6 21
90620 105 1 0 2 6 18
90841 122 1 0 8 6 24
92684 33 0 0 3 6 23
96187 57 1 0 1 6 25
98698 72 0 0 3 6 23
99554 20 0 0 1 6 21
101713 64 1 0 1 6 18
104447 102 1 0 1 6 21
105891 89 0 0 2 6 20
107329 87 1 0 4 6 111
107550 63 0 0 3 6 27
108211 504 1 0 1 5 20
108453 170 1 0 1 6 19
109469 50 0 0 1 6 25
109739 67 1 0 1 6 23
111175 56 0 0 1 6 22
112487 41 0 0 1 6 23
116351 37 1 0 5 6 21
120536 31 0 0 1 6 24
122103 42 0 0 1 6 23
122713 77 1 0 1 6 19
123338 33 1 0 1 6 22
123927 56 0 0 1 6 23
125433 107 1 0 1 6 22
125586 140 1 0 2 6 18
129472 66 1 0 5 5 18
130133 30 1 0 1 6 15
131396 66 1 0 1 6 23
137003 87 1 0 1 6 21
139531 34 1 0 1 6 20
142209 35 0 0 0 6 22
142991 25 0 0 1 6 24
143863 64 1 0 1 6 26
144802 21 0 0 1 6 23
144958 126 1 0 1 6 27
147903 31 1 0 1 6 25
148059 35 0 0 1 6 22
148262 18 0 0 1 5 20
148894 44 0 0 1 6 24
152551 2 0 0 2 6 19
152948 20 0 0 0 6 21
154090 29 0 0 1 6 30
154529 18 0 0 1 5 22
154939 101 1 0 1 6 16
155029 78 0 0 1 6 20
155158 58 0 0 1 6 24
155701 23 1 0 1 6 26
157431 41 0 0 7 6 24
157548 56 0 0 6 6 22
159433 19 0 0 1 6 26
159565 38 1 0 1 6 23
163105 48 1 0 2 6 18
167092 70 1 0 1 6 27
169151 82 1 0 5 6 18
175849 22 1 0 1 6 23
176640 25 0 0 0 6 17
176855 32 1 0 1 6 20
176878 28 1 0 4 6 29
176896 22 0 0 1 6 28
178633 115 1 0 0 6 17
179210 43 0 0 1 6 23
181671 56 0 0 1 6 25
186007 51 0 0 1 6 21
191150 68 0 0 2 6 20
195487 23 0 0 1 6 21
195597 30 0 0 1 6 24
196078 41 1 0 1 6 21
196586 9 0 0 0 6 28
201245 117 1 0 7 6 23
203026 27 0 0 6 6 22
203919 39 1 0 1 5 28
204523 52 0 0 2 6 24
205199 61 1 0 1 6 19
206578 53 1 0 2 6 27
207428 26 1 0 1 6 24
208212 36 0 0 1 6 26
211284 92 1 0 1 6 21
211355 131 1 0 8 6 21
212298 49 1 0 0 6 24
213697 40 0 0 2 6 21
214087 10 1 0 1 6 24
215277 72 0 0 6 6 20
215697 119 1 0 1 6 23
217370 60 0 0 0 6 20
218672 46 1 0 1 6 24
219799 95 1 0 1 6 22
219945 31 1 0 9 6 24
220371 23 1 0 1 6 23
222366 67 0 0 1 6 23
223814 40 1 0 1 6 24
224006 46 0 0 1 6 23
228148 97 0 0 1 6 27
228991 22 0 0 1 6 21
230510 18 0 0 1 6 28
231049 4 1 0 1 6 22
232085 14 1 0 1 6 25
232590 8 1 0 1 5 27
233158 29 0 0 1 6 24
236158 41 0 0 8 6 23
239421 41 1 0 1 6 25
240148 124 1 0 1 6 24
240825 71 1 0 1 6 20
242848 33 1 0 1 5 24
243418 17 1 0 0 6 26
246900 16 0 0 2 6 21
248330 16 1 0 1 6 20
249784 17 0 0 1 6 25
250114 41 0 0 5 6 19
250196 34 1 0 1 6 20
250900 23 1 0 1 6 24
253050 45 0 0 7 6 27
254960 45 1 0 1 6 27
255096 83 1 0 1 6 26
256941 52 1 0 1 6 23
259796 46 0 0 5 6 27
263398 17 0 0 1 6 22
263673 41 1 0 1 6 21
264038 31 0 0 1 6 24
267711 9 0 0 1 6 28
267744 57 1 0 1 6 29
268297 12 0 0 1 6 22
269070 110 1 0 1 6 29
269744 57 1 0 1 6 22
271371 74 1 0 4 6 24
272478 15 1 0 6 6 21
272861 82 1 0 1 6 24
273154 98 0 0 6 6 22
273580 47 1 0 1 6 19
274198 70 1 0 3 6 18
276061 14 1 0 4 5 22
276157 70 0 0 1 6 19
276222 100 1 0 7 6 22
276226 19 0 0 4 6 22
276347 62 1 0 8 6 23
276415 31 0 0 6 6 24
276519 25 0 0 1 6 25
276804 62 1 0 1 6 21
277130 14 0 0 1 6 22
277540 63 1 0 1 6 20
277970 3 0 0 5 5 18
278177 59 0 0 5 6 22
278234 61 0 0 7 6 22
278266 16 0 0 5 6 18
278271 42 0 0 1 6 23
278388 23 1 0 5 6 20
278778 65 0 0 6 6 28
278779 50 0 0 6 6 27
278939 47 0 0 2 6 19
279624 86 1 0 1 6 21
280062 77 1 0 2 6 18
280271 11 1 0 1 5 16
280328 17 0 0 1 6 22
283244 67 1 0 1 6 27
283573 101 0 0 5 4 19
285610 6 0 0 6 5 17
286636 32 0 0 1 6 23
287252 40 0 0 1 6 19
287427 14 0 0 3 6 28
287915 59 1 0 7 6 24
287948 32 0 0 7 6 24
288080 22 0 0 1 6 25
288713 20 1 0 1 6 24
289004 63 1 0 1 6 21
289318 37 1 0 1 6 21
289700 117 1 0 1 6 27
289946 55 0 0 1 6 32
290002 13 0 0 1 6 24
290012 20 1 0 1 6 23
290062 70 1 0 1 6 24
290194 37 0 0 1 6 23
290351 110 1 0 1 6 25
291030 53 1 0 1 5 25
291497 32 0 0 1 6 24
291625 28 0 0 1 6 22
291958 13 1 0 1 6 24
293326 22 1 0 1 6 22
295942 49 0 0 6 6 25
295999 33 0 0 4 6 24
297548 14 0 0 4 6 23
298286 64 1 0 3 6 24
298881 20 1 0 1 6 23
299140 67 1 0 2 6 23
300334 25 1 0 1 6 24
308963 26 0 0 3 6 20
311888 80 0 0 1 6 23
312025 36 0 0 1 6 28
312185 65 1 0 1 6 23
312392 62 0 0 1 6 21
312617 32 1 0 1 6 18
313657 4 0 0 4 6 22
313811 47 0 0 1 6 21
314388 20 0 0 1 6 22
315977 25 0 0 5 6 20
317309 8 1 0 1 6 20
317395 23 0 0 1 6 21
318566 63 0 0 1 6 19
319003 38 0 0 1 6 18
319208 59 1 0 1 6 25
319736 22 1 0 1 6 23
320455 58 1 0 1 6 22
320646 169 1 0 5 6 39
322225 69 1 0 7 6 22
322544 20 0 0 1 6 24
324260 100 1 0 0 6 23
327380 36 0 0 1 6 23
328497 38 0 0 4 6 24
329826 18 0 0 1 6 23
330871 101 1 0 1 6 19
330960 2 1 0 1 6 20
331099 7 1 0 1 6 21
332162 77 1 0 1 6 23
332598 38 0 0 1 6 25
332742 42 0 0 1 6 20
332977 40 1 0 6 6 28
333860 30 1 0 5 6 24
333942 31 1 0 1 6 26
336180 14 1 0 1 6 21
345233 12 0 0 1 6 20
345782 57 1 0 1 6 22
348067 27 0 0 7 6 18
349956 16 1 0 1 5 21
349974 77 1 0 1 6 26
350580 51 0 0 1 6 28
350980 57 1 0 1 6 17
351163 22 1 0 0 5 29
351801 31 1 0 1 6 24
351971 24 1 0 6 6 26
352520 81 1 0 1 6 19
354704 20 1 0 0 6 20
355602 56 1 0 1 6 29
355605 65 0 0 1 6 21
356508 63 1 0 7 6 27
356674 16 1 0 1 6 22
357639 2 1 0 1 5 22
357668 6 0 0 2 5 25
357669 12 0 0 2 6 21
357918 92 1 0 1 6 22
362663 24 1 0 1 5 26
363340 14 1 0 7 6 28
364925 39 1 0 1 6 28
365389 22 0 0 1 6 25
368880 29 0 0 1 6 17
369562 51 0 0 1 6 27
369563 35 0 0 6 6 24
371157 16 0 0 1 6 27
371486 19 1 0 1 6 25
372396 26 0 0 1 6 26
378679 17 1 0 5 6 22
381931 23 1 0 8 6 20
384735 38 0 0 5 6 21
384899 57 1 0 1 5 21
384933 27 1 0 1 6 22
389454 25 1 0 1 6 24
389766 24 1 0 1 6 20
390963 72 1 0 1 6 24
391665 40 0 0 2 6 28
393080 13 1 0 1 6 25
394647 44 1 0 1 6 20
400636 39 0 0 2 6 27
406955 33 0 0 1 6 21
408513 23 1 0 1 6 22
409033 25 0 0 5 6 31
409546 7 0 0 4 6 111
414203 34 1 0 1 6 23
414856 33 1 0 1 6 28
416237 80 0 0 1 6 22
417536 22 0 0 2 6 18
419346 41 1 0 1 6 20
420216 20 0 0 1 6 22
422232 40 1 0 1 6 23
426731 14 0 0 2 5 19
431800 67 0 0 6 6 19
438782 21 0 0 1 6 21
440959 46 0 0 1 6 22
441042 30 1 0 1 6 25
442293 31 1 0 1 6 23
442941 15 1 0 1 6 23
443300 67 1 0 1 6 27
443500 6 1 0 1 5 23
444175 73 1 0 1 6 21
445504 21 0 0 1 6 20
445579 66 1 0 6 6 18
445710 60 1 0 1 6 24
445815 18 0 0 1 6 19
445856 59 1 0 2 6 23
446053 33 1 0 5 6 22
447084 57 1 0 1 6 25
449030 55 0 0 3 6 17
451324 15 0 0 5 6 25
451420 5 1 0 1 5 19
453332 43 1 0 5 6 20
453805 77 1 0 1 6 22
455104 21 1 0 4 5 19
456323 77 1 0 8 6 23
456593 25 1 0 1 6 27
457331 54 1 0 1 6 19
457400 7 0 0 3 5 17
457624 3 0 0 4 6 22
458079 10 1 0 4 6 23
464684 33 0 0 8 6 18
464926 25 1 0 1 6 19
465440 12 0 0 1 5 28
468221 46 1 0 1 6 25
468442 12 1 0 1 6 18
468571 33 1 0 1 6 27
470986 19 0 0 1 6 25
471575 18 1 0 1 6 18
472139 24 1 0 3 6 19
472599 21 1 0 4 6 29
473265 136 1 0 1 6 23
475237 57 1 0 1 6 26
475330 28 0 0 1 6 16
487838 11 1 0 1 6 28
488408 20 0 0 1 6 26
489554 40 1 0 1 6 20
489630 88 1 0 5 6 20
492276 46 0 0 4 6 26
496431 16 1 0 1 6 17
496595 40 1 0 1 6 22
498756 22 1 0 1 6 20
499012 33 0 0 6 6 26
499936 50 1 0 1 6 23
501012 11 1 0 1 5 21
504585 132 1 0 1 6 16
511505 24 0 0 1 6 22
514204 23 0 0 3 5 21
517155 39 0 0 7 6 26
517245 83 1 0 1 6 22
517246 111 1 0 1 6 25
522182 97 1 0 6 6 20
522632 28 0 0 1 6 27
526654 21 1 0 1 5 24
528806 10 0 0 1 6 20
532401 14 1 0 1 6 24
532695 13 0 0 1 6 20
537211 44 1 0 1 6 21
541719 14 1 0 1 6 24
541891 12 0 0 1 6 25
542430 33 1 0 2 6 21
552648 29 0 0 1 6 21
552658 29 1 0 1 6 26
558754 16 0 0 4 6 21
561347 24 0 0 1 6 28
561561 25 1 0 1 6 23
562226 8 0 0 6 6 24
563903 56 1 0 4 6 20
572001 21 0 0 1 6 23
577567 57 0 0 5 6 30
584257 68 1 0 5 6 21
585124 44 0 0 1 6 22
585654 34 1 0 1 6 27
585746 11 0 0 1 6 24
586295 62 1 0 1 6 22
586600 24 1 0 1 6 21
587026 10 0 0 1 6 25
587027 19 0 0 1 6 23
587787 25 1 0 1 6 29
587975 11 0 0 1 6 27
588902 25 0 0 1 6 24
589050 5 0 0 1 6 30
590713 35 1 0 1 6 20
591065 13 1 0 5 6 25
591569 50 1 0 5 6 19
591635 2 1 0 1 6 30
591766 21 0 0 5 6 23
592010 19 0 0 1 6 25
592058 1 1 0 1 6 19
592070 18 1 0 1 6 30
592147 32 1 0 1 6 21
592157 2 1 0 1 6 21
592158 8 0 0 1 6 25
592159 53 1 1 1 6 25
592161 6 0 0 4 6 26
592162 31 1 0 1 6 23
592167 17 1 0 1 6 23
592208 18 1 1 1 6 24
592258 5 1 0 1 6 24
592259 17 1 0 1 6 21
592311 20 1 0 3 6 26
592312 3 1 0 1 6 22
592318 32 1 0 1 6 26
592319 7 0 0 1 6 31
592352 17 0 0 1 6 24
592353 13 0 0 1 6 23
592354 20 0 0 1 6 26
592355 21 1 0 1 6 24
592356 16 1 0 1 6 23
592357 16 0 0 5 6 31
592358 23 1 0 1 6 28
592359 5 0 0 1 5 18
592402 7 1 0 1 5 24
592403 39 1 0 5 6 25
592404 17 1 0 1 6 19
592432 30 1 0 3 6 37
592434 9 1 0 8 6 19
592435 2 0 0 1 5 21
592436 10 1 0 1 6 27
592460 32 1 0 5 6 22
592466 18 0 0 1 6 31
592470 7 0 0 1 6 24
592473 18 0 0 1 6 20
592477 8 1 0 1 6 23
592478 5 1 0 1 6 26
592523 14 1 0 1 6 25
592524 43 1 0 1 6 25
592525 12 1 0 1 6 24
592526 20 0 0 3 6 21
592527 13 0 0 1 6 27
592528 14 1 0 1 6 21
592546 2 0 0 1 6 25
592570 6 0 0 1 6 24
592571 27 1 0 5 5 24
592573 19 0 0 1 6 22
592613 4 1 0 1 6 25
592614 11 0 0 1 6 23
592615 3 0 0 1 6 28
592616 9 1 0 1 6 19
592617 1 1 0 1 5 20
592618 9 0 0 1 6 21
592620 4 1 0 1 5 23
592621 3 1 0 1 5 19
592652 5 0 0 1 6 22
592653 4 1 0 1 5 22
592654 7 1 0 1 5 27
592655 1 1 1 1 6 24
592656 2 0 0 1 6 25
592657 1 1 0 1 6 19
592658 1 1 0 1 5 27
592659 6 1 0 1 6 21
592660 1 0 0 1 5 22
592696 2 0 0 7 6 25
592697 14 0 0 1 6 25
592698 6 1 0 1 6 22
592699 9 1 0 1 6 25
592700 3 1 0 1 6 25
592701 9 1 0 1 6 24
592702 8 1 0 1 6 27
592703 3 1 0 1 6 21
592704 53 1 0 9 6 18
592762 8 1 0 1 6 21
592763 4 1 0 1 6 19
592764 2 0 0 1 6 25
592765 6 0 0 1 6 22
592766 2 1 0 1 6 21
592767 4 0 0 5 6 23
592768 4 1 0 1 6 26
592769 11 1 0 1 6 22
592770 5 1 0 1 6 23
592823 1 0 0 1 6 19
593027 5 1 0 1 6 27
593028 11 1 0 1 6 26
593029 7 1 0 1 6 21
593030 1 1 0 1 6 23
593034 11 1 0 1 6 26
593035 54 1 0 1 6 20
593036 1 0 0 1 6 25
593037 3 1 0 1 6 20
593039 21 1 0 1 6 25
593041 13 1 0 5 6 27
593042 2 1 0 1 6 23
593043 15 1 0 1 6 23
593152 23 1 0 1 6 29
593153 7 1 0 1 5 24
593154 5 1 0 5 6 24
593155 5 1 0 1 6 25
593156 7 0 0 1 6 21
593157 7 0 0 1 6 28
593158 1 1 0 5 5 18
593160 5 0 0 1 6 26
593250 24 1 0 1 5 29
593253 2 0 0 1 6 24
593256 5 0 0 6 5 27
593258 35 1 0 2 6 29
593259 15 1 0 1 6 24
593260 3 0 0 1 6 19
593261 18 0 0 1 6 26
593262 2 1 0 1 5 20
593295 8 1 0 1 6 27
593326 22 1 0 5 6 30
593328 31 0 0 2 6 25
593332 6 1 0 2 5 19
593334 23 1 0 5 6 31
593336 15 1 0 1 5 19
593337 10 1 0 1 6 21
593339 1 1 0 1 6 23
593340 4 1 0 1 6 23
593390 1 1 0 1 5 22
593391 12 1 0 1 6 25
593392 8 0 0 1 6 17
593393 10 0 0 1 6 24
593394 27 1 0 1 6 23
593395 2 0 0 1 6 28
593396 3 1 0 1 5 20
593397 40 1 0 1 5 19
593398 7 1 0 1 6 23
593399 27 1 0 1 6 23
593429 1 1 0 5 5 24
593430 17 1 0 1 6 27
593431 35 0 0 1 6 28
593432 6 0 0 1 6 36
593433 1 1 0 1 5 27
593434 8 1 0 2 6 29
593435 9 1 0 1 6 22
593436 4 1 0 1 6 22
593461 18 1 0 7 6 22
593462 14 0 0 1 6 24
593463 23 1 0 1 6 20
593464 18 0 0 1 6 27
593465 28 1 0 1 6 21
593466 8 0 0 1 6 28
593502 29 1 0 1 6 25
593503 10 0 0 1 6 23
593504 50 1 0 7 6 25
593505 25 0 0 5 5 24
593529 29 0 0 1 6 24
593530 16 0 0 1 6 24
593531 57 1 0 1 6 24
593532 14 1 0 1 6 20
593577 41 1 0 5 6 22
593578 5 0 0 1 6 22
593579 28 1 0 1 6 26
593593 9 0 0 5 6 24
593594 59 0 0 1 5 21
593596 12 0 0 6 6 27
593597 49 1 0 7 6 21
593599 50 1 0 1 6 26
593600 9 1 0 1 4 26
593602 15 0 0 1 6 25
593603 36 0 0 3 6 24
593604 18 0 0 1 6 22
593605 11 1 0 1 6 28
593606 11 1 0 1 6 26
593607 14 0 0 1 6 21
593617 40 1 0 1 6 25
593618 45 1 0 1 6 23
593619 28 0 0 1 6 23
593621 17 0 0 1 6 21
593622 13 0 0 1 6 27
593623 9 1 0 1 6 26
593631 21 1 0 1 6 24
593632 6 0 0 1 6 25
593633 15 1 0 1 6 24
593634 5 0 0 1 6 29
593635 13 1 0 1 6 30
593636 18 0 0 1 6 24
593637 12 0 0 1 6 27
593638 25 1 0 1 6 27
593640 37 0 0 1 6 28
593641 15 1 0 6 6 26
593642 15 1 0 1 6 27
593655 15 1 0 1 6 25
593656 35 1 0 1 6 23
593657 16 0 0 1 6 24
593658 43 1 0 1 6 20
593659 34 1 0 1 6 21
593660 20 1 0 1 6 24
593661 20 1 0 1 5 24
593689 9 1 0 1 6 23
593690 18 1 0 1 6 28
593691 13 1 0 1 6 23
593692 39 1 0 1 6 23
593693 20 0 0 1 6 25
593694 30 0 0 1 6 25
593714 18 1 0 1 6 20
593716 18 0 0 1 6 22
593717 40 0 0 1 6 24
593718 19 0 0 1 6 23
593719 12 1 0 1 6 20
593720 6 0 0 1 6 25
593722 13 1 0 1 6 27
593757 18 1 0 1 6 24
593760 4 1 0 1 5 23
593762 8 0 0 1 6 25
593764 29 0 0 2 6 21
593767 62 1 0 5 6 21
593768 11 1 0 1 6 26
593770 20 1 0 1 6 24
593865 3 0 0 1 6 26
593866 32 0 0 1 6 19
593867 65 1 0 6 6 23
593868 15 1 0 3 6 21
593882 1 1 0 1 6 23
593926 24 1 0 5 6 21
593927 10 0 0 6 6 28
593928 48 1 0 1 6 23
593929 4 1 0 1 6 26
593930 27 1 0 1 6 29
594035 20 1 0 1 6 19
594036 23 1 0 1 6 19
594067 16 0 0 1 6 23
594068 11 0 0 1 6 25
594090 22 1 0 1 6 24
594091 20 0 0 8 6 23
594092 4 0 0 1 5 25
594093 15 1 0 1 6 25
594094 18 1 0 1 6 21
594106 24 0 0 7 6 24
594107 8 0 0 7 6 26
594108 18 0 0 1 6 20
594111 16 0 0 1 6 26
594113 54 1 0 7 6 24
594160 6 1 0 1 6 27
594161 19 1 0 1 6 20
594162 28 1 0 7 6 23
594163 10 0 0 1 6 27
594164 27 1 0 1 6 20
594165 33 0 0 1 6 20
594166 11 1 0 5 6 26
594167 16 0 0 1 6 31
594188 12 1 0 1 6 27
594190 50 1 0 8 6 24
594191 15 1 0 1 6 19
594192 19 0 0 1 6 26
594193 26 0 0 1 6 24
594194 37 0 0 6 6 23
594197 66 1 0 1 6 22
594198 26 1 0 1 6 24
