165495
19
2133
165495 783 1 0 4 6 17
7556 885 1 1 8 6 17
13615 147 1 0 9 6 20
14326 230 1 1 6 6 17
26037 276 1 1 4 6 18
26042 182 1 1 4 6 17
37193 381 1 1 8 6 19
39451 180 1 0 2 6 16
39926 381 0 0 4 6 15
42920 56 0 1 4 6 18
47124 124 1 0 5 6 19
49029 138 1 1 4 6 18
62423 106 1 1 6 6 16
72294 254 1 1 4 6 17
72348 188 0 1 4 6 16
72571 161 0 1 4 6 17
72603 163 0 1 4 6 22
72849 115 1 1 4 6 18
74272 116 1 1 4 6 19
76212 228 1 1 6 6 25
77317 69 1 1 2 6 16
77496 70 1 1 6 6 17
78297 179 1 1 6 6 16
79226 670 1 0 8 6 11
79281 100 1 1 4 6 18
79365 29 1 1 4 6 18
79803 290 0 1 8 6 19
83331 57 1 1 0 6 18
85661 105 1 0 9 6 29
85976 205 0 1 4 6 16
88949 362 0 1 4 6 18
89061 41 0 1 4 6 21
89178 90 0 1 4 6 17
89184 301 1 0 8 6 16
99821 128 1 1 7 6 19
107814 182 0 0 4 6 16
113014 36 1 1 4 6 22
113642 225 1 1 6 6 17
130861 134 1 1 9 6 17
130939 398 1 1 8 6 16
137880 152 1 1 8 6 15
144570 180 1 1 8 6 14
152604 196 1 1 2 6 20
154133 317 1 1 8 6 16
154468 209 1 1 8 6 16
154570 82 1 1 8 6 17
154751 205 1 1 6 6 18
154752 83 1 1 8 6 17
154753 112 1 1 8 6 14
155575 215 0 1 8 6 16
156073 172 1 1 4 6 17
156418 195 1 1 8 6 16
156488 329 1 1 6 6 19
163336 330 1 1 4 6 15
165304 213 1 1 8 6 19
165378 228 1 1 4 6 18
165383 145 1 1 8 6 15
165494 93 0 0 4 6 18
165499 169 1 1 8 6 13
165501 84 0 1 8 6 16
165505 173 1 1 8 6 15
165963 75 1 0 8 6 16
166028 148 0 0 4 6 18
166505 197 1 0 4 6 14
166509 141 1 0 4 6 17
166588 49 0 0 4 6 12
166596 83 1 0 8 6 17
166674 90 0 1 8 5 16
166762 209 1 0 6 6 19
166763 66 1 0 8 6 17
167015 75 1 0 8 6 18
167022 63 0 0 4 6 18
168055 230 0 0 9 6 15
168102 29 1 1 8 6 14
168971 76 1 0 8 6 16
168975 32 1 1 8 6 14
170396 95 1 0 2 6 17
171479 284 1 0 8 6 16
171483 182 1 0 8 6 16
172426 232 1 1 4 6 18
172654 149 1 1 6 6 16
172833 284 1 0 6 6 16
172840 62 1 1 6 5 29
172884 140 1 1 6 6 18
174457 93 1 1 6 6 18
174505 362 1 0 4 6 21
174579 69 1 1 8 6 23
174984 79 1 0 9 6 15
174990 63 1 1 8 6 19
175311 189 1 0 4 6 17
175511 238 1 0 9 6 17
177690 143 1 1 4 5 19
179413 85 1 0 2 6 17
179489 139 1 1 4 6 15
180996 117 1 1 6 6 15
181742 165 1 0 4 6 19
182558 673 1 1 6 6 15
182611 14 1 1 4 6 20
185384 332 1 1 4 6 19
187951 15 1 0 4 5 24
189405 11 1 1 9 6 17
192610 234 1 1 8 6 18
194715 174 1 0 0 6 17
211007 398 1 0 6 6 19
211729 242 1 1 4 6 16
211732 264 1 1 4 6 18
211875 221 1 1 4 6 18
212087 24 1 1 4 6 17
212372 103 1 1 9 5 19
212420 275 1 1 4 6 18
212434 408 1 1 4 6 18
212436 205 0 1 6 6 21
213221 249 1 1 6 6 17
213341 27 1 1 4 6 18
213474 275 1 0 4 6 16
223100 167 1 1 6 6 19
223102 67 1 1 6 6 16
229936 77 1 1 6 6 16
230254 204 1 1 6 6 14
231975 98 0 0 6 6 17
232313 38 1 1 4 6 19
236896 17 1 1 4 5 18
236902 60 1 1 6 5 18
239312 185 1 1 9 6 21
241627 38 1 1 6 6 21
254711 304 1 0 6 6 17
256641 88 1 0 2 6 15
256685 91 1 1 6 6 18
261278 58 0 0 4 6 19
261280 51 0 0 4 6 23
261284 512 1 0 1 6 16
261287 50 1 0 1 6 16
261289 40 0 1 6 6 19
261323 91 1 0 9 6 16
261334 99 1 0 9 6 21
261350 146 1 1 2 6 17
261351 21 1 1 6 5 16
261377 86 1 1 8 6 21
261381 25 1 1 6 5 19
261423 49 1 0 9 6 15
261425 244 1 1 4 6 21
261426 59 1 0 9 5 16
261435 107 1 0 8 6 20
261436 39 1 0 9 6 20
261462 74 1 0 4 6 16
261464 42 1 0 9 6 19
261465 95 1 0 0 5 15
261466 79 1 1 9 6 16
261467 55 1 1 9 6 17
261507 143 1 0 9 6 18
261508 62 1 0 9 6 21
261515 141 1 1 2 6 29
261964 54 1 1 4 6 18
262001 147 1 0 6 6 19
262005 87 1 1 4 6 21
262007 145 1 0 4 6 19
262013 73 1 1 6 6 18
262015 74 0 1 4 6 20
262016 160 1 0 4 6 17
262017 55 1 0 6 6 17
262018 56 1 1 6 5 21
262080 26 1 0 4 6 23
264467 72 1 0 2 6 16
264468 280 1 0 2 6 17
264471 108 1 0 6 5 29
264512 241 1 0 6 6 13
266443 192 1 1 9 6 18
269009 252 0 0 8 6 19
270522 33 1 1 6 6 27
271279 20 1 1 6 6 27
271322 384 1 0 4 6 15
271327 190 1 1 2 5 17
271328 347 1 1 6 6 16
271411 353 1 0 6 6 16
271483 251 1 1 4 6 17
271494 173 1 1 6 6 18
271589 257 0 0 6 6 19
271635 90 1 1 4 6 17
271639 122 1 0 6 6 15
271666 168 0 1 6 6 20
271676 101 1 1 6 6 15
271677 70 1 1 6 6 14
271771 40 1 1 6 6 16
271774 14 1 1 2 6 13
271835 221 0 0 4 6 16
272336 260 1 0 6 6 15
272424 167 1 1 4 6 17
272439 85 1 1 6 6 18
279447 164 1 0 9 6 17
285195 44 1 0 2 6 17
287038 206 0 0 4 5 16
291172 195 1 1 1 6 16
306155 115 1 1 4 6 17
308687 78 1 1 8 6 14
311154 120 1 0 9 6 14
311161 106 1 1 6 6 16
312054 132 1 1 6 6 15
315345 54 0 1 8 6 16
319646 206 1 1 8 6 19
320501 152 1 0 6 5 14
322672 118 0 1 8 6 21
323144 186 1 1 4 6 19
323238 123 1 0 2 6 17
323641 124 1 0 6 6 17
323751 100 0 0 4 6 17
324110 158 1 0 4 6 19
329502 103 1 0 9 6 17
330142 339 0 1 6 6 16
332176 27 1 1 8 6 16
334829 39 0 0 4 6 16
334849 459 1 1 8 5 19
335687 180 0 1 6 6 99
335690 26 1 1 6 5 16
337628 105 1 1 9 6 15
345889 26 1 1 1 5 13
346304 125 1 1 6 5 19
347727 361 1 1 8 5 14
348461 98 1 0 4 6 19
348491 65 1 0 4 6 18
349030 35 1 1 4 6 20
350037 206 1 0 1 6 16
352561 205 1 0 6 6 20
356206 27 0 1 6 6 16
356509 80 1 1 8 6 15
357132 62 1 1 6 6 17
359928 28 1 1 8 6 19
368057 82 1 1 4 6 21
369667 232 1 0 4 6 18
370154 90 1 1 6 6 16
370633 111 0 1 4 6 17
370637 373 1 1 8 6 18
371023 62 1 1 2 6 14
371288 82 1 1 4 6 22
371418 327 1 1 6 6 16
371809 177 1 1 8 6 20
371911 73 0 1 4 5 19
372675 94 1 0 2 5 14
372780 56 0 1 4 6 19
372950 145 0 1 6 6 18
373002 318 1 1 4 6 20
373841 135 1 1 4 6 22
373976 85 1 1 9 6 16
374388 73 1 1 4 6 17
374515 147 1 1 9 6 19
374541 69 1 1 4 6 17
374657 59 1 1 6 6 18
374715 70 1 1 1 6 17
375582 164 0 0 4 6 16
377614 38 1 1 4 5 18
380939 22 1 1 9 6 17
381690 54 1 1 9 6 17
382374 125 1 0 4 6 19
382618 110 1 0 6 6 15
382627 200 1 0 4 6 14
382632 326 1 0 2 6 14
382633 101 1 0 4 6 18
382853 334 1 0 6 6 15
382870 129 1 0 8 6 19
383110 90 1 1 4 6 17
383112 86 1 0 8 6 15
383187 151 0 1 4 6 17
383329 114 1 0 2 6 14
383689 85 1 0 4 6 21
384877 36 1 1 6 6 17
384937 14 1 0 4 5 19
385983 120 0 0 4 6 17
387942 130 1 1 6 6 16
389195 243 1 0 6 6 19
397158 69 1 1 6 6 14
397263 216 1 1 8 6 23
397302 195 1 1 8 6 17
397343 38 1 0 1 6 15
397492 57 0 1 6 5 18
397496 49 1 0 9 6 14
397659 83 1 1 6 6 17
398000 131 0 1 6 6 19
399674 264 1 1 6 6 18
399785 62 0 1 4 6 15
399860 195 1 1 4 6 19
400079 164 1 1 8 6 17
400667 229 1 1 6 6 20
402909 236 1 1 6 6 18
402938 163 1 0 2 6 16
402940 231 1 1 4 6 18
403902 24 1 1 4 6 16
407772 54 1 1 6 6 17
408290 157 1 1 6 6 19
408313 81 1 1 4 6 22
412208 7 0 1 4 5 18
413723 158 1 1 4 6 16
419000 345 1 0 4 6 16
421065 105 1 1 8 6 16
421572 152 1 1 8 6 19
425935 186 1 1 4 6 21
429762 53 0 1 4 6 15
430060 168 0 1 4 6 18
430108 46 1 1 8 6 14
433947 37 1 1 6 5 15
434722 66 0 1 9 6 21
437214 30 1 1 8 5 17
445073 11 0 1 4 6 19
451393 50 1 1 6 6 20
459251 112 0 1 4 6 20
459257 30 1 1 8 5 17
459412 84 1 1 6 6 16
459416 205 0 0 4 5 17
459457 316 1 0 6 6 18
460436 81 1 0 8 6 20
464691 62 0 0 6 6 17
466889 77 0 0 4 6 21
467606 66 1 1 2 6 19
467676 81 0 0 4 6 15
472867 94 1 0 9 6 19
474902 45 1 0 8 5 17
475471 22 1 0 8 5 16
475564 34 1 1 6 5 19
475973 40 0 1 8 6 17
481062 121 1 1 4 6 17
482953 66 1 1 8 6 19
483432 45 0 1 6 6 17
486852 23 1 1 6 6 24
486855 106 1 1 6 6 31
486857 87 1 1 4 6 16
486909 51 1 1 6 6 27
493737 20 0 1 4 6 17
499309 108 1 1 4 6 15
502324 118 0 1 6 6 21
502717 102 0 1 4 6 17
502855 137 1 1 6 6 19
504144 88 1 1 8 6 18
504147 118 0 1 9 6 19
504220 84 1 1 6 6 17
504243 207 1 1 6 6 16
504411 41 1 1 4 6 17
504461 14 1 1 6 6 21
504479 274 1 1 8 5 15
504512 108 1 1 8 6 18
504706 22 1 0 9 6 22
504736 259 1 1 8 6 19
504880 46 1 1 8 6 17
504927 56 1 1 1 6 21
504970 104 1 0 8 6 19
505157 60 1 1 1 6 18
505292 97 1 1 4 6 19
505386 85 1 1 8 6 17
505406 162 1 1 2 6 21
505473 86 1 1 4 6 21
505999 77 1 1 4 6 17
506034 126 1 1 4 6 19
506557 137 0 1 4 6 17
506718 113 1 1 4 5 17
506784 70 1 0 4 6 10
506785 39 1 1 1 6 13
506966 177 1 1 6 6 18
507280 123 1 1 6 6 15
507341 42 1 1 2 6 17
507351 89 0 1 9 5 18
507358 84 1 1 6 6 15
507491 19 1 1 9 6 18
507589 76 1 1 6 6 19
507629 63 1 1 9 6 19
507934 32 1 1 4 6 20
508365 150 1 1 8 6 18
508976 65 1 0 6 6 29
509193 67 0 1 4 5 17
509483 163 1 1 4 6 16
509484 96 1 0 4 6 16
509488 29 1 0 4 6 15
509489 90 1 1 2 6 18
509492 34 1 0 4 6 16
509493 50 1 0 4 6 16
509529 130 1 0 6 6 15
509530 120 1 0 2 6 18
509603 36 1 1 9 6 17
509679 20 1 1 9 6 18
509681 45 1 0 2 6 14
509683 115 1 0 9 6 14
509686 129 1 1 4 6 16
509687 124 1 0 2 6 18
509689 199 1 0 8 6 16
509690 85 1 1 4 6 17
509691 31 1 1 4 6 15
509787 33 1 0 9 6 20
509788 133 1 1 9 6 14
509789 140 1 0 6 6 16
509791 147 1 0 6 6 15
509793 246 1 0 8 6 14
509796 76 1 1 6 6 19
509830 27 1 1 2 6 15
509836 29 1 0 4 6 17
509837 133 1 1 4 6 17
509844 20 1 1 2 6 20
509847 65 1 1 2 6 17
509886 115 1 0 9 6 14
509888 180 1 0 2 6 25
509889 256 1 0 2 6 14
509891 52 1 0 2 6 15
509921 75 1 1 6 6 17
509925 16 1 1 9 6 15
509928 166 1 0 8 6 16
509929 90 1 0 2 6 17
509930 93 1 1 4 6 19
510048 228 1 0 6 6 17
510049 104 1 0 1 6 13
510051 223 1 1 6 6 18
510111 70 1 1 6 5 18
510113 102 0 1 6 6 17
510114 59 0 1 6 6 20
510117 139 1 1 4 5 17
510118 126 1 0 6 5 14
510179 86 1 0 4 6 16
510184 92 1 0 4 6 16
510185 86 0 1 4 6 16
510186 67 1 1 4 6 17
510187 125 1 1 4 6 17
510191 43 1 1 6 6 17
510233 107 1 0 9 6 18
510234 82 1 1 1 5 18
510239 65 1 1 6 6 16
510241 116 1 0 6 6 13
510242 245 1 0 6 6 15
510302 114 1 1 6 6 16
510545 134 1 1 8 6 18
510683 39 1 1 6 5 22
510840 36 0 1 8 6 19
511221 120 1 1 6 6 19
511658 74 1 1 8 6 17
511876 45 1 1 6 6 17
511878 123 1 1 4 6 21
512016 188 1 0 4 6 16
512051 38 1 1 6 6 18
512237 76 1 1 8 6 18
512319 116 1 1 6 6 17
512424 95 1 1 8 6 17
512777 49 1 1 6 6 19
512811 137 1 1 4 6 18
513009 46 0 0 4 6 17
513729 28 1 1 2 6 20
513749 55 0 1 2 6 15
513870 161 1 1 4 6 20
513922 123 1 1 6 6 19
513953 26 0 1 4 6 20
514556 140 1 1 6 6 16
514638 160 1 1 6 6 17
514810 126 0 1 8 6 18
515105 56 0 1 4 6 19
515109 79 1 1 4 6 16
515266 81 1 1 9 6 19
516112 75 1 0 4 6 20
516118 29 1 1 9 6 18
516399 30 1 1 6 6 17
516546 34 1 0 6 6 23
516968 128 1 1 8 6 18
517559 31 0 1 6 6 23
517831 158 0 1 6 6 17
517964 26 1 1 4 6 19
518073 86 1 1 4 6 17
518177 131 1 1 8 6 15
518690 143 1 1 4 6 24
519097 140 1 1 4 6 19
519235 29 1 1 6 6 16
519286 19 1 0 9 6 29
519359 53 1 1 6 5 16
519387 64 1 1 9 6 17
520315 73 1 1 8 6 18
520770 23 1 1 8 6 18
521241 24 1 1 4 6 19
521301 30 1 1 9 6 18
521302 53 1 1 6 6 18
521508 41 1 1 6 6 17
521772 12 1 1 9 6 17
524828 52 1 1 6 6 18
525083 75 1 1 6 6 18
526307 31 1 1 8 5 17
527895 47 1 1 4 6 19
528311 106 1 1 8 6 16
528408 88 1 1 8 5 18
530083 113 1 1 6 6 17
530843 61 0 1 0 6 17
530867 86 0 1 4 6 20
531946 102 1 0 9 6 18
533557 73 1 1 6 6 17
533608 77 1 1 6 6 17
536972 45 1 1 2 6 20
539440 123 1 1 4 6 17
542290 63 1 1 6 6 18
542624 118 1 1 6 6 20
542779 11 1 1 8 5 21
546849 151 1 1 8 6 17
548748 91 1 1 8 6 17
549171 54 1 1 2 6 16
549586 127 1 1 4 6 17
549839 68 0 1 6 6 17
550003 87 1 1 4 6 20
550382 37 1 0 4 6 19
553660 184 1 1 6 6 13
554545 90 1 1 4 6 18
554712 41 1 1 8 6 18
556856 96 1 1 6 6 16
558842 20 0 1 4 6 16
561426 58 1 1 6 6 16
562477 95 1 1 3 6 18
562796 52 1 1 6 6 15
563456 87 1 1 9 6 16
564132 51 1 1 4 6 91
564207 125 1 1 6 6 17
565081 56 1 0 9 6 17
565477 78 1 1 6 6 17
566043 145 0 1 4 6 14
570771 147 1 0 9 6 14
571255 111 1 0 4 6 18
571347 75 1 1 6 6 14
571524 56 1 0 2 6 12
571615 122 1 0 4 6 14
571617 16 1 0 2 5 15
571619 111 1 0 1 6 13
571677 13 1 1 9 5 20
574790 153 1 1 6 6 16
574987 80 1 1 6 5 16
575089 36 1 1 9 6 19
575103 122 1 1 6 5 15
575132 62 1 1 4 6 18
575157 47 1 0 9 6 17
575875 48 1 1 8 6 15
576422 24 1 1 6 6 29
576457 150 1 0 2 6 15
576490 29 1 0 1 6 19
576492 117 1 0 6 6 16
576528 35 1 0 6 5 18
576534 141 1 1 1 6 13
576730 24 1 1 6 6 18
576734 92 1 0 2 5 15
576745 68 1 0 4 6 18
576884 101 1 0 4 5 16
576928 112 1 1 6 6 19
577588 78 0 1 6 6 18
581383 64 1 1 9 6 18
587154 42 1 1 6 6 15
589998 84 1 1 6 6 19
591407 19 1 0 9 6 16
591458 30 1 0 2 5 19
591830 84 1 1 4 6 18
601628 63 1 1 6 6 15
605892 67 0 0 4 6 16
608226 245 1 0 8 6 17
608504 36 0 1 4 6 20
608844 132 1 1 6 6 19
614755 85 1 0 9 6 18
615138 72 1 1 6 6 14
626632 50 1 1 6 6 13
627236 22 0 1 6 6 20
627533 91 0 1 4 6 17
627567 25 1 1 6 5 15
627679 6 1 1 2 5 18
627680 129 1 1 6 6 18
627708 47 1 1 6 5 18
627782 94 1 0 4 6 15
629630 211 1 0 6 6 13
630267 15 1 0 3 6 29
633050 56 1 1 8 6 13
633583 44 1 0 6 5 18
639372 21 1 0 9 6 20
642904 34 1 1 6 6 13
647493 15 1 0 4 6 16
648357 60 1 1 8 6 13
648431 108 1 1 6 6 16
651365 36 1 1 2 6 22
655583 16 1 1 6 6 17
664788 44 1 1 4 6 15
672061 99 1 1 4 6 15
672089 48 1 1 4 6 16
673123 69 1 1 6 6 15
677225 21 1 0 4 6 18
689602 260 1 1 6 6 18
700912 104 1 0 6 6 18
723470 102 1 1 8 5 14
723810 85 1 1 6 6 16
724417 43 1 1 4 6 16
724472 88 1 0 6 6 16
724637 47 1 1 6 6 14
724644 90 1 1 2 6 17
725991 65 1 1 6 6 15
729120 106 1 0 8 6 16
730656 14 1 1 8 5 28
730824 76 1 1 6 6 17
730843 66 1 1 4 6 20
730952 155 1 1 8 6 15
731086 83 1 1 8 5 21
737267 20 1 1 2 6 11
738780 86 1 0 6 6 16
746051 46 1 0 4 6 18
749339 55 1 1 8 6 19
750391 28 1 1 6 6 16
751508 123 1 1 4 6 18
751920 69 1 0 9 6 15
752108 63 1 1 8 6 18
752515 101 1 1 4 6 20
752660 52 0 1 4 6 16
752785 74 1 0 4 5 17
753643 60 1 1 6 6 19
753921 149 1 1 8 6 16
755755 6 0 0 4 6 16
756549 125 1 0 4 6 18
756788 40 1 1 4 5 19
757770 16 1 1 4 6 19
763585 75 1 1 8 6 18
767057 92 0 0 4 6 16
767184 86 1 1 9 6 15
768876 33 0 1 6 6 20
769618 58 1 1 2 6 20
769619 36 1 1 2 6 18
769638 151 1 0 6 6 15
769930 59 1 1 2 6 17
775004 20 1 0 4 6 18
775789 22 1 0 4 5 16
779970 9 1 1 4 6 22
781840 103 1 0 6 6 15
783042 15 1 1 6 6 18
784510 53 1 0 9 6 17
784804 13 1 0 4 5 22
785113 22 1 1 4 6 16
785958 18 1 1 4 6 20
797845 63 1 1 6 6 17
801276 86 1 1 6 6 13
807114 50 1 1 2 6 15
808511 35 1 1 9 6 19
808971 30 1 1 6 6 16
809916 5 1 1 2 5 20
809945 53 1 1 2 6 13
809946 16 1 0 2 5 12
810447 41 1 1 4 6 16
810483 38 1 1 6 5 16
814435 19 1 1 4 6 17
819927 14 1 1 4 6 15
821556 118 1 1 6 6 19
822870 29 1 1 6 6 15
823442 41 0 1 7 6 15
824836 34 1 1 8 5 29
826525 59 1 1 9 6 17
826595 52 1 1 4 6 18
827739 11 1 0 2 6 17
827914 28 1 0 8 6 12
830455 29 1 0 4 6 13
830456 132 1 1 6 6 15
830457 75 1 0 2 6 12
830515 113 1 0 2 6 11
835309 22 1 1 6 6 15
836180 128 1 0 2 6 14
845725 45 1 1 8 6 18
845854 78 1 0 6 6 15
851972 30 1 1 9 6 16
857653 7 1 1 6 6 17
863191 64 1 0 6 6 17
873900 83 0 1 4 6 18
878837 62 1 0 2 5 15
881900 14 1 1 2 5 17
885452 32 1 1 6 6 17
886852 71 1 1 6 6 16
888857 39 1 1 4 6 17
889292 73 1 1 4 6 22
890314 32 1 1 6 6 12
892260 26 1 1 6 6 18
902439 32 1 1 6 5 16
903418 6 1 1 4 6 17
903732 5 1 1 4 6 17
903927 31 1 0 8 6 18
906251 37 1 1 8 6 15
906263 52 1 1 8 5 14
912182 50 1 1 1 6 14
915989 30 1 1 8 6 16
917607 75 1 1 6 6 18
921554 52 1 1 4 6 15
924295 32 1 1 8 5 18
926926 43 1 1 6 6 20
932264 49 1 1 6 6 12
935165 74 1 1 6 6 17
943125 44 1 1 8 6 20
945331 76 1 1 6 6 15
945964 44 1 1 7 6 16
946663 27 1 1 6 5 19
947177 17 1 0 2 6 18
948265 29 1 1 6 6 17
953148 20 1 0 8 6 10
953161 28 1 0 8 6 10
953834 77 0 1 4 6 19
954503 33 1 1 9 6 15
961938 44 1 0 9 5 18
963020 21 1 1 4 5 14
963087 19 1 1 6 6 13
963091 25 1 1 6 6 17
963185 63 1 1 6 6 17
963647 51 1 1 8 6 16
967328 34 1 1 8 6 19
973047 14 1 1 4 6 17
973285 56 1 1 8 6 17
980241 37 1 1 1 5 17
992520 18 1 1 2 6 16
1001211 63 1 1 6 6 12
1001461 59 1 1 6 6 12
1001521 71 1 0 6 6 13
1002916 135 1 1 8 6 16
1002984 53 1 1 8 6 15
1006344 85 1 1 6 6 16
1017195 15 1 1 4 6 16
1025882 28 1 1 2 6 20
1027125 23 1 1 9 6 15
1027198 105 1 1 8 6 12
1027199 7 1 0 2 6 19
1027491 10 1 1 6 5 29
1027566 11 1 1 4 6 17
1027597 14 1 1 4 6 17
1027709 23 1 1 8 6 17
1028035 13 1 1 2 6 16
1028036 38 1 0 6 6 14
1028063 52 1 1 6 6 15
1028180 7 1 1 8 5 14
1028441 63 1 1 8 6 11
1028492 19 1 0 6 6 25
1028526 54 1 1 1 6 16
1028527 9 1 1 4 6 18
1028528 49 1 1 4 6 17
1028529 31 1 1 4 6 15
1028530 3 1 1 4 6 18
1028550 27 1 1 6 6 18
1028566 3 1 1 2 5 13
1028593 43 1 1 8 6 16
1028594 11 1 1 6 6 17
1028595 12 1 1 4 6 16
1028597 29 1 1 6 6 16
1028688 18 1 1 4 5 17
1028728 36 1 0 6 6 17
1028795 9 0 1 6 6 22
1028810 9 1 1 6 5 24
1028835 82 0 1 6 6 15
1028846 69 1 1 6 6 14
1028873 8 0 1 6 6 19
1028874 52 1 0 6 5 15
1028877 24 1 1 6 6 16
1028905 14 1 1 6 6 16
1028916 27 1 1 4 6 20
1028917 9 1 1 4 6 16
1028918 6 1 0 6 6 17
1028931 6 1 0 9 5 18
1028932 5 1 1 6 6 13
1028933 14 1 1 6 6 14
1028934 4 1 1 4 5 11
1028942 13 1 1 6 6 16
1028943 19 1 1 4 6 19
1028944 8 1 0 2 5 14
1028945 10 0 1 2 6 10
1028953 9 1 0 4 6 18
1028954 12 1 1 4 6 17
1028955 5 1 1 4 6 20
1028970 37 1 1 6 6 25
1028972 7 1 1 6 6 17
1028973 33 1 1 2 6 17
1028996 28 1 1 4 6 15
1028997 14 1 1 6 6 15
1028998 27 1 0 6 6 14
1028999 4 1 1 4 6 20
1029012 4 1 1 6 6 18
1029013 10 1 1 4 6 17
1029014 15 1 1 6 5 16
1029015 9 1 1 1 5 18
1029016 8 0 1 2 6 14
1029017 19 1 1 6 5 16
1029020 45 1 1 6 6 16
1029027 15 1 1 4 6 17
1029034 3 1 0 2 5 17
1029035 9 1 1 2 5 12
1029036 10 1 1 2 5 20
1029037 18 1 1 4 5 20
1029038 21 1 1 4 6 18
1029039 6 1 1 4 5 17
1029063 9 1 1 4 6 21
1029064 22 1 0 2 6 15
1029072 46 1 1 6 6 17
1029073 7 1 1 8 6 17
1029074 85 1 1 2 6 29
1029262 95 1 1 4 6 15
1029424 23 1 1 6 6 16
1029455 70 1 1 7 6 29
1029495 19 1 1 9 5 12
1029520 25 1 1 6 5 15
