171880
19
332
171880 306 1 1 3 6 25
84 23 0 0 3 6 19
654 64 0 0 0 6 19
2032 124 0 0 1 6 20
3159 130 0 0 7 6 17
7679 26 1 0 4 6 21
8755 124 0 0 6 6 19
9755 74 0 0 0 6 25
13978 26 0 0 0 6 20
18894 29 0 0 3 6 18
21699 94 0 0 0 6 23
22001 111 0 0 3 6 19
22506 122 0 0 0 6 19
24017 20 0 0 3 6 28
27355 24 0 0 0 6 19
29984 160 1 0 3 6 19
33293 291 1 0 3 6 22
33310 67 0 0 3 6 19
39227 10 0 0 4 6 27
39850 65 1 0 3 6 23
43400 87 1 0 3 6 18
43885 177 1 0 3 6 19
46146 301 1 0 8 6 19
46808 26 0 1 3 6 25
47552 54 0 0 3 6 26
49334 18 0 0 2 6 25
50909 103 0 0 3 6 16
52085 121 1 0 4 6 19
52551 31 0 0 3 6 20
53338 33 0 0 3 6 23
54319 16 1 0 4 6 25
56005 100 0 0 3 6 18
56378 198 0 0 3 6 19
57018 49 0 0 3 6 18
57297 135 0 0 7 6 22
57620 88 1 0 5 6 21
58230 86 0 0 3 6 18
58435 29 0 0 3 6 21
58594 65 0 0 0 6 21
58959 75 0 0 2 6 19
61933 144 1 0 6 6 18
62582 92 1 0 4 6 19
63764 43 0 0 3 5 18
63870 49 0 0 3 6 20
69018 158 1 0 0 6 17
69280 76 0 0 3 6 19
70327 8 0 0 6 6 29
70435 313 0 0 1 5 23
80591 216 1 0 3 6 19
80687 87 1 0 3 6 17
81240 55 0 0 3 5 16
81241 199 1 0 3 6 17
81881 26 0 0 1 6 21
81896 46 0 0 3 6 23
82021 72 0 0 3 6 22
82182 44 0 0 3 6 20
82666 63 0 0 3 6 20
82855 67 0 0 5 6 21
83617 25 0 0 4 6 20
83851 156 0 0 5 6 25
86363 96 1 0 4 6 21
86861 67 0 0 4 6 25
88615 107 1 0 8 6 19
90400 19 0 0 5 6 20
90677 102 0 0 7 6 20
90785 155 0 0 3 6 18
90879 70 0 0 3 6 20
100568 92 1 0 3 5 18
100693 54 1 0 3 6 21
100695 53 0 0 3 6 19
100697 58 1 0 3 6 22
100783 104 0 0 4 6 20
100912 129 1 0 3 6 19
101541 58 1 0 3 6 22
102546 51 0 0 3 6 18
102549 117 1 0 3 6 21
103254 30 0 0 3 6 19
108255 78 1 0 3 6 23
109309 42 0 0 3 6 19
110463 92 0 0 3 6 21
111208 44 0 0 3 6 22
111882 23 0 0 3 6 24
112270 84 1 0 3 5 18
113834 80 0 0 3 6 19
113913 88 1 0 8 6 21
113921 49 1 0 3 6 19
118087 170 1 0 3 6 19
119352 77 0 0 3 6 19
119448 60 1 0 4 6 29
121546 45 0 0 3 6 20
121980 39 0 0 6 6 18
135238 48 0 0 4 6 22
137693 39 0 0 3 6 22
144398 82 1 0 3 6 19
146412 27 0 0 3 6 24
146420 23 0 0 3 6 24
150454 48 0 0 7 6 23
151840 109 0 0 3 6 18
153533 67 0 0 4 6 18
154482 68 0 0 3 6 20
154584 4 0 0 3 6 20
157871 36 0 1 3 6 24
159329 96 1 0 4 6 20
162055 105 0 0 1 6 20
164392 52 0 0 3 6 19
174389 10 0 0 3 6 26
175471 105 1 0 3 6 17
176463 19 0 0 4 6 21
178677 172 1 0 3 6 29
179911 76 0 0 3 6 21
179916 157 1 0 3 6 18
180014 60 0 0 3 6 20
181661 13 1 0 3 6 21
183642 14 0 0 4 6 18
185581 85 1 0 3 6 19
187514 135 1 0 3 6 18
190228 58 0 0 3 6 22
194780 25 0 0 3 6 23
198761 117 1 0 3 6 19
200774 54 0 0 3 6 18
202291 50 1 0 3 6 23
204861 54 0 0 3 6 19
205108 139 1 0 3 6 17
205193 44 0 0 3 6 18
205241 121 1 0 3 6 19
207124 84 0 0 7 6 22
210252 91 1 0 4 6 18
211992 118 0 0 3 6 18
212031 102 1 0 3 6 18
212073 50 1 0 3 6 21
214675 111 1 0 3 6 21
218216 125 1 0 3 6 23
218253 29 0 0 3 6 25
229512 71 0 0 3 6 17
231126 48 0 0 8 6 19
240203 16 0 0 3 6 25
241353 51 0 0 4 5 17
241913 79 0 0 3 6 19
247803 9 0 0 9 5 20
249860 41 0 0 3 6 24
249900 102 1 0 3 6 18
250041 86 1 0 3 6 20
251156 118 1 0 3 6 20
251158 59 0 0 3 6 19
251271 47 0 0 3 6 20
251332 45 0 0 3 6 20
251357 82 0 0 5 6 19
254432 33 0 0 0 6 21
257254 17 0 0 3 6 24
257259 9 0 0 3 6 23
260118 46 0 0 3 6 18
262452 72 1 0 5 6 19
263151 88 1 0 3 6 23
263297 136 1 0 3 6 21
263329 130 1 0 3 6 22
263333 205 1 0 3 6 19
263337 34 0 0 3 6 19
263339 49 0 0 3 6 18
263350 213 1 0 3 6 21
263381 70 0 0 3 6 20
263382 49 1 0 3 6 22
263564 144 1 0 3 6 19
263572 98 0 0 3 5 18
263576 54 0 0 4 6 22
263599 80 1 0 3 6 18
263603 40 0 0 3 6 19
263634 35 0 0 3 6 22
263639 96 0 0 3 5 19
263819 69 0 0 3 6 19
264130 91 0 0 4 6 21
264270 69 0 0 3 6 19
265301 28 0 0 3 6 18
265841 155 1 0 3 6 18
271227 148 1 0 3 6 19
271512 105 1 0 3 6 20
278164 60 0 0 3 6 23
278177 59 0 0 5 6 22
278263 39 0 0 5 6 27
278623 48 1 0 3 6 19
278862 46 0 0 3 5 20
283993 34 0 0 3 6 19
290122 67 1 0 3 6 16
291246 23 0 0 4 6 21
291555 67 0 0 6 6 19
292378 160 1 0 7 6 24
294573 10 0 0 4 6 23
296408 56 1 0 3 6 17
296494 10 1 0 4 5 18
298903 45 0 0 3 6 18
299044 35 0 0 3 6 20
299075 60 1 0 3 6 21
299366 164 1 0 3 6 18
300260 37 0 0 3 6 20
304612 45 0 0 3 6 17
304814 46 0 0 4 6 20
309289 63 1 0 3 6 18
310589 20 0 0 3 6 19
312204 25 0 0 3 6 19
312250 27 0 0 3 6 18
314393 111 1 0 3 6 20
314473 17 0 0 3 6 22
316101 140 0 0 7 6 23
317604 13 0 0 7 6 25
318177 21 0 0 3 6 23
318585 35 0 0 6 6 19
319766 79 0 0 3 6 19
327548 66 1 0 3 6 17
327826 100 1 0 3 5 18
327961 51 0 0 2 6 25
328458 38 0 0 3 6 25
329139 44 1 0 3 5 24
329148 110 1 1 3 6 25
336412 106 1 0 4 6 20
338188 65 0 0 3 6 19
338336 27 0 0 4 6 27
339489 33 0 0 3 6 19
340323 90 1 0 3 6 18
344552 120 1 0 3 6 18
350974 168 1 0 4 6 19
355928 46 0 0 3 6 18
357385 103 1 0 3 6 18
357763 38 1 0 7 6 31
361766 170 1 0 3 6 19
362864 89 0 0 3 6 18
363873 59 0 0 7 6 17
371892 3 1 0 3 5 19
386682 4 0 0 4 6 19
405349 28 0 0 3 6 27
406456 42 0 0 3 6 20
409998 114 1 0 3 6 24
413068 46 0 0 1 6 18
420732 109 1 0 3 6 21
423599 99 1 0 3 6 20
424618 111 1 0 3 6 19
426849 92 0 0 3 6 18
428167 83 1 0 3 6 17
428432 36 0 0 3 6 30
428969 50 0 0 3 6 18
428970 67 1 0 4 6 18
429996 51 0 0 4 6 20
430728 56 0 0 3 6 21
431485 64 0 0 3 6 18
432307 53 1 0 3 6 18
432360 24 0 0 3 6 19
432425 50 1 0 3 6 31
432865 11 0 0 4 6 21
434030 62 1 0 3 6 28
434268 52 0 0 3 5 20
434440 57 0 0 3 6 20
440557 65 1 0 3 5 21
445111 35 0 0 3 6 24
445748 53 0 0 6 6 23
449151 21 0 0 1 6 22
449934 86 0 0 3 6 18
449939 115 1 0 3 6 19
449954 138 1 0 3 6 18
450763 23 0 0 4 6 16
451166 30 0 0 3 6 21
451708 97 1 0 3 6 20
458356 13 1 1 3 6 25
461822 45 0 0 3 6 19
463954 39 0 0 3 6 22
464849 79 1 0 3 6 24
470298 74 1 0 3 6 19
477159 42 0 0 3 6 18
485787 21 0 0 3 6 21
496541 70 0 0 3 6 18
499988 80 1 0 1 6 22
501841 56 0 0 3 6 18
523318 58 1 0 3 6 24
532264 12 0 0 3 6 19
532276 52 0 0 3 6 19
533282 131 1 0 3 6 19
538659 19 1 0 1 6 21
539076 60 1 0 1 6 22
542879 98 1 0 4 6 21
566480 50 1 0 3 6 21
575363 29 0 0 3 6 19
575400 67 0 0 3 6 19
620496 29 1 0 4 6 19
631286 12 0 0 3 6 25
637040 15 0 0 7 6 19
678934 16 0 0 3 6 25
683504 73 1 0 3 6 18
686585 18 0 1 3 6 30
718466 5 0 0 3 6 24
724002 44 0 0 7 6 19
749681 16 0 0 3 6 22
756656 7 1 0 4 6 20
778971 31 0 0 3 6 18
820785 6 0 0 3 6 25
832025 17 0 0 3 6 36
856090 9 0 0 7 6 24
912824 17 0 1 3 6 25
916383 29 1 0 5 6 24
954533 14 1 0 5 6 19
984039 5 0 0 6 6 21
989959 6 0 0 3 6 19
992435 8 0 0 3 6 22
997371 4 0 0 3 6 24
998604 41 0 0 3 6 21
1001311 16 0 1 3 6 25
1011596 24 1 0 3 6 25
1044860 7 0 0 3 6 26
1044888 3 1 1 3 5 24
1044899 14 0 1 3 6 26
1044911 1 0 0 3 6 20
