136089
19
544
136089 498 1 1 8 6 20
14397 143 1 1 8 6 15
37535 65 1 0 8 5 24
39456 45 1 0 8 6 19
39494 153 1 0 4 6 20
40289 403 1 0 6 6 21
40507 11 1 0 2 5 20
41183 276 0 0 6 6 18
42582 233 0 0 8 5 19
54950 54 0 0 8 6 15
72892 216 1 0 8 6 17
73125 150 1 1 8 6 15
74962 195 1 0 8 6 19
76190 118 1 0 8 6 20
84177 43 1 0 2 6 18
84542 73 1 0 7 5 16
87953 98 1 1 2 6 21
88049 178 1 1 8 6 16
89260 34 1 0 3 6 21
89727 115 1 0 8 6 15
90149 67 1 0 4 6 20
100684 46 1 1 8 6 30
122673 186 1 0 2 6 15
123550 63 1 0 4 6 19
130063 68 1 0 2 6 19
133167 39 1 0 2 6 19
133416 3 1 0 2 6 18
134491 53 0 0 2 6 19
135128 200 1 0 8 6 17
135587 83 1 0 8 6 17
149366 93 1 0 2 6 16
155141 90 1 0 8 5 19
155367 92 1 1 8 6 24
160152 162 1 0 6 6 18
160713 25 1 0 2 6 17
166503 222 1 0 9 6 17
166512 103 1 0 4 6 20
166600 218 1 0 8 5 18
171147 123 1 0 8 6 18
175460 40 1 0 2 6 18
179424 237 1 1 8 6 16
180580 19 0 0 6 6 14
184711 95 1 0 6 6 18
188104 46 1 0 8 6 14
188299 233 1 0 8 6 18
188979 63 1 0 2 6 18
199344 64 1 0 8 6 18
205630 193 1 0 8 6 18
206659 106 1 0 8 6 20
206793 59 0 0 8 6 19
206841 38 0 0 8 6 21
211207 212 1 0 8 5 19
219531 59 1 0 8 6 26
224620 444 1 0 8 6 18
225043 169 1 0 8 5 19
226709 60 1 0 8 6 20
226786 160 1 0 2 6 16
226955 104 1 0 8 6 17
230011 158 1 0 8 5 18
231064 73 1 0 8 6 14
234166 71 0 0 9 6 19
234497 288 1 0 8 6 23
239312 185 1 1 9 6 21
239314 178 1 1 4 6 22
244609 19 1 0 8 6 20
250751 267 1 0 8 6 21
258517 105 1 0 8 6 21
261947 151 1 0 8 6 17
267336 105 1 0 8 6 17
267340 25 1 0 8 6 16
267343 27 1 0 8 6 17
267345 28 1 0 8 6 18
267348 275 1 1 8 6 17
267402 11 1 1 8 6 14
267403 17 1 0 2 6 15
267404 164 1 1 6 6 17
267408 9 1 0 2 5 29
267409 37 1 1 2 5 15
267411 10 1 1 4 5 12
267519 80 1 0 6 6 16
268742 98 1 0 8 6 16
268797 110 1 0 8 6 15
268816 67 1 1 8 6 18
269066 203 1 0 6 6 16
271844 15 1 0 4 6 19
272481 227 0 0 6 6 19
280274 177 0 0 6 6 19
280619 41 1 0 8 6 16
282245 106 1 0 5 6 20
282337 174 1 0 8 6 18
282428 93 1 0 9 6 15
282664 74 1 0 6 6 18
282717 144 1 0 2 6 15
283375 118 1 0 6 6 17
284311 155 1 0 4 6 19
286201 291 1 0 6 6 17
286626 89 1 0 6 6 17
287035 35 1 0 1 6 17
290314 57 1 0 7 6 16
292159 74 0 0 6 6 16
300587 38 1 0 7 6 16
305500 14 0 0 1 6 19
307347 40 1 0 8 6 21
313176 173 1 0 5 6 17
313216 29 1 0 6 6 19
320065 87 1 0 8 6 17
320097 113 1 0 6 6 20
320170 94 1 0 8 5 20
320290 120 1 0 6 6 16
320386 60 1 0 8 6 18
320497 155 0 0 7 6 21
320530 152 1 0 8 6 17
320809 68 1 0 6 6 17
320858 16 1 0 8 6 19
321545 115 1 0 8 6 23
322121 178 0 0 8 6 22
326941 32 0 0 6 5 25
332794 67 1 0 6 6 18
332937 205 1 0 2 6 15
334064 121 1 0 7 6 17
338914 19 1 1 0 6 29
343618 53 0 0 8 6 19
345604 15 1 0 8 6 19
347044 105 1 1 8 6 18
351380 28 1 0 2 6 11
351470 58 1 0 6 6 27
354264 121 1 0 8 6 17
354266 62 1 0 8 6 17
354300 82 1 0 8 6 25
354301 56 1 0 8 6 19
354344 112 1 0 8 6 17
354370 283 1 0 2 6 18
354375 142 1 0 8 6 17
355382 198 1 0 8 6 14
355589 42 1 0 6 6 17
356067 149 1 0 8 6 18
356109 140 0 0 8 6 17
356345 44 1 0 8 6 17
359682 192 1 0 8 6 16
364982 85 1 0 8 6 17
368504 103 1 0 8 6 17
374274 30 1 1 8 5 25
374859 84 1 1 8 6 13
374923 102 1 0 8 6 21
375178 83 1 1 8 6 19
375659 38 1 1 8 6 20
375675 75 1 1 6 6 19
382619 104 1 0 8 6 18
383183 63 1 0 8 6 17
383323 45 0 0 4 6 19
384229 100 0 0 8 6 19
385088 31 1 0 6 6 18
389138 18 1 0 8 6 20
395873 167 1 0 8 6 14
426122 17 1 0 9 5 27
428900 60 1 0 6 6 21
428942 103 0 0 8 6 16
432018 71 1 0 3 6 20
432164 259 1 0 8 6 18
432802 96 1 0 8 5 19
432831 56 1 0 8 5 19
432833 87 1 0 8 6 19
432885 46 1 0 8 6 20
432980 146 1 0 8 6 18
433056 20 1 0 6 5 17
433894 30 0 0 8 6 22
437613 100 1 0 8 6 15
439882 65 0 0 2 6 15
440207 62 1 0 1 6 17
442389 54 1 1 8 6 19
444565 4 1 0 2 6 18
445150 120 1 0 8 6 18
447027 22 1 0 2 5 21
451759 40 0 0 8 6 18
454176 56 1 0 8 6 20
454180 28 1 0 8 6 17
454297 153 1 0 8 6 21
454304 41 1 0 3 6 17
454832 95 1 0 8 6 20
454860 58 1 0 8 6 21
454894 107 1 0 8 6 21
454896 14 1 0 8 6 21
454906 116 1 0 8 6 18
458952 23 1 0 8 6 16
459410 44 1 0 8 6 20
459584 84 1 0 8 6 17
462663 318 0 0 4 6 16
462950 119 1 0 8 6 17
462996 41 0 0 8 5 17
466421 26 0 0 8 6 18
466775 97 1 0 8 6 21
466781 234 1 0 8 6 16
467889 17 1 0 9 6 17
467987 35 1 0 6 6 18
469467 22 1 0 8 6 18
469572 35 1 0 8 6 23
470180 153 1 0 8 6 18
470566 52 1 0 6 6 24
470619 23 1 0 6 6 18
471008 107 0 0 4 6 22
476126 32 1 0 6 6 19
480580 69 1 0 8 6 17
483605 110 1 0 2 6 15
484549 44 1 1 8 6 16
491322 23 1 1 6 5 20
493897 86 1 0 6 5 19
499598 37 1 1 2 6 18
500108 131 0 0 8 6 20
500995 62 1 0 8 6 18
503978 20 1 0 8 6 12
504173 101 1 1 8 6 23
504613 60 1 0 2 6 21
504626 70 1 0 6 6 16
504645 118 1 1 0 6 19
504649 54 1 1 8 6 14
504828 200 1 0 8 6 17
505534 113 1 0 6 6 15
505816 102 1 0 8 6 15
506282 39 1 0 8 6 19
507621 70 1 0 9 6 21
507705 62 1 0 8 6 17
508674 107 0 0 8 6 19
508779 136 1 1 8 6 18
509108 44 1 0 4 6 13
510319 155 1 0 8 6 15
510415 61 1 0 8 5 21
510493 5 1 0 8 6 15
512805 83 1 1 8 6 15
514053 45 1 1 8 5 16
517332 120 1 1 8 6 19
517812 54 1 0 2 6 17
518016 76 1 0 6 6 20
518351 27 1 0 6 5 10
518353 33 1 0 2 6 35
518797 150 0 0 8 6 18
520492 32 1 0 6 5 17
520861 63 1 1 8 6 19
520880 108 1 1 8 6 24
520942 76 0 0 8 6 16
521588 155 0 0 8 6 18
522585 37 1 0 6 5 16
522818 32 1 0 2 6 18
522821 80 1 0 8 6 18
522823 23 1 0 8 5 18
522869 18 0 0 6 5 1
531996 11 1 0 8 6 12
532039 18 1 0 8 6 15
533298 57 0 0 5 5 15
533764 104 1 0 2 6 17
539514 60 1 0 0 6 16
540687 29 1 0 9 6 18
550668 9 1 0 6 5 19
558674 91 1 1 8 6 20
560105 13 0 0 8 6 20
560183 61 1 0 2 6 14
564253 123 1 1 8 6 17
564473 91 1 1 8 6 18
565412 122 1 1 8 6 18
566786 33 1 1 8 5 1
568533 63 1 0 6 6 19
571383 14 1 0 8 5 16
574302 145 1 0 6 6 15
574632 54 1 0 8 6 16
576816 36 1 0 2 6 15
579580 85 1 0 8 6 23
581688 16 1 0 0 5 16
589080 47 1 1 8 6 30
595680 125 0 0 6 6 17
607803 56 1 0 8 6 14
610710 45 1 1 8 6 17
611574 47 1 0 8 6 18
611883 134 1 1 8 6 19
614548 42 1 0 8 6 16
617121 87 1 0 8 6 18
617952 152 1 0 4 6 18
619022 13 1 0 8 6 23
620321 63 1 0 4 6 18
624300 80 1 0 8 6 26
627042 3 1 0 8 5 21
633518 13 1 0 8 5 17
641262 51 1 0 6 6 5
646633 32 1 0 8 6 25
650237 66 0 1 8 6 19
654510 53 1 1 8 6 16
654630 19 1 0 2 6 16
655179 22 1 0 4 6 15
655301 26 1 0 8 6 17
655393 55 1 0 4 6 17
658172 7 1 1 8 5 22
671478 17 1 0 6 6 13
671511 6 1 0 1 6 36
676697 27 1 0 9 6 16
677590 15 1 1 8 6 15
678897 32 1 0 9 6 15
681312 23 1 0 2 6 19
686329 2 1 0 2 5 29
700907 9 1 0 8 6 16
700974 66 1 0 8 6 18
701643 11 1 1 8 6 21
704635 25 0 0 9 5 20
709115 8 1 0 7 5 19
712985 32 1 0 1 6 17
717201 32 1 0 8 6 22
721442 33 1 0 2 6 16
724141 54 1 0 8 6 13
739387 6 1 0 1 5 22
741370 57 1 0 4 6 43
745573 39 1 0 3 6 15
745618 15 0 0 8 6 20
745994 43 1 0 1 5 13
746777 12 1 0 8 6 13
747260 49 1 0 8 6 1
748157 17 1 0 6 6 14
748283 42 1 0 8 6 14
749143 62 1 0 8 6 18
749574 20 1 0 9 5 32
749994 81 1 0 8 6 20
750426 50 1 0 4 6 18
750456 46 1 0 8 6 16
750741 37 1 0 8 6 18
751018 19 1 0 6 6 12
751332 23 1 0 1 6 19
751885 51 1 0 2 5 14
752661 39 1 0 4 6 21
752672 48 1 0 8 6 15
753836 23 1 0 8 6 13
754290 44 0 1 8 6 10
755123 76 1 0 8 6 14
755125 111 1 0 8 6 20
760231 2 1 1 2 6 20
760276 38 0 0 6 6 18
761485 30 1 1 8 6 18
764000 12 1 0 2 6 23
764281 7 1 0 2 5 16
764326 14 1 0 2 6 18
764563 49 1 0 8 5 18
765811 27 1 0 8 6 19
766615 36 1 0 6 6 13
768183 79 1 0 2 6 15
769031 89 1 0 7 6 15
769620 3 1 0 2 6 13
771511 9 1 1 8 5 19
771512 10 1 0 8 5 20
771515 51 1 1 8 6 28
771595 21 1 1 8 6 26
772756 24 1 0 8 6 17
773014 47 1 0 8 6 20
773587 11 1 0 8 6 22
773633 22 1 1 8 5 24
775457 77 1 0 6 6 20
778109 19 1 0 8 6 20
778997 47 1 0 8 6 15
780621 121 1 0 5 6 27
782642 50 1 0 2 6 17
783281 94 1 0 6 6 17
783756 46 1 0 8 6 18
783973 28 1 0 8 6 20
784059 51 1 0 8 6 18
784108 69 1 0 6 6 17
785148 13 1 0 8 6 13
785350 52 1 0 8 6 23
785470 49 1 0 8 6 18
785964 36 1 0 8 6 18
786402 85 1 0 8 6 21
786617 46 1 0 8 5 15
792054 7 1 0 2 6 18
792451 16 1 0 8 5 14
804980 28 1 0 2 6 17
808054 17 1 1 8 6 13
808071 26 1 0 8 6 15
808559 31 1 0 8 5 18
808903 51 1 0 9 6 21
809803 31 1 0 8 6 20
810890 2 1 0 2 6 20
811040 33 1 0 2 6 14
811060 24 1 0 2 6 16
811195 50 1 0 8 6 28
811549 30 1 0 4 6 18
812616 17 1 0 6 5 18
813014 21 1 0 8 6 17
816391 4 1 0 8 5 15
820121 58 1 0 1 6 16
820330 33 1 0 2 6 22
820510 21 1 0 8 6 29
820539 19 1 0 8 6 14
820540 17 1 0 8 6 17
820926 39 1 0 8 6 27
821355 23 1 0 2 5 29
822763 12 1 0 2 6 15
822840 17 1 1 8 6 22
832503 33 1 1 8 6 12
832505 8 1 1 8 6 12
834875 29 1 0 2 6 16
842154 8 1 0 2 6 19
855776 24 0 0 7 6 19
856385 28 1 0 8 6 17
865068 7 0 0 4 6 19
869178 17 1 0 8 6 17
877923 36 1 0 9 6 18
879339 44 1 0 9 6 19
879383 21 1 0 8 6 16
908319 27 1 0 8 6 16
911146 17 1 1 8 6 9
912453 17 1 0 8 6 31
912457 21 1 0 2 6 23
917266 41 1 1 8 6 11
922667 51 1 0 8 6 15
927088 43 1 0 4 6 19
928450 12 1 0 8 6 18
930448 20 1 0 8 6 17
931718 95 1 1 8 6 13
932989 41 1 1 6 6 15
939070 29 1 0 4 5 23
946378 29 1 0 8 6 38
948828 74 1 0 8 6 15
948942 35 1 0 8 6 15
960230 36 1 0 8 6 12
960232 9 1 1 8 6 21
960270 16 1 1 9 5 19
960273 22 1 1 8 6 18
960319 21 1 1 9 6 20
960328 10 1 0 8 6 37
960331 6 1 1 4 6 22
960762 12 1 1 8 6 23
961972 11 1 1 2 6 49
962177 9 1 0 9 6 16
962362 6 1 1 2 6 22
962390 9 1 0 8 6 17
962391 7 1 1 8 6 15
962414 3 1 1 6 6 20
962415 3 1 1 2 6 16
962417 3 1 0 2 6 16
962439 22 1 1 1 6 13
962440 14 1 0 2 6 21
962467 2 1 0 1 6 15
962468 10 1 0 4 6 111
962478 11 1 0 5 6 15
962499 32 1 0 9 6 25
962509 8 1 0 9 6 17
962510 5 1 0 2 6 17
962577 10 1 1 2 5 17
962578 7 1 0 8 5 19
962593 11 1 1 8 5 10
962613 7 1 0 6 5 28
962622 17 1 0 6 6 23
962735 48 1 0 2 6 20
962736 12 1 0 4 6 26
962737 11 1 0 2 6 16
962761 41 1 0 6 6 17
962762 3 1 0 4 5 20
962763 3 1 0 1 6 14
962785 2 1 0 2 5 13
962790 1 1 0 2 6 22
962791 9 1 0 1 6 20
962794 5 1 0 2 6 20
962795 2 1 0 2 6 1
962799 16 1 0 4 6 18
962800 39 1 0 8 6 17
962801 10 1 0 8 6 13
962802 5 1 0 3 6 16
962803 6 1 0 8 6 13
962804 15 1 1 8 6 12
962805 6 1 1 8 6 13
962806 11 1 0 8 6 19
962840 11 1 0 6 6 13
962841 1 1 0 0 6 13
962842 7 1 0 8 6 19
962843 14 1 0 8 6 14
962844 1 1 0 6 6 17
962845 14 1 0 8 6 13
962846 4 1 0 2 6 12
962847 10 1 0 2 6 14
962865 13 1 0 8 6 17
962866 9 1 0 8 6 16
962867 10 1 0 4 5 17
962868 1 1 0 2 5 17
962872 3 1 0 8 6 23
962873 2 1 0 2 6 19
962874 1 1 0 6 5 29
962875 11 1 0 8 6 19
962890 18 1 1 2 6 19
962891 5 1 0 8 5 23
962892 6 1 0 6 5 20
962894 2 1 0 6 6 18
962895 2 1 0 2 6 18
962896 5 1 0 7 6 23
962897 1 1 0 6 5 23
962898 4 1 1 7 6 22
962903 30 1 0 6 6 13
962904 1 1 0 2 5 32
962905 21 1 0 2 6 22
962981 18 1 0 8 6 18
962982 17 1 0 2 6 13
962990 29 1 0 8 6 14
963001 6 1 0 8 6 35
963002 8 1 1 8 6 27
963003 4 1 1 8 6 14
963004 18 1 0 4 6 16
963021 10 1 0 8 5 16
