42120
19
376
42120 534 1 1 0 6 16
1757 179 1 0 0 6 19
8014 22 1 0 5 6 15
26512 59 1 0 0 6 17
28826 26 1 1 0 6 18
29996 57 1 0 0 6 14
39853 72 1 0 2 6 13
40514 113 1 0 9 6 18
40518 47 1 0 9 6 17
40519 61 1 0 0 6 16
40522 41 1 0 0 6 19
40524 45 0 0 6 6 14
40527 16 1 0 6 6 13
40530 67 1 0 0 6 14
40531 24 1 0 1 6 16
40535 7 1 0 2 5 20
41664 16 1 0 2 6 15
41848 37 1 1 0 6 16
41857 296 1 1 0 6 17
41946 50 1 1 0 6 16
42096 36 1 0 0 6 17
42208 45 1 0 0 6 16
44448 28 1 0 5 6 16
49251 157 0 0 0 6 15
49906 37 1 0 0 6 18
51972 95 0 0 5 6 16
56234 53 1 0 8 6 13
56499 700 1 0 2 6 13
56889 77 1 0 0 6 17
56953 29 1 0 0 6 13
60499 83 0 0 3 6 16
61375 26 0 0 7 6 13
68271 35 0 0 3 6 13
69422 78 0 0 3 6 14
70421 27 1 0 0 6 13
73783 36 0 0 0 6 20
78360 45 1 0 6 6 14
80922 106 1 0 0 6 15
81472 43 0 0 2 6 16
81581 38 1 0 0 6 12
83689 34 1 0 0 6 15
90413 42 0 0 7 6 14
94288 63 1 0 4 6 15
97336 31 0 0 1 6 17
98136 159 1 0 0 6 19
106876 133 1 0 0 6 20
112027 85 1 0 0 5 19
112573 18 1 0 2 6 25
118365 49 1 0 1 6 19
120356 39 1 0 0 6 13
124543 65 1 0 0 6 14
128840 19 0 0 0 6 17
130008 2 0 1 0 6 16
130970 34 1 0 0 6 15
132734 77 1 0 4 6 17
141242 48 1 0 8 6 16
141824 48 1 0 8 6 13
142711 14 1 0 8 6 16
146010 30 0 0 7 6 18
146607 67 0 0 0 6 17
147202 73 1 0 1 6 15
147877 22 0 0 8 6 15
149132 38 1 0 8 6 15
150213 74 1 0 0 6 16
151038 13 0 0 0 6 20
153585 64 1 0 0 5 21
159772 47 1 0 0 6 13
162660 52 0 0 7 6 16
163476 35 1 0 9 6 14
163690 33 0 0 0 6 17
164366 50 1 0 7 6 17
165111 19 1 0 0 6 13
165566 63 1 0 8 6 17
165705 13 0 0 8 6 15
167611 81 1 0 2 6 18
168269 10 1 0 0 6 16
171090 34 1 0 0 6 17
171404 30 1 0 6 6 12
172364 11 0 0 7 6 15
173685 27 1 0 5 6 15
176500 82 0 0 3 6 18
177548 25 0 0 8 6 16
181010 27 1 0 6 6 13
181926 29 1 0 0 6 15
182091 15 0 0 0 6 13
182254 56 1 0 0 6 18
182459 63 1 1 0 6 14
191313 40 1 0 2 6 16
191812 14 1 0 0 6 12
191897 11 1 0 0 5 15
195621 47 1 0 6 6 13
202541 53 0 0 8 6 13
206876 13 1 0 0 6 15
208572 26 1 0 0 6 14
208813 18 1 0 2 6 15
216980 21 1 0 0 5 11
219558 97 1 0 0 6 16
221083 61 0 0 0 6 15
221084 53 1 0 1 6 14
223978 40 1 0 7 6 13
227344 12 1 0 5 6 14
228032 3 1 0 9 6 14
232040 89 1 0 7 6 15
233663 9 1 0 4 6 16
234624 9 1 0 1 5 27
235405 39 1 0 0 6 12
243057 41 1 0 0 6 14
243142 3 1 0 1 6 22
243172 18 1 0 0 6 16
244103 14 1 0 0 6 13
244135 10 0 0 8 6 16
246438 57 1 0 8 6 13
248897 100 0 0 5 6 19
250649 22 0 0 6 6 14
251067 53 0 0 6 6 14
252148 70 1 0 0 5 15
257769 18 1 0 0 6 13
260717 47 1 0 5 6 15
268743 63 0 0 4 6 15
271743 11 1 0 0 5 15
272174 23 0 0 8 6 19
277319 34 0 0 5 6 15
279141 43 1 1 8 6 17
289287 47 1 0 8 6 12
292883 38 1 0 2 6 16
297986 57 0 0 0 6 17
298554 20 1 0 6 6 16
300147 50 1 0 0 6 15
301089 56 1 0 0 6 15
301388 15 1 0 0 6 13
303131 39 1 0 3 6 14
304078 19 1 0 0 6 13
304234 13 1 0 0 6 15
307010 38 1 0 0 6 11
308932 17 0 0 7 6 15
313190 71 1 0 0 6 14
313741 56 1 0 0 6 14
314399 177 1 0 4 6 17
321505 41 1 0 0 6 18
321872 16 1 0 0 6 17
326662 32 0 0 0 6 17
329285 17 1 0 0 6 15
332385 10 0 0 8 6 13
336291 42 1 0 0 6 16
336616 15 1 0 0 6 12
343949 18 1 0 8 6 15
345892 11 1 1 0 6 15
348268 97 1 0 0 6 14
356535 297 1 1 7 6 11
359404 72 1 0 8 6 16
360833 11 0 0 0 5 16
361315 22 1 0 1 5 15
364933 39 1 0 2 6 20
367599 26 1 0 6 6 12
369754 22 0 0 1 6 15
377927 16 1 0 0 6 10
384848 10 1 0 1 6 19
385098 44 0 0 0 6 16
386282 36 1 0 9 6 16
386283 11 1 0 9 5 19
386284 10 1 1 9 6 15
386287 33 1 0 9 6 13
387515 44 1 0 1 6 15
388605 34 1 0 0 6 16
388670 15 1 0 0 5 14
390373 132 1 0 6 6 12
390982 28 1 0 0 6 13
392325 55 1 1 2 6 17
392434 69 0 0 2 6 15
396480 79 1 0 8 6 13
397386 20 1 0 0 6 13
398718 20 0 0 0 6 13
403176 39 1 0 0 6 16
406109 12 1 0 0 6 17
406628 5 0 0 8 6 17
406692 14 1 1 0 6 16
407556 36 1 0 8 6 16
409955 43 1 0 0 6 14
417391 4 1 0 3 5 17
429587 20 1 0 3 6 13
432584 12 1 0 4 6 16
435181 26 1 0 0 6 16
439124 12 1 0 0 6 16
439846 29 1 0 1 6 16
441567 32 1 0 3 6 12
441699 2 1 0 8 6 22
442239 19 1 0 0 6 15
442772 30 1 0 0 6 15
443000 29 1 0 3 6 12
449714 50 1 0 0 6 15
451814 40 0 0 8 6 13
468357 35 1 0 3 6 16
471013 30 1 0 1 6 14
471814 31 1 1 5 6 21
472007 45 1 0 0 6 14
474643 22 0 0 5 6 14
485749 34 1 0 7 6 15
491795 12 1 0 0 6 11
493454 16 1 0 7 6 16
494762 21 1 0 3 6 13
509111 10 1 0 0 6 15
512796 68 1 0 9 6 16
512900 31 1 0 2 5 11
516073 10 1 0 9 6 15
517311 25 1 0 9 6 16
517313 26 1 0 9 6 14
517314 13 1 0 9 6 15
517317 13 1 0 9 6 14
517321 17 1 0 9 6 14
517322 8 0 0 9 6 15
517327 16 1 0 9 6 16
517356 23 1 0 0 6 15
517358 29 1 0 9 6 15
517360 20 1 0 9 6 15
517361 12 1 0 3 6 11
517362 18 1 0 7 6 13
517369 106 1 0 7 6 16
517452 15 1 0 9 6 14
517453 44 1 0 9 5 14
517465 14 1 0 9 6 12
517466 11 1 0 9 6 15
517467 16 1 0 7 6 12
517468 80 1 0 6 6 14
517469 36 1 0 9 6 13
517470 24 1 0 2 6 15
517471 11 1 0 9 6 13
517650 21 1 0 0 6 13
517678 27 1 0 3 5 15
517719 4 1 0 8 5 20
517721 15 1 0 9 6 15
517756 19 1 0 8 5 14
517757 34 1 0 8 6 16
517759 41 1 0 2 6 17
517783 11 1 0 9 6 13
517784 55 0 0 2 6 9
517804 16 1 0 9 6 16
517841 6 0 0 8 6 16
517843 14 1 0 1 6 17
517868 8 1 0 9 6 14
517870 36 1 0 7 6 14
517876 3 1 0 0 6 14
517879 17 1 0 9 6 15
517885 9 1 0 3 6 16
517907 9 1 0 9 6 13
517908 5 1 0 9 6 16
517944 13 1 0 9 6 16
518206 7 1 0 9 5 15
518207 6 1 0 9 5 15
519496 45 1 0 4 6 11
519914 37 1 0 9 6 17
519953 20 1 0 5 6 13
519954 14 1 0 9 6 15
519955 14 1 0 9 5 20
519956 16 1 0 9 6 17
519957 26 1 0 9 6 15
519958 14 1 0 5 6 16
519959 17 1 0 0 6 12
519961 30 1 0 1 6 14
519963 15 1 0 9 6 15
519964 69 1 0 6 6 13
520632 58 1 0 0 6 14
520795 74 1 0 1 6 21
520971 6 1 0 9 6 13
520973 6 1 0 9 6 15
521027 5 1 0 9 6 16
521083 35 1 0 8 6 16
521451 27 1 0 5 6 14
521657 16 1 0 9 5 14
526467 9 1 0 9 5 15
527954 4 1 0 3 6 22
529372 6 1 0 9 6 14
529541 5 1 0 9 6 12
529765 4 1 0 9 6 13
529771 2 1 0 9 5 15
530301 4 1 0 9 6 15
530302 2 1 0 0 6 13
530323 14 1 0 0 6 15
530379 4 1 0 9 6 13
530380 3 1 0 9 6 13
530386 10 1 0 9 6 14
530403 18 1 0 3 6 12
530404 21 1 0 9 6 14
530405 18 1 0 8 6 15
530407 21 1 0 8 6 16
530409 17 1 0 9 6 20
530459 3 1 0 9 5 29
530460 4 1 0 0 5 16
530462 4 1 0 0 5 14
530464 2 1 0 5 6 16
530543 3 1 0 0 6 16
530555 69 1 0 0 6 11
530556 31 1 0 9 6 15
530558 11 0 0 8 6 13
530559 10 1 0 9 6 15
530561 9 1 0 9 6 14
530562 5 1 0 0 6 15
530563 3 1 0 9 5 14
530610 21 1 0 5 6 15
530611 9 1 0 9 6 13
530612 7 1 0 0 6 13
530613 5 1 0 9 5 13
530614 11 1 0 6 6 12
530616 2 1 0 2 5 14
530620 4 1 0 3 6 16
530641 22 0 0 8 6 16
530657 30 1 0 8 6 15
530690 29 1 0 3 6 16
530691 11 1 0 9 6 15
530692 26 0 0 5 6 14
530693 9 1 0 0 5 16
530694 3 1 0 9 5 14
530696 5 1 0 9 5 15
530697 7 1 0 9 6 14
530699 8 1 0 9 6 14
530700 17 1 0 9 6 14
530808 6 1 0 3 6 12
530809 24 1 0 0 5 16
530810 29 1 0 3 6 14
530812 65 1 0 0 6 12
530813 4 0 0 5 6 16
530815 2 1 1 9 5 12
530816 23 1 0 9 5 16
530819 15 1 0 9 5 21
530949 6 1 0 9 5 13
530951 21 0 0 8 6 15
530956 4 1 0 9 5 14
530958 3 1 0 1 5 15
531004 26 1 0 9 5 15
531005 20 1 0 1 6 15
531007 6 1 0 9 5 13
531009 3 1 0 9 5 16
531010 12 1 0 9 5 15
531013 7 1 0 0 5 15
531288 20 1 0 3 6 17
531323 18 1 0 9 5 15
531326 11 1 0 9 5 14
531328 7 1 0 9 5 16
531331 2 1 0 2 5 13
531333 5 1 0 7 5 15
531336 17 1 0 0 6 16
531425 10 1 0 9 5 15
531429 4 1 0 9 6 17
531430 37 1 0 0 6 16
531432 15 1 0 9 5 15
531437 8 0 0 9 6 16
531439 7 1 0 9 6 16
531441 4 1 0 9 6 14
531443 4 1 0 9 5 17
531463 3 1 0 9 6 15
531490 18 1 0 9 6 14
531491 19 1 0 5 6 13
531492 15 1 0 3 6 15
531493 31 1 0 7 6 16
531494 3 1 0 9 5 17
531495 5 0 0 1 5 15
531496 20 1 0 0 5 11
531497 11 1 0 1 6 14
531554 2 1 0 9 5 15
531557 9 1 0 9 6 14
531558 36 1 0 0 6 14
531559 6 1 0 9 6 14
531560 24 1 0 8 6 16
531601 34 1 0 8 6 13
531631 4 1 0 0 6 16
531642 3 1 0 9 6 12
531671 24 0 0 0 6 15
531708 19 1 0 2 6 14
531758 20 0 0 0 6 16
531761 22 1 1 0 5 17
531762 25 1 0 0 6 17
531763 34 1 0 0 6 17
531764 17 1 1 0 6 17
531951 3 1 0 2 6 17
532249 7 1 0 5 6 13
532624 22 1 1 0 6 14
532668 4 1 0 6 5 13
533343 5 1 0 2 5 16
533888 1 1 0 0 5 14
534745 1 1 0 3 5 19
534746 5 1 0 2 5 14
534849 1 1 0 9 5 15
534947 1 0 0 5 6 15
534948 2 1 0 8 6 15
534954 11 1 0 2 6 30
534957 7 1 0 9 6 18
535003 1 1 0 0 6 15
535005 1 1 0 7 6 16
535412 1 1 0 9 6 12
535413 38 1 0 8 6 14
535414 1 1 0 7 6 15
535417 41 1 0 5 6 11
535420 1 1 0 9 6 14
535422 2 1 0 9 6 14
535424 5 1 0 7 6 15
535426 1 1 0 0 6 11
535427 29 1 0 6 6 9
535429 11 1 0 5 6 15
535491 2 1 0 9 6 14
535492 36 1 0 8 6 16
535494 16 1 0 1 6 16
535511 20 1 0 6 6 13
535514 31 1 0 5 6 13
535719 31 1 0 8 6 13
535721 1 1 0 8 6 15
535802 31 1 0 6 6 14
535804 3 1 0 0 6 16
535805 4 1 0 0 6 16
535806 1 0 0 7 6 13
535807 1 1 0 3 6 11
535810 3 1 0 1 5 16
535811 4 1 0 6 6 13
535859 1 1 0 0 5 15
535880 1 1 0 9 6 13
535881 5 1 0 8 6 14
535888 10 1 0 0 6 12
535889 4 1 0 0 5 17
535926 1 1 0 2 5 15
535927 4 1 0 2 5 13
535928 5 1 0 8 5 16
535929 5 1 0 6 5 15
535930 1 1 0 0 5 16
535931 3 1 0 9 6 13
535998 2 1 0 9 6 13
536001 1 1 0 9 5 14
536002 13 1 0 1 6 24
536003 1 1 0 8 5 13
536005 4 1 0 9 6 13
536006 16 1 0 0 6 11
536015 11 0 0 7 6 13
536016 2 1 0 9 6 15
536051 5 1 0 3 6 16
536056 2 1 1 1 6 19
536060 1 1 0 9 5 16
536062 1 1 0 1 5 19
536098 1 1 0 0 6 24
536103 10 1 0 5 6 12
536148 1 1 0 0 5 15
536150 7 1 0 9 5 14
536151 1 1 0 9 5 17
536152 3 1 0 9 5 16
536153 3 1 0 9 5 14
536154 4 1 0 0 5 15
536222 1 1 0 9 5 14
536229 8 1 0 0 5 15
536232 3 1 0 3 6 28
536233 2 1 0 9 5 13
536235 26 0 0 5 6 16
536275 4 1 0 9 5 15
536281 42 1 0 8 6 14
536282 51 1 0 1 6 13
536283 15 0 0 7 6 14
536285 14 1 0 0 6 13
536287 3 1 0 9 5 14
536297 2 1 0 9 5 13
536298 6 1 0 9 5 15
536304 2 1 0 9 5 13
536306 1 1 0 9 5 14
536317 2 1 0 2 5 14
536318 1 1 0 9 5 16
536352 1 0 0 0 5 16
536354 1 0 0 8 6 18
536378 1 1 0 9 5 18
536380 6 1 0 0 6 13
536381 3 1 0 6 5 16
536383 1 1 0 9 5 16
536385 9 0 0 8 6 16
536446 3 1 0 9 5 16
536447 3 1 0 3 6 14
536448 1 1 0 9 5 15
536508 7 1 0 9 5 16
536511 4 0 0 9 6 16
536552 1 1 0 9 5 13
536553 19 1 0 0 6 11
536554 1 1 0 9 5 14
536555 1 1 0 9 5 15
536557 7 1 0 9 5 15
536595 8 1 0 3 6 10
536598 1 1 0 9 5 15
536600 5 0 0 9 6 16
536602 3 1 0 3 5 9
536603 43 0 0 3 6 14
536652 4 1 0 9 5 14
536653 1 1 0 9 5 14
536654 4 1 0 9 5 16
536655 7 1 0 9 5 17
536656 1 1 0 9 5 17
536658 32 1 0 2 6 15
536688 10 1 0 0 6 14
536689 1 1 0 9 5 15
536691 1 1 0 9 5 15
536692 3 1 0 9 5 16
536693 1 1 0 9 5 14
536694 1 1 0 9 5 15
536695 3 1 0 9 5 14
536697 1 1 0 9 5 17
536768 5 1 0 9 5 15
536769 1 1 0 9 5 18
536770 10 0 0 5 6 13
536772 5 1 0 9 5 15
536773 3 1 0 9 5 14
536775 1 1 0 9 5 13
536853 2 1 0 9 5 14
536855 11 1 0 9 5 15
536856 11 1 0 9 5 15
536859 2 1 0 9 5 15
536860 2 1 0 0 5 13
536861 1 1 0 2 5 15
536862 1 1 0 9 5 16
536894 25 1 0 1 6 16
536897 26 0 0 8 6 13
536898 12 1 0 9 6 16
536900 1 1 0 0 5 11
536954 8 1 0 9 5 13
536956 2 1 0 9 5 16
536958 4 0 0 6 5 23
537006 1 1 0 9 5 16
537007 3 1 0 9 5 15
537008 32 1 0 0 6 16
537010 7 1 0 1 5 17
537011 14 0 0 7 6 16
537012 4 1 0 9 5 14
537093 12 1 0 3 6 13
537094 3 1 0 9 5 16
537198 11 1 0 0 5 15
537199 6 1 1 0 5 16
537200 3 1 0 0 6 15
537201 34 1 0 0 6 11
537202 2 1 0 8 6 13
537204 10 1 0 8 5 13
537241 39 1 0 0 6 14
537284 2 1 0 8 6 14
537285 5 0 1 8 5 18
537286 1 1 0 0 6 21
537287 6 1 1 0 6 19
537360 7 1 0 0 6 11
