1022
19
384
1022 643 1 1 0 6 21
29 53 1 0 0 6 19
88 28 0 0 0 6 18
143 104 1 0 0 6 21
170 28 0 0 0 6 19
472 90 0 0 0 6 21
480 55 1 0 0 6 18
482 107 1 0 0 6 17
485 94 1 0 0 6 19
487 123 1 0 0 6 20
499 45 1 0 0 6 20
517 46 0 0 0 6 20
531 84 1 0 0 6 21
556 29 0 0 0 6 20
559 159 1 0 0 6 18
579 85 0 0 0 6 22
585 360 1 0 0 6 21
598 96 1 0 0 6 21
644 88 0 0 0 6 18
650 237 1 0 0 6 20
651 35 0 0 0 6 20
655 73 1 0 0 6 19
658 125 0 0 0 5 20
662 64 0 0 0 6 21
738 45 0 0 0 6 20
773 61 0 0 0 6 21
779 51 0 0 4 6 20
786 81 1 0 0 6 21
787 77 1 1 0 6 22
800 70 1 0 0 6 22
801 154 1 1 0 6 21
809 51 1 0 0 6 20
833 44 0 0 4 6 20
835 110 1 1 0 6 21
854 126 1 0 0 6 21
873 97 1 0 0 6 19
933 58 1 0 0 6 23
1021 235 1 1 4 6 22
1058 85 0 0 0 6 19
1086 60 0 0 0 6 21
1219 108 1 0 0 6 18
1279 47 0 0 0 6 20
1284 76 1 0 0 6 18
1335 81 1 0 0 6 16
1351 45 0 0 0 6 20
1426 56 0 0 0 6 16
1593 60 0 1 0 6 21
1613 87 1 0 0 6 18
1633 59 0 0 4 6 20
1732 133 1 0 0 6 19
1762 27 1 0 0 6 20
1765 140 1 0 0 6 20
1848 174 1 0 0 5 19
1854 119 1 0 0 6 18
1976 95 0 0 0 6 21
1984 69 1 0 0 6 21
1998 56 0 0 0 6 23
2104 67 0 0 0 6 21
2257 189 1 0 9 6 22
2335 28 0 0 0 6 17
2339 56 1 0 0 5 17
2447 86 0 0 0 6 17
2497 54 1 0 0 6 22
2540 14 1 0 0 6 19
2601 71 0 0 0 6 21
2641 39 1 0 0 6 21
3007 33 0 0 0 6 22
3036 99 1 0 0 6 21
3152 71 0 0 0 6 21
3154 130 1 0 0 6 20
3170 150 1 0 0 6 17
3247 90 1 0 0 6 21
3299 107 0 0 0 6 22
3371 92 0 0 0 6 20
3389 190 1 0 0 6 20
3411 73 0 0 0 6 19
3413 154 1 0 0 6 21
3438 88 1 0 0 6 20
3472 18 0 0 0 6 17
3523 65 0 0 0 6 20
3568 209 1 0 0 6 18
3571 131 0 0 0 6 19
3697 70 1 0 0 6 20
3745 102 1 0 0 6 20
3764 55 1 0 0 6 21
3832 98 0 0 0 6 24
3963 125 0 0 0 6 20
3971 43 0 0 0 6 19
3977 187 1 0 0 6 23
5386 239 1 0 0 6 18
5570 47 0 0 0 6 24
5735 113 1 0 0 6 18
6075 46 0 0 0 6 23
6408 110 1 0 0 6 19
6577 245 1 0 0 6 20
6966 75 0 0 0 6 20
7179 76 1 0 0 6 24
7185 44 0 0 0 6 18
7186 104 1 0 0 6 20
7354 83 1 0 0 6 22
7477 44 0 0 0 6 19
7620 54 0 1 0 6 22
7891 194 1 0 0 6 20
7935 63 1 0 0 5 21
8066 214 1 0 4 6 19
8092 41 1 0 0 6 18
8095 65 0 0 0 6 20
8100 68 1 0 0 6 18
8121 165 0 0 0 6 19
8298 46 1 0 0 6 20
8359 37 0 0 0 6 18
8388 74 1 0 0 6 20
8910 34 0 0 0 6 19
9045 74 1 0 0 6 19
9521 43 0 0 0 6 18
9527 25 1 0 0 6 19
9603 93 0 0 0 6 18
9739 43 0 0 0 6 22
9785 97 1 0 0 6 19
9789 85 1 0 0 6 19
9798 109 0 0 0 6 18
9917 106 1 0 4 6 19
9918 38 1 0 0 6 19
9991 37 0 0 0 6 20
9996 77 0 0 4 6 17
10005 12 0 0 0 6 19
10122 14 0 0 0 6 19
10124 104 1 0 0 6 19
10188 52 0 0 0 6 17
10275 69 0 0 0 6 19
10408 20 0 0 0 6 18
10486 63 1 0 0 6 27
10493 76 1 0 0 6 19
10501 33 0 0 0 6 18
11020 78 0 0 0 6 18
11412 94 1 0 0 6 19
11432 137 1 0 0 6 18
11446 129 0 0 3 6 15
11577 29 0 0 0 6 19
11649 50 0 0 0 6 18
11813 58 0 0 0 6 19
11819 40 1 0 0 6 18
11842 81 1 0 0 6 17
11843 78 1 0 0 6 17
11924 104 0 0 0 6 19
11951 158 0 0 4 6 16
12039 75 1 0 0 6 20
12045 40 0 0 0 6 17
12046 67 0 0 0 6 20
12049 126 1 0 0 6 21
12174 140 1 0 0 6 20
12212 28 1 0 9 5 19
12286 54 1 0 0 6 23
12475 145 1 0 0 6 20
12845 107 1 0 0 6 18
13013 30 1 0 0 6 18
13103 119 1 0 0 6 18
13140 43 1 0 0 6 21
13344 47 0 0 0 6 18
13347 95 0 0 0 6 18
13494 61 1 0 0 6 18
13662 19 1 0 0 6 18
13698 76 0 0 0 6 18
13713 41 1 0 4 6 19
13731 26 0 0 0 6 21
13736 14 0 0 0 6 21
13918 45 1 0 0 6 19
14044 71 1 0 0 6 19
14049 22 0 0 0 6 19
14052 164 0 0 0 6 20
14114 61 0 0 0 6 20
14176 26 0 0 0 6 19
14272 68 1 0 0 6 21
14635 52 0 0 0 6 23
14638 77 1 0 0 6 20
14661 98 1 0 0 6 20
14668 18 0 0 0 6 18
14672 63 1 0 0 6 20
14673 99 1 0 0 6 20
14831 113 1 0 0 6 20
15023 63 1 0 0 6 16
15045 51 0 0 0 6 17
15133 85 0 0 0 5 18
15142 49 0 0 0 6 19
15158 24 0 0 0 6 22
15164 92 1 0 0 6 18
15172 66 0 0 0 6 18
15200 27 0 0 0 6 20
15255 114 1 0 0 6 20
15388 85 1 1 0 6 22
15448 76 1 0 0 6 20
15566 17 0 0 0 6 21
15611 118 1 0 0 6 23
15728 54 1 0 0 6 21
15797 67 1 0 0 6 20
16524 39 0 0 0 6 17
16562 49 1 0 0 6 19
16654 83 1 0 0 6 18
16741 105 1 0 0 6 20
17068 44 0 0 0 6 21
17394 37 0 0 0 6 21
17685 47 1 0 0 6 21
17702 110 1 0 0 6 21
17763 29 1 0 0 6 18
17764 42 1 0 0 6 20
17898 31 1 0 0 6 4
18256 35 1 0 0 6 20
18258 127 1 0 0 6 16
18319 162 1 1 0 6 21
18487 56 0 0 0 6 18
18537 71 0 0 0 6 21
18539 89 1 1 0 6 22
18549 41 0 1 0 6 15
18767 46 0 0 0 6 19
18783 56 0 0 0 6 19
18797 43 0 0 0 6 19
18966 65 1 0 0 6 21
19523 81 0 1 0 6 22
19550 54 0 0 0 6 19
19750 40 0 0 0 6 19
19757 36 1 0 0 6 20
19760 90 1 0 0 6 19
19798 51 0 0 0 6 18
19931 80 1 0 0 6 23
19960 58 1 0 0 6 21
20034 68 0 0 0 6 18
20103 5 0 0 0 6 20
20202 50 0 0 0 6 16
20208 67 1 0 0 6 20
20221 220 1 0 0 6 20
20283 79 1 0 5 6 22
20299 67 1 0 0 6 22
20377 16 0 0 0 6 21
20510 65 1 0 0 6 20
20519 47 0 0 0 6 20
21395 111 1 0 4 6 19
21513 53 1 0 0 6 19
21755 86 1 1 0 6 17
21946 50 0 0 0 6 19
22066 91 1 0 0 6 20
22082 19 0 1 4 6 21
22097 18 0 0 0 6 18
22117 51 0 0 0 6 18
22146 320 1 0 0 6 20
22211 97 0 0 0 6 18
22235 66 1 1 0 6 19
22246 37 0 1 0 6 20
22268 69 1 1 0 6 20
22269 39 1 0 0 6 21
22274 97 1 1 0 6 22
22281 53 1 0 0 6 24
22373 49 1 1 0 6 23
22404 59 1 0 0 6 21
22457 26 0 0 0 6 19
22578 80 1 0 0 6 20
22584 42 1 0 0 6 21
22630 23 0 0 0 6 21
22790 130 1 0 0 6 19
23023 47 0 0 0 6 18
23031 155 1 0 0 6 19
23234 80 1 1 0 6 22
23286 237 1 0 0 6 19
23358 26 0 0 0 6 19
23371 64 1 0 0 6 21
23666 25 0 0 0 6 18
23968 42 1 0 0 6 20
24019 60 1 1 0 6 17
24056 41 0 0 0 6 21
24059 78 1 0 0 6 20
24135 48 0 0 0 6 19
24145 136 1 0 0 6 18
24443 84 1 0 0 6 19
24477 42 0 0 0 6 21
24533 53 0 0 0 6 18
24648 99 1 1 0 6 20
24649 73 1 1 0 6 33
24657 31 1 1 0 6 23
24745 21 1 0 0 6 21
24748 15 0 1 0 6 24
24750 48 1 1 0 6 16
24815 21 1 1 0 6 20
24827 68 1 1 0 6 19
24843 42 0 0 0 6 19
24955 59 1 0 0 6 20
24962 51 1 0 0 6 17
24974 131 1 0 0 6 17
25004 72 0 0 0 6 22
25010 43 0 0 0 6 18
25047 44 0 0 0 6 16
25080 85 1 0 0 6 22
25086 43 1 1 0 6 21
25133 21 1 0 0 6 19
25134 23 1 0 0 6 22
25135 43 1 1 0 6 19
25136 61 1 0 6 6 22
25137 18 0 0 0 6 25
25138 5 1 0 3 6 17
25139 35 1 0 0 6 21
25140 72 1 0 0 6 20
25141 28 1 0 0 6 20
25154 72 0 0 0 6 19
25156 141 1 0 0 6 18
25162 39 1 0 0 6 17
25164 104 0 0 4 6 25
25167 22 0 1 0 6 27
25168 29 1 0 0 5 25
25169 18 1 1 0 6 23
25212 19 1 0 3 5 22
25213 55 1 1 0 6 9
25215 76 1 1 0 6 27
25216 74 1 0 0 6 17
25221 31 1 1 0 6 17
25222 18 1 0 0 6 30
25271 23 1 0 0 5 23
25276 42 1 0 0 6 17
25312 30 0 0 0 6 19
25322 66 1 0 0 6 16
25323 10 0 1 0 6 20
25324 32 1 1 0 6 20
25325 45 1 1 0 6 22
25351 99 1 0 0 6 20
25354 28 1 1 0 6 20
25374 56 1 0 0 6 21
25375 32 1 1 0 6 19
25379 37 1 0 0 6 20
25380 32 1 1 0 6 20
25384 55 1 0 0 6 20
25385 26 0 0 0 6 15
25386 44 1 1 0 6 26
25387 38 1 0 0 6 21
25505 28 0 0 0 6 18
25546 54 1 0 0 6 19
25601 116 1 0 0 6 19
25739 50 1 0 0 6 19
25783 77 1 0 0 6 19
25897 187 1 0 0 6 19
26108 29 1 0 0 6 18
26111 59 1 0 0 6 18
26169 96 0 0 0 6 17
26171 114 1 0 0 6 17
26177 83 1 0 0 6 19
26209 133 1 0 0 6 19
26293 45 1 1 0 6 17
26295 25 0 1 4 6 20
26575 31 1 0 0 6 22
26592 93 1 0 0 6 17
26701 51 0 0 0 6 18
26702 36 0 0 0 6 18
26703 45 1 0 0 6 18
26704 4 0 0 0 6 19
26705 152 1 0 0 6 18
26707 43 1 0 0 6 20
26708 52 1 0 0 6 22
26709 111 1 0 0 6 19
26711 20 0 0 0 6 18
26712 20 0 0 0 6 17
26713 26 0 0 0 6 21
26796 8 0 0 0 6 15
26797 39 0 0 0 6 18
26798 52 0 0 0 6 17
26804 92 1 0 0 6 18
26810 75 1 0 0 6 17
26812 56 0 0 4 6 22
26898 113 1 0 0 6 20
26919 95 1 0 0 6 16
26927 4 0 0 1 6 21
26929 21 0 0 0 6 24
26931 90 0 0 3 6 18
26934 6 1 0 0 6 21
26936 72 0 0 0 6 20
26938 27 1 0 0 6 18
26942 86 1 0 0 6 19
26948 1 0 0 0 6 18
26951 70 1 0 0 6 20
26954 58 1 0 0 6 25
26960 35 0 0 6 5 18
27021 25 0 0 4 6 20
27034 101 1 0 0 6 18
27038 36 0 0 0 6 17
27095 58 0 0 0 6 21
27126 43 1 0 0 6 18
27127 4 0 0 0 6 20
27128 33 0 0 4 6 18
27129 46 0 0 0 6 23
27131 54 1 0 0 5 17
27132 45 0 0 0 6 21
27133 20 0 0 0 6 23
27134 19 0 0 0 6 21
27135 146 1 0 8 6 20
27237 223 1 0 0 6 19
27313 160 1 0 0 6 18
27331 23 0 0 0 6 20
27332 24 0 0 0 6 19
27334 45 0 0 0 6 21
27335 39 0 0 0 6 18
27339 36 0 0 0 6 23
27340 31 0 0 0 6 21
27450 76 1 0 0 6 16
27451 25 1 0 0 6 19
27452 267 1 0 0 6 19
27456 42 1 0 0 6 15
27457 14 0 0 0 6 19
27459 44 0 0 0 6 20
27460 91 0 0 0 6 18
27500 162 1 0 0 6 20
27501 119 1 0 0 6 20
27507 64 1 0 0 6 18
27508 32 1 0 0 6 20
27511 520 0 0 3 6 21
27512 28 1 0 0 6 19
27588 48 0 0 9 6 21
27604 2 1 0 0 5 18
27625 10 0 0 0 6 21
27628 9 1 0 0 6 21
27630 3 1 0 0 5 24
27633 16 1 0 0 6 17
27636 18 0 0 0 6 19
27638 91 1 0 0 6 22
27641 91 1 0 0 6 23
27644 42 1 0 0 6 21
27647 27 1 0 0 6 19
27652 13 1 0 0 6 20
27653 1 0 0 0 6 20
27655 17 0 0 0 6 20
27657 89 0 0 0 6 18
27712 19 1 0 0 6 17
27713 35 0 0 0 6 17
27715 76 1 0 0 6 18
27717 58 1 0 0 6 17
27721 38 1 0 0 6 21
27724 79 0 0 9 6 23
27725 22 0 0 0 6 22
27730 5 0 0 0 5 18
27731 127 1 0 0 6 21
27733 65 1 0 0 6 19
27734 75 0 0 0 6 18
27735 4 0 0 4 6 23
27737 124 1 0 0 6 17
27776 76 0 0 0 6 17
27799 1 1 0 0 6 19
27800 1 1 0 0 5 20
27801 1 0 0 0 5 21
27802 1 1 0 0 5 19
27803 16 1 0 0 5 23
27804 41 0 0 0 6 21
27805 9 0 0 0 6 21
27806 2 1 0 0 5 23
27807 4 1 0 8 6 17
27808 17 1 0 0 6 18
27809 4 1 0 0 6 18
27810 14 1 0 0 6 18
27811 44 0 0 1 6 22
27812 3 1 0 0 6 18
27877 4 1 0 0 6 16
27878 1 1 0 0 5 22
27879 3 0 0 0 6 19
27880 1 0 0 4 5 17
27881 20 1 0 0 6 19
27882 6 1 0 0 6 20
27883 10 0 0 7 6 21
27884 11 0 0 0 6 19
27885 27 1 0 0 6 19
27886 33 1 0 0 6 24
27887 6 0 0 0 6 21
27888 6 1 0 0 5 18
27890 8 0 0 0 6 19
27891 22 0 0 0 5 20
27892 5 0 0 0 6 20
27894 18 1 0 0 6 22
27922 17 1 0 0 6 18
27924 11 1 0 0 5 23
27925 14 1 0 0 6 18
27928 5 1 0 0 6 19
27932 6 0 0 0 6 20
27934 36 1 0 1 6 20
27935 82 1 1 0 6 20
27937 56 1 0 0 6 16
27938 10 1 0 0 6 17
27942 16 1 0 0 6 19
28019 21 0 0 0 6 23
28059 136 1 0 0 6 21
28096 15 0 0 0 5 20
28097 65 0 0 0 6 20
28099 15 0 0 0 6 19
28101 120 1 0 3 6 24
28102 13 0 0 0 6 24
28103 11 0 0 4 6 18
28104 28 0 0 0 6 19
28105 11 0 0 0 6 21
28167 37 1 0 0 6 19
28170 15 1 0 0 6 20
28177 22 0 0 0 6 21
28179 4 1 0 0 6 18
28183 91 0 0 0 6 18
28187 28 0 0 0 6 17
28190 27 1 0 0 6 15
28211 90 1 0 0 6 19
28271 32 1 0 0 6 21
28273 17 0 0 0 6 22
28274 41 0 0 0 6 18
28277 68 1 0 0 6 23
28278 10 0 0 8 6 21
28280 134 0 0 0 6 22
28282 30 0 0 0 6 17
28285 29 1 0 1 6 29
28361 87 1 0 0 6 17
28362 12 0 0 0 5 20
28363 15 0 0 0 6 23
28364 21 0 0 0 6 19
28365 48 0 0 0 6 24
28366 22 1 0 0 6 20
28368 9 0 0 0 6 17
28370 35 0 0 0 6 19
28404 32 0 0 0 6 19
28497 45 1 0 0 6 18
28500 64 0 0 0 6 20
28505 60 0 0 0 6 22
28506 153 1 0 0 6 20
28507 101 1 0 4 6 23
28508 59 1 0 0 6 19
28571 36 0 0 0 6 19
28573 50 1 0 0 6 19
28575 10 1 0 0 6 20
28577 48 1 0 0 6 24
28579 33 0 0 0 6 19
28581 30 0 0 0 6 20
28748 30 0 0 0 6 21
28750 45 1 0 0 5 20
28752 55 1 0 0 5 22
28753 48 0 0 0 6 21
28754 57 1 0 0 6 20
28756 36 0 0 0 6 23
28757 81 1 0 0 6 19
28758 37 1 0 0 6 18
28759 81 0 0 0 6 19
28760 84 1 0 0 6 20
28793 116 1 0 0 6 20
28794 28 1 0 0 6 22
28795 38 0 0 0 6 21
28796 34 1 0 0 5 21
28797 74 1 0 0 6 19
28798 21 0 0 0 6 20
28799 31 0 0 0 6 19
28938 40 1 0 0 6 22
28939 83 0 0 2 6 21
28942 16 0 0 0 6 18
28944 27 0 0 0 6 20
29043 59 0 0 0 6 20
29045 15 0 0 0 6 24
29046 26 1 0 0 6 22
29048 27 0 0 0 6 22
29050 214 1 0 0 6 22
29052 53 0 0 0 6 20
29054 350 1 0 0 6 21
29057 42 1 0 0 6 21
29059 66 1 0 0 6 20
29060 45 1 0 0 6 23
29153 18 1 0 0 6 24
29154 34 0 0 0 6 22
29155 80 1 0 0 6 21
29159 46 1 0 0 6 23
29160 60 1 0 0 6 23
29161 25 0 0 0 6 20
29170 116 1 0 0 6 20
29237 66 0 0 0 6 23
29238 46 1 0 0 6 20
29245 35 0 0 0 6 18
29248 7 0 0 0 6 22
29347 56 0 0 0 6 20
29348 121 1 0 0 6 23
29349 65 1 0 0 6 18
29350 43 0 0 0 6 20
29352 81 1 0 0 6 22
29353 100 1 0 0 6 20
29355 91 0 0 0 6 21
29356 23 1 0 0 6 21
29407 33 0 0 0 6 22
29412 30 0 0 0 6 21
29415 102 1 0 6 6 19
29417 98 1 0 0 6 21
29419 51 1 0 0 6 19
29421 136 1 0 3 6 18
29423 84 1 0 0 6 22
29426 51 0 0 0 6 21
29427 97 1 0 0 6 20
29428 29 0 0 0 6 20
29515 27 1 0 7 6 20
29516 97 0 0 0 6 20
29517 58 0 0 0 6 17
29518 37 1 0 0 6 19
29520 58 0 0 9 6 22
29521 65 1 0 0 6 18
29522 24 0 0 0 6 20
29523 31 1 0 0 6 16
29564 54 1 0 0 6 18
29567 11 0 0 0 6 23
29572 66 1 0 0 6 21
29574 40 0 0 0 6 21
29575 56 0 0 0 6 21
29633 82 0 0 0 6 18
29634 86 1 0 0 6 18
29635 14 1 0 0 6 20
29636 26 0 0 0 6 22
29637 65 1 0 0 6 21
29639 36 0 0 0 6 20
29641 24 1 0 0 6 27
29642 38 0 0 0 6 17
29643 26 0 0 0 6 18
29732 18 0 0 0 6 17
29733 130 1 0 0 6 17
29734 48 0 0 0 6 17
29735 18 0 0 0 6 18
29736 89 1 0 4 6 19
29737 36 1 0 0 6 15
29739 42 0 0 0 6 21
29741 56 0 0 3 6 19
29747 40 1 0 0 6 23
29858 45 1 0 0 6 19
29859 66 1 0 0 6 18
29861 3 1 0 0 6 17
29862 89 0 0 4 6 20
29863 4 1 0 1 6 23
29874 30 0 0 0 6 19
29982 102 0 0 0 6 20
29983 59 1 0 5 6 21
29984 160 1 0 3 6 19
29992 25 1 0 0 6 19
30047 28 0 0 0 6 20
30159 45 1 0 0 6 21
30163 98 1 0 0 6 22
30165 26 0 0 0 6 21
30252 123 1 0 0 6 19
30253 29 1 0 3 6 19
30256 28 0 0 0 6 19
30257 67 1 0 0 6 21
30258 115 1 0 0 6 19
30260 126 1 0 4 6 19
30262 36 1 0 0 6 19
30264 53 1 0 0 6 17
30297 42 0 0 0 6 18
30302 29 0 0 0 6 19
30304 20 0 0 0 6 19
30305 128 1 0 0 6 20
30306 80 1 0 0 6 22
