72574
19
537
72574 451 0 1 4 6 20
6802 94 1 0 2 6 18
24440 379 1 0 8 5 19
34291 138 1 1 8 6 18
34426 303 1 1 8 6 21
39494 153 1 0 4 6 20
39512 104 1 0 4 6 22
39593 134 1 0 9 6 18
39803 267 1 0 4 6 19
40117 151 1 0 4 6 18
45017 122 1 0 8 6 22
48925 39 1 0 4 6 20
55151 212 1 0 8 6 20
66641 99 1 0 8 6 16
71072 149 1 0 8 6 20
71754 45 1 1 8 6 19
72294 254 1 1 4 6 17
72562 325 1 1 8 6 19
74962 195 1 0 8 6 19
75495 319 1 1 9 6 19
78130 53 1 0 8 6 18
86402 134 1 1 8 5 16
88678 186 1 0 4 6 21
88767 231 1 1 4 6 25
88786 255 1 1 8 6 19
89182 224 1 1 8 6 15
91935 163 1 0 4 6 20
93438 74 1 0 5 6 16
107028 79 1 0 9 6 20
107268 49 1 0 9 6 18
108279 84 1 0 4 6 18
111334 176 1 0 4 6 19
120167 71 1 0 2 6 13
120861 42 1 0 8 5 20
124169 15 1 0 1 6 20
131033 51 1 0 9 6 16
133931 86 1 0 8 6 20
149366 93 1 0 2 6 16
149992 166 1 1 8 6 17
161915 147 1 0 4 6 19
166317 112 1 0 8 6 19
166600 218 1 0 8 5 18
171389 395 1 0 8 6 18
171672 138 1 0 8 6 19
171793 38 1 0 9 6 18
172518 332 1 0 6 6 19
177107 65 1 0 6 6 18
182115 138 1 1 8 5 17
184133 252 1 1 8 6 21
184571 301 1 1 8 6 21
185198 99 1 0 8 5 17
185798 75 1 1 8 6 24
190826 92 1 0 6 6 17
193208 99 1 0 4 6 23
194715 174 1 0 0 6 17
197596 158 1 0 2 6 21
205630 193 1 0 8 6 18
205650 100 1 1 8 6 20
205847 41 1 1 8 6 37
208354 212 1 0 6 6 15
209110 48 1 0 2 6 18
210386 29 1 0 9 6 18
211576 29 1 0 9 6 20
212086 331 1 1 8 6 18
212274 11 1 1 4 6 19
212935 160 1 1 8 6 22
214377 284 1 1 8 6 26
214510 88 1 0 8 6 19
224327 117 1 0 4 6 23
224622 25 1 0 8 6 17
226108 62 1 0 2 6 19
226776 56 1 0 8 6 21
230217 199 1 1 8 6 21
239090 250 1 1 8 6 20
240099 120 1 1 8 6 21
244234 80 1 0 2 6 17
254733 256 1 0 8 6 15
255603 184 1 0 8 6 39
257866 104 1 0 8 6 21
260005 21 1 0 9 6 17
265205 55 1 0 5 6 19
271600 160 1 0 4 6 14
271663 207 1 0 4 6 17
272421 378 1 0 4 6 15
278128 81 1 0 3 6 17
279050 252 1 1 8 6 17
283229 99 1 0 4 6 22
285311 93 1 0 8 6 17
285550 264 1 0 8 6 15
285703 351 1 0 8 6 19
288189 37 1 0 8 6 19
289309 30 1 0 4 6 21
299597 222 1 0 8 6 19
310031 99 1 1 8 6 14
313205 70 1 0 2 6 17
314907 182 1 1 4 6 20
320379 107 1 0 8 6 22
321337 161 1 0 8 5 19
321417 160 1 0 8 6 22
323208 74 1 1 1 5 11
323898 86 1 0 4 5 18
324971 91 1 0 8 6 17
327714 73 1 0 8 6 17
328025 69 1 1 8 6 23
329833 89 1 0 8 6 20
334894 98 1 0 6 6 21
337746 339 1 0 6 6 17
338185 46 1 0 5 6 23
344541 132 1 1 8 6 17
346021 126 1 1 8 6 21
347958 134 1 0 4 6 22
348549 182 1 0 4 6 18
348668 289 1 0 4 6 17
348672 145 1 0 4 6 19
352614 76 1 0 8 6 15
352615 40 1 0 8 5 17
354262 78 1 0 8 6 20
354266 62 1 0 8 6 17
354309 100 1 1 8 6 20
354336 36 1 0 2 6 14
354348 182 1 1 8 6 16
354366 298 1 0 8 6 16
354367 28 1 0 8 6 19
354370 283 1 0 2 6 18
354375 142 1 0 8 6 17
354412 16 1 0 2 5 16
354414 106 1 0 6 6 22
354416 20 1 0 8 5 17
354417 25 1 0 8 6 17
354429 134 1 0 8 5 16
354438 61 1 0 8 5 17
354452 173 1 0 8 5 20
354453 43 1 0 8 6 15
354457 119 1 0 8 6 16
355378 115 1 0 4 6 17
355379 26 1 1 8 5 17
355382 198 1 0 8 6 14
355674 14 1 0 3 5 16
355675 136 1 0 8 6 16
362667 17 1 1 8 6 19
369796 103 1 0 8 6 23
370511 147 1 0 8 6 25
370629 20 1 1 8 6 24
371289 75 1 1 8 6 19
371981 7 1 0 8 5 20
373652 243 1 1 8 5 17
375048 33 1 1 2 6 19
375862 97 1 1 6 6 24
376644 117 1 1 8 6 16
376715 122 1 0 8 6 18
376763 24 1 0 8 6 17
376764 40 1 1 8 6 28
376766 48 1 0 8 6 19
376786 68 1 1 8 6 19
382024 201 1 0 4 6 18
382316 75 1 0 9 6 21
382696 198 1 0 4 5 16
384143 64 1 1 8 6 21
384915 182 1 0 4 6 17
389687 21 1 0 8 6 23
389725 87 1 0 3 6 20
389728 104 1 1 8 6 21
389729 192 1 1 9 6 20
393495 104 1 1 8 6 16
393671 274 1 1 8 5 26
395560 48 1 1 4 6 33
395687 406 1 0 8 6 16
399559 65 1 0 4 6 15
402782 19 1 1 1 6 15
408603 101 1 1 8 6 24
419946 202 1 0 8 6 14
425739 75 1 0 8 6 12
429784 83 1 1 8 6 20
430913 132 1 0 9 6 19
431750 124 1 1 8 5 19
432711 117 1 1 4 6 22
447182 97 1 0 5 6 18
454175 115 1 0 8 6 17
454177 68 1 1 8 6 17
454276 36 1 0 8 6 18
454300 62 1 0 8 6 16
454309 188 1 0 8 6 17
454833 162 1 1 8 6 16
454839 206 1 0 8 6 15
454860 58 1 0 8 6 21
454894 107 1 0 8 6 21
454903 124 1 1 8 6 17
454904 338 1 1 8 6 19
454906 116 1 0 8 6 18
455351 36 1 1 8 6 19
456472 83 1 0 8 6 18
457333 72 1 1 8 6 20
459249 323 1 0 9 6 20
459337 138 1 0 4 6 14
459390 134 1 0 4 6 17
459410 44 1 0 8 6 20
459497 145 1 0 2 5 15
461739 51 1 1 8 5 23
461965 94 1 0 8 6 20
462066 54 1 0 2 6 10
462487 27 1 0 8 6 16
462545 106 1 0 8 6 16
462546 42 1 0 8 6 17
462595 102 1 1 8 6 13
462623 20 1 1 6 6 19
462624 93 1 1 8 5 11
462661 50 1 1 8 6 23
462664 25 1 0 8 6 19
462697 171 1 1 2 6 17
462699 219 1 1 8 6 18
462701 54 1 1 8 5 16
462705 13 1 0 8 5 21
462706 36 1 0 6 6 19
462750 34 1 1 8 5 11
462755 68 1 0 8 6 18
462801 94 1 0 8 5 16
462803 61 1 1 8 6 19
462809 40 1 1 8 5 16
462837 62 1 1 8 6 25
462838 211 1 1 8 6 19
462843 40 1 0 8 5 19
462844 39 1 0 2 6 10
462846 23 1 0 2 6 20
462847 87 1 1 8 6 20
462850 42 1 0 2 6 7
462852 24 1 0 2 5 19
462910 42 1 0 6 5 17
462944 11 1 0 4 6 19
462946 42 1 0 8 6 20
462949 137 1 0 8 6 18
462950 119 1 0 8 6 17
462997 175 1 1 8 6 18
463042 70 1 1 8 6 20
463047 142 1 1 8 6 21
463102 256 1 1 8 6 21
463130 161 1 1 8 6 19
463551 48 1 1 4 6 22
463565 98 1 0 8 5 19
467272 80 1 0 8 6 13
469476 115 1 0 8 6 19
469666 16 1 0 4 5 16
470304 45 1 0 8 6 28
474151 40 1 1 2 6 19
474155 35 1 1 8 6 17
478947 28 1 0 2 5 11
480312 34 1 1 8 6 16
480480 52 1 0 8 6 21
481894 53 1 0 8 6 18
481895 57 1 0 8 6 20
482530 56 1 0 2 6 20
482973 19 1 1 8 6 24
484676 78 1 0 5 6 19
487522 142 1 0 8 6 19
494815 231 1 0 4 6 18
496389 144 1 0 6 6 18
497194 76 1 1 4 6 20
503343 203 1 0 8 6 16
504471 87 1 0 9 6 19
506921 96 1 0 8 6 20
507357 87 1 0 4 6 18
507884 39 1 1 8 5 17
513897 57 1 0 1 6 23
516894 96 1 0 9 6 18
516979 154 1 0 9 6 16
517329 5 1 1 4 6 18
518693 160 1 1 8 6 19
520637 197 1 1 4 6 19
522574 183 1 0 6 5 21
522866 128 1 0 4 6 17
522871 22 1 0 8 5 21
525009 75 1 0 4 6 20
525446 52 1 0 8 5 22
527093 67 1 0 6 6 16
530799 96 1 0 8 6 14
531176 98 1 0 8 6 16
535111 36 1 0 8 6 12
536249 16 1 1 8 6 18
537602 101 1 0 4 6 22
538637 166 1 0 8 6 19
547029 116 1 0 8 6 19
548173 48 1 0 4 5 17
548674 71 1 1 8 6 18
552833 132 1 0 6 6 15
553224 66 1 0 8 6 18
553318 45 1 0 1 6 17
553409 141 1 1 8 6 19
553440 60 1 0 8 6 18
557643 58 1 1 4 6 21
558600 118 1 0 8 6 27
558603 19 1 1 8 6 14
558620 44 1 1 8 6 14
558621 21 1 1 8 6 10
558624 66 1 1 8 6 19
558675 107 1 0 3 5 18
558979 48 1 0 8 6 24
559378 23 1 0 7 6 22
560691 49 1 0 6 6 19
562961 55 1 1 8 6 24
563929 214 1 0 4 6 16
564728 136 1 0 8 6 21
564977 79 1 0 4 6 21
565150 74 1 0 4 6 16
565412 122 1 1 8 6 18
565585 48 1 0 9 6 17
569871 105 1 1 8 6 20
576374 44 1 1 2 6 14
576377 64 1 0 8 6 19
576481 16 1 1 8 6 13
576643 38 1 1 8 6 12
576648 13 1 1 9 5 17
576721 115 1 0 8 6 29
576761 86 1 0 8 6 19
576895 26 1 1 2 6 14
579580 85 1 0 8 6 23
579636 83 1 0 8 6 28
600791 59 1 1 4 5 13
602358 103 1 0 6 6 23
605803 63 1 0 4 6 14
605993 184 1 0 4 6 16
606012 32 1 0 2 6 17
617121 87 1 0 8 6 18
637985 25 1 1 8 6 19
637986 14 1 1 8 6 14
637988 45 1 0 8 6 25
637989 107 1 1 8 6 24
638019 29 1 1 8 5 12
638021 35 1 1 8 6 13
638138 23 1 1 8 5 17
638140 20 1 1 8 5 14
638141 45 1 1 8 6 17
638142 42 1 1 8 6 15
638143 33 1 1 8 6 33
638145 38 1 1 8 6 17
638223 33 1 1 8 6 16
638224 20 1 1 8 5 13
638227 13 1 0 2 6 30
638307 43 1 1 8 5 13
639428 56 1 1 8 6 27
650079 64 1 0 9 6 20
661896 22 1 0 4 6 20
670418 84 1 0 8 6 15
677182 27 1 0 4 6 20
679144 69 1 0 4 5 16
679378 62 1 0 8 6 21
682800 19 1 1 4 5 17
684072 6 1 1 2 5 16
686188 94 1 1 4 6 17
725609 25 1 0 9 6 22
738801 38 1 0 8 6 21
741292 50 1 0 8 6 13
742138 27 1 0 8 5 21
742295 12 1 1 8 5 18
745297 78 1 0 6 6 17
746909 85 1 0 8 6 19
748792 46 1 0 6 6 29
749994 81 1 0 8 6 20
750132 93 1 1 8 6 25
750455 48 1 1 8 6 18
750507 8 1 1 8 6 15
750508 60 1 1 8 6 16
750509 55 1 1 8 6 16
750528 37 1 1 8 6 18
750529 53 1 1 8 6 23
750530 56 1 1 8 6 9
750533 40 1 1 8 6 38
750594 10 1 0 2 5 20
750619 29 1 0 8 5 19
750638 51 1 1 8 5 15
750835 31 1 0 4 6 16
750855 20 1 1 2 6 11
751008 39 1 1 8 5 20
751111 15 1 0 9 6 18
751209 14 1 0 8 6 9
751440 13 1 1 8 6 31
751476 49 1 1 8 6 19
751479 74 1 1 8 6 35
751480 52 1 1 4 6 16
751569 51 1 1 4 6 18
759240 19 1 0 8 6 20
765632 14 1 0 9 6 15
765634 8 1 0 6 5 13
765673 17 1 0 9 6 18
765744 117 1 0 8 6 19
765846 40 1 0 8 6 25
765948 9 1 0 4 6 15
766339 59 1 0 8 6 17
766590 57 1 1 8 6 22
769400 63 1 0 7 6 15
770749 4 1 0 4 5 19
775858 14 1 1 8 5 1
785697 31 1 0 9 6 17
798456 99 1 1 2 6 11
807281 13 1 1 8 6 22
810213 26 1 1 6 6 21
811635 106 1 0 4 5 20
812267 23 1 0 1 5 12
812821 20 1 1 1 6 23
816595 39 1 1 8 6 27
816609 37 1 0 9 6 16
816835 15 1 1 4 6 24
816838 29 1 1 8 6 21
819954 17 1 0 7 5 15
824031 5 1 0 4 5 20
825828 13 1 0 2 6 21
826904 24 1 1 8 6 16
827036 17 1 0 2 6 12
827341 8 1 1 8 6 15
844534 33 1 0 5 6 12
886869 103 1 0 4 6 13
887378 40 1 1 8 6 20
889202 53 1 1 8 6 21
909278 15 1 0 4 5 16
912946 18 1 1 8 6 18
923254 49 1 1 8 6 33
930407 15 1 0 8 6 25
949983 41 1 0 8 5 27
963497 37 1 1 8 6 13
964846 38 1 1 8 6 13
988092 10 1 1 8 6 17
988245 18 1 1 8 5 25
988267 19 1 1 8 6 19
992568 6 1 0 6 6 22
993472 21 1 0 6 6 17
993621 2 1 1 8 6 16
994130 23 1 0 7 6 19
1002715 101 1 0 8 6 16
1007403 6 1 0 8 6 20
1029865 27 1 0 8 6 18
1030253 83 1 0 8 6 25
1044684 38 1 1 8 6 20
1044771 12 1 0 8 6 27
1054274 9 1 1 8 5 15
1057445 6 1 0 7 6 19
1058214 32 1 1 4 6 43
1060525 8 1 0 6 6 21
1073523 20 1 1 8 6 19
1096983 32 1 0 8 6 25
1104062 11 1 0 8 6 21
1115991 17 1 1 8 6 24
1116841 20 1 0 2 6 16
1116880 19 1 0 9 6 20
1118134 6 1 0 8 5 19
1134672 14 1 1 8 5 23
1141925 32 1 0 6 6 26
1142172 10 1 1 8 6 25
1153714 3 1 1 8 5 35
1192202 13 1 0 2 5 19
1230077 19 1 0 8 6 35
1246352 19 1 0 9 5 21
1307594 9 1 0 4 6 15
1316920 17 1 1 8 5 11
1331571 8 1 0 6 6 18
