121716
19
339
121716 733 1 0 1 6 20
1896 52 0 1 1 6 19
5567 61 1 1 1 6 21
5670 77 1 1 1 6 20
5950 118 1 1 1 6 21
6665 77 0 1 4 6 19
11484 119 1 1 1 6 26
12891 77 1 1 1 6 19
15339 10 0 1 1 6 22
15440 52 1 1 1 6 19
18804 65 1 1 1 6 21
22479 45 0 1 1 6 23
22644 52 1 1 1 6 20
22802 44 0 1 1 6 28
24386 50 1 1 7 6 23
26394 19 0 1 1 6 20
28118 28 1 1 6 6 17
28984 41 0 1 1 6 22
30484 48 0 1 1 6 19
31306 15 0 1 7 6 38
32234 66 1 1 1 6 21
34040 217 1 1 0 6 21
34857 181 1 1 1 6 21
35166 57 1 1 1 6 21
35259 319 1 1 7 6 17
35576 52 0 1 1 6 23
36551 90 1 1 1 6 18
39272 103 1 1 1 6 19
41637 57 0 1 3 6 20
42883 31 0 1 1 6 21
43187 72 1 1 1 6 25
43558 35 0 1 1 6 22
44472 74 0 1 1 6 71
44576 17 1 1 1 6 16
45539 907 1 1 1 6 21
48632 502 1 1 2 6 34
53199 45 1 1 8 6 19
56864 32 1 1 1 5 27
57358 29 1 1 6 6 17
58334 106 1 1 6 6 17
58915 41 1 1 1 6 19
59543 54 1 1 1 6 22
64280 30 1 1 1 6 23
64399 15 1 1 8 5 29
64671 80 1 1 8 6 19
65775 129 0 1 1 6 24
68473 146 1 1 1 6 24
68521 13 0 1 1 6 27
69224 95 1 1 1 6 21
70013 2 0 1 1 6 23
70150 84 1 1 1 6 19
70161 24 0 1 4 6 26
71357 164 1 1 1 6 21
71854 56 0 1 1 6 24
72855 85 0 1 6 6 17
73630 26 1 1 1 6 23
75531 38 1 1 1 6 23
76893 34 0 1 1 6 23
77154 116 1 1 1 6 23
79085 76 0 1 1 6 22
79991 59 1 1 0 6 23
82012 20 0 1 1 6 22
82425 5 0 1 1 6 23
84278 143 0 1 8 6 17
86449 112 1 1 1 6 21
86465 58 1 1 1 6 18
86568 78 0 1 1 6 20
91012 44 1 1 1 6 23
102311 148 0 1 8 6 22
102855 34 0 1 1 6 18
105424 51 0 1 1 6 20
108454 61 0 1 1 6 21
108459 25 1 1 1 6 23
108464 139 1 1 1 6 21
108529 61 1 1 1 6 21
110493 23 1 1 1 6 20
110734 28 0 1 2 6 26
112377 96 0 1 1 6 18
112657 66 1 1 1 6 27
112885 42 0 1 1 6 19
112970 58 1 1 4 6 19
113292 67 1 1 1 6 20
115202 86 1 1 1 6 24
119254 17 0 1 1 6 17
121727 85 1 1 1 6 22
121788 84 1 1 6 6 17
121971 177 1 1 1 6 21
122912 28 0 1 1 6 21
123692 25 1 1 1 6 22
125725 64 0 1 6 6 18
127071 51 1 1 1 6 23
127193 17 1 1 1 6 20
127817 29 1 1 1 6 23
128517 54 1 1 1 6 25
129697 78 1 1 1 6 23
132620 32 0 1 1 6 21
133647 31 0 1 1 6 26
136336 36 1 1 1 6 23
136393 52 1 1 1 6 18
138394 13 0 1 1 6 21
138599 88 1 1 1 6 23
138777 37 0 1 1 6 29
138780 73 0 1 1 6 27
139074 71 1 1 1 6 19
140508 52 0 1 1 6 23
141158 33 0 1 1 6 24
141739 31 1 1 1 6 22
142964 32 1 1 6 6 17
143657 31 0 1 1 6 20
143674 61 0 1 1 6 25
143818 76 1 1 1 6 23
143924 21 1 1 1 6 21
144428 47 1 1 1 6 23
144842 357 0 1 1 6 24
147124 134 1 1 1 6 25
147723 17 1 1 1 6 22
147870 85 1 1 1 6 18
149784 68 1 1 1 6 25
151168 10 0 1 1 6 20
154724 16 0 1 1 6 20
155634 63 1 1 1 6 21
155838 58 1 1 1 6 23
158823 32 1 1 1 6 22
159949 60 1 1 1 6 23
160440 97 0 1 1 6 20
161433 14 0 1 1 6 22
164083 11 0 1 1 6 18
166384 108 1 1 1 6 20
167347 229 1 1 1 6 24
169656 28 1 1 1 6 26
170097 99 1 1 1 6 21
170288 143 1 1 1 6 29
171827 140 1 1 1 6 24
171920 62 0 1 1 6 24
171924 51 1 1 1 6 19
173597 89 1 1 1 6 22
174383 91 1 1 1 6 20
175841 69 1 1 1 6 32
181567 22 0 1 1 6 18
182093 35 1 1 1 5 20
186451 60 1 1 1 6 18
187560 47 1 1 1 6 17
187616 127 1 1 1 6 18
188203 58 0 1 1 6 27
188462 62 1 1 1 6 19
188609 80 1 1 1 6 20
190107 54 1 1 1 6 19
190631 228 1 1 1 6 21
191485 50 1 1 6 6 17
193459 42 1 1 1 6 23
193620 70 0 1 1 6 18
193910 63 1 1 1 6 23
195434 35 0 1 6 6 15
198066 52 1 1 4 6 21
201211 333 0 1 1 6 23
201504 8 1 1 1 6 17
205048 34 1 1 1 6 20
205537 29 1 1 1 6 26
205662 24 0 1 1 6 25
205728 123 1 1 1 6 28
206205 51 1 1 1 6 24
206210 40 1 1 1 6 23
206598 82 1 1 1 6 24
206990 16 1 1 1 6 22
207555 28 0 1 7 6 25
210149 121 1 1 1 6 18
210530 25 1 1 1 6 19
211906 33 0 1 1 6 19
211929 34 1 1 1 6 21
212329 27 0 1 1 6 19
214825 38 1 1 1 6 18
222587 23 0 1 1 6 23
223694 35 1 1 1 6 17
224341 8 0 1 1 6 20
226802 52 1 1 1 6 19
227798 24 0 1 1 6 17
228990 23 0 1 1 6 25
229403 35 1 1 1 6 22
231083 83 1 1 1 6 23
231899 30 1 1 1 6 23
232095 6 0 1 1 6 52
232412 25 1 1 1 6 19
232960 28 1 1 1 6 21
233022 22 1 1 1 6 21
233135 12 0 1 1 6 27
239360 65 1 1 1 6 25
239431 39 1 1 1 6 24
239924 35 0 1 6 6 17
248926 18 0 1 1 6 19
251206 15 1 1 1 6 19
252823 47 1 1 1 6 25
254252 119 1 1 6 6 17
256428 10 0 1 1 5 23
258911 65 1 1 6 6 17
260852 6 1 1 1 6 22
262100 32 1 1 1 6 22
262564 13 0 1 1 5 24
264349 59 1 1 1 6 23
264395 4 0 1 1 6 18
264588 3 0 1 1 6 36
264622 38 0 1 1 6 23
265593 132 1 1 1 6 17
265620 131 1 1 6 6 21
268425 12 0 1 1 6 23
268698 54 1 1 1 6 17
269121 6 0 1 6 5 17
272086 115 1 1 1 6 20
273377 89 1 1 1 6 27
274166 75 1 1 6 6 17
275663 48 1 1 1 6 22
276879 92 1 1 1 6 17
277249 54 1 1 1 6 19
278044 32 0 1 1 6 26
280285 39 1 1 1 6 19
280289 84 0 1 1 6 19
280695 13 1 1 1 6 19
286391 14 1 1 1 6 23
286850 55 1 1 1 6 22
289008 86 1 1 1 6 19
289024 150 1 1 1 6 18
289456 84 1 1 1 6 22
290228 17 1 1 1 6 18
290437 27 1 1 1 6 18
291258 24 0 1 1 6 20
295405 59 0 1 1 6 22
295994 36 0 1 1 6 27
300104 45 1 1 1 6 23
301937 43 1 1 1 6 18
302338 19 1 1 1 6 21
303467 50 1 1 1 6 20
308903 36 1 1 1 6 21
309134 43 1 1 1 6 19
312867 4 0 1 0 6 32
315048 90 1 1 6 6 17
319004 56 0 1 1 6 21
324083 88 1 1 1 6 23
324086 29 1 1 1 6 31
325583 89 1 1 1 6 23
325648 59 1 1 1 6 18
326921 26 1 1 1 6 19
328842 26 0 1 1 6 24
328846 54 1 1 4 6 22
329120 9 0 1 1 6 21
329299 36 0 1 1 6 22
329988 12 0 1 1 6 20
331895 44 1 1 1 6 22
339309 31 0 1 1 6 21
339911 41 1 1 1 6 23
339969 44 1 1 1 6 27
341129 51 1 1 1 6 20
345374 28 1 1 1 6 27
345432 32 1 1 1 6 23
346297 59 1 1 1 6 21
346455 77 1 1 1 6 19
346456 79 0 1 1 6 22
349296 57 1 1 1 6 19
349619 69 1 1 1 6 18
350175 51 1 1 1 6 22
350202 3 0 1 1 6 20
351306 38 1 1 1 6 38
353540 34 0 1 1 6 21
359242 43 1 1 1 6 23
362877 19 0 1 4 6 17
364439 96 1 1 1 6 18
366730 19 0 1 4 6 18
367239 31 1 1 1 6 22
368079 82 1 1 6 6 19
369333 24 1 1 1 6 22
370295 66 0 1 4 6 17
371048 29 1 1 1 6 19
372812 49 0 1 1 6 20
373203 68 1 1 1 6 19
374401 48 1 1 1 6 22
375836 5 1 1 1 6 32
376759 30 0 1 1 6 19
377379 40 1 1 1 5 23
377397 35 0 1 1 6 22
378519 21 0 1 1 6 22
378651 28 0 1 1 6 22
379093 47 1 1 1 6 22
380120 33 1 1 3 6 20
380750 84 0 1 1 6 22
381471 31 1 1 1 6 21
382916 51 1 1 1 6 23
382974 90 1 1 1 6 23
383073 79 1 1 6 6 17
383349 32 0 1 1 6 18
383599 39 1 1 1 6 22
384635 40 1 1 8 6 20
386794 24 0 1 1 6 17
386971 21 0 1 1 5 18
387492 29 1 1 1 6 20
387837 40 1 1 1 6 17
388270 162 1 1 1 6 18
389127 70 0 1 1 6 28
389525 28 1 1 1 6 19
389534 12 1 1 1 5 17
392123 53 1 1 1 6 19
394098 16 0 1 1 6 31
394376 23 1 1 1 6 21
394377 34 0 1 5 6 23
394425 89 1 1 1 6 22
394542 107 1 1 1 6 20
395639 41 1 1 1 6 21
397109 28 0 1 1 6 20
401424 41 0 1 1 6 17
401431 22 1 1 1 6 18
402127 66 0 1 1 6 21
402772 64 0 1 6 6 19
403699 22 0 1 6 6 17
403748 54 1 1 6 6 16
403992 35 1 1 1 6 18
404116 37 1 1 1 6 18
404827 16 1 1 1 5 23
405012 56 1 1 1 6 23
405180 49 1 1 1 6 21
405823 38 1 1 1 6 21
406553 49 1 1 1 6 19
407155 38 0 1 6 6 17
407404 46 1 1 1 6 18
407473 14 0 1 1 6 22
407674 28 0 1 1 6 25
408095 26 1 1 9 6 26
408637 68 1 1 1 6 22
408696 101 1 1 1 6 23
408716 9 1 1 1 6 24
408833 21 1 1 1 6 27
409359 23 0 1 1 6 22
409361 34 1 1 1 6 18
409465 81 1 1 1 6 31
409901 20 0 1 1 6 21
410356 19 1 1 1 6 23
410833 50 1 1 1 6 25
410834 14 0 1 1 6 25
411141 22 1 1 1 6 29
411294 37 0 1 1 6 20
411500 50 0 1 1 6 20
412117 80 1 1 1 6 22
415195 72 1 1 6 6 17
415616 19 1 1 1 6 20
415900 18 0 1 1 6 21
416041 60 1 1 8 6 17
416607 45 1 1 1 6 23
417300 9 0 1 1 6 38
417343 38 0 1 1 6 22
417445 44 1 1 1 6 21
417803 39 0 1 6 6 23
418066 41 1 1 1 6 23
419605 54 1 1 1 6 22
422561 49 1 1 1 6 17
429298 38 1 1 1 6 21
429877 131 1 1 4 6 21
431788 22 0 1 1 6 24
433165 32 0 1 5 6 22
434252 146 1 1 1 6 21
434506 14 0 1 1 6 42
435794 49 1 1 1 6 17
438751 108 1 1 1 6 18
439502 80 1 1 1 6 21
439984 22 0 1 6 6 17
440500 27 0 1 1 6 25
440667 42 0 1 1 6 29
442613 62 1 1 1 6 19
443892 74 1 1 1 6 22
444611 33 1 1 1 6 23
444650 65 1 1 1 6 23
444757 16 0 1 1 6 21
446003 18 1 1 1 6 23
447138 80 0 1 1 6 22
450333 40 0 1 6 6 17
451539 30 1 1 1 6 21
452917 10 1 1 1 6 19
456252 32 1 1 1 6 22
459385 20 0 1 1 6 26
462838 211 1 1 8 6 19
463195 15 1 1 1 5 22
463498 40 0 1 1 6 17
466383 41 0 1 1 6 21
467126 12 1 1 1 6 20
469366 33 1 1 1 6 19
470261 31 0 1 1 6 21
471123 35 1 1 1 6 21
471467 38 1 1 1 6 17
472260 767 1 1 1 6 20
473489 14 0 1 1 6 21
473841 15 1 1 1 6 18
475635 99 1 1 1 6 21
475714 30 1 1 6 6 17
481043 36 1 1 1 6 17
482990 15 0 1 7 6 40
483432 45 0 1 6 6 17
484116 42 1 1 1 6 19
486958 94 1 1 6 6 18
488424 19 0 1 6 6 17
492803 44 0 1 2 6 35
494965 30 1 1 1 6 28
495544 33 1 1 1 6 19
498653 34 1 1 4 6 17
503128 67 1 1 1 6 22
503916 15 0 1 1 6 27
507727 20 0 1 1 6 24
508797 73 1 1 6 6 17
510249 73 1 1 5 6 23
511120 114 1 1 6 6 17
517973 32 0 1 1 6 18
518698 32 0 1 1 6 22
521709 50 1 1 1 6 20
521879 4 1 1 1 6 26
526801 24 0 1 1 6 23
528580 32 1 1 1 6 28
528783 42 0 1 1 6 31
529506 19 1 1 1 6 31
529873 67 1 1 6 6 18
531299 6 0 1 1 5 20
534982 36 1 1 1 6 21
536437 53 1 1 1 6 22
536568 18 1 1 1 5 22
537674 42 1 1 1 6 19
537970 27 1 1 1 6 20
538976 7 0 1 1 6 33
542101 58 0 1 1 6 22
543241 23 0 1 1 6 23
543882 18 0 1 1 6 23
545098 10 0 1 1 6 37
545267 65 1 1 1 6 23
545274 1 1 1 1 6 28
545364 10 1 1 1 6 22
545990 68 1 1 1 6 22
549074 19 1 1 1 6 20
552311 29 1 1 1 6 27
553097 2 0 1 1 6 22
553396 66 1 1 1 6 23
553474 14 0 1 1 6 22
556701 28 1 1 1 6 20
558607 35 1 1 1 6 19
559338 28 0 1 1 6 33
562240 49 1 1 1 5 18
562262 26 0 1 1 6 34
564062 19 1 1 1 6 30
564618 45 1 1 1 6 18
570396 30 1 1 1 6 30
572771 23 1 1 1 6 22
575320 15 0 1 6 6 16
578544 13 1 1 1 6 27
582986 81 0 1 1 6 33
584508 58 1 1 1 6 23
586735 31 0 1 1 6 23
588001 94 1 1 1 6 18
591937 25 1 1 1 6 21
592784 80 1 0 6 6 25
597930 28 1 1 1 6 21
600201 7 0 1 1 6 24
602043 37 1 1 1 6 23
611124 8 1 1 1 6 23
612432 24 1 1 1 6 38
612593 21 1 1 1 6 22
612664 12 0 1 0 6 22
614275 22 1 1 1 6 22
614601 23 1 1 1 6 23
617160 10 1 1 1 6 36
621394 33 0 1 1 6 20
621481 32 1 1 1 6 18
623819 21 1 1 1 6 30
626480 52 1 1 1 6 18
626911 9 0 1 1 6 36
631207 9 1 1 4 6 23
631865 28 1 1 1 6 22
639000 10 1 1 1 6 35
640354 64 1 1 6 6 17
643444 11 0 1 1 6 32
644416 12 0 1 1 6 35
644979 20 0 1 1 6 20
645166 5 0 1 1 6 33
647006 53 1 1 1 6 19
647009 22 0 1 1 6 20
647379 17 0 1 9 6 21
652428 20 1 1 1 6 19
653409 10 0 1 6 5 17
653632 42 1 1 1 6 23
653687 33 1 1 1 6 19
654715 16 1 1 4 6 19
654917 31 1 1 1 6 22
656586 18 1 1 1 6 17
658899 29 1 1 1 6 23
658991 28 1 1 1 6 21
661143 20 0 1 3 6 32
662057 55 1 1 6 6 16
667071 5 0 1 1 6 22
667569 31 1 1 1 6 23
667608 10 1 1 1 6 27
668523 15 1 1 1 6 42
669110 51 1 1 1 6 17
669596 13 0 1 1 6 37
673481 37 1 1 1 6 19
674147 20 0 1 1 6 37
674364 26 1 1 1 6 27
678154 50 1 1 1 6 36
680760 15 1 1 6 6 31
680981 21 1 1 1 6 23
682369 38 0 1 6 6 16
684397 26 1 1 1 6 20
685758 3 1 1 1 6 18
688531 12 0 1 1 6 27
688869 35 1 1 1 6 20
693222 23 1 1 6 6 17
694419 52 1 1 1 6 23
694649 16 1 1 1 6 22
694713 16 0 1 1 6 19
695187 32 1 1 1 6 19
698086 22 0 1 6 6 17
702051 44 1 1 2 6 22
708353 41 1 1 1 6 18
708608 6 0 1 1 6 24
709052 60 1 1 1 6 20
709492 34 1 1 1 6 19
709794 28 0 1 1 6 23
711231 18 0 1 8 5 28
711575 15 0 1 1 6 28
720104 34 1 1 1 6 21
720241 20 1 1 1 5 21
720297 27 0 1 1 6 17
726161 10 0 1 5 6 32
727665 13 0 1 1 6 30
728300 8 1 1 1 6 44
731030 16 0 1 1 6 29
734605 31 1 1 1 6 18
737061 7 0 1 1 6 37
737273 22 1 1 1 6 19
737385 44 1 1 1 6 19
738423 25 0 1 1 6 23
741711 29 0 1 6 6 16
745104 46 1 1 5 6 23
748217 25 1 1 1 6 22
752699 14 0 1 1 6 21
755554 22 1 1 1 6 31
758094 23 0 1 1 6 22
758365 65 1 1 6 6 17
759972 5 0 1 1 6 39
760774 39 0 1 1 6 25
771746 8 0 1 1 6 29
773888 20 1 1 1 6 27
774669 44 1 1 1 6 18
778659 29 1 1 1 6 40
781383 10 0 1 1 6 50
781453 8 0 1 1 6 51
782759 5 0 1 1 6 47
791152 15 1 1 1 6 22
793390 17 1 1 1 6 22
796262 15 1 1 1 6 19
796877 7 0 1 1 6 28
797027 38 1 1 1 6 20
797432 12 0 1 6 6 17
803042 21 1 1 9 6 22
810753 23 1 1 1 6 18
810993 15 0 1 1 6 21
811045 20 0 1 1 6 23
811689 24 1 1 1 6 23
812381 35 1 1 1 6 19
813369 17 1 1 6 6 17
817126 3 0 1 1 6 33
824469 14 0 1 1 6 23
826051 26 1 1 1 5 19
826300 51 1 1 1 6 22
827878 19 1 1 1 6 20
828123 36 1 1 1 6 21
832977 23 1 1 1 6 18
835784 8 0 1 1 6 23
837624 24 1 1 6 6 16
838986 19 1 1 1 5 20
840399 22 1 1 1 6 18
843311 28 1 1 5 6 22
843706 6 1 1 1 6 21
849039 7 1 1 1 6 23
850871 47 1 1 4 6 28
852336 20 0 1 1 6 23
854889 25 1 1 1 6 28
859722 6 1 1 1 6 19
874290 15 1 1 1 6 19
875720 21 1 1 1 6 22
879123 16 0 1 1 6 20
879840 44 1 1 1 6 23
879989 16 1 1 1 6 24
881750 9 0 1 1 6 32
883478 1 1 1 1 5 22
886178 5 0 1 1 6 26
887607 7 1 1 1 6 35
888415 14 0 1 1 6 21
889913 13 1 1 1 5 21
890429 39 1 1 1 6 22
895025 7 1 1 1 6 30
897463 20 0 1 6 6 17
899648 18 1 1 1 6 52
900330 12 0 1 1 6 21
902890 13 0 1 1 6 41
905761 8 1 1 1 6 22
906357 16 1 1 1 6 23
907191 12 0 1 1 6 18
907965 39 1 1 1 6 23
908362 11 1 1 1 6 22
913667 42 1 1 1 6 26
922327 42 1 1 1 6 26
923292 7 0 1 7 6 33
923962 18 1 1 1 5 28
923964 4 0 1 1 6 39
923973 31 1 1 1 6 33
924242 9 1 1 1 6 22
924243 4 0 1 1 6 50
924416 6 0 1 8 6 32
924565 1 0 1 1 5 36
924581 3 1 1 1 6 36
924595 12 1 1 1 6 29
924631 1 1 1 1 5 26
924757 37 1 1 6 6 17
924758 16 1 1 1 6 29
924759 4 0 1 1 6 31
924804 10 1 1 1 6 55
924805 14 1 1 6 6 17
924806 20 0 1 1 6 35
924807 6 0 1 1 6 21
924808 6 1 1 5 6 28
924826 13 1 1 1 6 24
924827 12 1 1 1 6 18
924828 2 1 1 1 6 30
924835 5 0 1 6 6 17
924836 4 0 1 1 6 23
924837 2 1 1 1 6 29
924838 20 0 1 1 6 26
924846 10 1 1 1 6 27
924872 9 1 1 1 6 18
924884 11 1 1 1 6 22
924943 3 1 1 1 6 28
924945 4 1 1 1 5 43
924946 6 1 1 1 6 19
924984 25 1 1 1 6 38
924985 1 1 1 1 6 42
924994 12 1 1 1 6 23
924997 9 1 1 1 6 41
925010 10 1 1 1 6 31
925011 22 1 1 1 6 41
925013 5 1 1 1 6 29
925015 8 1 1 4 6 26
925050 13 1 1 6 6 19
925051 2 1 1 1 6 35
925053 7 1 1 1 6 23
925054 11 1 1 1 5 27
925055 1 1 1 1 6 42
925056 5 1 1 1 5 23
925085 20 1 1 1 6 29
925088 33 1 1 1 6 20
925089 23 1 1 1 6 29
925091 1 1 1 7 6 27
925092 2 1 1 6 6 17
925093 10 1 1 1 6 27
925094 3 1 1 1 6 53
925095 4 0 1 1 6 30
925096 3 1 1 1 5 19
925097 1 1 1 1 6 35
925098 6 1 1 1 6 36
925100 1 1 1 1 6 24
925109 14 1 1 1 6 36
925110 19 1 1 6 6 17
925111 3 1 1 1 6 18
925112 1 1 1 1 6 20
925113 15 1 1 1 6 17
925114 5 1 1 1 5 37
925142 2 0 1 1 6 38
925143 8 1 1 0 6 28
925146 10 1 1 1 6 36
925147 5 0 1 1 6 36
925148 14 1 1 1 6 30
925174 4 0 1 1 6 33
925175 3 0 1 2 6 21
925189 6 1 1 1 6 43
925190 23 1 1 1 5 22
925191 1 1 1 1 6 39
925203 2 0 1 1 6 29
925226 7 1 1 1 6 29
925227 26 1 1 6 6 17
925228 2 1 1 1 5 26
925247 4 1 1 1 6 43
925248 25 0 1 1 6 37
925250 5 1 1 1 6 48
925251 14 0 1 1 6 28
925262 13 0 1 1 5 30
925263 11 0 1 1 6 28
925269 5 0 1 1 6 49
925270 9 1 1 1 6 36
925276 20 1 1 1 6 25
925277 20 0 1 1 6 23
925278 8 1 1 1 6 42
925311 8 1 1 1 6 37
925313 5 1 1 1 6 59
925314 1 0 1 9 6 27
925332 5 0 1 1 6 36
925333 37 0 1 1 6 29
925334 7 1 1 1 6 31
925335 4 0 1 1 6 36
925356 4 1 1 1 6 24
925360 11 1 1 1 6 33
925369 30 1 1 1 6 30
925384 6 0 1 5 6 26
925422 3 0 1 1 6 32
925423 9 0 1 1 6 40
925424 3 0 1 1 6 30
925425 18 1 1 1 6 24
925440 4 1 1 1 6 45
925441 18 0 1 1 6 34
925442 2 0 1 1 6 41
925444 8 1 1 1 6 22
925446 32 1 1 1 6 26
925447 5 0 1 1 6 37
925448 1 1 1 2 6 39
925492 6 1 1 1 5 25
925510 3 0 1 1 6 33
925511 8 0 1 1 6 35
925554 4 0 1 1 6 40
925555 2 1 1 1 6 23
925556 19 1 1 4 6 43
925586 15 1 1 1 6 23
925588 1 1 1 1 6 32
925608 27 1 1 1 6 37
925609 10 0 1 1 6 40
925610 4 1 1 1 6 31
925611 7 1 1 1 6 34
925612 6 1 1 1 6 48
925614 1 1 1 1 6 19
925619 2 1 1 1 6 44
925620 23 0 1 1 6 23
925621 24 0 1 1 6 42
925622 27 1 1 1 6 21
925627 15 1 1 1 6 28
925628 17 1 1 1 5 36
925687 11 1 1 1 6 34
925698 1 1 1 7 6 21
