163447
19
2155
163447 564 1 0 2 6 18
10406 37 1 0 1 5 18
10471 49 0 0 0 6 21
28429 73 0 0 5 6 16
29065 32 0 0 7 6 17
32305 4 1 0 2 6 20
34030 47 1 1 9 5 21
41935 41 1 0 3 6 17
42737 57 1 0 4 6 20
46980 498 1 0 1 6 20
48140 136 0 0 5 6 20
48347 107 1 0 4 6 26
50628 224 1 0 7 6 17
53490 78 0 0 8 6 23
63262 6 0 0 4 5 19
67131 29 0 0 4 5 20
68338 13 0 0 4 6 15
68596 508 1 0 4 6 21
68939 88 1 0 1 5 19
69802 32 1 0 4 6 15
77003 282 1 0 9 6 17
77586 6 0 0 1 5 18
81243 13 1 0 4 5 18
87591 20 1 0 9 6 19
87696 16 0 0 4 6 15
87950 42 1 0 4 5 16
88280 635 1 0 1 6 19
90047 293 1 1 2 6 15
92820 24 0 0 3 6 18
106922 32 1 0 0 6 17
107186 129 1 0 4 6 16
108348 67 1 0 4 6 17
113089 31 0 0 4 6 20
113092 15 0 0 9 5 17
113311 84 1 0 2 6 15
119642 28 0 0 0 6 22
121003 8 1 0 0 6 27
121846 10 0 0 0 5 20
124634 22 0 0 9 6 21
129435 53 0 0 4 5 18
129782 32 1 0 2 6 18
129985 105 1 0 6 6 19
131048 52 1 0 0 6 22
132393 14 0 0 6 6 19
138532 61 0 0 4 6 21
141086 312 1 0 9 6 19
146954 276 1 0 6 6 20
146963 453 1 0 4 6 15
147074 24 1 0 2 5 15
147081 48 1 0 4 5 20
147128 110 1 0 4 6 19
147132 35 1 0 4 6 16
147191 51 1 0 2 5 13
147335 64 1 0 1 6 17
147558 105 1 0 4 6 24
147564 13 1 0 9 6 17
147565 23 0 0 4 6 16
147654 9 1 0 4 5 18
147708 21 1 0 5 5 20
147709 72 1 0 9 6 17
147846 5 0 0 4 6 18
147851 21 1 0 4 5 18
148776 8 1 0 4 5 19
148795 4 0 0 4 5 17
149050 8 0 0 4 5 17
154770 11 0 0 4 6 18
154908 56 1 0 4 6 17
154975 22 0 0 8 5 17
156609 29 0 0 4 6 17
157974 6 0 0 4 5 18
158008 43 1 0 4 6 16
159652 7 0 0 4 5 18
159753 6 0 0 4 5 16
159965 9 1 0 4 5 17
161964 50 1 0 4 5 25
162035 128 0 0 4 6 26
162858 6 0 0 6 6 17
163523 22 0 0 4 6 17
167017 42 1 0 9 5 17
167611 81 1 0 2 6 18
168954 85 1 1 8 6 23
168988 7 0 0 4 5 19
171312 62 1 0 4 6 17
173094 48 1 0 6 6 19
173095 22 1 0 6 5 21
173889 17 1 1 2 6 16
179678 39 1 0 3 6 17
180259 127 1 0 4 6 18
185594 13 0 0 2 6 15
187608 10 0 0 6 5 18
189800 13 0 0 8 6 20
190304 435 1 0 5 6 20
194791 9 0 0 4 5 17
195044 9 1 0 2 6 20
195123 3 1 0 2 5 23
199837 29 1 0 4 6 16
211049 13 0 0 6 6 18
211583 148 1 0 9 6 1
211664 164 1 0 8 5 18
213544 39 1 0 4 6 17
214728 398 1 0 1 6 16
214731 46 1 0 5 5 20
214823 16 0 0 2 5 17
222434 68 1 0 4 6 20
228170 21 0 0 1 6 17
232028 22 0 0 5 6 18
249752 50 1 0 9 6 19
249794 44 1 0 4 6 18
250337 33 1 0 1 5 19
254816 25 1 0 0 6 14
256727 6 0 0 2 5 16
259777 35 0 0 4 6 19
259995 27 0 0 9 6 18
267985 35 1 0 2 5 16
272433 9 1 0 4 6 20
272858 19 1 0 4 5 16
275359 43 1 0 9 6 16
275715 19 0 0 2 5 21
275763 31 0 0 2 6 19
276367 200 1 0 8 6 19
277276 12 0 0 4 5 19
277974 26 1 0 9 5 17
278445 15 0 0 4 5 17
278811 30 0 0 1 6 20
280209 18 1 0 4 6 16
280590 37 1 0 9 6 18
281552 2 0 0 4 6 17
286302 68 1 0 4 6 18
286386 6 0 0 1 6 17
286549 15 0 0 7 6 19
288243 10 0 0 4 5 17
288817 10 0 0 4 6 16
290017 6 0 0 4 5 19
290861 26 1 0 4 6 15
291704 9 0 0 4 6 21
293193 26 1 0 9 6 21
296404 25 1 0 5 6 18
296531 23 1 0 1 6 17
298480 9 0 0 4 6 21
298620 11 1 0 2 6 18
299807 18 0 0 4 6 21
300969 17 1 0 4 6 20
305406 49 1 0 6 6 19
306152 36 1 0 9 6 17
311123 6 1 0 4 6 19
311546 9 0 0 6 6 17
312789 56 1 0 1 6 18
314332 10 0 0 4 6 18
318220 24 1 0 4 6 16
318901 56 1 0 8 6 17
321936 6 1 0 4 5 21
323030 51 0 0 7 6 15
323502 74 1 0 4 6 19
331469 128 1 0 3 6 20
331546 31 1 0 9 6 15
332692 18 0 0 4 5 18
341999 35 0 0 4 6 21
342676 12 0 0 7 6 21
345857 29 0 0 2 6 19
347933 54 1 0 1 6 19
349643 203 1 1 2 6 20
350427 37 1 0 9 5 19
350452 7 0 0 4 6 15
351323 221 1 0 0 6 11
351947 14 0 0 4 6 18
353240 33 1 0 1 6 21
355405 29 0 0 8 6 17
355465 25 0 0 4 6 18
355476 59 1 0 3 6 16
355782 85 1 0 1 6 18
361275 14 0 0 7 6 17
361705 19 0 0 4 5 18
366049 10 1 0 2 5 19
367659 19 0 0 9 5 18
367660 12 1 0 4 5 18
367694 19 1 0 5 5 19
368155 21 0 0 1 5 20
369498 25 0 0 6 5 18
371220 12 0 0 2 6 17
384733 12 0 0 5 6 21
384735 38 0 0 5 6 21
384755 34 0 0 4 6 21
384807 19 1 0 4 6 20
384809 8 0 0 4 6 18
384834 26 1 0 9 5 19
384838 17 1 0 2 5 19
384839 63 1 0 9 6 17
384840 32 1 0 2 5 20
384867 20 1 0 2 5 19
384872 14 0 0 4 5 20
384873 12 0 0 4 6 17
384964 16 0 0 7 5 17
384968 6 1 0 4 5 19
385012 14 0 0 1 6 19
385013 20 0 0 1 5 17
385014 21 0 0 4 6 22
385028 15 1 0 9 5 19
385068 18 0 0 4 5 19
385071 16 0 0 9 6 19
385104 20 1 0 4 5 18
385144 9 0 0 4 6 18
385197 57 1 0 2 5 18
385306 46 1 0 6 6 18
385780 4 1 0 4 5 19
385781 18 0 0 2 5 15
385788 11 0 0 1 5 20
385827 8 0 0 4 5 17
385828 12 0 0 1 6 21
385831 33 1 0 2 5 22
385836 12 1 0 9 5 20
385927 26 1 0 4 5 18
385938 15 0 0 1 5 17
385946 9 1 0 3 5 18
385950 15 1 0 9 5 18
385955 12 0 0 9 6 19
385958 7 0 0 9 5 17
386101 16 0 0 2 5 14
386104 11 0 0 1 6 16
386122 18 0 0 2 5 15
386163 28 1 0 2 5 15
386164 43 1 0 1 5 17
386166 6 1 0 2 6 17
386169 33 1 0 4 6 17
386211 16 1 0 2 6 14
386213 10 0 0 4 6 16
386214 36 0 0 9 6 18
386215 6 1 0 7 6 17
386216 7 0 0 4 6 16
386218 19 1 0 2 5 16
386273 5 0 0 4 5 18
386274 12 1 0 4 5 18
386391 15 1 0 4 5 18
386392 8 1 0 9 5 14
386411 26 1 0 1 5 19
386419 5 1 0 1 5 19
386629 4 0 0 9 5 19
386811 14 0 0 4 6 16
386870 22 0 0 4 5 26
386871 11 0 0 4 6 19
386917 7 0 0 9 5 17
386940 21 0 0 2 5 23
386941 10 0 0 4 6 18
387035 3 0 0 6 6 19
387040 28 0 0 4 6 18
387047 7 0 0 8 6 21
387080 10 0 0 6 6 19
387146 28 0 0 8 6 17
387149 9 0 0 4 6 18
387156 15 0 0 4 5 18
387201 56 0 0 4 6 21
387204 18 1 0 4 5 16
387221 13 0 0 7 6 21
387223 22 1 0 6 6 16
387225 14 0 0 1 5 15
387286 47 1 0 2 5 18
387288 16 1 0 9 6 19
387290 24 1 0 1 5 19
387317 14 0 0 9 5 18
387323 6 0 0 4 5 17
387385 8 0 0 0 6 20
387419 6 1 0 4 6 20
387450 28 0 0 9 6 17
387821 52 1 0 6 5 17
388820 8 1 0 4 5 19
389455 16 1 0 1 6 16
390144 12 1 0 9 6 20
390585 28 0 0 4 6 17
407445 15 0 0 4 6 18
411828 42 1 1 4 6 20
424366 18 1 0 6 6 16
426731 14 0 0 2 5 19
427516 15 1 0 1 6 17
429557 60 1 0 4 6 19
432450 34 1 0 4 6 20
437428 3 1 0 4 5 17
443115 18 1 0 1 6 18
444929 9 0 0 2 6 19
447723 10 0 0 1 5 18
448280 34 1 0 7 5 18
449912 4 1 0 5 5 19
457162 12 0 0 2 5 18
458643 24 1 0 4 6 17
458713 16 1 0 4 6 18
458714 10 1 0 4 5 17
458761 6 1 0 4 5 16
458763 24 1 0 6 5 16
458765 3 1 0 9 5 18
458831 3 1 0 2 5 16
458833 14 0 0 1 6 18
458834 19 1 0 2 6 18
458837 9 1 0 2 6 20
458838 3 0 0 4 5 20
458869 5 0 0 4 5 19
458893 11 1 0 2 6 17
458894 54 0 0 4 6 15
458895 14 1 0 7 6 16
458896 3 0 0 2 5 19
458897 11 1 0 1 6 18
459170 29 0 0 4 5 16
459814 51 1 1 6 5 16
463462 14 0 0 4 6 19
468005 11 0 1 4 6 21
469188 15 1 0 5 5 18
469483 10 0 0 8 5 17
469820 13 1 0 1 6 18
470685 17 0 0 4 6 18
471511 5 1 0 1 5 17
471521 16 1 0 1 5 18
474484 67 1 0 4 6 20
475201 37 0 0 9 6 17
478883 27 0 0 4 6 17
482720 10 0 0 2 5 18
484254 39 1 0 4 6 16
489039 27 1 0 2 6 18
489477 46 1 0 2 6 15
490014 33 1 0 1 6 17
490161 9 1 0 5 6 15
495592 28 0 0 6 6 20
513348 32 1 0 1 6 17
524852 19 1 0 4 5 20
529532 9 1 0 8 6 17
533692 13 1 1 8 6 22
542878 15 0 0 4 6 17
543302 9 1 0 4 6 18
543305 27 1 0 2 6 17
543348 25 1 0 4 6 18
549131 4 1 0 4 6 18
559199 19 1 0 4 5 16
559824 10 1 0 2 5 18
562227 37 1 0 9 6 17
571621 30 1 0 4 5 15
577830 80 1 0 2 5 24
585078 10 1 1 7 6 26
587062 6 0 0 4 6 18
590307 1 0 0 4 6 18
591796 10 1 0 1 5 16
597852 44 1 0 4 6 20
601371 6 0 0 7 6 17
602662 1 0 0 4 6 17
609733 20 0 0 0 6 17
618898 28 1 0 8 6 12
647176 23 1 0 4 6 29
649175 21 0 0 4 6 17
673226 16 0 0 1 5 19
673231 8 0 0 2 6 1
676525 16 1 0 4 6 19
676571 2 0 0 4 6 20
677113 17 1 0 7 5 15
688175 13 0 0 1 6 21
688536 3 0 0 4 6 18
688539 8 1 0 1 5 17
688693 17 1 0 4 5 17
693964 3 0 1 8 5 15
694940 21 0 0 9 6 20
695450 29 0 0 2 6 15
695731 30 1 0 1 6 17
699762 19 1 0 6 6 16
713913 9 1 0 1 6 20
720876 13 1 0 9 5 18
724492 8 1 0 1 6 13
725374 9 0 0 6 5 16
728209 15 1 0 3 6 19
729651 6 1 0 1 5 19
744005 8 1 0 4 5 18
745737 7 0 0 1 5 19
745891 5 0 0 4 6 19
750743 16 1 0 7 6 17
751545 4 0 0 7 5 19
752975 9 1 0 9 6 20
753619 14 1 0 8 5 19
755417 9 1 0 1 5 20
756148 11 0 0 6 6 16
758191 32 1 0 2 6 16
760572 7 1 0 9 5 16
761121 8 0 0 2 6 16
762552 5 0 0 1 6 17
770310 5 1 0 7 5 19
772786 38 1 0 6 6 11
774917 5 1 0 9 6 16
775062 27 1 0 2 6 16
775108 17 1 0 2 6 13
775669 11 1 0 4 5 16
775792 6 1 0 4 5 17
776361 7 1 0 4 5 18
776835 12 0 0 4 5 19
783155 18 1 0 4 5 19
783168 14 1 0 4 5 18
785693 28 0 0 7 5 17
785945 12 1 0 6 6 20
792141 8 1 0 4 5 16
797568 5 0 1 4 6 19
797697 52 1 0 5 6 19
798821 4 0 0 4 6 19
799675 12 1 0 1 6 20
804791 4 1 0 2 6 17
806733 26 1 0 1 5 17
807387 5 0 0 4 5 16
807655 12 1 0 4 5 18
807890 3 1 0 9 6 15
808650 4 1 0 5 5 18
809486 16 1 0 1 6 19
810406 9 1 0 4 6 19
818200 10 0 0 4 6 18
820264 9 1 0 1 5 18
828151 4 1 0 4 5 17
828234 4 0 0 1 6 18
837917 8 0 0 4 5 17
845284 4 0 0 2 5 18
858165 3 0 0 4 6 19
861835 9 1 0 9 5 17
862341 10 0 0 1 6 16
862459 14 0 0 4 6 19
863466 2 0 0 4 5 17
868059 14 1 0 7 6 12
876597 13 1 0 4 5 19
893154 8 1 0 9 5 19
893446 18 1 0 8 5 20
894925 8 0 0 8 6 18
910084 4 0 0 0 6 18
910087 8 1 0 1 5 18
921503 2 1 0 4 6 18
922650 3 0 0 2 6 19
934788 15 0 0 4 5 18
936842 6 0 0 7 6 21
940392 10 1 0 0 6 5
946832 6 1 1 3 6 19
953028 7 1 0 1 6 18
953934 4 1 0 2 5 18
954255 15 1 0 6 5 19
954269 9 1 0 4 5 18
954291 6 1 0 7 5 22
954293 3 0 0 4 5 19
954420 9 0 0 4 5 18
954432 12 1 0 4 5 17
954626 16 1 0 4 5 21
954846 6 1 0 2 5 19
973998 32 1 0 6 6 19
974164 4 0 0 4 6 16
974166 13 1 0 2 5 16
974194 9 1 0 9 6 18
977594 12 1 0 1 6 17
979435 8 1 0 8 5 20
985592 8 1 0 7 5 19
985983 3 1 0 6 5 17
986291 10 1 0 6 5 19
986464 8 1 0 4 5 17
986547 4 1 0 2 5 18
986585 18 1 0 4 6 16
986617 11 1 0 6 5 17
986680 8 1 0 6 5 19
986682 6 1 0 2 5 17
986693 16 1 0 6 6 16
986766 5 1 0 4 6 18
986779 4 0 0 2 6 15
986877 4 1 0 9 5 20
986922 7 1 0 4 5 20
986976 5 1 0 2 6 15
986982 4 0 0 2 6 15
987001 10 0 0 1 5 15
987039 6 1 0 1 5 18
987043 3 1 0 4 5 21
987107 5 0 0 2 6 15
987108 6 0 0 2 5 15
987115 11 1 0 6 6 22
987125 11 1 0 2 5 24
987187 3 0 0 4 6 18
987207 2 0 0 0 5 18
987247 6 0 0 4 6 18
987254 10 0 0 9 6 17
987260 6 1 0 4 6 17
987291 4 1 0 7 5 16
987357 3 0 0 4 6 18
987395 4 1 0 4 5 15
987463 8 0 0 6 6 18
987479 4 1 0 1 5 18
987513 7 1 0 1 5 19
987532 4 1 0 9 5 20
987547 5 1 0 1 5 17
987550 2 1 0 4 5 17
987551 2 1 0 4 5 16
987583 10 1 0 1 6 18
987639 5 1 0 4 5 19
987646 5 0 0 1 6 18
987663 8 1 0 1 5 18
987686 2 1 0 1 5 17
987833 10 1 0 9 6 17
987892 2 0 0 4 5 17
988457 9 0 0 9 5 18
988651 2 0 0 4 5 19
988701 3 0 0 4 5 17
988746 8 1 0 2 5 12
988759 2 0 0 4 5 17
988768 8 1 0 4 5 15
990507 14 1 0 9 6 19
992323 2 0 0 2 6 15
1010683 4 1 0 2 5 17
1011089 5 0 0 6 6 16
1022215 1 1 0 2 5 19
1022237 1 1 0 8 5 17
1022298 2 1 0 4 5 17
1022299 2 0 0 8 6 16
1022300 4 1 0 4 5 19
1022305 1 1 0 2 5 16
1022420 3 0 0 6 6 18
1022459 3 1 0 2 5 19
1022783 5 1 0 2 6 21
1022808 1 0 0 4 5 16
1022855 1 0 0 1 5 18
1022907 5 1 0 0 6 19
1023023 3 1 0 2 6 14
1023285 6 1 0 2 6 16
1023290 2 1 0 6 6 15
1023570 1 0 0 4 6 18
1023576 1 0 0 4 6 20
1023578 1 0 0 4 6 19
1023579 3 1 0 4 5 21
1023586 4 1 0 4 5 17
1023587 1 1 0 1 5 19
1023588 2 1 0 6 5 18
1023590 1 1 0 1 5 18
1023597 3 0 0 4 6 19
1023601 1 0 0 4 5 18
1023631 4 0 0 4 6 19
1023654 18 1 0 8 6 34
1023676 5 1 0 4 5 16
1023678 2 1 0 9 5 19
1023680 6 1 0 4 6 15
1023683 9 1 0 1 6 20
1023753 1 0 0 2 5 18
1023757 2 1 0 4 6 19
1023759 1 1 0 1 5 18
1023774 1 0 0 1 5 17
1023775 1 0 0 4 6 15
1023776 1 0 0 2 5 20
1023777 1 1 0 4 5 16
1023806 1 0 0 4 5 16
1023825 1 1 0 7 5 18
1023826 3 1 0 8 5 19
1023850 2 0 1 4 5 19
1023851 1 0 0 9 5 111
1023854 1 0 0 9 5 4
1023855 1 1 0 4 5 17
1023856 1 0 0 9 5 16
1023875 2 0 0 4 6 18
1023876 2 0 0 4 5 20
1023877 4 0 0 4 5 20
1023899 7 1 0 4 6 18
1023900 1 0 0 7 6 20
1023902 3 1 0 4 5 21
1023912 12 0 0 4 6 20
1023913 6 1 0 4 6 17
1023919 1 0 0 1 6 17
1023985 3 0 0 8 6 33
1023986 2 0 0 2 6 20
1024009 1 0 1 4 5 20
1024038 3 1 0 4 5 19
1024039 3 0 0 4 6 20
1024052 1 0 0 2 5 20
1024053 8 1 0 4 5 18
1024066 10 0 0 4 5 18
1024079 1 1 0 7 5 17
1024080 2 0 0 6 6 18
1024083 4 0 0 1 5 19
1024100 1 0 0 0 6 20
1450397 6 1 0 4 5 17
