68596
19
389
68596 508 1 0 4 6 21
2625 190 1 0 0 6 19
3554 187 1 0 0 6 18
6168 72 1 0 2 6 17
7104 40 1 0 4 6 14
7236 142 1 1 4 6 21
10406 37 1 0 1 5 18
13823 99 1 0 1 6 22
15537 98 1 1 8 6 17
16091 75 1 1 7 6 17
22924 77 1 0 0 5 18
23890 91 1 0 8 6 24
27428 170 1 0 2 6 14
29984 160 1 0 3 6 19
31269 31 1 0 5 6 17
39425 23 0 0 4 6 19
40015 139 1 0 7 6 19
41935 41 1 0 3 6 17
42737 57 1 0 4 6 20
46146 301 1 0 8 6 19
48140 136 0 0 5 6 20
50628 224 1 0 7 6 17
55856 98 1 0 1 6 19
58720 236 0 0 8 6 18
61030 35 1 0 1 6 18
62768 379 1 0 6 6 18
68939 88 1 0 1 5 19
79092 422 1 1 1 6 26
81122 71 1 1 8 6 17
84572 42 1 0 1 6 24
85050 15 0 0 4 6 19
86007 59 1 0 6 5 16
87446 33 1 0 8 6 20
87535 35 1 0 3 6 16
88280 635 1 0 1 6 19
88284 29 1 0 2 5 16
88290 89 1 0 4 6 19
91321 154 0 1 1 6 35
92772 152 1 0 3 6 18
92811 108 1 0 3 6 19
93063 38 1 0 2 6 19
102678 10 0 1 4 6 21
102874 11 1 0 7 6 20
107186 129 1 0 4 6 16
107603 21 1 0 6 6 20
108455 248 0 1 9 6 37
108627 15 1 0 3 6 24
108978 130 1 0 6 6 19
113066 56 1 0 3 6 23
113311 84 1 0 2 6 15
116130 329 0 1 2 6 28
121048 66 1 0 6 6 20
124716 26 1 0 1 6 21
128101 103 1 1 0 6 28
131168 107 1 0 5 6 17
131504 126 1 0 8 6 20
135172 165 1 0 2 6 17
141086 312 1 0 9 6 19
145923 555 1 1 6 6 18
146954 276 1 0 6 6 20
146958 156 1 0 6 5 17
146959 763 1 0 7 6 20
146963 453 1 0 4 6 15
147064 570 1 0 4 6 18
147073 103 1 1 4 6 19
147074 24 1 0 2 5 15
147079 640 1 0 4 6 17
148675 40 1 0 6 6 18
149222 13 1 0 5 5 18
152603 83 1 1 2 6 19
152639 27 1 0 2 5 21
153975 5 1 0 1 5 19
154529 18 0 0 1 5 22
155734 83 1 0 2 6 18
157972 25 0 1 6 6 18
159988 106 1 0 8 6 19
160619 102 1 0 1 6 18
163324 120 1 0 9 6 16
163415 38 1 0 8 6 16
163447 564 1 0 2 6 18
165657 119 1 0 1 6 18
168110 349 1 1 3 6 19
168388 37 1 0 8 6 19
171729 91 1 0 8 6 17
171732 70 1 0 8 5 16
172758 496 1 0 8 6 20
173094 48 1 0 6 6 19
173095 22 1 0 6 5 21
173183 140 1 1 6 6 16
174905 58 1 0 7 6 19
175673 88 1 0 2 6 23
178158 66 1 0 3 6 19
182862 36 1 0 2 6 19
184074 12 1 0 7 6 17
187274 42 1 1 0 6 15
188686 89 1 0 1 6 17
190304 435 1 0 5 6 20
207419 24 1 0 4 6 16
210120 9 1 0 1 6 19
210124 28 1 0 1 6 17
210718 86 1 1 6 6 17
211307 47 1 0 1 6 23
214648 61 0 1 6 6 21
214721 208 1 0 1 6 16
214725 349 1 1 1 6 25
214728 398 1 0 1 6 16
214729 32 1 0 4 5 16
214730 114 1 1 1 6 22
214732 644 1 0 4 6 16
222443 200 1 0 9 6 18
227178 68 1 0 8 6 22
227760 100 1 0 3 6 21
229100 106 1 0 8 6 20
229145 67 1 0 8 6 19
249394 24 1 0 4 6 17
251156 118 1 0 3 6 20
253591 165 1 0 3 6 19
254381 14 1 0 4 6 17
256459 64 1 0 2 6 15
267612 62 1 0 3 6 21
267704 43 1 0 3 6 21
273354 169 1 0 6 6 18
273580 47 1 0 1 6 19
274627 56 1 0 8 6 20
276235 9 1 0 1 6 17
276367 200 1 0 8 6 19
276625 4 1 0 1 5 22
277039 58 1 0 2 6 23
277147 14 1 0 1 6 18
277411 43 1 0 6 6 22
277457 11 1 0 6 5 20
277463 59 1 0 4 5 21
278058 18 1 0 3 5 16
278730 115 1 0 2 6 19
280209 18 1 0 4 6 16
280590 37 1 0 9 6 18
281610 24 0 1 0 6 30
282663 137 1 0 8 6 18
283200 341 1 0 2 6 24
284120 91 1 1 1 6 19
284236 60 1 0 1 6 21
285701 163 1 0 8 6 19
287125 94 1 0 8 6 20
287149 76 1 0 7 6 18
287811 6 1 0 1 5 22
293193 26 1 0 9 6 21
293326 22 1 0 1 6 22
294015 42 1 0 8 6 17
296531 23 1 0 1 6 17
296547 28 1 0 1 6 16
310467 9 1 0 8 5 17
311437 4 1 0 6 6 22
311542 69 1 0 4 6 16
312555 65 1 0 8 6 20
314393 111 1 0 3 6 20
316105 92 1 0 1 6 21
317114 12 1 0 4 6 19
317142 14 1 0 6 6 20
317329 102 1 0 8 6 18
318220 24 1 0 4 6 16
318249 19 1 0 6 6 19
319428 67 1 0 9 6 19
321935 23 1 0 8 6 19
322001 52 1 0 6 6 22
323502 74 1 0 4 6 19
325177 29 1 0 9 6 20
328071 41 1 1 7 6 31
329503 16 1 0 1 6 16
329641 72 1 0 2 6 18
331069 9 1 0 1 5 20
331359 41 1 0 8 6 20
331427 5 1 0 3 5 21
331431 30 1 0 3 5 19
331469 128 1 0 3 6 20
331478 6 1 0 1 6 19
331541 12 1 0 5 5 19
331546 31 1 0 9 6 15
334676 95 1 0 8 6 18
342233 133 1 0 8 6 19
343405 27 1 0 8 5 22
345614 45 1 0 2 6 22
347849 38 1 0 5 6 16
349314 69 1 0 7 6 15
349643 203 1 1 2 6 20
349826 94 1 0 3 6 21
350369 16 1 0 8 6 17
350372 51 1 0 7 5 20
350427 37 1 0 9 5 19
350455 60 0 0 2 6 18
350565 25 1 0 6 5 19
350620 85 1 0 2 6 21
351233 17 1 0 7 6 18
351323 221 1 0 0 6 11
351355 284 0 1 4 6 15
352730 58 0 0 4 6 23
353240 33 1 0 1 6 21
354208 35 1 0 1 6 18
354711 35 1 0 1 6 18
355285 23 1 0 4 5 17
355365 94 1 1 6 6 16
355410 28 1 0 9 5 18
355476 59 1 0 3 6 16
362663 24 1 0 1 5 26
362852 56 1 0 8 6 16
364751 39 1 0 6 6 20
365874 89 1 0 6 6 21
366042 39 1 1 6 6 16
367200 37 1 0 1 6 20
367660 12 1 0 4 5 18
367688 26 1 0 1 6 26
367733 38 1 0 9 5 15
368405 116 1 1 6 6 14
368697 66 1 0 6 6 21
375819 87 1 1 6 6 21
378977 81 1 1 8 6 29
380469 7 1 0 4 5 16
384576 35 1 0 2 5 22
384579 15 1 1 4 6 15
384735 38 0 0 5 6 21
384807 19 1 0 4 6 20
384888 13 1 0 8 5 25
385027 9 1 0 2 5 18
385028 15 1 0 9 5 19
385103 9 1 0 9 5 20
385104 20 1 0 4 5 18
385772 4 1 0 4 5 19
385786 29 1 0 8 5 17
385836 12 1 0 9 5 20
385949 8 1 0 2 5 18
385950 15 1 0 9 5 18
386100 25 1 0 2 5 21
386107 22 1 0 6 5 23
386161 18 1 0 4 5 19
386169 33 1 0 4 6 17
386218 19 1 0 2 5 16
386390 4 1 0 2 5 22
386392 8 1 0 9 5 14
386411 26 1 0 1 5 19
386544 27 1 0 4 6 18
386921 11 1 0 9 6 20
386991 2 0 0 8 6 20
387147 7 1 0 2 6 17
387154 21 1 0 4 5 18
387222 10 1 0 1 5 30
387288 16 1 0 9 6 19
387293 40 1 0 1 6 23
387319 21 1 0 4 5 27
387364 44 1 0 2 5 19
387419 6 1 0 4 6 20
389933 14 0 0 8 6 17
395477 99 1 1 7 6 24
398109 56 1 0 1 5 19
403137 43 1 1 4 6 17
407768 150 1 1 6 6 16
414775 149 1 0 8 6 18
417129 58 1 0 2 6 20
423839 38 1 1 1 6 22
425404 34 1 0 5 6 15
428448 31 1 1 8 6 29
428693 134 1 0 7 6 22
430685 45 1 0 5 6 18
431603 5 1 0 1 6 20
431819 16 1 0 9 5 20
435753 98 1 0 8 6 20
436588 23 1 0 3 6 15
437122 44 1 1 7 6 30
441076 5 1 0 1 6 17
447721 15 1 0 3 6 17
449912 4 1 0 5 5 19
455118 30 1 0 2 6 20
456432 13 1 0 8 6 17
458033 11 1 0 1 6 18
460339 37 1 0 7 6 17
462667 9 1 0 2 6 18
464376 3 1 0 1 5 21
464473 55 1 0 8 6 18
466571 16 1 0 1 5 18
468467 8 1 0 2 5 19
469306 13 1 0 2 6 18
469350 17 1 0 1 6 18
469993 6 1 0 1 5 17
470110 15 1 0 4 5 17
470174 257 1 0 8 6 17
470702 33 1 0 1 6 20
470885 36 1 0 1 6 24
471521 16 1 0 1 5 18
472122 6 0 0 1 5 18
473456 22 1 0 1 6 18
473572 31 1 0 2 6 18
474998 69 1 0 1 6 21
478870 31 1 0 4 6 21
478935 91 1 0 7 5 22
479475 24 1 0 6 6 20
479831 38 1 0 6 6 24
483631 38 1 0 8 6 18
483979 26 1 0 5 6 16
485162 14 1 0 5 6 23
485529 14 1 0 5 6 21
487803 23 1 0 6 6 18
495810 10 1 0 1 6 20
500000 47 1 0 6 6 20
506646 44 1 0 8 6 21
514717 17 1 0 8 6 22
517668 51 1 0 8 5 19
520746 19 0 1 1 6 24
523447 100 1 0 6 6 18
524806 5 1 0 1 6 17
529327 9 1 0 1 6 21
529915 45 1 1 4 6 23
529939 42 1 1 6 6 11
530078 25 1 0 6 6 21
537111 25 1 0 2 5 16
539152 8 1 0 7 6 22
541954 14 1 0 1 6 23
553326 15 1 0 3 6 16
560591 10 1 0 1 5 20
562734 15 1 0 3 6 19
564769 20 0 0 9 6 16
572526 5 1 0 2 5 21
576353 35 0 1 6 6 18
576768 14 1 0 3 5 21
583009 119 1 0 7 6 19
585078 10 1 1 7 6 26
592620 4 1 0 1 5 23
593336 15 1 0 1 5 19
593614 94 1 0 8 6 22
596599 41 1 0 7 6 23
602863 20 0 0 6 6 15
603237 10 1 1 3 6 17
604085 5 0 1 7 6 29
620316 7 1 0 8 6 20
626790 8 1 0 8 6 15
633530 49 1 0 7 6 20
659591 11 1 1 1 6 29
662290 22 1 0 7 6 19
666253 10 1 0 4 6 19
668975 11 1 0 3 6 17
670838 11 1 0 8 6 22
678576 64 1 0 8 6 19
679264 43 1 0 6 5 16
701524 52 1 0 1 6 25
706814 80 1 0 8 6 15
708421 66 1 1 6 6 15
713302 39 1 0 2 6 21
713770 2 1 0 1 5 22
713779 8 1 0 1 6 20
713781 5 1 0 1 6 19
715660 19 1 0 8 6 22
724135 51 1 0 8 6 19
730074 25 1 1 9 6 19
730091 27 1 1 8 6 22
730092 36 1 0 1 6 23
730093 62 0 0 1 6 20
730139 24 1 0 6 6 11
730150 7 1 1 8 5 21
730538 22 1 1 3 6 13
730583 8 1 1 1 6 25
730587 28 1 1 4 6 21
730588 2 1 1 4 6 21
730634 3 1 1 6 5 18
730636 14 1 1 6 6 12
730637 24 1 0 9 6 17
730728 13 0 0 1 6 21
730729 2 1 1 1 5 46
730730 14 1 0 1 5 18
730731 15 1 0 1 5 18
730732 6 0 0 1 5 22
730733 8 1 0 1 5 18
730734 4 0 0 1 5 21
730735 4 0 0 1 5 21
730736 11 1 0 1 5 22
734535 42 1 0 3 6 17
738241 3 1 0 1 6 17
738801 38 1 0 8 6 21
739744 11 1 0 1 5 22
740276 16 1 0 1 6 21
740786 5 1 0 8 6 17
741309 35 1 0 8 6 21
749334 61 1 0 8 6 16
753621 10 1 0 8 5 18
753622 8 1 0 8 5 19
753830 17 1 0 6 5 18
753848 3 1 0 7 6 17
757580 26 1 0 2 6 19
761962 9 1 0 1 6 18
762662 9 1 0 1 6 22
763711 6 1 0 2 5 19
763971 6 1 0 2 6 20
765709 37 1 0 7 6 16
776612 17 1 0 6 5 21
777284 13 1 0 2 5 16
778078 6 1 0 2 5 18
779920 17 1 0 5 5 17
785089 11 1 0 9 5 19
786350 3 1 0 1 6 15
788123 28 1 0 8 6 17
790708 8 1 0 5 6 16
793701 25 1 0 1 6 16
807370 30 1 0 3 6 15
807655 12 1 0 4 5 18
808513 25 1 0 8 5 20
813463 30 1 0 3 6 23
822665 17 1 0 6 5 19
824930 1 1 0 6 6 16
828766 7 1 0 8 6 16
831148 19 1 0 2 5 17
844587 17 1 0 7 6 19
845552 12 1 0 2 6 20
852734 4 1 0 2 5 19
857668 9 1 0 1 6 21
869397 52 1 0 3 6 25
870890 2 1 0 2 5 18
882514 25 1 0 7 6 19
883058 6 1 0 8 6 21
887956 11 1 0 3 5 21
893446 18 1 0 8 5 20
903649 4 1 0 1 5 21
904009 3 1 0 1 5 17
904026 2 1 0 1 5 19
906101 27 1 0 7 6 17
912416 18 1 0 6 6 20
919526 10 1 0 1 6 17
922801 8 1 0 9 5 16
931522 18 1 0 1 6 21
943981 8 1 0 8 6 18
953265 18 1 0 8 6 16
960617 8 1 0 8 6 16
961978 4 1 0 1 6 22
971057 16 1 0 7 6 19
973298 3 1 0 6 5 18
973620 10 1 0 2 6 14
974167 4 1 0 9 5 18
982915 56 1 0 3 6 22
985242 3 1 0 7 6 24
985930 7 1 0 7 6 24
986026 6 1 0 7 5 17
986291 10 1 0 6 5 19
986796 10 1 0 1 6 17
986848 3 1 0 6 5 21
986980 5 1 0 2 5 18
987003 20 1 0 8 6 16
987031 5 1 0 2 5 16
987479 4 1 0 1 5 18
987638 46 1 0 4 6 21
987906 5 1 0 2 6 19
1006891 4 1 0 2 6 23
1008299 6 1 0 1 6 21
1020665 4 1 0 1 5 20
1023066 7 1 0 1 6 20
1024183 9 1 0 2 5 18
1025988 4 1 0 2 5 16
1034154 5 1 0 6 6 24
1034829 10 1 0 3 5 17
1035808 6 1 0 2 5 18
1035837 13 1 0 1 6 17
1066332 4 1 0 2 5 21
1067101 5 1 0 1 6 20
1072003 19 1 0 8 6 16
1076091 4 1 0 1 5 19
1081070 12 1 0 1 5 20
1095072 7 1 0 7 6 21
1104354 2 1 0 1 6 16
1113264 17 1 0 6 6 19
1117313 2 1 0 9 5 18
1117471 2 1 0 1 6 18
1117472 5 1 0 1 6 18
1117474 2 1 0 1 6 18
1117479 3 1 0 1 6 18
1119779 8 1 0 8 5 19
1119948 10 1 0 1 6 19
1120536 4 1 0 1 6 21
1120540 3 1 0 1 6 16
1139817 3 1 0 1 5 18
1144817 10 1 0 7 6 22
1180166 6 1 0 2 6 19
1186933 1 1 0 3 5 16
1190920 10 1 0 6 5 17
1204478 4 1 0 1 6 21
1206688 5 1 0 8 5 19
1207628 10 1 0 1 6 19
1210684 2 1 0 1 5 21
1242212 4 1 0 6 6 16
1248194 4 1 0 2 5 23
1268361 8 1 0 3 6 25
1273737 4 1 0 3 5 21
1276757 3 1 0 8 6 23
1282266 3 1 0 2 6 19
1284510 2 1 0 8 6 16
1290328 8 1 0 1 6 15
1291470 4 1 0 1 5 19
1299132 17 1 0 1 6 21
1309819 3 1 0 3 6 23
1312459 7 1 0 3 6 16
1334877 5 1 0 1 6 19
1335430 4 1 0 6 6 17
1342559 2 1 0 1 6 17
1359047 2 1 0 2 5 16
1378364 4 1 0 8 6 16
1383903 2 1 0 1 5 24
1390384 3 1 0 8 5 17
1407954 2 1 0 2 5 22
1444656 4 1 0 1 6 17
1528878 3 1 0 7 5 24
1546731 3 1 0 6 5 18
1554480 2 1 0 8 5 16
1566110 2 1 0 2 6 17
1579571 2 1 0 7 6 16
1604796 3 1 0 3 6 23
1608759 2 1 0 1 6 17
