266186
19
407
266186 491 1 0 6 6 14
7463 136 0 1 2 6 16
14537 93 1 1 6 6 19
25695 60 0 1 4 6 19
34032 669 1 1 8 6 15
34124 45 0 1 6 6 17
34940 24 1 1 0 6 15
63855 292 1 1 6 6 18
64268 57 0 1 6 6 23
67689 131 1 1 1 6 16
67834 53 1 1 0 6 15
68287 52 0 1 1 6 17
71914 236 0 1 1 6 18
73715 158 1 1 6 6 16
77119 89 1 1 8 6 19
82221 112 1 1 0 6 16
86207 35 0 1 4 6 20
86641 27 0 1 6 6 17
90321 31 1 1 6 6 14
97629 80 0 1 5 6 20
98006 31 0 1 6 6 16
99114 23 1 1 6 6 17
100727 82 1 1 8 6 16
106001 83 1 1 6 6 23
111363 86 1 1 6 6 16
112376 6 0 1 6 6 19
119686 208 1 1 6 6 17
119725 53 0 1 3 6 16
121819 16 0 1 6 6 16
122563 60 1 1 6 6 14
123291 33 0 1 6 5 17
134453 23 1 1 6 6 13
145625 76 1 1 6 6 14
146356 48 1 1 6 6 12
146726 51 1 1 6 6 17
150347 105 1 1 6 6 16
150977 77 1 1 6 6 16
155851 37 1 1 6 6 24
166085 66 1 1 6 6 15
169690 68 1 1 6 6 15
171409 59 1 1 6 6 14
172018 149 1 1 6 6 16
178245 275 0 0 6 6 19
182496 13 0 1 6 6 17
183561 23 0 1 5 6 15
184028 74 0 1 6 6 16
187491 13 1 1 2 6 111
191338 38 1 1 5 6 17
195703 57 1 1 6 6 16
197688 19 0 1 4 6 16
197873 18 0 1 6 6 15
199246 111 1 0 6 6 21
199431 20 1 1 6 6 17
199998 67 1 1 6 5 16
202582 31 0 1 6 6 16
203586 17 0 1 4 6 16
203611 57 0 1 6 6 12
204005 32 1 1 6 6 14
205969 14 0 1 6 6 16
207927 18 0 1 6 6 14
208364 23 1 1 6 6 16
209206 56 1 1 6 6 13
212395 23 0 1 6 6 18
212544 62 1 1 6 6 15
214353 45 0 1 3 6 17
215040 45 1 1 6 6 15
222064 60 1 1 6 6 17
224739 32 0 1 6 6 17
225451 158 1 1 6 6 19
255479 10 0 1 6 5 16
255875 90 1 1 1 6 23
256780 31 0 1 6 6 15
258911 65 1 1 6 6 17
259401 34 0 1 6 6 17
266393 54 0 1 6 6 16
270050 25 0 1 6 6 15
271541 72 0 1 8 6 18
291236 72 1 1 6 6 15
294667 3 1 1 6 5 17
300637 57 0 1 6 6 13
310776 46 1 1 3 6 15
310874 35 1 1 6 6 16
311212 61 1 1 6 6 15
311435 61 1 1 6 6 15
311473 6 0 1 2 6 16
315048 90 1 1 6 6 17
315213 25 1 1 6 6 17
315541 36 0 1 6 6 15
317349 35 0 1 6 6 16
320729 43 0 1 2 6 16
325956 77 1 1 6 6 16
326606 63 1 1 6 6 19
338034 51 1 1 6 6 14
338035 30 1 1 6 6 13
340036 14 1 1 6 6 17
366043 56 0 1 8 6 24
367640 22 1 1 6 6 16
370509 50 1 1 6 6 17
370962 12 1 1 6 6 16
373499 22 0 1 7 6 15
373520 23 0 1 6 6 16
377300 27 1 1 6 6 15
380240 4 1 1 6 5 16
380494 11 0 1 6 6 17
384697 11 0 1 6 6 13
385222 60 1 1 6 6 15
386447 80 0 1 6 6 15
387513 125 1 1 6 6 15
387717 46 1 1 6 6 16
390169 13 0 1 6 6 16
390703 60 0 1 6 6 15
392352 40 0 1 6 6 16
394286 2 0 1 6 6 15
394330 17 0 1 0 6 20
396287 71 1 1 6 6 16
396392 61 1 1 6 6 16
397754 27 0 1 6 6 16
399369 22 1 1 1 6 17
399423 26 0 1 4 6 16
399965 39 1 1 3 6 16
400752 27 1 1 6 6 17
401072 48 1 1 0 6 17
401869 21 1 1 6 6 15
401940 4 1 1 6 5 16
402079 6 0 1 6 6 15
402702 87 1 1 6 6 17
402844 48 1 1 6 6 16
403506 19 0 1 4 6 15
403507 32 1 1 6 6 16
403574 8 0 1 6 6 15
403581 27 0 1 6 6 16
403651 111 1 1 6 6 15
403653 27 0 1 6 6 16
403680 22 1 1 6 6 17
403681 38 1 1 6 6 16
403696 21 1 1 6 6 16
403698 26 0 1 6 6 16
403699 22 0 1 6 6 17
403704 24 1 1 6 6 15
403837 16 1 1 6 6 16
403865 23 1 1 6 6 17
403899 48 1 1 6 6 17
403939 53 0 1 6 6 15
403981 31 1 1 6 6 16
403983 90 1 1 6 6 16
404032 20 0 1 6 6 17
404067 7 0 1 6 6 15
404076 27 0 1 6 6 16
405602 41 1 1 6 6 15
407064 31 1 1 6 5 16
407957 34 1 1 6 6 15
407958 21 0 1 6 6 17
412952 8 1 1 6 6 15
413707 11 1 1 1 6 19
416208 30 1 1 6 6 16
424070 142 1 1 6 6 16
424478 27 0 1 6 6 15
425710 43 1 1 2 6 18
427868 24 1 1 6 6 15
427899 22 1 1 6 6 15
428232 55 0 1 6 6 16
429407 30 1 0 1 6 45
429889 19 0 1 6 6 18
430135 12 0 1 6 6 17
430667 85 1 1 6 6 15
430713 48 1 1 6 6 16
431595 8 0 1 6 6 16
433583 32 1 1 6 6 17
433584 5 0 1 6 6 17
433591 9 0 1 6 6 16
434493 15 0 1 4 6 16
434900 188 1 1 6 6 20
435004 188 1 1 6 6 13
436009 26 1 1 6 6 16
438028 9 0 1 6 6 16
440536 29 0 1 6 6 16
440772 14 1 1 1 5 17
445852 28 1 1 6 6 14
446866 35 0 1 6 5 16
450104 15 1 1 6 6 16
450592 42 1 1 6 6 16
451890 116 0 1 6 6 20
453258 62 1 1 6 6 15
460056 64 1 1 6 6 15
460844 91 1 1 6 6 14
468785 36 1 1 6 6 15
479695 37 0 1 6 6 25
484117 28 1 1 0 6 16
488426 83 1 1 6 6 13
492243 125 1 1 6 6 17
495068 30 0 1 6 6 14
504398 45 1 1 6 6 15
509949 42 1 1 6 6 15
511282 49 0 1 6 6 19
516409 21 1 1 6 6 16
536504 31 1 1 6 6 15
544203 2 0 1 6 5 17
544230 4 0 1 6 5 15
544232 30 1 1 6 6 15
548540 11 0 1 6 6 20
549293 30 1 1 6 5 14
549323 7 1 1 6 5 16
550299 10 1 1 6 6 17
556012 6 0 1 6 6 17
556017 48 1 1 6 5 14
560369 110 1 1 6 6 15
561392 127 1 1 6 6 14
561502 32 1 1 6 5 14
561528 43 0 1 4 6 16
561697 33 1 1 6 5 14
561770 36 1 1 6 5 16
561847 3 1 1 6 5 13
561852 17 1 1 6 5 19
561921 17 1 1 6 6 14
576525 23 1 1 6 6 13
577018 9 1 1 6 6 15
578233 26 0 1 6 6 17
579434 8 1 1 6 6 13
582292 26 1 1 6 6 15
583570 51 1 1 6 6 14
583648 21 0 1 6 6 15
585015 24 1 1 6 6 16
585919 34 0 1 6 6 16
589631 23 1 1 6 6 16
590362 27 1 1 6 6 15
590534 55 0 1 6 6 17
591769 61 1 1 6 6 16
594047 24 1 1 6 6 16
594240 8 0 1 6 6 16
595012 40 1 1 0 6 16
595157 63 1 1 6 6 16
595239 4 0 1 6 6 15
598772 42 1 1 6 6 16
599275 34 0 1 6 6 16
599278 33 1 1 6 6 16
602507 53 1 1 6 6 13
610210 76 1 1 6 6 17
610946 46 1 1 6 6 11
611000 48 1 1 1 6 14
616081 59 0 1 6 6 13
617895 7 1 1 6 5 14
619361 32 0 1 6 6 14
619732 1 1 1 6 5 14
619788 68 1 1 6 6 16
621836 21 1 1 6 6 14
622139 36 0 1 6 6 16
622301 15 0 1 6 6 17
623306 18 1 1 6 6 15
623837 15 0 1 6 6 16
623997 5 0 1 6 6 16
626279 3 1 1 6 5 15
628664 5 0 1 6 6 14
636233 24 0 1 6 6 16
638607 60 1 1 6 5 15
639507 9 0 1 6 6 19
646855 48 1 1 6 6 17
647266 61 1 1 6 6 19
647536 3 0 1 6 6 16
649355 34 1 1 6 6 14
650164 82 1 1 6 6 14
651722 25 1 1 6 5 17
663100 28 1 1 6 6 15
664908 44 1 1 6 6 15
669543 18 1 1 8 6 17
673673 97 0 1 4 6 18
675596 18 0 1 6 6 17
676946 4 1 1 6 6 16
678175 46 1 1 6 6 15
678179 30 1 1 6 6 15
680294 24 1 1 6 6 15
682827 42 0 1 6 6 15
682832 10 1 1 6 6 14
687070 13 1 1 6 6 13
687983 3 0 1 6 5 13
688679 29 1 1 8 6 17
692628 14 1 1 6 6 14
693321 31 1 1 6 6 16
695274 15 1 1 9 6 17
696624 36 1 1 6 6 15
700314 6 1 1 6 6 13
705384 12 0 1 6 6 15
705562 49 1 1 6 6 17
707088 45 1 1 6 6 15
708525 36 1 1 6 6 17
708533 24 1 1 6 6 15
709818 33 1 1 6 5 15
711090 32 1 1 6 6 17
711276 11 1 1 6 5 12
715018 53 1 1 6 6 15
718105 18 0 1 6 6 14
718129 43 1 1 6 6 14
718213 27 1 1 6 6 15
719079 13 1 1 6 6 12
719578 24 0 1 6 6 16
724338 8 0 0 4 6 16
725115 32 0 1 6 6 23
726064 16 0 1 6 6 13
726394 76 1 1 6 6 17
729145 4 1 1 6 6 16
729242 3 0 1 6 5 16
736202 20 1 1 6 6 16
740868 21 1 1 6 6 14
741821 13 0 1 6 6 16
747300 43 1 1 6 6 14
749778 15 1 1 6 6 14
758673 15 0 1 6 6 15
759804 8 1 1 6 6 13
760429 14 1 1 6 5 15
762794 11 1 1 6 6 13
766851 7 0 1 6 5 15
767468 15 0 1 6 6 20
787304 27 1 1 6 5 16
791249 6 1 1 6 5 15
796039 15 0 1 6 6 17
797972 19 1 1 6 6 15
801102 18 1 1 6 5 17
801490 12 0 1 6 6 17
805336 22 1 1 6 6 21
805771 24 1 1 6 6 15
809564 15 1 1 6 6 16
810553 26 1 1 6 6 16
812134 14 0 1 6 6 17
832589 9 1 1 6 6 12
833061 29 1 1 6 5 16
837370 32 1 1 6 5 16
843642 52 1 1 6 6 15
844634 27 0 1 6 6 16
846815 17 1 1 6 6 16
849961 11 1 1 6 6 15
851865 17 0 1 6 6 15
858749 18 1 1 6 6 15
870529 14 1 1 6 6 14
879860 22 0 1 6 6 19
888780 12 1 1 6 5 17
897514 22 0 1 6 6 16
897814 15 1 1 6 6 13
901735 46 1 1 6 6 16
923643 7 1 1 6 6 14
923872 4 0 1 6 6 16
925119 29 1 1 6 6 15
926803 14 1 1 6 6 17
931978 7 1 1 2 6 17
937448 3 0 1 6 5 17
938622 16 0 1 6 6 15
943948 4 0 1 6 5 15
950345 34 1 1 6 6 16
950349 33 1 1 6 6 17
951343 15 0 1 6 6 15
951705 16 1 1 6 5 17
954357 6 1 1 6 5 14
954610 8 1 1 6 6 14
957272 18 1 1 6 6 14
957956 19 1 1 6 6 15
963030 76 1 1 6 6 13
963602 10 1 1 6 6 12
965511 19 1 1 6 6 16
972304 3 0 1 6 5 16
975766 16 0 1 6 6 14
979731 21 1 1 6 6 16
985816 7 1 1 8 6 15
990211 6 1 1 6 6 15
991228 9 0 1 6 6 13
992314 10 1 1 6 6 12
995230 17 1 1 6 6 15
997632 8 0 1 6 6 16
1003805 3 1 1 1 6 15
1004569 10 1 1 6 5 16
1006422 2 0 1 6 6 14
1006750 11 0 1 6 6 14
1006751 11 0 1 6 6 13
1010534 24 1 1 6 6 14
1011635 22 1 1 6 5 16
1013749 17 1 1 6 6 16
1018120 40 1 1 6 6 15
1022071 8 1 1 6 6 16
1038851 9 1 1 6 5 13
1038854 2 0 1 6 5 14
1038855 9 1 1 6 5 14
1038856 7 1 1 6 6 13
1047354 4 1 1 6 6 13
1060553 1 0 1 6 6 16
1065126 5 0 1 6 6 16
1068732 9 1 1 6 6 17
1068960 3 1 1 6 5 15
1070055 26 1 1 6 6 15
1071042 2 1 1 6 5 16
1074921 33 1 1 6 6 16
1077096 2 1 1 6 5 17
1078446 4 0 1 6 6 16
1080476 6 0 1 4 6 20
1085839 6 1 1 6 5 16
1086186 6 1 1 6 5 16
1086243 2 0 1 6 5 15
1086381 2 0 1 6 5 15
1086474 2 1 1 6 5 17
1086555 5 1 1 6 6 14
1086877 2 0 1 6 5 17
1087467 37 1 1 6 6 17
1089515 7 1 1 6 6 15
1093800 3 1 0 6 6 15
1097367 9 1 1 6 6 14
1117848 26 1 1 6 6 16
1121479 8 1 1 6 6 16
1137204 8 1 1 6 6 14
1152700 1 0 1 6 6 16
1160959 1 0 1 6 6 15
1163999 18 1 1 4 6 15
1165316 5 0 1 6 6 16
1173983 8 0 1 6 6 17
1178029 3 1 1 6 6 16
1183123 6 1 1 6 5 16
1184601 1 1 1 6 5 17
1184702 3 0 1 6 5 18
1184792 2 1 1 6 5 14
1184812 1 1 1 6 6 16
1184866 1 1 1 6 5 13
1184903 1 0 1 6 6 16
1184909 6 1 1 6 5 16
1184917 1 0 1 6 5 16
1184932 11 0 1 6 6 17
1184953 1 1 1 6 5 14
1184959 11 1 1 6 6 12
1184980 2 0 1 6 6 15
1184992 3 1 1 6 5 14
1185012 1 0 1 6 5 15
1185019 2 1 1 6 5 14
1185027 1 0 1 6 6 15
1185044 1 1 1 6 5 13
1185046 7 1 1 6 6 16
1185048 9 1 1 6 6 14
1185051 2 0 1 6 5 16
1185060 2 0 1 4 5 17
1185062 7 1 1 6 5 15
1185065 2 0 1 6 5 16
1185067 5 1 1 6 6 13
1185068 8 1 1 6 6 17
1185073 10 1 1 6 6 14
1185075 1 0 1 6 5 16
1185076 3 1 1 6 6 17
1185077 1 0 1 6 5 16
1185079 3 1 1 6 6 17
1185080 1 0 1 6 5 16
1185081 3 1 1 6 6 14
1185082 1 1 1 6 5 14
1185083 2 0 1 6 6 17
1185084 1 1 1 6 6 16
1185085 1 0 1 6 5 16
1185087 9 0 1 6 6 15
1185088 2 1 1 6 5 16
1185090 1 0 1 6 6 16
1185091 1 0 1 6 5 17
1185092 1 1 1 6 5 17
1185093 1 0 1 6 5 17
1185094 2 0 1 6 6 16
1185095 1 0 1 6 5 16
1185098 2 0 1 6 5 16
1185099 4 1 1 6 6 14
1185100 3 1 1 6 6 14
1185101 2 1 1 6 6 23
1185102 3 1 1 6 6 19
1185103 2 1 0 4 6 14
1185105 1 1 0 2 6 14
1185113 7 1 1 6 6 16
1185114 1 1 1 6 6 13
1185118 2 1 1 6 5 17
1185119 1 1 1 6 5 16
1185120 1 1 1 6 5 17
1185121 3 1 1 6 5 16
1185122 3 0 1 6 5 15
1185176 4 1 1 6 6 14
1185177 4 1 1 6 5 16
1185178 14 1 1 6 5 17
1185179 7 1 1 6 6 15
1185186 8 1 0 2 5 21
1185187 1 1 1 6 5 16
1185188 1 1 1 6 5 14
1185189 1 0 1 6 5 15
1185190 8 1 1 6 5 13
1185191 2 1 1 6 5 16
1185192 3 1 1 6 5 17
1185204 1 1 1 6 5 16
1185205 1 1 1 6 5 17
1185206 3 1 1 6 5 22
1185208 3 1 0 2 6 23
1185209 8 1 1 6 6 16
1185211 4 1 1 6 5 16
1185217 2 1 1 6 5 16
1185218 2 1 1 6 5 16
1185237 7 0 1 6 6 16
1185252 6 0 1 6 6 15
1185264 2 0 1 6 6 16
1185272 13 1 1 6 6 17
