86306
19
540
86306 680 1 1 6 5 25
1392 182 1 0 0 6 17
3464 255 1 0 6 6 20
3991 171 1 0 5 6 17
4176 52 0 0 2 6 19
7190 72 1 0 2 6 16
9142 45 1 0 0 6 19
10041 37 0 1 8 6 24
11639 45 1 0 0 6 17
12039 75 1 0 0 6 20
12557 162 1 0 0 6 20
14147 55 0 0 4 6 20
15068 144 1 0 0 6 20
17072 155 1 0 3 6 17
17954 173 1 1 0 6 17
18758 81 1 0 2 6 19
20372 407 1 0 7 6 21
21655 76 0 0 3 6 15
26074 80 1 0 0 6 18
26594 51 1 0 0 6 14
26686 125 1 0 0 6 16
28103 11 0 0 4 6 18
29236 61 1 0 0 6 16
29490 11 1 0 9 6 28
32315 185 0 0 6 6 21
33293 291 1 0 3 6 22
33832 25 0 0 5 5 16
35313 68 0 0 2 6 17
35661 87 1 0 0 6 15
37259 129 1 0 5 6 16
37871 38 0 0 0 6 17
39058 34 0 0 0 6 14
40630 34 0 0 0 6 16
41170 41 0 0 5 6 23
42026 123 0 0 2 6 19
42725 46 0 0 4 6 18
42739 92 0 0 7 6 19
42792 143 1 0 7 6 19
43222 170 1 0 6 6 24
46493 38 0 0 0 6 19
46512 73 0 0 0 6 18
47448 365 1 0 3 6 19
48864 90 1 0 6 6 18
51448 112 1 0 6 6 22
51845 79 0 0 6 6 19
52476 117 1 0 2 6 16
52872 56 0 0 9 6 25
55456 35 1 0 1 6 18
56236 209 1 0 6 6 14
56269 65 0 0 0 6 14
57497 31 0 0 0 6 16
57716 109 0 0 8 6 18
60246 65 0 0 6 6 21
60683 34 1 1 7 5 16
61555 25 1 0 0 6 19
62817 24 1 0 6 5 13
62820 41 1 0 6 6 15
63041 42 1 0 4 5 22
63989 10 1 1 6 6 13
65091 107 1 0 7 6 19
65782 32 0 0 5 6 13
66351 51 0 0 4 6 19
67072 210 1 0 7 6 17
67680 19 1 0 2 6 16
68276 34 1 1 2 6 23
68601 272 1 0 2 6 19
68844 64 1 1 4 6 20
68846 84 1 1 4 6 22
70033 286 1 1 2 6 17
70484 51 1 0 5 6 16
71735 85 0 1 1 5 18
72910 122 0 0 7 6 21
73051 436 1 0 9 6 17
73057 50 1 0 6 6 15
73489 115 1 0 2 6 18
74203 58 1 0 0 6 17
76569 106 0 0 8 6 14
77139 55 1 0 4 6 15
77142 40 1 0 2 6 15
77231 447 0 1 6 6 23
79003 63 0 0 8 6 17
79151 28 1 0 0 6 15
79695 48 0 0 6 6 19
81258 36 0 0 2 6 16
81789 147 0 0 8 6 19
84248 34 0 0 6 6 14
84567 6 0 1 7 6 21
84649 13 1 0 6 6 14
85221 97 1 0 8 6 17
85722 96 1 1 6 6 22
85768 71 0 0 3 6 17
86091 93 1 1 6 6 24
86296 125 1 1 6 6 20
86860 124 0 0 6 6 17
87305 131 1 0 6 6 19
88681 8 0 1 6 6 13
89670 91 1 0 2 6 16
90502 53 0 0 6 6 16
90608 7 0 0 6 6 17
90787 80 1 0 4 6 15
91712 99 1 0 6 6 17
91766 49 1 0 0 6 19
92090 66 0 0 8 6 16
92636 74 1 1 0 6 15
92638 14 1 0 7 6 16
93411 80 1 1 6 6 15
93729 256 1 1 4 5 19
93890 154 0 0 6 6 20
94135 42 1 0 2 5 16
94439 38 0 1 8 6 16
94768 110 1 0 7 6 17
95036 78 0 0 6 6 16
96914 53 0 0 4 6 15
97113 45 1 1 6 6 26
97429 77 1 0 0 6 17
97483 25 1 0 2 5 20
97954 97 0 0 2 6 20
98195 95 0 0 8 6 19
98382 82 1 0 7 6 16
99292 64 0 1 7 6 18
100305 109 1 0 3 6 17
101043 74 0 0 6 6 17
101720 16 0 0 2 5 22
102072 23 0 0 6 6 15
103243 38 1 0 1 6 13
104339 121 1 1 5 6 15
105907 63 1 0 6 6 20
107678 39 0 0 9 5 23
108751 22 1 0 6 6 13
108822 53 0 0 4 6 16
109198 76 0 0 9 6 20
109204 104 1 0 6 6 21
109522 61 1 0 2 6 24
111460 171 0 0 2 6 16
112823 31 1 1 7 6 15
113311 84 1 0 2 6 15
116011 12 0 0 0 6 13
119686 208 1 1 6 6 17
120659 131 1 1 5 5 16
121536 157 0 0 2 6 18
122994 109 1 1 4 6 2
123344 72 1 0 4 6 19
123617 14 0 0 3 6 15
124423 9 0 0 3 6 16
126849 30 0 1 6 6 16
128892 53 1 0 2 6 16
130494 11 0 0 6 5 14
132145 99 0 0 7 6 16
132421 69 0 0 7 6 17
133370 60 0 0 4 6 18
133438 128 1 0 2 6 23
133534 38 0 0 2 6 15
133586 171 1 0 2 6 17
133697 70 1 0 7 6 18
133722 13 0 0 3 6 15
134234 102 1 0 0 6 13
134561 97 1 0 5 6 18
136293 37 0 0 0 6 16
136317 48 1 0 4 6 16
136733 98 1 0 2 6 16
137489 52 1 0 8 6 14
137784 20 0 0 3 6 15
139765 116 1 1 6 6 25
143086 31 1 1 1 6 15
143967 80 0 0 6 6 20
144290 72 0 0 6 6 23
144658 64 1 0 6 6 15
145147 146 0 0 7 6 16
145940 36 0 0 7 6 21
146209 41 0 0 6 6 19
146279 34 1 0 4 6 19
146553 78 1 0 8 6 21
147160 16 0 0 4 5 16
147221 26 1 0 8 6 15
147226 64 1 0 8 6 18
147883 231 1 0 6 6 19
148485 61 1 0 4 6 14
148798 45 1 0 8 6 19
150264 68 0 1 8 6 20
150996 51 0 0 2 6 17
151280 40 1 0 5 6 12
152920 15 0 0 4 6 15
154092 24 0 0 7 6 16
154457 134 1 0 0 6 14
155541 76 0 0 6 6 25
155946 77 1 1 4 6 21
156103 69 1 0 6 6 16
157890 47 1 0 6 5 23
158810 53 0 0 6 6 26
158998 51 0 0 6 6 22
159110 353 0 0 3 6 15
160122 98 1 1 6 6 19
160313 116 1 0 2 6 17
160836 72 1 0 6 6 20
161032 227 1 0 6 6 21
161404 33 1 0 3 6 15
162660 52 0 0 7 6 16
162696 89 1 0 2 6 14
163125 18 0 0 5 6 15
163890 29 0 0 7 6 17
164408 313 1 0 6 6 21
164428 22 0 0 2 6 22
164633 116 0 0 6 6 16
164933 59 1 0 6 6 16
165090 42 0 0 3 6 19
165324 81 1 0 2 6 15
166627 63 1 0 6 6 17
166934 43 1 0 6 6 16
167105 48 1 0 8 6 17
167298 29 0 0 4 6 24
167611 81 1 0 2 6 18
167778 65 0 0 6 6 20
169041 40 1 1 8 6 12
169500 122 1 0 7 6 16
169552 100 1 0 4 6 19
170341 29 0 1 8 6 15
170410 14 1 0 5 6 15
170816 40 1 0 3 6 16
170836 34 1 0 2 4 15
171004 69 1 0 5 6 16
171729 91 1 0 8 6 17
171872 78 0 0 6 6 20
172163 58 0 0 6 6 16
172489 58 0 0 7 6 17
173111 53 1 0 2 6 15
173166 57 1 0 8 6 12
173174 95 1 0 5 6 14
174531 12 1 0 1 5 22
174697 54 0 0 9 6 22
177066 83 1 0 6 6 23
178316 44 0 0 2 6 19
179978 67 1 0 8 6 17
180341 20 0 1 6 6 25
181690 33 1 0 8 6 16
182014 41 0 0 3 6 20
182200 19 0 1 2 6 17
182908 74 1 0 2 6 18
183291 157 1 0 2 6 19
183710 31 0 0 8 6 16
184809 11 1 0 5 6 16
187728 66 0 0 6 6 18
188130 78 1 0 7 6 17
188432 41 0 1 2 6 17
189287 130 1 0 7 6 15
189443 32 1 0 2 6 14
189757 74 0 0 8 6 17
190132 86 0 1 2 6 16
190906 45 0 0 2 6 17
193331 28 0 0 6 6 25
194794 68 0 0 8 6 17
195419 59 0 0 2 6 16
195698 72 1 1 6 6 2
195868 33 1 0 6 6 15
201541 107 1 0 0 6 13
202264 47 1 1 1 6 16
203537 52 1 0 0 5 15
204092 16 0 1 4 6 26
204186 49 0 0 6 6 17
206447 40 1 0 6 6 16
207775 17 1 0 5 6 13
208780 5 0 0 6 6 24
209019 41 1 0 5 6 14
209277 77 1 0 3 6 16
209530 58 0 0 8 6 17
210253 50 0 0 3 6 16
211142 115 1 0 7 6 19
212296 55 0 0 6 6 23
212632 24 1 0 8 6 15
213425 30 1 0 6 5 16
213518 55 1 0 6 6 18
214876 399 1 1 8 6 16
216541 28 0 1 6 6 23
217659 52 1 1 8 6 16
217677 118 1 0 6 6 21
219982 209 1 0 8 6 23
221214 102 1 0 8 6 14
222377 40 1 0 8 6 20
223991 161 1 0 8 6 17
224261 53 1 0 8 6 15
225127 73 0 0 6 6 18
225259 127 1 0 6 6 19
227162 16 0 1 6 6 24
227479 24 0 0 4 6 15
228756 104 1 0 7 6 19
229124 25 0 0 6 6 15
230131 78 0 1 4 6 19
230324 140 1 0 8 6 16
230682 37 0 0 6 6 17
230807 190 1 0 8 6 16
233158 29 0 0 1 6 24
238996 53 0 0 0 6 22
239754 72 1 1 5 6 25
241222 103 0 0 0 6 17
242691 12 0 0 6 6 20
243567 63 0 0 6 6 19
247850 116 1 0 0 6 17
247921 37 1 0 2 6 16
248017 83 1 0 6 6 19
248832 50 1 0 6 5 15
250042 70 0 0 2 6 17
250491 132 1 0 1 6 17
250496 41 1 0 0 6 14
255163 48 1 0 6 6 17
256281 27 0 0 7 6 15
257963 33 0 0 5 6 14
257969 52 0 0 4 6 18
258451 87 0 0 2 6 15
260653 165 1 1 6 6 22
261049 140 1 0 6 6 21
261076 82 1 0 2 6 16
262635 88 1 0 2 6 17
262637 41 0 0 8 6 17
267701 120 1 0 6 6 15
269771 25 0 0 6 6 15
269870 102 1 0 2 6 16
270325 97 1 1 7 6 18
270623 81 0 0 6 6 15
270701 40 0 0 8 6 15
272488 12 0 0 1 6 15
273465 23 0 1 8 6 24
273510 58 0 0 8 6 19
274571 191 1 0 2 6 18
279368 37 0 1 6 6 21
279432 27 1 0 2 5 17
280288 23 0 0 4 6 17
281395 13 0 0 6 6 16
282127 53 0 0 8 5 17
285729 44 1 0 1 6 16
288101 124 1 0 7 6 18
288157 23 1 0 9 6 38
288856 53 0 0 3 6 16
293078 65 0 0 6 6 22
293592 191 1 0 6 6 17
294297 58 1 0 3 6 15
294570 8 0 0 0 6 15
294915 53 1 0 0 6 15
296676 86 1 0 4 5 15
297209 8 1 0 9 6 19
297805 98 1 0 8 6 20
304850 49 0 0 8 6 14
306502 141 1 0 6 6 16
306960 31 1 0 5 6 15
309602 34 1 0 8 6 25
310270 55 0 0 3 6 15
310481 56 0 0 5 6 21
311023 107 1 0 8 6 27
312236 139 1 0 6 6 16
312685 19 1 0 7 6 15
312751 122 1 0 6 6 20
313080 170 1 0 2 6 17
313997 99 1 0 6 6 18
315970 99 1 0 3 6 18
316401 19 1 1 0 6 18
317117 55 1 0 3 6 18
317164 66 1 0 4 5 19
318002 70 1 0 0 6 15
319553 32 0 1 6 6 4
320283 52 1 1 1 6 17
322614 79 1 0 2 5 16
322737 24 1 0 0 5 13
323016 96 0 1 6 6 22
325253 45 0 1 7 6 22
325879 10 0 0 8 5 16
326822 15 1 0 0 6 23
327613 7 0 0 7 5 17
327789 56 1 0 2 6 14
330169 142 1 0 1 6 19
331996 78 1 0 6 6 25
332703 50 0 0 6 6 21
333485 42 0 0 7 6 16
335989 83 1 0 6 6 20
337274 114 1 0 7 6 20
337716 47 1 0 4 6 17
337746 339 1 0 6 6 17
338209 47 1 0 6 6 16
338430 96 0 0 6 6 17
338721 67 1 0 6 6 16
340909 41 1 0 7 5 17
341048 129 1 0 8 6 18
341463 45 1 0 8 6 15
341581 20 1 0 3 6 13
342573 113 1 0 7 6 21
342602 47 1 0 8 6 16
343489 39 0 0 8 6 24
348383 34 0 0 8 6 23
350114 58 0 0 6 6 17
350490 55 1 0 6 6 16
350682 52 0 0 8 6 16
350895 27 0 0 7 6 25
355634 64 1 0 7 6 17
359390 34 0 1 2 6 16
359524 120 1 0 7 6 17
359942 68 0 0 3 6 14
360190 8 1 0 6 6 15
362462 66 0 0 8 6 18
363499 138 1 0 2 6 19
365102 112 1 0 6 6 21
365717 25 0 0 7 6 17
365902 34 0 0 6 6 17
366164 85 1 0 8 6 18
366573 62 1 0 2 6 16
367594 57 1 0 6 6 14
369343 106 1 1 6 6 19
369876 112 1 1 8 6 16
374342 48 1 0 6 6 21
375373 41 0 1 7 6 18
376975 31 0 0 7 5 17
377496 36 0 0 7 5 17
378957 15 1 0 4 5 18
379737 123 1 0 6 6 19
380788 79 1 0 7 6 17
382690 103 0 0 8 6 16
382908 108 1 0 2 6 15
383945 136 1 0 8 6 17
384412 18 1 0 6 6 18
386224 32 0 0 6 6 15
386351 51 1 1 5 6 12
390174 18 0 0 6 6 16
390230 38 1 0 5 6 16
392553 21 1 0 5 6 14
393563 63 0 0 0 6 17
393883 25 1 0 8 6 14
395997 43 0 0 6 6 17
396821 39 1 0 1 6 19
397788 25 1 0 0 6 14
398443 80 1 0 3 6 17
400663 33 1 0 8 6 14
400999 22 0 0 7 6 15
402856 27 0 0 6 6 16
405944 41 0 0 8 6 24
407920 45 1 0 8 6 14
408815 108 1 0 8 6 16
410660 46 0 0 2 6 16
411220 37 0 0 2 6 17
412553 17 0 0 8 6 14
412589 80 1 0 1 6 19
422485 78 1 0 6 6 16
423744 44 1 0 4 6 16
425317 47 0 0 3 6 17
425351 17 0 0 8 6 15
426085 105 1 0 8 6 16
427634 73 1 0 6 6 16
428408 54 1 1 6 6 25
429911 12 0 0 8 6 15
430525 37 1 1 6 6 25
430634 19 0 0 2 6 15
432917 66 0 0 6 6 18
434642 68 1 0 6 6 12
437508 34 1 0 6 6 16
443076 28 1 1 6 6 16
443252 61 1 0 4 6 21
443253 50 1 0 6 6 19
446103 24 0 0 7 6 18
446209 31 0 0 6 6 22
447744 99 1 0 6 6 22
449048 55 1 0 3 6 17
450646 58 1 0 8 6 20
453070 2 1 0 6 6 15
455949 66 1 0 3 6 18
456703 22 1 0 6 6 15
456971 63 1 1 2 6 16
457068 100 0 1 6 6 16
457964 7 1 1 6 5 15
460983 56 1 0 8 6 17
461016 51 0 0 6 5 17
462079 29 1 0 6 5 15
467810 53 1 0 2 6 16
468579 6 1 0 8 6 13
469987 49 1 0 7 6 16
470263 42 1 0 7 6 15
473132 13 1 0 0 5 17
474032 44 0 0 4 6 16
474518 35 1 0 8 6 17
474607 21 1 0 5 6 13
480257 89 1 0 6 6 21
481332 94 1 0 6 6 18
481844 8 0 0 8 6 21
485296 26 0 0 8 6 15
485683 120 1 0 7 6 18
487850 78 1 0 7 5 16
489428 39 0 0 8 6 15
489499 33 1 0 3 6 17
491724 10 0 1 7 6 15
493489 40 1 0 3 6 14
494569 20 0 0 6 5 16
496854 23 1 1 7 6 14
499769 24 1 0 3 6 15
503112 104 1 0 6 6 21
506448 75 1 0 6 6 19
507313 25 1 0 9 6 17
508471 71 1 1 6 6 20
508666 13 1 0 5 6 18
516559 76 1 1 4 6 31
516620 32 1 0 5 5 16
517504 24 1 0 9 6 15
518632 52 1 0 6 6 20
519141 36 1 0 2 6 15
521075 39 1 0 7 6 16
521331 192 1 0 2 5 12
523625 56 1 0 6 6 15
523626 62 1 0 6 6 16
524773 97 0 0 6 6 25
524965 1 0 0 3 6 20
527506 60 1 0 7 5 16
527539 34 1 0 0 6 16
530119 89 1 0 8 6 18
530154 107 1 1 6 6 25
530641 22 0 0 8 6 16
543811 22 1 0 6 6 35
543812 48 1 0 6 6 49
544359 42 1 1 6 6 25
546487 61 1 0 8 6 18
547803 24 0 0 6 5 25
550721 55 0 0 6 6 22
552098 18 0 0 3 6 15
553314 71 0 0 2 6 18
553504 131 1 0 3 6 18
554637 24 0 1 6 5 18
555442 80 0 0 6 6 20
558657 83 1 0 6 6 18
561751 43 1 0 6 6 21
565042 20 1 1 6 6 15
566569 81 1 1 6 6 16
569647 84 1 0 5 6 15
569781 40 0 0 4 6 22
570060 23 0 0 1 6 16
570105 64 1 0 6 6 18
571950 94 1 0 6 6 20
572588 48 0 0 3 6 19
574118 48 0 1 6 6 23
575127 78 1 1 6 6 24
576917 58 1 0 1 6 19
577243 31 1 0 0 6 16
577710 36 1 0 4 6 16
579333 119 1 1 6 6 24
583644 49 0 1 6 6 15
589941 93 1 0 6 6 23
595812 66 1 1 8 6 14
596481 26 0 1 8 5 15
602106 128 1 0 6 6 19
602479 24 0 0 2 6 17
603625 9 0 1 6 6 23
607202 155 1 1 6 6 16
615134 33 1 0 6 6 20
616042 38 0 0 0 5 18
621768 13 1 0 6 6 14
622395 25 0 0 4 5 15
623917 35 1 0 7 6 18
626484 100 0 0 6 6 19
629393 58 1 0 3 6 13
629483 51 1 0 3 6 17
630228 44 1 0 1 6 19
636316 47 0 0 6 6 18
639093 30 0 0 6 6 24
639911 61 0 0 6 6 16
641412 64 1 0 3 6 17
641581 40 1 0 8 6 15
642580 18 0 0 6 6 13
643871 15 1 0 8 6 13
643909 13 1 0 6 6 17
644224 53 1 0 7 6 22
645655 58 1 0 7 6 16
645735 35 0 0 6 6 21
647439 25 0 0 7 6 18
649946 2 0 1 9 5 25
650889 84 1 0 8 6 15
652940 56 1 0 6 6 17
653728 13 0 1 6 6 22
653729 27 1 0 6 6 18
659019 56 1 0 8 6 15
663243 16 1 0 5 6 39
666833 102 1 0 1 6 16
667293 30 0 1 6 6 21
667658 9 0 0 8 6 17
670492 42 0 0 8 6 15
674995 55 1 1 6 6 20
676748 31 0 1 4 6 18
677093 203 1 0 8 6 16
679703 44 0 0 6 6 22
684574 62 1 0 6 6 14
685234 47 0 0 3 6 17
686903 24 0 0 5 6 15
692050 16 0 0 6 6 15
693154 43 0 1 2 6 17
696845 15 1 0 6 5 13
698270 111 0 0 6 6 23
707715 16 1 0 8 6 14
711286 22 1 1 8 6 23
713379 51 1 0 8 6 18
714138 48 1 0 8 6 15
715487 11 0 1 6 6 22
718729 24 0 0 6 6 18
718986 27 0 0 7 6 17
719467 30 1 1 6 6 16
722266 29 1 0 8 6 15
729123 14 1 0 1 5 19
729689 181 1 0 4 6 17
734595 24 0 0 6 6 19
737390 15 1 0 7 6 12
737572 40 1 0 3 6 14
737721 37 1 1 8 6 13
740705 28 1 0 6 6 13
742206 58 1 0 6 5 21
743117 31 1 0 8 6 19
744642 52 0 0 7 6 16
745448 17 0 0 6 6 18
747800 26 1 0 8 6 15
748211 23 1 0 2 6 15
749126 41 1 0 6 6 17
749818 9 1 0 0 5 11
750330 9 1 0 9 5 17
754614 28 1 0 6 6 14
769474 28 0 0 4 6 15
769583 16 1 1 0 6 12
769595 11 0 1 9 6 17
775350 49 1 0 9 6 18
777426 17 0 0 8 6 16
779113 49 1 1 7 6 16
779511 71 1 0 6 6 16
780696 44 1 0 8 6 13
782846 79 1 0 9 6 21
784513 53 1 0 6 6 17
787604 22 1 0 0 6 13
789419 16 1 0 6 5 12
789571 17 0 1 6 6 17
790734 27 1 0 8 6 17
791553 19 0 0 6 5 16
797945 39 1 0 6 5 21
799994 10 0 1 6 6 14
803066 27 1 1 6 6 22
803101 22 0 0 6 6 20
806205 24 1 1 8 6 15
810462 14 1 0 8 5 26
810754 21 1 0 3 6 14
812488 20 0 0 6 6 21
813283 17 0 0 6 6 15
813286 11 1 0 6 6 12
813588 20 1 0 6 5 17
813689 12 1 0 9 6 15
813711 23 1 0 6 6 19
813735 2 1 1 6 5 1
813847 4 0 0 4 6 17
813927 36 1 0 6 6 17
813928 14 1 1 5 6 31
813957 7 1 0 6 6 12
813991 12 1 0 3 6 13
814024 17 0 1 3 6 11
814078 41 0 0 8 6 18
814108 7 1 0 3 6 16
814201 5 1 0 6 5 21
814203 11 1 1 0 5 15
814230 1 0 0 4 5 19
814239 19 1 0 6 6 15
814241 7 1 0 1 6 14
814315 15 1 0 1 6 14
814316 11 1 0 8 5 22
814318 30 1 1 7 6 16
814329 19 1 0 8 6 15
814333 4 0 0 4 6 19
814382 19 0 0 6 6 15
814495 6 1 0 8 6 17
814509 21 1 1 6 6 15
814552 5 1 0 2 6 17
814607 26 1 0 7 5 16
814761 12 0 0 8 6 21
814823 7 1 0 6 6 15
814843 2 1 0 9 6 18
814974 21 1 1 8 6 16
815083 26 0 1 8 6 15
815089 16 1 1 3 5 12
815109 15 1 0 8 6 14
815164 4 1 0 4 5 16
815473 32 1 1 8 6 23
815474 25 1 0 6 6 17
815484 25 1 1 4 6 23
815595 34 1 0 6 6 34
815660 61 1 0 8 6 22
815661 25 0 0 6 6 20
815677 44 1 0 1 5 21
815686 18 0 0 6 6 26
1194025 28 1 1 6 6 24
