472260
19
2139
472260 767 1 1 1 6 20
31847 60 1 0 1 6 19
35347 604 1 1 1 6 18
40815 9 0 0 1 6 22
52825 2 1 0 1 6 22
53875 260 0 0 1 6 18
55648 23 1 0 0 6 21
57076 21 1 0 1 6 23
70634 99 1 0 1 5 27
76267 33 1 0 0 6 19
80898 60 1 0 1 5 24
83339 54 0 0 2 5 20
85468 215 1 0 1 6 20
88280 635 1 0 1 6 19
88431 69 1 0 1 6 20
90133 41 1 0 1 6 21
102311 148 0 1 8 6 22
114355 38 0 0 0 6 18
121716 733 1 0 1 6 20
122190 45 1 0 1 6 20
125196 29 1 0 1 5 19
133919 52 1 0 1 6 26
147067 32 0 0 1 6 23
152755 62 1 0 1 6 23
156203 6 0 0 1 6 21
175390 350 1 0 1 6 29
195921 27 1 0 1 6 18
210098 67 1 0 2 6 18
211307 47 1 0 1 6 23
212480 26 0 0 1 6 18
217145 40 1 0 1 6 18
223013 32 1 0 1 6 19
230524 80 0 0 1 6 23
230666 36 0 0 1 6 21
231051 17 1 0 2 6 21
231055 9 1 0 1 6 20
243997 18 0 0 4 6 26
245018 12 1 0 1 6 21
256086 71 1 0 1 6 16
256359 36 1 0 1 6 19
258371 16 1 0 1 6 16
266051 14 1 0 1 6 16
273448 77 1 0 1 6 21
273841 7 1 0 1 6 19
275880 10 1 0 1 6 24
276809 28 1 0 1 6 21
276950 11 0 0 6 6 19
277174 27 1 0 6 6 21
285563 24 1 0 5 6 18
286127 6 1 0 1 6 17
286669 21 1 0 1 6 27
289817 74 1 0 1 6 20
291034 19 1 0 1 6 19
292305 80 0 0 1 6 22
296940 22 1 0 1 6 22
297325 7 1 0 1 6 18
297430 10 1 0 2 6 26
297475 16 1 0 8 6 21
297577 36 1 0 1 6 27
305024 30 0 0 1 6 17
306620 13 1 0 0 6 19
310498 10 0 0 1 5 21
313202 2 1 0 1 6 20
313560 13 1 0 6 6 19
313722 7 1 0 1 6 23
315206 10 1 0 1 6 19
315370 9 1 0 1 6 17
316106 14 1 0 1 6 20
318050 55 1 0 5 6 20
318849 3 0 0 1 5 22
331423 11 1 0 1 5 19
340369 29 1 0 1 6 14
341719 3 1 0 1 6 19
341979 6 0 0 1 5 23
342377 4 1 0 1 6 26
342439 20 1 0 1 6 18
343601 40 1 0 1 6 19
345013 6 1 0 1 5 23
345221 20 1 0 1 6 21
347933 54 1 0 1 6 19
349956 16 1 0 1 5 21
351352 42 1 0 1 5 20
351707 10 1 0 1 6 15
353428 17 1 0 1 6 20
353698 5 1 0 1 6 23
355026 2 0 0 1 6 22
355778 54 1 0 1 6 19
356169 28 1 0 1 6 21
357711 3 0 0 1 6 19
358744 2 1 0 1 6 19
358784 7 0 0 1 6 18
358978 12 1 0 1 6 17
365020 38 1 0 1 6 22
366060 13 1 0 1 6 21
368291 32 0 0 5 6 19
369228 267 1 0 1 6 21
369767 30 1 0 1 6 23
372392 5 1 0 1 6 19
385834 5 0 0 1 6 20
387433 2 1 0 1 6 21
389791 114 1 0 1 6 20
393628 34 1 0 1 6 22
398318 7 1 0 1 6 22
401169 35 1 0 1 6 17
402049 6 1 0 1 5 72
404338 7 1 0 1 6 21
405186 10 1 0 1 6 22
423374 4 1 0 1 6 19
426266 12 1 0 1 6 22
432991 22 1 0 1 6 20
441108 3 1 0 1 6 17
442360 37 1 0 1 6 17
445363 28 1 0 1 6 24
449273 20 0 0 4 5 22
458393 12 0 0 1 6 22
458966 5 1 0 1 6 23
459037 8 1 0 7 5 15
463391 44 1 0 1 6 20
464052 6 1 0 1 6 23
467115 6 1 0 1 6 30
467452 64 1 0 1 6 20
467912 5 1 0 1 5 18
468207 2 0 0 1 6 14
468211 2 1 0 1 6 14
468327 22 1 0 1 6 17
468335 23 1 0 1 6 16
469300 2 0 0 8 6 20
469419 47 1 0 1 6 18
469756 6 0 0 1 6 18
470411 3 1 0 1 6 17
470467 5 1 0 1 6 19
470693 4 1 0 3 6 16
470881 9 0 0 1 6 20
470988 3 0 0 1 6 21
471181 1 1 0 1 5 22
471786 11 0 0 1 6 23
472641 54 1 0 7 6 14
474405 16 1 0 1 6 14
477367 4 1 0 1 6 15
477524 3 0 0 1 6 17
478052 18 0 0 7 6 21
479399 52 0 0 5 6 21
487291 7 1 0 1 5 26
504838 30 1 0 1 6 21
505122 19 0 0 1 6 23
506574 14 1 0 2 6 18
507463 3 1 0 1 6 18
526005 12 1 0 1 6 13
527348 10 1 0 1 6 24
527608 101 1 0 1 6 22
530071 11 1 0 6 6 16
531579 26 1 0 1 5 20
538367 4 1 0 1 6 18
542015 2 1 0 1 5 20
566280 6 1 0 1 5 21
566355 22 1 0 1 5 23
567132 30 1 0 1 6 25
573503 5 1 0 1 6 20
576555 3 1 0 1 6 16
586878 16 1 0 1 6 23
587454 7 0 0 1 6 18
588050 9 0 0 1 5 15
590425 33 1 0 1 6 16
592769 11 1 0 1 6 22
593071 1 0 0 1 6 17
599037 6 1 0 1 5 29
599061 24 1 0 1 6 18
599286 6 1 0 1 6 18
599578 3 1 0 1 5 20
629634 13 1 1 1 6 28
630595 2 0 0 1 6 24
640529 48 1 0 1 6 19
658675 10 1 0 1 6 19
672603 41 1 0 1 6 21
675233 10 1 0 1 6 16
681346 11 1 0 1 6 21
684527 5 0 0 6 5 23
689800 61 1 0 8 6 16
691696 4 1 0 1 5 23
712931 42 1 0 1 6 19
713234 5 1 0 1 5 22
713618 11 0 0 1 6 20
715748 15 1 0 1 6 26
715780 7 1 0 1 6 19
716448 27 1 0 1 6 28
716457 4 1 0 1 6 20
716493 14 1 0 1 6 19
720424 17 0 0 1 6 21
724738 10 1 0 1 6 15
725831 11 1 0 1 5 18
725857 10 0 0 1 6 18
725931 4 1 0 1 5 26
725989 11 0 0 1 6 22
728575 2 1 0 1 5 20
728923 15 1 0 1 5 20
733529 2 0 0 1 5 16
733970 9 1 0 1 6 15
733973 7 1 0 1 6 20
734733 3 0 0 1 6 21
736679 7 1 0 1 6 23
739780 8 1 0 1 5 28
739848 26 1 0 2 6 19
743386 3 0 0 1 6 19
743908 76 1 0 1 6 25
750658 5 1 0 1 6 17
752227 9 1 0 1 6 20
754463 12 1 0 1 6 21
755723 15 1 0 1 6 20
756266 3 1 0 2 6 18
758816 17 0 0 1 6 16
759188 9 1 0 1 5 21
759370 8 1 0 1 6 20
765170 14 1 0 1 6 17
766422 10 1 0 1 6 20
767270 13 1 0 1 6 17
767837 12 1 0 1 6 15
767976 15 1 0 1 6 17
768290 3 1 0 1 6 22
769880 12 1 0 1 6 20
773410 2 1 0 1 6 19
773724 9 1 0 1 5 23
773845 3 0 0 1 6 21
777652 6 1 0 1 6 21
779070 3 1 0 1 5 27
779108 9 1 0 1 5 17
781664 6 1 0 1 6 23
782466 7 1 0 0 6 21
782484 4 0 0 1 6 17
784936 4 0 0 3 6 19
785375 3 0 0 1 5 20
787840 8 1 0 1 6 23
795765 3 1 0 1 5 22
799096 29 1 0 6 6 22
803235 4 1 0 1 6 19
804337 3 1 0 1 5 17
805488 15 1 0 1 6 22
805712 6 1 0 1 6 16
807383 5 1 0 1 6 20
808383 9 1 0 1 6 22
808414 2 1 0 1 6 23
808547 23 1 0 7 6 21
809042 2 1 0 5 5 17
810353 5 1 0 1 5 22
812995 3 1 0 1 5 19
818045 2 1 0 1 5 19
820791 3 1 0 1 5 17
826920 4 1 0 1 6 20
827602 3 1 0 1 6 21
830952 2 0 0 1 5 19
835429 8 1 0 1 6 21
839446 6 1 0 1 6 18
841637 7 1 0 1 6 28
843098 6 1 0 1 6 24
844210 4 0 0 1 6 18
846778 16 1 0 7 6 20
853939 1 1 0 1 6 27
861329 10 1 0 8 6 19
862917 3 1 0 1 6 20
877625 5 1 0 1 5 21
885919 6 1 0 1 6 15
888178 6 1 0 1 6 25
889033 10 1 0 1 6 18
890622 5 1 0 1 6 18
890962 6 1 0 1 5 23
891618 12 1 0 5 6 22
891640 7 1 0 1 6 17
891727 3 0 0 8 6 23
891866 13 1 0 5 6 24
892589 4 1 0 1 6 24
893091 2 0 0 0 5 20
899477 3 0 0 1 6 19
904038 5 0 0 1 6 20
904572 9 1 0 1 6 20
910333 2 0 0 2 6 16
916132 12 1 0 1 6 24
918850 8 1 0 1 6 24
918982 3 1 0 1 6 23
921521 14 1 0 1 6 17
921659 5 1 0 1 6 17
924694 6 1 0 1 6 19
928768 27 1 0 1 6 18
928797 5 1 0 1 6 17
930209 6 1 0 1 6 22
931091 6 1 0 1 6 22
939294 6 1 0 1 5 20
939416 19 1 0 1 6 30
941758 9 1 0 1 6 15
944724 1 0 0 1 5 18
945782 5 1 0 1 6 18
949385 18 1 0 1 6 17
949644 7 1 0 1 6 18
954834 21 1 0 1 6 19
955807 4 1 0 1 6 18
956013 13 1 0 1 6 18
959693 12 1 0 1 6 25
966541 7 1 0 1 6 18
966546 2 0 0 1 6 17
967257 3 0 0 1 6 22
967411 2 0 0 1 6 21
969129 2 1 0 1 6 18
969486 10 1 0 1 6 25
975398 5 1 0 1 6 22
975862 2 1 0 1 6 23
976924 3 1 0 1 5 27
977313 8 1 0 1 6 15
977586 2 1 0 1 5 17
977619 8 1 0 1 6 17
977876 9 1 0 1 6 19
978992 1 1 0 1 6 17
980945 3 1 0 1 5 18
981398 6 1 0 2 6 22
986767 6 1 0 1 6 18
994810 2 0 0 1 6 22
994814 3 1 0 1 6 15
994829 3 1 0 1 5 17
1003082 3 1 0 1 6 21
1003543 2 0 0 1 6 19
1004453 5 1 0 5 5 16
1004641 12 1 0 1 6 18
1006707 1 1 0 1 5 20
1006892 2 1 0 4 6 18
1009174 15 1 0 1 6 20
1013219 4 1 0 1 6 19
1013224 4 1 0 1 6 19
1020239 8 1 0 7 6 18
1021949 4 0 0 1 6 17
1022246 13 1 0 1 6 17
1026490 4 1 0 1 6 25
1026946 17 1 0 1 6 23
1031001 4 1 0 1 6 22
1032864 3 1 0 1 5 20
1033889 5 1 0 1 6 19
1036538 5 1 0 1 6 17
1037420 10 1 0 1 6 17
1038698 2 0 0 1 6 21
1039623 3 0 0 1 5 26
1040679 8 1 0 1 6 18
1041332 6 1 0 1 5 23
1042859 3 1 0 1 6 19
1045427 5 1 0 1 5 19
1050810 6 1 0 1 6 15
1059278 2 1 0 1 6 17
1061306 5 1 0 1 6 20
1065828 9 1 0 1 6 19
1067074 4 1 0 1 6 15
1069350 3 1 0 1 6 20
1077991 1 1 0 1 6 14
1079512 9 1 0 1 6 17
1079558 4 1 0 1 6 19
1082040 2 1 0 4 6 19
1083952 9 1 0 1 6 21
1094943 5 1 0 1 6 21
1096017 2 1 0 1 6 19
1097209 17 1 0 1 6 19
1097420 5 0 0 1 6 20
1100228 4 1 0 1 6 17
1105003 9 1 0 1 6 19
1109351 2 0 0 1 6 26
1109545 3 0 0 1 5 19
1109577 3 0 0 1 6 26
1110699 3 1 0 1 6 21
1118241 14 1 0 1 6 17
1118737 2 1 0 1 6 22
1119111 3 1 0 1 6 18
1119610 6 1 0 1 6 19
1124564 18 1 0 1 5 20
1125485 4 1 0 1 6 25
1125928 8 1 0 1 6 20
1131282 8 1 0 1 6 18
1131364 7 1 0 1 6 21
1131516 5 1 0 1 6 22
1136393 4 1 0 1 6 18
1138612 8 1 0 1 6 17
1140144 6 1 0 1 6 20
1141148 1 1 0 1 6 20
1146886 7 1 0 1 6 15
1152887 2 1 0 6 6 21
1153711 3 1 0 1 6 20
1154770 5 1 0 1 6 20
1161604 4 1 0 1 6 23
1163011 22 1 0 1 6 24
1163474 2 1 0 1 6 19
1167602 3 1 0 1 6 29
1168796 3 1 0 1 5 20
1168804 4 1 0 1 5 18
1170072 6 1 0 1 6 20
1174660 2 1 0 1 5 18
1174662 5 1 0 1 6 18
1174724 8 1 0 1 6 25
1175079 9 1 0 1 6 23
1178614 8 1 0 1 5 20
1183212 3 1 0 1 5 18
1183496 3 1 0 1 6 21
1190657 7 1 0 1 5 20
1199355 5 1 0 1 6 26
1200339 6 1 0 2 6 16
1200801 4 1 0 1 6 24
1202986 1 1 0 1 5 18
1203078 3 1 0 1 6 20
1204499 12 1 0 1 6 22
1205855 2 0 0 1 6 21
1213418 3 0 0 1 6 24
1218994 4 1 0 1 6 17
1219062 2 1 0 1 6 23
1225807 5 1 0 1 6 22
1225942 2 1 0 0 6 17
1230335 11 1 0 1 6 20
1233698 7 1 0 1 6 16
1245757 6 1 0 1 6 18
1251999 5 1 0 8 6 22
1253316 4 0 0 1 6 19
1253376 4 0 0 1 6 16
1254613 2 1 0 1 5 22
1255304 7 1 0 1 6 20
1257850 8 1 0 1 6 19
1261421 1 1 0 1 6 19
1262905 2 1 0 1 5 16
1272065 2 0 0 1 5 19
1272815 10 1 0 1 6 20
1283698 2 1 0 1 5 17
1284079 4 1 0 1 6 19
1286032 2 1 0 1 5 21
1286744 2 1 0 1 5 21
1291441 5 1 0 1 6 20
1291947 2 1 0 1 6 20
1291966 3 1 0 1 5 20
1293356 7 1 0 1 6 19
1294318 4 1 0 1 6 20
1297174 2 1 0 1 5 20
1299959 3 1 0 1 6 18
1299964 1 1 0 1 5 19
1306276 2 1 0 4 5 24
1309518 2 1 0 1 5 24
1309587 4 1 0 1 6 18
1310913 6 1 0 2 6 20
1312051 2 0 0 1 6 16
1313459 2 1 0 1 6 20
1313505 2 1 0 1 6 20
1314068 3 1 0 1 5 20
1316093 2 0 0 1 6 22
1317614 3 1 0 1 6 23
1323192 6 1 0 1 6 20
1325902 3 1 0 1 6 18
1327671 2 1 0 1 6 20
1327845 2 1 0 1 6 20
1335614 5 1 0 1 6 22
1335721 1 1 0 1 5 22
1341571 3 1 0 1 5 21
1343776 2 1 0 1 6 18
1346211 2 0 0 1 6 20
1348926 4 0 0 1 6 22
1354961 2 1 0 1 5 21
1354973 1 1 0 1 5 20
1354976 2 0 0 1 6 23
1355052 2 1 0 1 5 21
1355056 1 1 0 1 5 20
1355078 2 1 0 1 6 19
1355085 2 1 0 1 6 23
1355144 2 1 0 1 5 22
1355148 1 0 0 2 6 19
1355169 2 1 0 1 6 18
1355171 1 1 0 1 5 21
1355190 3 1 0 0 5 19
1355191 1 1 0 1 5 20
1355195 2 1 0 1 6 20
1355196 2 1 0 1 6 27
1355213 1 1 0 1 5 20
1355214 2 1 0 1 5 25
1355220 4 1 0 1 6 18
1355232 2 1 0 1 6 19
1355233 2 1 0 1 5 21
1355238 1 1 0 1 6 23
1355241 1 1 0 1 6 18
1355264 1 1 0 1 5 23
1355265 1 1 0 6 5 20
1355268 1 1 0 1 5 19
1355282 1 1 0 1 5 28
1355285 1 1 0 1 5 19
1355289 2 1 0 1 6 23
1355292 1 1 0 1 6 22
1355293 6 1 0 1 5 20
1355300 5 1 0 1 6 21
1355303 1 0 0 1 5 16
1355321 1 1 0 1 5 20
1355322 1 1 0 1 5 20
1355327 1 1 0 1 5 18
1355328 4 0 0 1 6 17
1355331 1 1 0 6 5 28
1355333 1 1 0 1 5 20
1355334 1 1 0 1 5 17
1355335 1 1 0 2 5 22
1355340 2 1 0 1 6 31
1355341 1 1 0 1 5 22
1355342 1 1 0 1 5 16
1355344 3 1 0 1 5 16
1355347 1 1 0 1 6 20
1355349 1 1 0 1 5 23
1355350 3 1 0 1 5 25
1355352 1 1 0 1 5 25
1355354 1 1 0 1 5 18
1355356 1 1 0 2 5 18
1355360 1 1 0 3 5 23
1355361 1 1 0 1 6 15
1355362 1 1 0 1 6 21
1355363 1 1 0 1 5 18
1355364 1 1 0 1 5 20
1355366 2 0 0 1 5 17
1355368 3 1 0 7 6 23
1355370 1 1 0 4 5 26
1355371 1 1 0 1 6 21
1355373 3 0 0 1 5 20
1355378 6 1 0 1 6 21
1355379 1 0 0 1 5 22
1355382 1 1 0 1 5 18
1355384 1 1 0 1 6 17
1355385 1 1 0 1 5 21
1355386 1 1 0 2 5 18
1355387 1 1 0 1 6 24
1355388 1 1 0 2 5 15
1355391 1 1 0 1 6 19
1355393 1 1 0 6 5 19
1355395 1 1 0 1 5 27
1355399 1 1 0 1 6 21
1355402 2 0 0 1 6 21
1355404 1 1 0 1 5 22
1355405 1 1 0 1 6 21
1355406 2 1 0 1 5 21
1355407 1 1 0 1 6 25
1355408 2 1 0 1 6 23
1355412 2 1 0 1 5 18
1355413 1 1 0 1 5 17
1355415 2 1 0 6 5 17
1355416 1 1 0 1 5 16
1355417 1 1 0 1 6 19
1355420 1 1 0 1 5 15
1355422 6 1 0 1 6 21
1355425 2 1 0 1 5 17
1355426 1 1 0 1 6 21
1355427 2 1 0 1 5 19
1355430 1 1 0 1 5 17
1355434 1 1 0 1 5 18
1355439 1 1 0 1 5 24
1355440 4 1 0 1 6 22
1355441 1 1 0 0 5 18
1355445 1 1 0 2 5 18
1355447 1 1 0 1 5 22
1355450 3 1 0 1 5 19
1355451 2 1 0 1 5 17
1355454 1 1 0 1 5 21
1355461 1 1 0 1 5 19
1355462 2 1 0 1 6 21
1355463 1 1 0 1 6 18
1355467 1 1 0 1 6 22
1355468 1 0 0 1 6 23
1355469 2 1 0 1 5 15
1355470 1 1 0 1 6 20
1355472 1 1 0 1 5 22
1355473 5 1 0 1 6 19
1355475 1 1 0 1 5 19
1355476 1 1 0 1 5 19
1355477 1 1 0 1 5 18
1355479 1 1 0 1 6 21
1355480 1 1 0 1 5 23
1355481 2 1 0 1 6 21
1355483 1 1 0 1 5 20
1355485 1 1 0 1 5 22
1355486 1 1 0 1 5 14
1355487 1 1 0 1 5 18
1355488 2 1 0 1 5 19
1355492 1 1 0 1 5 24
1355498 1 1 0 1 5 20
1355500 1 1 0 1 6 19
1355501 1 1 0 1 6 29
1355503 1 1 0 1 5 23
1355510 1 1 0 1 5 23
1355511 1 0 0 0 6 16
1355515 2 1 0 1 6 24
1355517 1 1 0 1 5 19
1355520 2 1 0 1 5 21
1355523 1 1 0 1 5 16
1355525 1 0 0 1 6 16
1355527 1 1 0 1 6 18
1355528 1 1 0 1 5 19
1355530 1 1 0 1 5 20
1355531 3 0 0 1 6 19
1355534 1 0 0 1 5 20
1355536 1 1 0 1 5 21
1355537 3 1 0 1 5 18
1355538 2 1 0 1 6 19
1355539 1 1 0 1 6 16
1355540 1 1 0 1 6 20
1355541 1 1 0 2 5 18
1355543 1 1 0 1 6 22
1355545 1 1 0 1 5 19
1355547 2 1 0 6 5 20
1355549 1 1 0 1 6 22
1355550 1 1 0 1 5 19
1355551 2 1 0 1 6 19
1355553 1 1 0 1 5 21
1355554 1 1 0 1 5 22
1355555 2 1 0 5 6 21
1355556 2 1 0 1 5 18
1355562 1 0 0 1 5 23
1355564 1 1 0 1 5 19
1355565 3 1 0 1 6 17
1355566 1 1 0 1 5 18
1355568 3 1 0 1 6 19
1355569 1 1 0 1 6 16
1355570 1 1 0 1 6 21
1355571 2 1 0 1 5 19
1355572 4 1 0 1 6 17
1355573 1 1 0 1 6 18
1355574 5 1 0 2 6 19
1355575 1 1 0 1 5 19
1355576 2 0 0 1 6 18
1355578 3 1 0 1 5 22
1355579 1 1 0 1 5 18
1355581 2 1 0 1 6 20
1355582 1 1 0 1 6 20
1355586 1 1 0 1 6 19
1355587 1 1 0 1 6 20
1355588 1 1 0 1 6 23
1355590 1 1 0 1 6 21
1355591 2 1 0 1 6 24
1355595 1 1 0 1 6 18
1355596 2 1 0 1 6 17
1355599 1 1 0 1 6 19
1355600 1 1 0 1 6 18
1355601 1 1 0 1 6 19
1355602 1 1 0 1 6 16
1355605 2 1 0 1 6 19
1355609 3 1 0 1 6 22
1355611 6 1 0 1 6 22
1355612 1 1 0 1 5 19
1355614 3 1 0 1 6 19
1355619 1 1 0 1 6 20
1355620 1 0 0 1 6 18
1355622 1 1 0 1 5 21
1355623 7 1 0 1 6 24
1355624 2 1 0 1 6 21
1355626 1 1 0 1 6 17
1355627 2 1 0 1 6 15
1355632 6 1 0 1 6 18
1355633 1 1 0 1 6 19
1355634 1 1 0 1 6 21
1355635 4 0 0 1 6 24
1355638 1 1 0 1 6 20
1355640 1 1 0 2 6 21
1355641 4 1 0 1 6 20
1355642 1 1 0 1 6 15
1355643 1 1 0 1 6 18
1355644 1 1 0 1 5 19
1355645 1 1 0 1 6 23
1355648 3 1 0 2 6 13
1355654 1 1 0 1 6 17
1355655 1 1 0 1 5 23
1355657 1 1 0 1 5 23
1355658 2 1 0 1 6 21
1355659 1 1 0 1 6 18
1355661 1 1 0 1 5 17
1355662 1 1 0 7 6 17
1355667 1 1 0 1 6 17
1355668 1 1 0 1 5 21
1355671 1 1 0 1 5 22
1355675 2 1 0 1 6 21
1355676 2 1 0 7 5 22
1355677 2 0 0 1 5 19
1355680 1 1 0 1 5 19
1355681 1 1 0 1 5 20
1355682 1 1 0 1 6 19
1355683 2 1 0 1 6 24
1355684 1 1 0 1 5 18
1355686 1 1 0 1 5 21
1355687 1 1 0 1 5 19
1355689 1 1 0 1 5 24
1355690 1 1 0 1 5 17
1355700 2 1 0 1 5 20
1355703 1 1 0 1 5 20
1355708 3 1 0 1 6 17
1355709 2 1 0 1 6 18
1355717 3 1 0 1 5 22
1355719 1 1 0 1 6 21
1355720 3 1 0 1 5 17
1355721 1 1 0 1 5 25
1355726 1 1 0 1 5 20
1355728 2 1 0 1 6 13
1355730 3 1 0 1 6 17
1355733 1 1 0 1 5 21
1355735 2 1 0 1 5 20
1355738 1 1 0 1 6 21
1355745 2 1 0 1 5 21
1355750 1 1 0 1 6 24
1355752 1 1 0 1 5 17
1355758 2 1 0 1 6 21
1355771 1 1 0 1 6 25
1355773 7 1 0 1 5 25
1355777 1 1 0 1 6 22
1355783 1 1 0 1 6 21
1355786 1 1 0 1 5 24
1355790 1 0 0 1 6 21
1355804 3 0 0 9 6 21
1355812 3 0 0 1 6 27
1355814 2 0 0 1 6 24
1355815 2 1 0 1 6 22
1355816 3 1 0 1 6 24
1355821 2 1 0 1 6 21
1355822 3 1 0 1 6 21
1355825 4 1 0 1 5 19
1355827 2 0 0 1 6 19
1355833 4 1 0 1 6 24
1355841 1 1 0 1 6 27
1355846 3 1 0 1 5 23
1355847 1 1 0 1 5 22
1355853 4 1 0 1 5 17
1355857 2 1 0 1 6 23
1355859 2 1 0 1 6 20
1355868 4 1 0 1 6 32
1355870 2 1 0 1 5 21
1355884 3 1 0 1 5 25
1355887 2 1 0 1 6 24
1355890 3 1 0 1 5 21
1355900 1 1 0 5 5 25
1355901 1 0 0 1 5 18
1355904 2 1 0 5 5 27
1355911 6 1 0 2 6 22
1355913 3 1 0 1 6 21
1355914 2 0 0 1 6 16
1355915 2 1 0 1 5 23
1355918 1 1 0 1 5 23
1355925 2 0 0 1 5 21
1355928 4 1 0 1 6 17
1355931 3 1 0 1 6 16
1355949 2 1 0 1 6 21
1355950 1 0 0 1 5 24
1355951 3 1 0 1 5 21
1355952 1 1 0 1 5 22
1355956 3 1 0 1 5 18
1355958 2 1 0 1 5 23
1355959 4 1 0 1 6 19
1355960 1 1 0 1 6 21
1355973 2 1 0 1 6 18
1355990 3 1 0 1 6 18
1355996 2 1 0 1 6 17
1356005 1 0 0 1 6 23
1356007 1 1 0 1 6 23
1356010 4 0 0 1 6 20
1356011 1 1 0 1 5 17
1356019 1 1 0 4 5 20
1356023 1 1 0 1 6 18
1356029 3 1 0 1 6 23
1356030 8 1 0 1 6 23
1356033 3 1 0 1 6 18
1356037 2 1 0 1 6 30
1356053 1 1 0 1 5 21
1356055 2 1 0 1 6 20
1356056 1 1 0 1 5 20
1356057 1 0 0 1 5 20
1356060 1 1 0 1 6 23
1356061 1 1 0 1 6 26
1356070 2 1 0 1 6 22
1356072 6 1 0 1 5 22
1356076 1 1 0 1 5 17
1356081 2 1 0 1 5 18
1356087 2 1 0 1 6 17
1356090 1 1 0 1 5 22
1356101 4 1 0 1 6 21
1356102 1 1 0 9 6 21
1356107 1 1 0 1 6 19
