26365
19
2129
26365 428 0 1 4 6 20
864 43 1 0 4 6 19
7019 89 1 0 4 6 18
10301 306 1 0 2 6 24
12105 43 1 0 1 6 19
22913 77 1 0 3 5 17
23467 56 1 0 6 6 23
27995 57 1 0 5 6 16
29057 42 1 0 0 6 21
29097 164 1 0 2 6 17
31740 71 1 0 3 6 21
34379 68 1 0 0 6 18
35625 64 1 0 0 6 18
36754 208 1 0 7 6 15
38265 246 1 0 7 6 19
39511 136 1 0 8 6 19
40289 403 1 0 6 6 21
41350 36 1 0 6 5 26
42581 214 1 0 2 6 19
42665 46 1 1 1 6 18
43601 34 1 0 3 6 17
44803 179 1 0 7 5 19
46146 301 1 0 8 6 19
48979 558 1 0 4 6 26
50451 113 1 0 1 6 18
53268 71 1 0 6 6 21
64928 119 1 0 7 6 17
65401 40 1 0 6 6 20
69416 162 1 0 6 6 17
71051 502 1 0 8 6 19
74652 53 1 0 6 6 18
78818 757 1 0 2 6 23
84857 59 1 0 5 6 16
84859 31 1 0 8 6 18
85345 96 1 0 8 6 22
89732 77 1 0 3 6 20
93385 199 1 0 2 6 20
94339 94 1 0 2 6 18
105592 46 1 0 3 6 23
106386 189 1 0 6 6 25
106552 209 1 0 1 6 19
106885 42 1 0 4 6 17
108978 130 1 0 6 6 19
109905 190 1 0 6 6 19
112295 30 1 0 7 6 55
113148 24 1 0 6 6 16
115106 84 1 0 6 6 18
116380 130 1 0 2 6 21
117022 103 1 0 2 6 19
122076 23 1 0 0 6 21
123185 69 1 0 2 6 17
129349 92 1 0 2 6 18
130160 112 1 0 1 6 18
131406 212 1 0 2 6 16
133538 46 1 0 0 6 16
135577 70 1 1 8 6 24
137074 41 1 0 1 6 50
152581 96 1 0 2 6 22
154578 85 1 0 2 5 22
154951 71 1 0 2 6 20
155338 138 1 0 6 5 19
157837 69 1 0 6 6 23
158326 152 1 0 2 6 18
163390 89 1 0 8 6 12
164013 89 1 0 6 6 21
165379 233 1 0 9 6 16
166762 209 1 0 6 6 19
166882 293 1 0 8 6 16
172693 98 1 0 6 6 18
172758 496 1 0 8 6 20
173095 22 1 0 6 5 21
175191 162 1 0 4 6 19
175311 189 1 0 4 6 17
176960 245 1 0 9 6 17
177107 65 1 0 6 6 18
179621 223 1 0 6 6 18
183442 89 1 0 2 6 43
191807 66 1 0 7 6 18
192369 100 1 0 6 6 19
194737 62 1 0 5 6 20
194996 58 1 0 2 6 30
194997 26 1 0 2 6 35
195100 77 1 0 2 6 24
195139 123 1 0 8 6 22
195934 45 1 0 6 6 18
196147 42 1 0 2 6 35
196215 17 1 0 2 6 24
196354 61 1 0 2 6 33
196549 51 1 0 2 6 24
196769 42 1 0 0 6 33
201743 65 1 0 2 6 24
202113 58 1 0 2 6 23
204865 70 1 0 2 6 20
206177 41 1 0 2 6 22
211207 212 1 0 8 5 19
211644 7 1 0 2 5 20
215803 78 1 0 6 6 24
216069 54 1 0 2 6 15
216100 98 1 0 7 6 15
216340 351 1 1 4 6 21
217190 125 1 0 2 6 17
219839 67 1 0 3 6 20
224348 19 1 0 1 6 20
228755 88 1 0 7 6 21
233404 63 1 0 2 6 16
233631 87 1 0 2 6 16
234167 113 1 0 6 6 18
234892 21 1 0 1 6 26
235662 59 1 0 0 6 24
236835 184 1 0 2 6 18
241592 563 1 0 6 6 22
241649 74 1 0 8 6 21
242552 150 1 0 2 6 21
243622 53 1 0 6 6 21
244286 16 1 0 2 6 17
245522 304 1 0 2 6 16
246488 32 1 0 8 6 15
246489 73 1 0 8 6 23
248768 52 1 0 7 5 17
249343 194 1 0 6 6 20
249397 197 1 0 2 6 18
250145 28 1 0 1 6 21
250205 63 1 0 2 6 18
253253 19 1 0 6 5 23
254242 127 1 0 6 6 22
254347 42 1 0 6 6 21
254675 137 1 0 2 6 13
254711 304 1 0 6 6 17
255326 38 1 0 8 5 25
255650 83 1 0 8 6 32
255935 44 1 0 0 6 17
258448 155 1 0 2 6 16
262730 137 1 0 2 6 24
267648 53 1 0 1 6 20
269905 115 1 0 8 6 20
270134 43 1 0 6 6 21
270240 145 1 0 6 6 17
271104 76 1 0 7 6 20
271728 84 1 0 6 6 19
271800 57 1 0 6 6 25
272397 142 1 0 6 6 19
275596 139 1 0 1 6 26
276036 104 1 0 7 6 25
276159 73 1 0 3 6 18
277927 149 1 0 2 6 25
277998 148 1 0 2 6 21
278159 38 1 0 5 6 15
278346 48 1 0 2 6 22
278800 17 1 0 7 6 18
279049 179 1 0 7 6 20
279078 53 1 0 6 6 21
283238 139 1 0 2 6 18
284075 35 1 0 0 6 27
285477 98 1 0 6 6 17
285484 59 1 0 6 6 21
285549 88 1 0 3 6 25
286849 125 1 0 6 6 18
291931 133 1 0 2 6 17
292895 92 1 0 6 6 20
294812 101 1 0 1 6 21
296862 30 1 0 2 5 19
298223 107 1 0 8 6 18
298584 37 1 0 0 6 26
305571 231 1 0 7 6 19
312071 42 1 0 2 6 14
312237 19 1 0 6 6 18
313570 124 1 0 6 5 19
313997 99 1 0 6 6 18
314124 71 1 0 2 6 19
315736 165 1 0 6 6 23
316461 85 1 0 4 6 20
317486 26 1 0 1 6 32
318294 25 1 0 2 6 20
319636 140 1 0 2 6 22
320940 231 1 0 9 6 18
322697 122 1 0 6 6 18
330283 21 1 0 1 6 26
331671 21 1 0 7 6 21
331989 24 1 0 2 6 19
332648 134 1 0 2 5 17
333752 182 1 0 6 6 20
335616 115 1 0 6 6 17
338451 68 1 0 6 6 17
340750 56 1 0 8 6 21
342007 61 1 0 7 6 29
342843 97 1 0 6 6 23
342881 73 1 0 6 6 17
343838 29 1 0 2 6 18
348292 46 1 1 2 6 27
348414 44 1 0 6 6 25
348877 160 1 0 8 6 16
351615 90 1 0 6 6 18
351710 38 1 0 3 6 33
353169 19 1 0 2 6 21
353619 46 1 0 2 6 25
364312 28 1 0 5 5 26
364663 6 1 0 5 6 33
366281 58 1 0 6 6 20
367978 115 1 0 8 6 18
375564 48 1 0 6 6 21
376526 122 1 0 6 6 17
382079 140 1 0 8 6 19
382851 94 1 0 2 5 12
382853 334 1 0 6 6 15
382908 108 1 0 2 6 15
384491 84 1 0 6 6 18
387293 40 1 0 1 6 23
388983 72 1 0 6 6 21
389175 44 1 0 8 6 21
389178 22 1 0 6 6 35
389183 39 1 0 6 6 25
389551 114 1 0 2 6 21
406651 71 1 0 2 5 17
407860 9 1 0 6 6 19
408171 22 1 0 6 6 20
408672 40 1 0 6 6 19
419202 74 1 0 8 6 25
422431 27 1 0 6 6 20
422498 140 1 0 6 6 18
432304 27 1 0 6 5 16
432473 43 1 0 2 5 27
432980 146 1 0 8 6 18
442364 34 1 0 8 6 24
445801 4 1 0 6 6 22
448486 72 1 0 2 6 19
450438 23 1 0 6 6 38
454823 11 1 0 1 6 20
456742 96 1 0 2 6 20
458073 86 1 0 6 6 14
459013 162 1 0 8 6 16
468356 83 1 0 6 6 18
468787 91 1 0 2 6 15
470063 85 1 0 2 6 17
470650 69 1 0 8 6 17
472851 31 1 0 7 6 20
472893 38 1 0 2 6 21
473095 98 1 0 8 5 26
474125 24 1 0 1 6 21
486290 22 1 0 7 6 61
487197 96 1 0 2 6 19
488343 95 1 0 7 6 20
488453 8 1 0 2 6 22
493565 15 1 0 6 6 24
500756 74 1 0 6 6 20
502520 46 1 0 8 6 28
502567 29 1 0 7 6 26
509642 9 1 0 2 6 39
509793 246 1 0 8 6 14
510851 118 1 0 6 6 20
513924 55 1 0 6 6 25
520333 24 1 0 7 6 23
521331 192 1 0 2 5 12
522570 100 1 0 6 6 16
522675 71 1 0 6 6 21
523689 116 1 0 6 6 20
524788 213 1 0 6 5 19
528377 104 1 0 2 6 18
530735 31 1 0 6 6 28
531176 98 1 0 8 6 16
531389 52 1 0 9 6 27
531832 57 1 0 8 6 23
533605 45 1 0 6 6 18
534583 82 1 0 2 5 19
534795 80 1 0 2 6 19
541571 5 1 0 5 5 21
542330 68 1 1 8 6 14
542576 40 1 1 3 6 22
545170 75 1 0 2 6 19
547029 116 1 0 8 6 19
555221 62 1 0 2 6 17
561156 74 1 0 2 6 18
561256 21 1 0 6 6 22
561986 76 1 0 2 6 18
567724 24 1 0 6 6 15
575183 70 1 0 6 6 25
576492 117 1 0 6 6 16
576527 59 1 0 6 6 18
576563 48 1 0 6 6 19
576609 14 1 0 6 5 18
576611 59 1 0 6 6 20
577501 69 1 0 8 5 29
580365 54 1 0 7 6 53
582046 20 1 0 7 6 59
582157 16 1 0 6 6 50
584600 33 1 0 6 6 15
588430 111 1 0 6 6 28
588451 144 1 0 8 6 28
594904 42 1 0 5 6 28
598788 139 1 0 2 6 20
599569 31 1 0 1 6 20
600930 62 1 0 2 6 18
601759 23 1 0 0 6 31
615134 33 1 0 6 6 20
619805 56 1 0 8 6 19
620156 4 1 0 2 6 17
629217 19 1 0 6 6 21
639482 37 1 0 6 6 19
645362 67 1 0 6 6 16
649479 10 1 0 6 6 17
659540 27 1 0 7 6 50
661243 55 1 0 6 5 20
662407 65 1 0 2 6 54
665393 18 1 0 6 6 21
670979 110 1 0 8 6 25
671699 56 1 0 6 6 16
672086 20 1 0 6 6 26
681267 82 1 0 6 6 49
687414 72 1 0 6 6 23
689602 260 1 1 6 6 18
689727 41 1 0 6 6 24
689839 43 1 0 7 6 47
690349 9 1 0 2 6 53
691409 48 1 0 7 6 16
700912 104 1 0 6 6 18
701494 38 1 0 6 6 22
710130 19 1 0 6 6 24
715323 67 1 0 6 5 19
717192 124 1 0 6 6 31
718468 17 1 0 0 6 32
727312 100 1 0 7 6 16
727519 35 1 0 1 6 57
734900 33 1 0 6 6 17
740675 64 1 0 6 6 41
740676 52 1 0 6 5 18
741810 39 1 0 6 6 25
746810 47 1 0 8 6 17
750025 24 1 0 2 5 23
751897 69 1 0 6 6 19
752656 67 1 0 2 6 16
755589 11 1 0 6 5 21
756200 95 1 0 2 6 16
756573 31 1 0 6 6 15
765850 84 1 0 2 6 19
766578 10 1 0 2 6 19
781840 103 1 0 6 6 15
783823 27 1 0 5 6 16
783936 78 1 0 8 6 16
784317 16 1 0 2 6 14
787039 30 1 0 6 6 24
788346 56 1 0 6 6 23
795930 93 1 0 3 6 47
803618 31 1 0 8 6 24
807018 67 1 0 8 6 17
807231 33 1 0 6 6 17
807318 41 1 0 6 6 23
823014 8 1 0 8 6 18
828063 47 1 0 6 6 15
830772 21 1 0 6 6 16
837430 81 1 0 6 6 19
840374 53 1 0 5 6 20
841318 18 1 0 6 6 28
844148 9 1 0 6 6 24
844358 72 1 0 2 6 35
854996 25 1 0 6 6 30
858185 33 1 0 2 6 47
860998 89 1 0 8 6 17
868946 19 1 0 7 6 56
870404 68 1 0 6 6 21
878837 62 1 0 2 5 15
879162 21 1 0 8 6 25
879919 43 1 0 6 6 24
881429 62 1 0 6 6 23
883579 4 1 0 6 6 45
886005 44 1 0 3 6 57
887810 25 1 0 5 6 21
889829 13 1 0 8 6 27
893952 61 1 0 6 6 17
895779 28 1 0 6 6 26
899720 6 1 0 2 5 18
903927 31 1 0 8 6 18
930374 61 1 0 6 6 18
946122 18 1 0 6 5 20
948644 9 1 0 6 6 18
954255 15 1 0 6 5 19
969342 17 1 0 6 6 23
972472 19 1 0 2 6 19
982969 14 1 0 6 6 25
987403 2 1 0 6 6 44
992984 15 1 0 2 6 52
996908 6 1 0 6 5 21
1002511 57 1 0 4 6 23
1006347 53 1 0 6 6 51
1012057 23 1 0 6 6 17
1012742 31 1 0 6 6 23
1019491 30 1 0 6 6 15
1024570 38 1 0 6 6 50
1026595 22 1 0 1 6 55
1031043 32 1 0 8 5 12
1031985 88 1 0 6 6 30
1042129 11 1 0 6 6 23
1043330 21 1 0 6 6 25
1044406 15 1 0 6 5 19
1063053 2 1 0 6 5 37
1063060 7 1 0 6 6 25
1079960 20 1 0 6 6 39
1102892 17 1 0 6 6 26
1122300 22 1 0 2 6 14
1143202 4 1 0 6 6 26
1147755 10 1 0 6 6 24
1147964 12 1 0 6 6 18
1151178 16 1 0 9 6 16
1159500 17 1 0 6 6 22
1165609 35 1 0 6 6 21
1170813 6 1 0 6 6 31
1170986 11 1 0 6 6 30
1186140 5 1 0 6 6 53
1189652 11 1 0 6 6 21
1221220 12 1 0 8 6 53
1231751 4 1 0 2 6 17
1271293 7 1 0 6 5 11
1293439 1 1 1 1 6 53
1324644 3 1 0 6 6 56
1343782 6 1 0 6 6 16
1346553 7 1 0 0 6 62
1349780 9 1 0 6 6 25
1367381 30 1 0 5 6 50
1367876 13 1 0 5 6 47
1374309 9 1 0 9 6 18
1390212 9 1 0 7 6 46
1396634 5 1 0 6 6 31
1431243 5 1 0 2 5 51
1438417 6 1 0 5 6 25
1446978 15 1 0 1 6 52
1467983 3 1 0 6 5 43
1508409 9 1 0 2 6 64
1512827 5 1 0 0 6 56
1524433 6 1 0 2 6 59
1562511 4 1 0 1 6 22
1595476 5 1 0 2 6 47
