3784
19
2162
3784 558 1 1 5 6 19
257 122 1 0 5 6 19
1765 140 1 0 0 6 20
2893 53 0 0 0 6 17
3172 168 1 0 6 6 17
3465 116 0 0 0 6 16
3660 22 0 0 5 6 15
4049 108 1 1 5 6 22
4673 220 0 0 9 6 20
4776 15 0 0 5 6 21
6239 20 0 0 4 6 16
8755 124 0 0 6 6 19
8851 21 0 0 2 6 18
10411 39 0 0 0 6 16
11900 48 0 0 5 6 19
18685 30 1 0 0 6 18
22104 92 1 0 7 6 17
23575 88 0 0 0 6 20
24198 77 1 0 5 6 19
26312 64 0 0 5 6 20
28419 54 0 0 4 6 21
30199 11 0 0 5 6 17
30258 115 1 0 0 6 19
31668 36 1 0 5 6 23
33945 40 0 0 7 6 16
34022 57 1 0 7 6 17
34265 28 0 0 5 6 24
34476 106 1 0 5 6 17
34882 38 0 0 7 6 22
35905 74 1 0 5 6 19
36166 73 0 0 3 6 22
39637 113 1 0 5 6 16
39658 62 1 0 5 6 16
40151 16 0 0 5 5 15
40468 46 0 0 5 6 20
40871 16 0 0 5 6 19
41170 41 0 0 5 6 23
43155 74 1 0 7 6 16
43338 161 0 0 5 6 19
43976 16 0 0 5 6 16
44173 165 0 0 5 6 21
45087 15 0 0 5 6 19
45090 12 0 0 5 6 19
45696 495 1 0 3 6 18
46627 60 1 0 5 6 15
46886 144 1 0 7 6 19
47869 19 1 0 5 6 16
49148 215 1 0 0 6 18
49252 113 0 0 7 6 15
50059 44 1 0 7 6 26
50422 22 0 0 7 6 19
50525 20 0 0 7 6 20
52057 48 0 0 5 6 16
52967 166 1 0 5 6 16
53039 81 0 0 5 6 20
53490 78 0 0 8 6 23
53749 196 0 0 6 6 20
54646 66 1 0 5 6 22
56048 75 1 0 5 6 20
56272 96 1 0 5 6 17
57005 90 1 0 5 6 18
58795 83 0 0 5 6 22
60724 84 1 0 7 6 21
61154 59 0 0 3 6 18
61795 28 1 1 5 6 19
62678 195 1 0 7 6 13
62769 51 1 1 5 6 13
63020 61 1 0 5 6 20
63408 31 0 1 5 6 18
63413 73 1 1 5 6 18
64856 63 1 0 5 6 18
64943 106 0 0 3 6 23
65258 43 0 0 5 6 15
65570 20 1 0 5 6 17
65804 102 1 0 5 6 15
65921 47 0 0 5 6 22
66194 31 0 0 5 6 20
66947 9 0 0 5 6 15
67159 68 1 0 5 5 22
68330 87 1 0 5 6 15
68947 27 0 0 5 6 25
69510 33 0 1 5 6 17
71065 20 0 0 4 6 15
71986 93 0 0 5 6 22
71991 42 0 0 5 6 15
73887 61 0 0 5 6 20
76732 172 1 0 5 6 20
76830 79 0 1 5 6 22
78253 89 1 0 7 6 18
78383 76 1 0 5 6 19
79769 96 0 0 4 6 16
81439 25 0 0 5 6 18
83444 47 0 0 5 6 19
83561 6 1 1 7 5 45
83580 64 1 0 5 6 17
83869 42 1 0 8 6 17
84856 48 1 1 5 6 19
84857 59 1 0 5 6 16
84858 61 1 0 7 6 17
84859 31 1 0 8 6 18
84860 36 1 0 5 6 18
84861 14 1 0 2 6 11
84863 18 1 0 7 6 16
84865 16 1 0 5 6 9
84868 48 1 0 7 6 18
84870 6 1 0 5 6 18
84917 1 0 0 5 6 19
84921 24 1 1 3 6 16
84923 79 1 0 7 6 19
84924 1 1 1 5 6 11
84925 10 1 0 5 6 17
84926 101 1 0 7 6 17
84927 35 0 0 2 6 14
84929 12 0 0 1 6 18
84933 86 1 0 2 6 16
85019 5 0 0 7 6 23
85021 43 1 0 7 6 16
85027 13 1 0 5 5 17
85038 9 0 0 5 6 14
85040 66 1 1 5 6 21
85047 32 0 0 5 5 15
85048 35 1 0 9 6 17
85049 27 1 0 5 6 16
85050 15 0 0 4 6 19
85051 8 0 1 5 6 10
85119 10 0 1 5 6 16
85122 46 0 1 5 6 19
85125 13 1 0 5 6 14
85127 35 1 0 7 6 18
85356 36 1 0 5 6 19
85357 56 1 0 6 6 17
85358 67 1 0 5 6 15
85389 60 1 0 5 6 18
85394 77 1 0 5 6 23
85398 109 1 0 5 6 16
85399 6 0 0 4 6 20
85403 26 0 0 7 6 18
85406 112 0 0 7 6 19
85476 48 1 0 5 6 14
85477 34 1 0 7 6 16
85479 39 1 0 7 6 14
85480 31 0 0 7 6 17
85482 28 0 0 7 6 22
85488 61 1 0 7 6 21
85540 20 0 0 5 6 16
85545 24 1 0 6 6 27
85546 141 1 0 5 6 27
85552 15 0 0 4 6 20
85553 81 1 0 2 6 14
85554 6 0 0 5 5 16
85653 30 0 0 1 6 19
85657 7 0 0 7 6 19
85660 26 1 0 2 6 14
85661 105 1 0 9 6 29
85662 73 1 0 5 6 15
85664 48 0 0 4 6 16
85665 36 0 0 6 6 22
85667 82 1 0 5 6 24
85669 10 0 0 7 6 19
85670 8 1 0 1 6 20
85672 9 0 0 7 6 20
85744 10 1 0 6 6 17
85745 136 1 0 5 6 19
85751 48 0 0 1 6 26
85753 42 0 0 7 6 18
85755 11 0 0 4 6 20
85756 26 1 0 7 6 21
85758 14 1 0 5 6 16
85759 12 0 0 4 6 16
85760 30 1 0 2 5 21
85856 9 0 0 6 5 17
85857 16 1 0 2 6 12
85858 42 0 0 3 6 17
85866 55 1 0 2 6 18
85871 63 1 0 2 6 19
85874 38 0 0 5 6 17
85993 35 1 0 5 5 16
85994 143 1 0 5 6 16
86001 5 0 0 1 5 20
86004 11 0 0 5 6 21
86005 104 1 0 8 6 17
86007 59 1 0 6 5 16
86008 7 0 0 3 5 21
86594 37 1 0 7 6 14
86596 70 1 0 6 6 18
86598 101 1 0 5 6 19
86599 40 1 0 7 6 18
86602 76 1 0 7 6 18
86612 39 1 0 5 6 17
86613 5 0 0 5 5 16
86676 52 0 0 1 6 21
86678 47 0 0 6 6 18
86681 109 1 0 7 6 17
86686 50 1 0 3 6 19
86688 198 1 0 6 6 19
86689 50 1 0 2 6 20
86691 51 0 0 2 6 17
86744 11 0 1 3 6 31
86747 71 1 0 5 6 17
86748 43 0 0 4 6 17
86749 33 0 0 7 6 16
86752 95 1 0 7 6 17
86753 153 0 0 8 6 30
86755 16 0 0 7 6 15
86851 58 0 0 0 6 18
86856 34 0 0 9 6 18
86857 20 1 0 6 6 21
86858 14 0 0 5 6 17
86859 54 1 0 7 6 15
86860 124 0 0 6 6 17
86861 67 0 0 4 6 25
86862 83 1 0 7 5 16
86864 46 0 0 7 6 16
87035 17 0 0 4 6 18
87036 27 1 0 5 6 15
87037 1 1 0 2 5 22
87038 2 1 0 2 5 22
87039 21 1 0 4 6 22
87040 4 0 0 0 6 23
87041 31 1 0 7 5 24
87042 10 1 0 6 5 19
87043 17 0 0 4 6 19
87044 9 1 0 7 6 15
87121 23 0 0 4 6 21
87122 1 1 0 5 5 19
87123 7 1 0 5 6 16
87124 23 0 0 0 6 22
87125 6 1 0 2 5 20
87126 1 0 1 7 6 29
87127 13 0 0 0 6 23
87130 23 0 0 1 6 22
87132 18 0 0 1 6 18
87134 3 1 0 3 5 19
87301 7 1 1 2 6 16
87331 7 0 1 5 6 21
87332 77 1 0 9 6 17
87333 18 0 0 1 5 26
87334 5 1 0 4 5 17
87336 1 1 0 5 5 20
87337 102 1 0 4 5 17
87338 2 1 0 6 5 17
87339 13 1 0 7 5 16
87340 58 1 0 7 6 23
87341 9 1 0 7 5 29
87342 4 1 0 7 5 19
87345 2 1 0 7 6 18
87346 6 1 0 7 5 19
87435 15 0 0 4 6 15
87436 29 1 0 7 6 19
87437 2 1 0 5 6 23
87439 3 1 0 0 5 19
87440 23 1 0 8 6 20
87443 79 0 0 5 6 17
87444 18 1 0 4 5 20
87445 143 1 0 5 6 18
87446 33 1 0 8 6 20
87447 4 1 0 4 5 18
87448 4 0 0 1 6 19
87449 8 1 0 7 6 12
87521 270 1 0 5 6 19
87528 7 0 0 4 6 18
87529 6 0 0 1 6 19
87530 10 1 0 7 6 15
87531 1 0 0 5 6 21
87533 6 1 0 1 6 22
87534 23 1 0 2 6 16
87535 35 1 0 3 6 16
87537 16 0 0 2 6 17
87538 14 1 0 2 6 18
87540 22 0 0 4 6 19
87541 6 1 0 4 6 19
87591 20 1 0 9 6 19
87592 46 1 0 9 6 18
87593 1 1 0 7 5 16
87594 9 1 0 6 6 21
87595 1 1 0 2 5 21
87596 6 1 0 7 5 20
87598 14 0 0 6 6 21
87599 6 0 0 2 5 27
87602 19 0 0 7 6 16
87603 4 1 0 4 6 23
87604 4 0 0 1 5 19
87605 37 0 0 5 6 17
87684 15 1 0 8 6 18
87685 12 1 0 9 6 15
87686 23 1 0 7 6 17
87687 7 1 0 7 6 16
87688 173 1 0 4 6 18
87691 31 1 0 4 6 20
87693 6 1 0 5 6 21
87694 5 0 0 1 5 18
87695 3 0 0 4 6 26
87696 16 0 0 4 6 15
87838 67 1 0 3 6 14
87839 138 1 0 6 6 18
87840 4 1 0 7 6 21
87841 3 0 0 4 6 17
87842 6 1 0 1 5 23
87843 44 1 0 7 6 17
87845 80 1 0 2 6 22
87847 17 0 0 4 6 18
87848 89 1 0 2 6 25
87849 50 1 0 8 6 16
87850 122 1 1 4 6 42
87851 68 1 0 7 6 19
87852 7 1 0 2 6 19
87916 28 0 0 2 6 19
87921 48 0 0 8 6 21
87927 36 1 0 1 6 26
87929 90 1 0 5 6 20
87930 16 0 0 1 6 21
87931 30 1 0 1 6 19
87932 4 0 0 7 6 20
87933 13 0 0 5 5 18
87935 7 0 0 7 6 15
87937 175 1 0 8 6 16
87938 15 0 0 7 6 21
87939 4 0 0 5 6 17
87940 138 1 0 2 6 20
88112 14 1 0 5 6 17
88114 6 0 0 7 6 18
88117 27 1 0 2 5 18
88121 22 1 0 7 6 17
88122 63 1 0 5 6 20
88123 23 1 0 2 6 23
88127 13 1 0 7 6 18
88128 27 0 0 7 6 20
88130 128 0 0 8 6 20
88275 14 0 0 4 6 17
88278 31 1 0 7 6 16
88280 635 1 0 1 6 19
88281 36 1 0 4 6 19
88282 8 1 0 1 6 17
88283 106 1 0 1 6 29
88284 29 1 0 2 5 16
88285 79 1 0 4 5 22
88286 51 1 0 5 6 16
88287 14 0 0 7 6 18
88289 10 1 0 1 6 22
88290 89 1 0 4 6 19
88292 11 1 0 5 6 27
88424 19 0 0 4 6 20
88425 28 1 0 1 6 28
88426 39 0 0 4 6 17
88427 8 1 0 2 5 21
88429 23 0 0 1 5 20
88430 15 1 0 5 5 16
88431 69 1 0 1 6 20
88434 8 1 0 4 6 17
88436 16 1 0 4 6 21
88438 22 1 0 5 5 20
88439 21 1 0 4 6 19
88440 15 1 0 8 6 18
88556 7 0 0 4 6 18
88558 96 1 0 2 6 23
88560 35 1 0 7 6 17
88561 60 0 0 5 6 18
88562 7 0 1 7 6 26
88564 83 1 0 7 6 18
88566 62 0 0 0 6 23
88568 54 1 0 1 6 18
88570 253 1 0 7 6 22
88639 34 0 0 7 6 20
88814 45 0 0 5 6 18
88816 42 0 0 6 6 18
88817 27 0 0 2 6 15
88818 92 1 0 1 5 21
88820 43 1 0 5 5 18
88824 61 1 0 7 6 20
88827 83 0 0 7 6 20
88828 6 1 1 5 6 26
88830 14 0 0 5 6 17
88924 119 1 0 3 6 19
88928 142 1 0 6 6 17
88929 48 0 0 5 6 17
88930 96 0 0 7 6 20
88931 87 1 0 7 6 19
88932 24 1 0 5 6 15
88933 3 0 0 6 6 20
88934 21 0 0 0 6 27
88935 87 0 0 6 6 19
88936 41 1 0 7 6 20
88939 74 1 1 5 6 18
88941 24 0 1 5 6 16
89016 80 1 0 2 6 19
89017 41 1 1 5 6 23
89019 65 1 0 2 6 16
89024 96 1 0 7 6 16
89025 70 1 0 5 6 19
89028 30 0 0 5 6 20
89029 50 0 0 5 6 24
89031 118 0 0 7 6 17
89032 126 0 0 7 6 18
89113 114 1 0 7 6 19
89114 38 1 0 7 6 21
89117 38 1 0 8 6 19
89118 25 0 0 5 6 17
89119 59 0 0 7 6 18
89121 96 1 0 4 6 32
89122 64 0 0 7 6 17
89126 58 0 0 1 6 18
89203 53 1 0 5 6 18
89204 51 0 0 7 6 20
89206 39 0 0 7 6 18
89207 42 0 0 7 6 23
89208 99 1 0 1 6 18
89212 28 0 0 5 6 18
89213 51 1 0 5 6 20
89323 54 0 0 5 6 14
89327 34 0 0 5 6 19
89328 126 0 0 6 6 22
89329 118 1 0 7 6 18
89330 89 1 0 5 6 19
89332 79 1 0 5 6 19
89333 95 1 0 0 6 19
89334 39 0 0 5 6 19
89335 73 0 0 5 6 19
89390 8 0 1 5 6 25
89391 38 0 0 5 5 20
89392 27 0 0 5 6 20
89393 58 1 0 5 6 18
89396 68 0 0 3 6 21
89398 78 0 0 7 6 17
89401 52 1 0 2 6 22
89405 28 1 0 5 6 24
89407 48 1 0 7 6 24
89457 69 0 0 5 6 20
89458 18 1 0 5 6 21
89460 115 1 0 5 6 19
89461 16 0 1 1 6 26
89462 48 1 0 1 6 21
89465 47 1 0 5 6 23
89467 41 1 0 5 6 24
89468 92 1 0 5 6 19
89469 29 0 0 5 6 21
89504 24 0 0 1 6 26
89505 209 1 0 5 6 21
89506 61 1 0 5 6 21
89507 56 1 0 5 6 20
89508 41 1 0 5 6 19
89509 31 0 0 7 6 20
89510 67 0 0 7 6 18
89512 65 1 0 5 6 19
89513 34 0 0 7 6 19
89559 33 0 0 5 6 25
89598 86 1 0 8 6 18
89599 23 0 0 2 6 29
89603 13 0 0 4 6 18
89604 33 0 0 5 6 19
89606 127 1 0 5 6 18
89607 39 1 1 5 6 22
89608 38 1 1 7 5 23
89610 89 1 1 1 6 21
89612 44 1 0 5 6 18
89613 31 1 0 5 6 16
89925 41 0 0 5 6 18
89927 59 0 0 7 6 21
89930 38 0 0 4 6 19
89931 33 1 0 5 6 22
89932 27 0 0 5 6 21
89933 8 0 0 5 6 20
89936 207 1 0 5 6 18
89937 29 1 0 5 6 19
90008 38 0 0 7 6 22
90009 45 1 0 9 6 19
90010 176 1 0 7 6 20
90011 37 0 0 5 6 21
90012 23 1 1 5 6 21
90014 51 1 1 5 5 21
90015 65 1 0 4 6 18
90016 128 1 0 5 6 21
90018 66 1 0 5 6 16
90021 42 0 0 5 6 18
90022 98 1 0 5 6 15
90133 41 1 0 1 6 21
90135 10 0 1 7 6 24
90136 61 1 0 6 6 15
90139 41 0 0 5 6 18
90142 35 1 0 5 6 18
90149 67 1 0 4 6 20
90214 32 1 0 5 6 19
90215 35 0 0 7 6 16
90217 64 1 0 7 6 15
90221 68 0 0 3 6 16
90222 115 1 0 8 6 16
90223 7 0 0 5 6 19
90224 43 1 0 5 6 20
90335 36 1 0 7 6 18
90339 79 1 0 7 6 19
90340 29 0 0 5 6 19
90345 20 0 0 7 6 20
90346 33 0 0 5 6 16
90352 149 1 0 8 6 16
90396 10 1 1 1 6 28
90397 85 1 0 5 6 16
90398 44 1 0 6 6 27
90399 99 1 0 7 6 13
90400 19 0 0 5 6 20
90401 52 1 1 5 6 21
90403 32 1 0 5 6 17
90405 36 1 0 5 6 17
90406 9 1 0 1 6 18
90410 40 1 0 0 6 16
90477 56 1 0 1 6 17
90478 87 1 0 7 6 17
90483 31 0 0 5 6 16
90484 32 0 0 5 6 17
90485 45 0 0 7 6 20
90486 16 1 0 4 6 14
90487 126 1 0 1 6 21
90488 31 1 0 1 6 15
90582 38 1 0 5 6 21
90583 18 0 1 5 6 18
90584 223 0 0 4 6 17
90588 29 0 0 5 6 18
90589 52 1 0 7 6 19
90590 47 1 0 5 6 22
90677 102 0 0 7 6 20
90679 26 0 1 5 6 25
90682 233 1 0 7 6 18
90683 68 1 0 3 6 17
90688 29 1 0 7 6 27
90691 66 1 0 3 6 17
90692 142 1 0 1 6 17
90693 27 0 0 7 6 15
90704 123 1 0 8 6 18
90705 61 0 0 7 6 18
90707 86 1 0 5 6 18
90709 23 0 0 5 6 18
90720 81 1 0 5 5 22
90816 105 0 0 7 5 17
90819 30 0 0 7 6 18
90822 52 0 0 2 6 17
90825 33 0 0 5 6 22
90830 139 0 0 6 6 20
90832 28 1 0 5 6 16
90839 106 1 0 1 6 13
90840 30 1 0 5 6 16
90841 122 1 0 8 6 24
90842 95 1 1 5 6 17
90877 174 1 0 7 6 20
90878 56 0 0 7 6 20
90879 70 0 0 3 6 20
90882 75 0 0 5 6 20
90885 32 0 0 7 6 18
90886 98 1 0 5 6 17
90888 117 0 0 6 6 16
90951 26 1 0 5 6 15
90952 39 1 0 5 6 16
90953 54 1 0 7 6 15
90954 50 1 0 5 6 19
90956 107 1 0 7 6 22
90957 40 1 0 7 6 19
90958 49 0 0 7 6 19
90959 42 0 0 5 6 17
90961 158 1 0 5 6 17
90964 96 0 0 0 6 20
90991 19 0 0 5 6 19
90993 34 1 0 5 6 19
