146963
19
420
146963 453 1 0 4 6 15
7104 40 1 0 4 6 14
10471 49 0 0 0 6 21
16890 565 1 1 8 6 22
20478 41 1 0 4 6 17
22924 77 1 0 0 5 18
29151 44 0 0 4 6 16
30576 23 1 0 4 5 14
31339 38 1 0 8 6 16
32388 16 0 0 7 5 19
40651 32 0 1 4 6 19
42737 57 1 0 4 6 20
43458 10 0 0 4 6 18
43771 11 0 0 1 6 16
45087 15 0 0 5 6 19
48140 136 0 0 5 6 20
48176 61 1 0 4 6 17
50340 215 1 0 7 6 17
50628 224 1 0 7 6 17
60440 37 0 0 4 6 18
62768 379 1 0 6 6 18
67131 29 0 0 4 5 20
68596 508 1 0 4 6 21
75954 20 1 1 8 6 19
85050 15 0 0 4 6 19
85552 15 0 0 4 6 20
85669 10 0 0 7 6 19
87043 17 0 0 4 6 19
87573 156 1 0 4 6 19
87696 16 0 0 4 6 15
88284 29 1 0 2 5 16
88290 89 1 0 4 6 19
88427 8 1 0 2 5 21
88429 23 0 0 1 5 20
88959 29 0 0 4 6 26
90964 96 0 0 0 6 20
91389 124 0 0 9 6 19
91712 99 1 0 6 6 17
93063 38 1 0 2 6 19
95337 86 1 0 4 6 17
97371 98 1 0 2 6 18
97625 157 1 0 2 6 18
99315 445 1 1 7 6 16
105049 26 1 1 0 6 15
106922 32 1 0 0 6 17
107186 129 1 0 4 6 16
108348 67 1 0 4 6 17
108978 130 1 0 6 6 19
113066 56 1 0 3 6 23
113089 31 0 0 4 6 20
113193 18 1 0 0 6 16
121048 66 1 0 6 6 20
122256 97 1 0 2 5 21
125703 51 0 0 4 6 19
129435 53 0 0 4 5 18
132773 104 1 0 2 6 16
141076 230 1 1 7 6 12
141086 312 1 0 9 6 19
146959 763 1 0 7 6 20
147066 51 1 1 4 5 18
147121 20 0 1 4 6 17
147131 105 1 1 4 6 18
147404 30 1 0 4 6 16
147565 23 0 0 4 6 16
147933 142 1 1 4 5 19
148423 37 1 1 4 5 18
148526 85 1 1 4 5 18
148675 40 1 0 6 6 18
148785 6 0 0 4 6 19
148788 43 1 1 4 5 18
148795 4 0 0 4 5 17
149058 48 1 0 2 5 18
149206 36 0 0 7 6 20
149211 51 1 1 4 5 18
149222 13 1 0 5 5 18
149223 49 1 0 4 6 24
151837 108 1 0 4 6 25
154529 18 0 0 1 5 22
156606 67 1 0 5 6 17
157855 119 1 0 3 6 15
157862 42 1 0 8 6 17
157913 7 1 0 7 6 14
157970 12 1 0 4 6 19
157973 46 1 0 4 5 15
157974 6 0 0 4 5 18
158008 43 1 0 4 6 16
158009 87 1 0 2 6 18
158010 34 0 0 7 6 16
158011 19 0 0 4 5 18
158012 37 1 0 4 6 17
158013 44 1 0 8 5 17
158014 15 0 0 4 5 19
158015 13 1 1 7 6 21
158016 14 0 0 0 6 15
158018 23 1 0 6 5 18
158019 22 0 0 4 5 27
159752 20 1 0 2 5 14
159965 9 1 0 4 5 17
159988 106 1 0 8 6 19
163331 298 1 0 8 6 15
163447 564 1 0 2 6 18
163523 22 0 0 4 6 17
165300 17 0 0 8 6 18
172758 496 1 0 8 6 20
173094 48 1 0 6 6 19
173095 22 1 0 6 5 21
178796 86 0 0 6 6 18
182103 22 1 1 6 5 17
199735 41 1 0 4 5 18
199837 29 1 0 4 6 16
205248 27 0 0 4 6 18
208517 8 1 0 2 6 17
211049 13 0 0 6 6 18
211519 59 1 0 2 6 20
214114 23 1 0 1 5 19
214727 55 1 0 4 6 21
221081 43 1 0 4 6 18
222443 200 1 0 9 6 18
226071 43 0 0 7 6 18
232028 22 0 0 5 6 18
243058 39 1 0 4 5 20
246766 16 1 0 2 5 19
249394 24 1 0 4 6 17
254381 14 1 0 4 6 17
254482 26 0 0 4 6 20
256123 72 0 0 2 6 17
256192 81 0 0 8 6 21
256732 7 0 0 2 6 16
257703 13 0 0 4 6 18
259995 27 0 0 9 6 18
262776 34 0 0 6 6 22
272423 15 1 0 4 6 23
275359 43 1 0 9 6 16
275640 30 0 0 4 5 19
275715 19 0 0 2 5 21
275863 42 1 0 6 6 23
275993 148 1 0 1 6 25
276275 20 1 0 2 5 20
276367 200 1 0 8 6 19
277217 8 0 0 1 6 22
277273 12 0 0 4 6 21
277416 17 0 0 4 5 19
277419 28 0 0 3 6 20
277462 104 1 0 4 6 22
277463 59 1 0 4 5 21
278445 15 0 0 4 5 17
278811 30 0 0 1 6 20
280590 37 1 0 9 6 18
283186 8 0 0 0 6 17
283921 28 0 0 9 6 18
284124 26 1 0 8 5 17
284889 4 0 0 4 5 16
286386 6 0 0 1 6 17
287147 38 1 0 7 6 19
287149 76 1 0 7 6 18
288817 10 0 0 4 6 16
289668 28 0 0 6 6 13
290235 26 0 0 4 6 22
290701 51 1 0 4 5 19
290861 26 1 0 4 6 15
292637 32 1 0 2 6 19
295998 7 0 0 4 6 14
296272 15 1 0 4 5 19
296403 23 0 0 4 6 19
296404 25 1 0 5 6 18
298696 31 0 0 4 5 18
311217 47 0 1 5 6 15
311599 9 1 1 8 5 16
313457 17 0 0 2 6 17
314437 70 1 0 4 5 18
315127 85 0 0 4 6 17
315874 27 1 0 8 5 15
317142 14 1 0 6 6 20
318220 24 1 0 4 6 16
323502 74 1 0 4 6 19
325177 29 1 0 9 6 20
330832 9 0 0 7 5 18
331071 30 1 0 6 6 19
331347 29 1 0 2 6 20
331352 8 0 0 4 5 20
331431 30 1 0 3 5 19
331469 128 1 0 3 6 20
331470 8 1 0 6 5 19
331541 12 1 0 5 5 19
331543 37 1 0 1 6 20
331546 31 1 0 9 6 15
331691 7 1 0 1 6 21
331987 27 1 0 2 5 21
342287 25 0 0 6 6 19
342314 70 0 0 4 6 17
342676 12 0 0 7 6 21
345857 29 0 0 2 6 19
348775 67 1 1 4 5 29
350038 30 1 0 9 6 21
350372 51 1 0 7 5 20
350565 25 1 0 6 5 19
350620 85 1 0 2 6 21
351323 221 1 0 0 6 11
352364 53 0 0 1 6 21
353141 25 1 0 9 5 17
353234 44 0 0 7 6 20
353240 33 1 0 1 6 21
354008 48 1 0 1 6 21
355285 23 1 0 4 5 17
355410 28 1 0 9 5 18
355465 25 0 0 4 6 18
355476 59 1 0 3 6 16
357340 35 0 1 3 6 16
359765 39 1 0 5 6 13
360146 6 0 0 9 6 18
360787 15 0 0 9 6 18
364496 16 0 0 4 6 20
365874 89 1 0 6 6 21
367011 46 0 0 8 6 18
367613 46 1 0 2 6 18
367659 19 0 0 9 5 18
367660 12 1 0 4 5 18
367688 26 1 0 1 6 26
367733 38 1 0 9 5 15
367734 8 0 0 4 5 18
367776 15 0 0 9 6 22
367802 3 0 0 4 5 16
367811 18 0 0 9 5 20
367918 14 0 0 4 5 21
368697 66 1 0 6 6 21
369498 25 0 0 6 5 18
380469 7 1 0 4 5 16
383071 52 0 1 4 6 18
384575 15 0 0 8 5 18
384576 35 1 0 2 5 22
384579 15 1 1 4 6 15
384733 12 0 0 5 6 21
384735 38 0 0 5 6 21
384755 34 0 0 4 6 21
384758 23 0 0 4 6 15
384803 3 0 0 6 6 20
384809 8 0 0 4 6 18
384810 20 0 0 7 6 16
384834 26 1 0 9 5 19
384835 6 0 0 9 6 19
384867 20 1 0 2 5 19
384872 14 0 0 4 5 20
384886 26 1 0 6 6 16
384888 13 1 0 8 5 25
384958 13 0 0 4 6 20
384960 9 1 0 2 5 19
384962 7 1 0 2 5 16
384967 24 0 0 4 6 17
384968 6 1 0 4 5 19
384995 7 0 0 2 6 17
385010 11 0 0 5 5 18
385012 14 0 0 1 6 19
385013 20 0 0 1 5 17
385015 2 1 0 9 5 20
385022 11 1 0 9 5 18
385068 18 0 0 4 5 19
385071 16 0 0 9 6 19
385091 16 1 0 5 5 20
385099 7 0 0 2 5 19
385103 9 1 0 9 5 20
385104 20 1 0 4 5 18
385138 8 1 0 2 6 21
385777 13 1 0 8 5 21
385781 18 0 0 2 5 15
385785 14 0 0 4 6 16
385828 12 0 0 1 6 21
385830 9 1 0 4 5 16
385831 33 1 0 2 5 22
385836 12 1 0 9 5 20
385938 15 0 0 1 5 17
385946 9 1 0 3 5 18
385950 15 1 0 9 5 18
385955 12 0 0 9 6 19
386113 17 0 0 7 5 16
386121 3 1 0 9 5 18
386163 28 1 0 2 5 15
386214 36 0 0 9 6 18
386217 2 1 0 1 5 19
386263 11 0 0 9 5 17
386266 1 1 0 2 5 18
386273 5 0 0 4 5 18
386274 12 1 0 4 5 18
386394 2 0 0 5 5 18
386409 19 0 0 6 6 19
386411 26 1 0 1 5 19
386420 10 1 0 2 5 20
386540 4 0 0 9 6 19
386544 27 1 0 4 6 18
386870 22 0 0 4 5 26
386871 11 0 0 4 6 19
386921 11 1 0 9 6 20
386991 2 0 0 8 6 20
386994 9 0 0 0 5 21
386999 23 0 0 4 6 24
387074 8 0 0 2 6 19
387076 28 1 0 7 6 19
387078 12 1 0 0 6 19
387083 18 0 0 4 5 17
387084 4 0 0 1 5 18
387146 28 0 0 8 6 17
387156 15 0 0 4 5 18
387160 38 0 0 6 6 19
387201 56 0 0 4 6 21
387203 8 1 0 3 5 18
387205 16 1 0 7 5 21
387206 13 0 0 2 6 18
387222 10 1 0 1 5 30
387223 22 1 0 6 6 16
387225 14 0 0 1 5 15
387228 4 0 0 4 6 18
387282 11 1 0 1 5 17
387285 14 1 0 7 5 20
387286 47 1 0 2 5 18
387288 16 1 0 9 6 19
387289 12 0 0 4 5 16
387290 24 1 0 1 5 19
387317 14 0 0 9 5 18
387322 12 0 0 4 6 18
387323 6 0 0 4 5 17
387331 24 0 0 0 6 20
387364 44 1 0 2 5 19
387386 14 0 0 2 6 19
387412 9 0 0 6 5 20
387418 44 1 0 2 6 16
387420 16 1 0 5 6 17
387450 28 0 0 9 6 17
389081 61 1 0 1 6 16
390501 125 1 1 7 6 18
400042 10 1 0 1 6 17
400130 13 1 0 4 6 20
401878 25 1 1 6 6 16
424373 8 0 0 4 5 17
424375 27 0 0 4 6 19
430140 56 1 1 5 6 15
435429 45 1 1 9 6 18
439830 14 1 1 8 5 17
447513 46 1 0 1 5 16
454735 9 0 0 1 5 17
455525 31 1 0 8 6 18
456639 39 1 0 6 6 18
457309 4 0 0 4 5 16
458643 24 1 0 4 6 17
469484 22 0 0 0 6 17
470110 15 1 0 4 5 17
478303 18 0 0 4 6 19
478680 15 1 1 1 5 16
478883 27 0 0 4 6 17
488234 11 1 0 2 5 18
489039 27 1 0 2 6 18
494457 9 0 0 2 6 18
494714 3 1 0 6 5 17
501324 117 1 0 2 6 18
503312 10 0 1 3 6 16
509034 18 0 0 1 6 17
517542 14 0 0 4 5 19
523444 144 1 0 4 6 19
523624 23 1 1 7 6 17
523859 2 0 0 2 5 19
524696 9 1 1 1 5 19
525126 17 1 0 0 6 20
527110 9 0 0 4 5 18
530825 7 0 0 1 6 19
532991 10 0 0 8 6 15
533703 29 1 0 7 5 16
539914 17 1 0 4 6 14
540948 13 0 0 2 5 19
542917 29 0 0 4 5 21
543305 27 1 0 2 6 17
559819 5 1 0 2 5 13
559824 10 1 0 2 5 18
559841 7 0 0 4 6 17
561427 34 0 1 6 6 14
562229 2 0 0 4 5 19
562334 9 0 0 4 5 18
562858 8 0 0 4 5 19
585822 57 1 0 1 5 18
592233 15 0 0 8 6 16
603011 6 0 0 7 6 18
603018 11 0 1 7 6 18
639131 21 0 1 8 6 14
677113 17 1 0 7 5 15
680207 40 1 0 6 6 16
682635 6 0 0 0 6 16
688402 36 1 0 4 6 16
689715 15 1 0 4 5 16
694887 24 1 0 0 6 16
694937 18 0 0 6 5 17
694939 6 1 0 7 6 19
694940 21 0 0 9 6 20
696635 7 0 0 4 5 17
696636 8 0 0 2 6 21
696734 11 0 0 1 6 16
724546 52 1 0 1 6 17
725374 9 0 0 6 5 16
738794 114 1 1 8 6 15
750773 42 1 0 8 5 17
751707 40 1 0 4 5 17
752979 15 1 0 2 5 20
758084 13 0 0 1 6 22
760675 20 0 0 4 6 18
766927 24 1 0 7 5 25
776845 15 1 0 4 5 18
781014 10 0 0 4 5 17
781947 27 1 0 2 6 18
782374 6 1 0 4 5 19
783033 9 1 0 9 5 18
783053 21 0 0 4 5 17
783156 3 0 0 5 6 17
783168 14 1 0 4 5 18
783171 9 1 1 4 5 18
783680 3 1 0 4 5 17
783681 18 1 0 4 5 18
797697 52 1 0 5 6 19
800792 24 1 0 2 6 17
817712 9 1 0 1 5 19
820001 17 0 0 4 6 17
820977 12 0 0 4 5 17
845279 5 1 0 7 5 17
876597 13 1 0 4 5 19
889925 10 0 0 4 5 18
893446 18 1 0 8 5 20
898000 22 1 0 1 6 22
954433 5 1 0 1 5 18
954471 9 1 0 8 6 22
974194 9 1 0 9 6 18
974340 3 0 0 4 5 20
977221 3 1 1 4 5 17
984023 6 1 0 4 5 21
985394 6 0 0 2 5 24
986354 14 1 0 0 5 18
986537 6 0 0 6 6 19
986891 3 0 0 4 6 18
986994 5 0 0 8 6 20
987036 1 0 0 3 6 16
987200 10 1 0 9 6 15
987205 2 1 0 4 5 17
987442 6 0 0 5 5 21
987489 3 0 0 6 6 18
987547 5 1 0 1 5 17
987590 2 0 0 4 5 17
987858 3 1 0 4 5 17
987899 3 0 0 2 5 19
987931 4 0 1 4 6 15
988065 3 0 0 9 5 18
988066 6 1 0 8 5 16
988077 2 1 0 4 5 15
988102 34 1 0 4 5 19
988103 3 0 0 4 5 19
988274 2 0 1 4 5 17
988312 1 0 0 7 5 18
988331 1 0 0 6 5 23
988504 15 1 0 6 6 18
1082729 30 1 1 2 6 19
1267415 6 1 1 4 5 18
