78818
19
2130
78818 757 1 0 2 6 23
2182 41 0 1 0 6 26
2594 38 0 1 0 6 23
2708 18 0 1 1 6 33
5668 23 0 1 0 6 25
6059 28 0 1 5 6 27
12069 21 0 1 2 6 39
12153 12 0 0 2 6 37
15038 159 1 1 8 6 25
15063 27 0 1 2 6 26
15221 9 0 1 6 6 36
19829 29 0 1 1 6 30
20248 105 1 1 0 6 24
22267 11 0 1 0 6 42
23233 42 1 1 0 6 23
24883 80 0 1 8 6 27
25473 32 0 1 4 6 22
26105 9 0 1 0 6 38
26365 428 0 1 4 6 20
31986 37 0 1 7 6 23
32689 18 0 1 9 6 23
35892 61 1 1 5 6 22
36575 91 1 1 8 6 30
37615 2 1 1 2 6 29
40855 51 1 0 0 6 21
43187 72 1 1 1 6 25
44070 25 1 1 0 5 42
50100 37 1 0 0 6 20
53060 72 0 0 5 6 27
53829 72 1 1 1 6 28
55909 49 0 1 3 6 33
56209 64 0 1 3 6 22
58426 63 0 1 3 6 23
59239 61 1 0 2 6 23
64132 164 1 1 2 6 23
64280 30 1 1 1 6 23
65562 76 1 1 0 6 18
68239 2 0 1 2 6 38
69486 64 0 1 1 6 52
71104 36 0 1 1 6 29
71134 15 0 1 1 6 30
71640 52 1 1 0 5 25
74102 17 0 1 5 6 25
76093 24 1 0 1 6 20
77919 154 1 1 6 6 22
78959 45 1 1 2 6 20
79051 7 0 1 0 6 34
83647 38 0 1 2 6 23
91783 114 1 1 6 6 24
91828 56 0 1 1 6 24
91976 469 1 0 2 6 20
94945 15 0 1 8 6 52
95795 49 1 0 7 6 22
96373 330 1 0 2 6 20
97174 16 0 1 2 6 37
97944 72 0 1 3 6 33
98232 111 1 1 8 6 23
100400 41 1 1 2 6 25
102689 58 1 1 5 6 28
102752 13 0 1 2 6 41
103001 19 0 0 4 6 32
103880 20 0 1 8 6 37
104213 211 1 1 3 6 21
105416 48 0 1 4 6 22
109102 47 0 1 8 6 26
111076 230 1 1 2 6 23
112618 29 1 1 7 6 43
112624 60 1 1 2 6 25
112896 7 0 1 2 6 43
113766 10 0 1 0 6 43
116322 22 0 1 2 6 24
122895 60 0 1 2 6 34
133438 128 1 0 2 6 23
134455 118 0 1 7 6 20
134899 122 1 1 6 6 24
134936 91 1 1 6 6 24
136322 62 0 1 6 6 26
138639 45 0 1 3 6 17
138687 86 1 1 2 6 22
139762 47 0 1 6 6 23
144965 49 1 1 7 6 25
148343 29 1 1 2 6 25
150745 15 1 0 2 5 25
152015 14 0 1 3 6 37
152111 8 0 1 2 6 36
153905 59 1 1 2 6 25
154212 59 0 0 6 6 21
154981 94 1 0 6 6 21
155812 28 0 1 9 6 21
157989 25 0 1 4 6 28
158450 121 0 1 2 6 32
160395 26 0 0 2 6 21
161844 39 0 0 0 6 23
163059 71 0 1 2 6 26
164794 14 0 1 2 6 25
165709 49 1 1 6 6 24
167187 13 0 1 2 6 37
170078 99 1 1 7 6 21
171014 182 1 1 7 6 26
172035 20 0 1 2 6 32
174325 33 0 1 3 6 24
175232 23 0 1 1 6 41
176366 26 0 1 2 6 34
178250 92 0 1 2 6 23
180950 369 0 1 5 6 37
183676 69 0 1 7 6 22
185879 32 0 1 2 6 27
190032 88 0 1 6 6 29
192960 3 0 1 3 6 49
195896 48 1 1 7 6 20
199033 147 1 1 2 6 32
200213 45 0 1 2 6 22
200930 49 1 1 5 6 23
202009 43 1 1 9 6 25
204803 38 1 1 6 6 30
204941 9 0 1 6 6 47
205223 14 0 0 2 6 33
208736 9 0 1 2 6 32
212687 194 1 1 2 6 20
214720 64 1 1 2 6 24
217983 17 0 1 0 6 38
220630 16 0 1 2 6 35
224186 30 0 1 1 6 26
234369 14 0 1 0 5 32
235454 40 1 1 0 6 28
237228 63 0 0 4 6 29
238236 17 1 1 3 6 41
238432 46 1 0 6 6 21
238822 18 0 1 2 6 28
240045 50 0 1 2 6 30
242105 14 1 1 5 5 24
243276 16 0 1 1 6 27
243795 25 0 1 5 6 25
248267 68 0 1 7 6 23
255667 94 1 1 2 6 31
255924 22 0 1 2 6 31
257831 43 1 0 2 5 12
257987 112 1 0 2 5 21
257988 89 1 0 2 6 17
258077 41 0 0 2 6 16
258290 63 0 0 2 6 26
258296 98 1 0 2 6 21
258551 14 1 1 2 6 23
258625 13 1 1 2 6 23
258869 25 1 1 1 6 26
260779 77 1 1 2 6 28
261054 45 0 1 2 6 27
261195 7 0 1 2 6 48
262760 143 1 1 2 6 26
263047 59 1 1 6 6 21
263153 43 1 1 3 6 25
263479 20 0 1 2 6 30
263480 54 0 1 2 6 22
263482 34 1 1 2 6 23
263890 82 1 1 2 6 24
266962 69 0 0 4 6 23
267329 50 0 0 2 6 25
268202 33 1 0 2 6 25
271691 25 0 1 5 6 21
275059 27 1 1 2 6 26
279723 4 1 1 3 6 37
280015 39 0 1 2 6 22
282496 16 1 1 3 6 39
285791 4 0 1 0 6 56
288561 74 0 1 3 6 41
290026 93 1 1 5 6 21
295318 39 0 1 3 6 26
298086 12 1 0 2 6 29
302128 79 1 1 2 6 20
305821 103 1 0 5 6 23
307481 13 1 1 0 6 32
309887 90 1 1 7 5 21
310115 29 0 1 0 6 32
317780 61 1 1 5 6 21
326656 75 1 1 2 6 23
329011 14 0 0 2 6 29
331847 10 0 0 5 5 21
332044 15 0 1 5 6 21
332298 18 0 1 6 6 28
337783 11 0 1 3 6 35
338331 6 0 1 2 6 31
340019 126 1 1 7 6 24
340586 9 0 1 2 6 42
340860 17 0 1 7 5 25
346153 84 1 1 0 6 24
351094 4 0 1 2 6 42
353501 31 0 1 3 6 32
358601 44 1 1 1 6 27
362800 18 1 1 0 6 41
362813 29 0 1 6 6 25
363056 19 0 1 2 6 22
366268 76 0 1 6 6 25
374063 11 0 1 6 6 28
376702 81 1 1 6 6 39
378069 57 1 1 6 6 21
380503 25 0 1 3 6 33
381169 9 1 1 2 6 41
383656 19 0 1 2 6 28
383819 51 1 0 3 5 22
390370 34 0 1 1 6 25
391434 30 0 1 8 6 27
391651 8 0 1 2 6 26
392313 10 0 1 7 6 42
394284 27 0 1 2 6 38
404934 24 1 1 2 6 35
407338 65 0 1 2 6 21
411631 171 1 1 6 6 32
413002 23 0 1 3 6 29
414376 18 0 1 7 6 38
421004 59 1 1 7 6 21
425960 9 0 1 8 6 43
428641 10 1 1 6 6 40
430728 56 0 0 3 6 21
432274 19 0 1 2 6 35
432417 274 1 1 2 6 22
434962 30 1 1 1 6 22
436762 35 0 1 3 6 33
440498 24 0 1 7 6 27
448584 30 0 1 2 6 24
453332 43 1 0 5 6 20
454596 18 1 1 3 6 36
456521 145 1 1 5 6 23
456994 189 1 1 6 6 22
461272 49 0 0 8 6 23
464235 45 0 0 8 6 24
466396 2 0 1 1 4 38
466782 17 0 1 2 6 36
468264 17 1 1 2 6 34
470819 83 1 1 7 6 26
471995 14 0 1 4 6 34
472051 6 0 1 2 6 43
477185 21 0 1 0 6 34
477362 50 1 1 1 6 30
480838 21 1 1 5 6 41
484351 45 1 1 7 6 25
491694 26 1 1 9 6 42
493682 35 1 0 2 5 28
497490 14 0 1 1 6 35
500245 20 0 1 7 6 26
500801 16 0 1 0 6 23
501538 28 1 1 3 6 41
508607 73 0 1 5 6 42
509128 17 0 1 1 6 32
510267 31 0 1 1 6 32
517005 9 0 1 4 6 50
520686 13 0 1 4 6 28
520820 13 0 1 7 6 32
522307 12 0 1 1 6 39
525088 5 0 1 2 6 35
525316 18 1 1 8 6 33
530121 31 1 1 6 6 34
531165 13 0 1 2 6 33
532343 57 1 1 4 6 27
534910 16 0 1 0 6 34
535660 71 1 1 2 6 25
537597 10 1 1 2 6 26
539025 46 1 1 6 6 24
539916 126 1 1 2 6 19
545157 27 1 1 2 6 32
546469 79 0 1 8 6 39
552323 13 0 1 2 6 43
554425 34 0 0 8 6 23
558529 94 1 1 2 6 33
559363 41 0 1 6 6 22
559749 45 1 1 4 6 30
559977 7 1 1 7 6 38
562923 11 0 1 3 6 42
564836 24 0 0 2 6 23
567107 29 0 1 2 6 40
571484 35 1 1 2 6 22
572079 8 0 1 7 6 35
574047 27 1 1 3 6 30
575571 38 0 1 1 6 26
580062 22 0 1 6 6 41
580107 46 0 1 6 6 25
584921 13 0 0 1 6 49
586398 17 0 1 2 6 34
587330 23 1 1 4 6 50
587791 5 0 1 3 6 33
591240 37 1 1 7 6 32
598201 42 1 1 2 6 31
598514 22 1 1 5 6 53
599364 83 1 1 2 6 24
600282 33 0 0 6 6 23
600408 24 0 1 6 6 40
603255 16 1 1 3 6 40
604939 43 1 1 6 6 23
606895 19 0 0 0 6 27
608135 52 1 1 1 6 29
608361 16 0 1 3 6 38
608607 8 0 1 5 6 46
609467 49 1 1 5 6 28
609804 26 0 1 2 6 27
610355 15 0 1 6 6 29
611413 68 1 1 2 6 23
613698 38 1 1 6 6 22
613730 39 1 1 4 6 21
622928 9 0 1 4 6 41
623075 9 1 1 6 6 27
623521 5 1 1 1 6 54
624388 13 0 1 3 6 28
626267 17 0 1 8 6 43
628020 38 1 1 4 6 29
629247 40 0 1 5 5 23
632291 5 0 1 1 6 42
633661 11 0 1 1 6 37
635816 12 1 1 7 5 31
642808 7 0 1 2 6 48
642988 40 0 1 4 6 25
649292 13 0 0 5 6 22
650541 28 1 1 7 6 33
652843 3 0 1 2 6 35
654748 12 0 1 0 6 46
656427 15 0 1 9 6 27
658333 18 1 1 7 6 38
662788 7 0 1 2 6 35
664355 24 1 1 2 6 36
665189 11 0 1 5 6 34
665807 5 0 1 1 6 29
666463 61 0 1 7 6 21
669530 79 1 1 7 6 25
670303 17 1 1 2 6 27
671116 34 0 1 2 6 40
672897 11 1 1 4 6 40
673931 21 0 1 6 6 41
676190 69 1 0 2 5 18
676904 6 0 1 6 6 35
680881 46 1 1 5 6 39
681283 14 0 1 6 6 32
681747 19 0 1 7 6 44
682511 19 1 1 3 6 44
687357 14 1 1 2 6 41
692375 33 1 1 2 6 28
697011 11 0 1 2 6 45
698301 47 1 1 6 6 25
702885 61 1 1 6 6 25
704553 24 0 1 7 6 20
707289 13 0 1 2 6 28
710841 60 1 1 8 6 32
712393 132 1 1 2 6 21
712721 10 0 1 7 6 32
713539 30 0 1 2 6 36
718783 23 1 1 2 6 24
719913 30 1 0 2 5 24
721311 16 1 1 2 6 15
722556 39 1 0 2 6 38
724565 32 1 1 1 6 37
728220 15 1 1 2 6 33
728845 19 0 1 6 6 61
732678 9 1 1 5 6 43
732898 5 1 1 8 6 54
743072 48 1 1 2 6 45
743145 12 1 1 4 6 35
744249 7 0 1 5 6 36
747711 35 0 1 6 6 29
755915 6 0 1 2 6 43
757894 12 1 1 3 6 43
760182 10 0 1 2 5 27
761386 4 0 1 3 6 52
763919 47 1 1 1 6 25
772697 25 1 1 2 6 28
773765 10 0 1 2 6 44
773773 6 0 1 1 6 37
777676 7 0 1 5 6 38
778837 12 1 1 8 6 33
779079 6 0 1 1 6 51
779372 26 1 1 8 6 33
779444 5 1 1 2 6 40
779722 11 1 1 1 6 41
779881 10 0 1 4 6 55
780183 13 0 1 7 6 41
780274 8 0 1 5 6 54
780401 12 1 1 3 6 45
780402 61 1 1 2 6 38
780416 14 0 0 2 6 29
780417 45 1 1 5 6 25
780419 33 1 1 2 6 18
780420 15 1 1 3 5 52
780433 6 1 1 4 6 53
780435 37 1 1 2 6 34
780436 22 1 1 7 6 34
780437 22 0 1 6 6 31
780442 42 1 1 4 6 46
780474 7 0 1 7 6 38
780495 9 0 1 3 6 50
780499 21 1 1 1 6 35
780500 17 1 1 9 6 34
780501 5 1 1 8 6 35
780502 23 1 1 9 6 24
780503 9 0 0 0 6 51
780504 20 1 1 7 6 33
780505 15 0 1 6 6 46
780527 10 0 1 6 6 48
780528 14 0 1 3 6 39
780529 21 1 1 4 6 42
780530 4 0 1 7 6 55
780531 5 0 1 7 6 50
780532 9 1 1 0 6 52
780534 3 1 1 4 6 42
780583 3 0 1 4 6 48
780584 6 0 1 1 6 45
780585 12 0 1 3 6 40
780587 16 0 1 3 6 46
780588 17 0 1 3 6 52
780601 2 0 1 2 6 51
780602 17 1 1 5 5 23
780603 2 0 1 6 6 48
780604 6 0 1 2 6 44
780605 12 1 1 1 6 36
780606 5 1 1 6 6 41
780607 8 1 1 8 6 34
780608 30 1 1 7 6 35
780609 20 1 1 1 6 52
780610 5 0 1 3 6 38
780631 8 0 1 2 6 39
780632 17 1 1 7 6 38
780633 7 1 1 8 6 53
780634 2 0 1 3 6 37
780635 6 0 1 6 6 34
780636 7 1 1 2 6 35
780637 13 1 1 2 6 33
780638 8 0 1 7 6 42
780639 6 0 1 2 6 39
780664 14 0 1 1 6 39
780665 25 1 1 3 6 39
780666 12 0 1 2 6 43
780667 7 0 0 7 6 42
780668 12 0 1 2 6 42
780669 11 1 1 6 6 45
780670 28 1 1 7 6 22
780671 15 0 1 7 6 38
780672 9 0 1 6 6 42
780680 15 1 1 6 6 40
780681 3 0 1 7 6 35
780682 33 1 1 5 6 34
780683 3 0 1 6 6 37
780684 13 1 1 5 6 43
780685 3 0 1 2 6 52
780686 5 0 1 8 6 53
780741 1 0 1 8 6 47
780793 23 1 1 0 6 34
780794 6 0 1 2 6 36
780795 5 0 1 8 6 40
780796 19 0 1 2 6 31
780797 2 0 1 8 6 39
780798 4 0 1 6 6 48
780799 6 0 1 2 6 39
780817 26 1 1 7 6 24
780818 13 1 1 8 5 34
780819 12 1 1 3 6 36
780837 18 1 0 0 6 33
780838 3 0 1 9 6 37
780839 44 1 1 1 6 58
780840 11 1 1 0 6 40
780841 6 1 0 5 6 42
780842 8 1 1 2 6 44
780843 3 0 1 3 6 41
780844 7 0 1 8 6 47
780845 23 1 1 7 6 41
780847 9 1 1 7 6 39
780848 4 0 1 8 6 45
780859 3 0 1 6 6 56
780860 8 1 1 7 6 53
780861 2 0 1 8 6 51
780862 9 1 1 6 6 33
780863 6 0 1 3 6 43
780864 11 0 1 6 6 34
780865 6 1 1 3 6 46
780866 8 0 1 1 6 30
780867 2 0 1 6 6 51
780881 10 1 1 7 6 40
780882 25 1 1 2 6 39
780883 9 1 1 7 6 33
780885 3 1 1 7 6 33
780886 10 1 1 0 6 37
780887 4 0 1 2 6 41
780888 24 1 1 3 6 39
780889 3 0 1 4 6 51
780890 5 0 1 1 6 53
780891 20 1 1 7 6 39
780908 13 0 1 3 6 49
780909 3 0 1 4 6 43
780914 27 1 1 2 6 50
780915 7 0 1 3 6 45
780916 38 1 0 6 6 52
780917 1 0 1 1 6 52
780918 29 1 1 6 6 42
780919 2 0 1 7 6 38
780920 11 1 1 7 6 53
780921 7 1 1 8 6 52
780922 4 1 1 2 6 33
780923 10 0 0 6 6 34
780924 21 1 1 1 6 57
780925 3 1 1 6 6 34
780932 4 1 1 7 6 52
780933 6 0 1 8 6 38
780934 4 0 1 9 6 54
780937 49 1 1 7 6 37
780938 16 1 1 0 6 42
780939 4 1 1 8 6 50
780940 5 0 1 2 6 48
780952 9 1 1 6 5 47
780953 6 0 1 3 6 50
780954 2 0 1 1 6 48
780955 4 1 1 1 6 53
780957 4 1 1 5 6 50
780958 9 0 1 2 6 48
780959 2 0 1 7 6 47
780961 17 1 1 2 6 47
780962 31 1 1 7 6 37
780963 10 1 0 5 6 39
780964 1 1 1 0 6 46
780965 5 1 1 2 6 28
780966 8 1 1 3 6 37
780967 11 1 1 5 6 50
780973 4 0 1 5 6 52
780974 20 1 1 2 6 30
780975 5 1 1 4 6 46
780977 10 1 1 8 6 63
780978 3 0 1 6 6 40
780979 10 0 1 2 6 44
780980 4 0 1 6 6 32
780981 4 0 1 6 6 38
780982 1 0 1 4 6 51
780983 19 0 1 7 6 58
780984 18 1 1 6 6 52
780985 7 1 1 6 5 47
781015 5 1 1 2 5 48
781016 34 1 0 6 6 23
781017 7 1 1 2 6 51
781018 2 1 1 0 6 43
781019 7 1 1 8 6 45
781021 11 1 1 8 6 50
781022 12 1 1 6 6 52
781023 11 0 1 8 5 44
781024 10 1 1 3 5 39
781025 12 0 1 2 6 36
781026 5 0 1 8 6 40
781028 10 1 1 7 6 49
781029 2 0 1 3 6 42
781054 4 0 1 2 6 44
781055 3 0 1 3 6 33
781056 9 1 1 0 6 59
781057 19 1 0 5 6 26
781058 1 0 1 5 6 45
781059 4 0 1 0 6 45
781060 1 0 1 7 6 47
781061 5 1 1 8 6 39
781062 3 0 1 5 6 39
781063 7 1 1 1 6 39
781096 8 1 1 8 6 44
781097 4 1 1 5 6 42
781098 26 1 1 2 6 40
781099 3 1 1 5 6 42
781100 7 0 1 6 6 32
781101 2 0 1 7 6 42
781103 6 1 1 8 6 43
781105 2 0 1 2 6 39
781106 4 0 1 7 6 50
781107 16 1 1 2 6 40
781123 9 1 1 0 6 41
781124 34 1 1 2 6 32
781125 4 0 1 7 6 52
781126 10 0 1 2 6 39
781127 12 1 1 5 6 38
781128 7 0 1 3 6 42
781129 6 1 1 7 5 26
781130 21 0 1 7 6 38
781131 13 1 1 7 6 38
781132 3 0 1 7 6 39
781133 10 0 1 2 6 36
781156 2 0 1 4 6 35
781157 11 0 1 3 6 37
781158 6 0 1 5 6 55
781160 4 1 1 2 6 41
781161 31 1 1 2 6 48
781162 5 0 1 3 6 34
781164 16 0 1 2 6 30
781166 15 1 0 6 6 47
781170 3 0 1 8 6 42
781220 3 0 1 7 6 46
781221 1 1 1 5 6 35
781222 6 0 1 5 6 36
781223 23 1 1 7 6 38
781224 9 1 0 1 6 29
781225 15 0 0 3 6 46
781227 1 0 1 2 6 52
781228 9 1 1 2 6 30
781229 11 0 1 7 6 23
781230 66 1 1 7 6 28
781231 62 1 1 7 6 25
781251 7 1 1 2 6 35
781252 17 0 1 5 6 44
781253 3 1 1 6 6 44
781254 2 1 1 6 6 45
781255 12 0 1 6 6 33
781257 2 0 1 3 6 49
781258 22 1 1 6 6 34
781264 8 1 1 2 6 54
781265 5 0 1 2 6 56
781267 27 1 1 6 6 42
781268 15 1 1 2 6 37
781269 36 0 1 6 6 28
781271 7 0 1 0 6 43
781287 3 0 1 7 6 39
781290 5 0 1 7 6 54
781291 13 0 1 7 6 41
781307 7 0 1 2 6 41
781309 11 0 1 4 6 32
781310 13 1 1 2 6 52
781311 8 0 1 1 6 39
781338 8 0 1 5 6 34
781339 18 1 1 0 6 43
781340 24 1 1 2 6 34
781341 25 0 1 6 6 32
781342 10 1 1 0 6 42
781344 30 1 1 8 6 21
781345 7 1 1 0 6 54
781382 2 0 1 2 6 46
781383 10 0 1 1 6 50
781384 41 1 1 6 6 34
781385 1 0 1 1 6 49
781387 5 0 1 1 6 33
781388 6 0 1 2 6 45
781389 6 1 1 2 6 46
781390 8 1 1 2 6 44
781391 3 0 1 5 6 43
781393 21 1 1 7 6 34
781418 18 0 1 6 6 34
781419 27 1 1 7 5 34
781420 2 0 1 7 6 48
781421 6 1 1 2 6 42
781422 3 0 1 0 6 43
781423 3 0 1 7 6 36
781424 16 1 1 8 6 50
781425 34 0 1 4 6 36
781449 2 0 1 7 6 40
781452 10 0 1 7 6 33
781453 8 0 1 1 6 51
781454 11 0 1 8 6 45
781455 11 1 1 7 6 44
781456 13 1 1 4 6 51
781458 12 0 1 3 6 38
781479 4 1 1 7 6 55
781490 3 0 1 7 6 35
781491 24 0 1 6 6 54
781492 16 0 1 6 6 35
781493 5 0 1 5 6 41
781494 8 1 1 2 6 47
781495 25 1 1 2 6 34
781496 18 1 1 1 6 33
781515 21 1 1 6 6 35
781516 10 0 1 0 6 44
781518 2 0 1 6 6 32
781519 5 0 1 6 6 44
781522 3 0 1 6 6 49
781523 13 1 1 2 6 39
781524 11 0 1 7 6 39
781525 22 0 1 2 6 32
781527 9 1 1 6 6 50
781552 12 0 1 0 6 37
781553 4 0 1 8 6 38
781554 13 0 1 2 6 40
781555 8 0 1 1 6 45
781556 5 0 1 6 6 50
781579 12 0 1 6 6 42
781580 17 0 1 7 6 51
781581 40 0 1 6 6 45
781582 3 0 1 1 6 42
781583 21 0 1 8 6 38
781584 5 0 1 7 6 44
781585 5 1 1 4 6 49
781586 18 0 1 2 6 47
781620 15 1 1 5 6 48
781621 1 0 1 2 6 48
781622 17 1 1 7 6 33
781623 12 1 1 1 6 47
781625 2 0 1 2 6 37
781627 7 0 1 6 6 42
781628 17 0 1 2 6 33
781646 29 1 1 7 6 48
781647 3 0 1 2 6 43
781650 9 0 1 6 6 58
781654 9 1 1 2 6 53
781655 2 1 1 4 6 23
781656 24 1 1 6 6 38
781657 2 0 1 4 6 31
781658 63 1 1 8 6 27
781695 17 0 1 2 6 40
781696 34 1 1 4 6 65
781698 14 0 1 6 6 43
781700 31 1 1 1 6 51
781701 4 1 1 0 6 57
781702 10 1 1 4 6 31
781703 4 1 1 2 6 42
781704 4 0 1 1 6 33
781705 21 1 1 2 6 34
781706 16 1 1 6 6 27
781737 6 1 1 6 6 42
781738 3 0 1 2 6 52
781739 8 1 1 7 6 42
781740 4 0 1 7 6 34
781741 7 0 1 2 6 46
781742 33 1 1 2 6 26
781743 10 0 1 6 6 21
781744 3 0 1 3 6 49
781745 9 1 1 8 5 45
781746 11 1 1 2 6 38
781747 4 0 1 2 6 46
781775 10 1 1 6 6 48
781776 2 0 1 7 6 53
781777 19 0 1 4 6 33
781779 2 0 1 2 6 52
781780 6 0 1 7 6 51
781781 18 1 1 2 6 35
781783 16 1 1 1 6 36
781784 13 0 1 2 6 29
781785 14 0 1 9 6 29
781786 4 1 1 7 6 40
781811 3 1 1 1 6 36
781812 9 0 1 1 6 49
781813 7 1 1 8 6 34
781814 2 0 1 1 6 32
781815 18 0 1 7 6 42
781816 3 0 1 1 6 41
781817 4 0 1 6 6 46
781818 4 0 1 7 6 53
781819 5 0 1 2 6 39
781820 14 0 1 7 6 48
781821 11 0 1 2 6 51
781848 3 1 1 7 6 39
781849 1 0 1 3 6 43
781850 10 1 1 2 6 41
781851 9 0 1 4 6 35
781852 14 1 1 6 6 27
781853 10 1 1 7 6 39
781855 8 1 1 1 6 49
781876 9 0 1 7 6 39
781877 1 0 1 3 5 36
781878 48 1 1 7 6 25
781879 17 1 1 6 6 50
781880 10 1 1 7 6 48
781881 6 0 1 3 5 32
781882 34 1 1 3 6 33
781923 3 1 1 6 6 46
781925 22 1 1 2 6 33
781926 19 0 1 6 6 46
781927 3 0 1 4 5 43
781935 8 0 1 5 5 32
781936 4 0 1 4 6 40
781937 18 1 1 9 6 43
781938 14 1 1 1 6 33
781939 2 0 1 0 6 57
781940 11 0 1 3 6 47
781941 2 0 1 8 6 37
781942 4 0 1 7 5 36
781944 17 1 1 2 6 38
781967 24 1 1 6 6 39
