77231
19
539
77231 447 0 1 6 6 23
3134 64 1 0 9 6 14
3232 599 1 0 2 6 18
7814 106 1 0 5 6 19
14343 133 1 0 4 6 20
16833 80 1 1 3 5 16
17072 155 1 0 3 6 17
18254 81 1 0 6 6 20
20372 407 1 0 7 6 21
20591 40 1 0 1 6 17
26594 51 1 0 0 6 14
33408 95 1 0 4 6 17
33446 50 1 0 5 6 11
37401 83 1 0 0 6 20
39459 176 1 0 3 6 24
41788 199 1 0 0 6 19
42774 28 1 0 0 6 15
44370 7 1 0 1 6 16
48736 73 1 0 6 6 20
50280 24 1 1 4 6 13
52668 408 1 1 4 6 71
54666 140 1 0 7 6 14
55016 80 1 0 2 6 16
56234 53 1 0 8 6 13
57228 110 1 0 6 6 19
58531 146 1 0 5 6 21
60068 109 1 0 3 6 22
62477 25 1 1 0 6 12
62820 41 1 0 6 6 15
65804 102 1 0 5 6 15
65888 11 1 1 8 6 15
66146 30 1 0 2 6 15
67072 210 1 0 7 6 17
67573 42 1 0 8 6 14
69806 47 1 1 6 6 12
72838 34 1 1 0 6 16
73051 436 1 0 9 6 17
74693 11 1 0 9 5 16
77132 18 1 0 6 5 12
78928 18 1 0 6 6 11
79551 126 1 1 2 6 21
79863 12 1 0 9 6 17
81288 38 1 0 6 6 12
82400 25 1 1 0 6 13
83880 72 1 1 6 6 23
83991 46 1 0 6 6 20
84841 36 1 1 5 6 14
85722 96 1 1 6 6 22
86306 680 1 1 6 5 25
87305 131 1 0 6 6 19
87422 16 1 0 8 6 10
87749 22 1 1 3 6 13
88697 30 1 0 4 6 16
90353 26 1 0 8 6 21
91410 25 1 1 3 6 14
91421 31 1 1 1 6 15
91712 99 1 0 6 6 17
91905 150 1 1 7 6 20
93412 8 1 0 8 6 12
93870 43 1 0 7 6 17
94436 28 1 0 7 5 15
98682 31 1 0 0 6 18
98939 144 1 0 1 5 18
99300 39 1 0 8 6 14
101361 49 1 0 0 6 13
103231 39 1 0 7 6 16
103243 38 1 0 1 6 13
103881 47 1 1 6 6 27
106688 8 1 1 0 6 12
106962 37 1 0 5 6 13
107023 26 1 0 0 6 16
109522 61 1 0 2 6 24
111340 129 1 0 6 6 18
112823 31 1 1 7 6 15
113301 75 1 0 0 6 14
114589 40 1 0 6 6 15
115805 58 1 0 4 6 17
116706 137 1 0 6 6 20
120053 35 1 0 1 6 25
120752 79 1 0 7 6 17
120982 74 1 1 0 6 16
123443 36 1 0 1 6 12
124989 110 1 0 8 6 17
126057 24 1 0 8 6 21
127402 243 1 1 2 6 19
130491 32 1 0 6 6 12
130873 72 1 0 2 6 15
131579 88 1 0 0 6 17
132573 103 1 1 5 6 14
133834 55 1 0 6 6 15
134088 89 1 0 8 6 15
137292 126 1 0 7 6 18
143086 31 1 1 1 6 15
144025 91 1 1 6 6 21
144108 23 1 0 3 5 15
145071 161 1 0 2 6 16
145688 91 1 0 3 6 13
146279 34 1 0 4 6 19
148371 8 1 0 6 6 12
149974 38 1 0 1 6 16
151280 40 1 0 5 6 12
151727 96 1 1 3 6 15
156288 38 1 1 6 6 12
158581 119 1 1 6 6 13
158839 71 1 0 7 6 22
158894 23 1 1 5 6 15
160992 96 1 0 2 6 18
161484 31 1 0 6 6 12
166627 63 1 0 6 6 17
166833 61 1 0 0 6 21
167241 136 1 0 8 6 13
169041 40 1 1 8 6 12
169621 21 1 0 1 6 23
169853 22 1 1 2 6 15
169898 28 1 0 6 6 20
170184 10 1 0 2 5 12
173111 53 1 0 2 6 15
174178 18 1 0 9 6 16
177398 28 1 1 8 6 12
182677 22 1 0 2 6 17
184632 22 1 0 0 6 14
184809 11 1 0 5 6 16
184812 5 1 0 6 6 23
185880 52 1 0 5 6 17
189443 32 1 0 2 6 14
191432 34 1 1 8 6 12
194288 27 1 0 1 6 14
195384 30 1 0 6 6 17
195562 9 1 0 2 6 14
200303 98 1 0 6 6 18
201507 32 1 0 3 6 15
207310 55 1 0 6 5 23
208932 33 1 0 6 6 14
209019 41 1 0 5 6 14
211243 12 1 1 7 6 11
215032 24 1 1 6 6 17
216896 63 1 0 5 6 13
228790 99 1 1 8 6 14
230324 140 1 0 8 6 16
233697 13 1 0 3 6 14
237154 51 1 0 6 6 16
238071 25 1 0 7 6 27
239267 132 1 0 8 5 16
240009 60 1 0 8 6 24
243149 16 1 0 4 5 15
243690 33 1 1 2 6 17
243753 52 1 1 2 6 16
244268 25 1 0 9 5 20
247161 41 1 0 6 6 20
247189 30 1 0 8 6 13
247850 116 1 0 0 6 17
248832 50 1 0 6 5 15
251356 68 1 0 2 6 21
257930 38 1 0 2 6 15
258350 12 1 0 0 6 13
258655 57 1 0 2 6 13
259575 33 1 0 3 6 15
260038 26 1 0 4 6 22
261049 140 1 0 6 6 21
267701 120 1 0 6 6 15
269051 48 1 1 8 6 16
269870 102 1 0 2 6 16
273392 117 1 0 6 6 18
277882 7 1 0 9 6 16
286180 71 1 0 6 6 15
289672 99 1 0 7 6 17
291616 55 1 0 1 6 15
294863 24 1 0 0 6 15
295896 142 1 0 3 6 20
297061 22 1 0 0 6 19
297968 21 1 1 0 6 14
300258 80 1 0 8 6 17
301089 56 1 0 0 6 15
301160 31 1 0 8 6 21
303095 24 1 0 0 6 16
308334 36 1 0 0 6 13
309397 50 1 1 1 6 27
312275 45 1 1 6 6 14
317448 47 1 0 1 6 24
317826 66 1 0 9 6 17
321154 56 1 0 6 6 22
322094 101 1 0 8 6 17
322737 24 1 0 0 5 13
323834 34 1 0 2 6 15
324496 11 1 0 9 5 16
325224 26 1 1 3 6 20
335244 85 1 0 6 6 20
335314 8 1 0 0 6 18
337283 35 1 0 3 6 22
339378 18 1 0 6 6 13
340705 47 1 1 6 6 23
342232 41 1 0 6 5 12
342602 47 1 0 8 6 16
343948 64 1 0 8 6 14
344497 160 1 0 6 6 18
346373 7 1 0 1 5 11
359057 85 1 0 0 6 22
359925 43 1 1 8 6 16
364305 16 1 0 9 6 20
367594 57 1 0 6 6 14
377811 42 1 1 9 6 23
380478 31 1 1 0 6 14
383945 136 1 0 8 6 17
384412 18 1 0 6 6 18
389437 25 1 1 8 6 15
389539 30 1 1 8 6 16
390074 17 1 1 0 6 13
390461 20 1 1 6 5 13
395342 13 1 0 1 5 17
396480 79 1 0 8 6 13
397565 44 1 0 3 6 17
400808 101 1 0 9 6 19
402985 54 1 0 6 6 17
410399 68 1 0 8 6 16
411607 176 1 1 6 6 19
413425 48 1 0 1 6 16
423585 31 1 1 8 6 112
425569 53 1 0 8 6 17
425890 72 1 0 8 6 21
426085 105 1 0 8 6 16
431814 19 1 0 9 6 16
433082 19 1 0 2 6 14
440257 14 1 0 0 6 17
443381 19 1 0 1 6 16
443562 51 1 0 8 6 13
444057 32 1 0 7 6 18
444335 28 1 0 0 6 16
445488 6 1 1 0 6 12
448754 56 1 0 6 6 22
448861 17 1 1 6 6 23
449259 30 1 1 4 6 15
451863 58 1 0 8 6 15
460056 64 1 1 6 6 15
464302 22 1 1 0 6 11
470263 42 1 0 7 6 15
474607 21 1 0 5 6 13
476534 23 1 0 2 6 10
477758 33 1 0 2 6 13
477769 36 1 1 6 6 14
478133 11 1 1 6 6 15
479012 17 1 0 5 6 19
484669 43 1 1 8 6 17
486106 30 1 0 5 6 16
489263 18 1 1 7 6 18
489340 42 1 0 5 6 17
489499 33 1 0 3 6 17
490271 71 1 0 3 6 30
490291 44 1 0 6 6 19
492007 29 1 1 6 6 12
493279 53 1 0 8 6 22
494762 21 1 0 3 6 13
494825 91 1 0 6 6 13
500750 17 1 0 0 6 14
511960 49 1 0 9 6 23
516850 25 1 0 1 6 33
517468 80 1 0 6 6 14
517504 24 1 0 9 6 15
519943 25 1 1 6 6 11
523860 36 1 1 8 6 15
527211 53 1 0 1 6 18
529927 76 1 0 6 5 17
534261 53 1 1 8 6 15
535422 2 1 0 9 6 14
535985 17 1 1 6 6 21
536002 13 1 0 1 6 24
536282 51 1 0 1 6 13
538363 17 1 0 6 6 14
540080 28 1 1 2 6 12
544362 32 1 1 3 6 15
545779 29 1 1 6 6 15
561541 73 1 1 1 6 16
565460 6 1 0 9 6 17
565992 42 1 1 7 6 15
571397 64 1 0 6 6 23
571515 25 1 1 6 6 19
572575 10 1 0 6 6 16
575259 12 1 0 4 5 19
575818 23 1 1 6 5 15
575890 19 1 0 5 6 11
575892 21 1 0 2 5 15
576057 88 1 0 4 6 17
576206 25 1 0 7 5 19
576337 4 1 0 2 6 12
576510 18 1 0 2 6 13
577243 31 1 0 0 6 16
586027 54 1 0 6 5 9
588406 11 1 1 7 6 13
589070 32 1 1 4 6 20
592014 35 1 0 6 5 13
594050 50 1 0 6 6 14
594587 72 1 0 6 6 13
596034 60 1 0 5 6 13
599043 6 1 0 2 6 18
604794 8 1 1 6 6 12
610546 6 1 0 9 6 16
613912 36 1 1 3 6 15
618906 20 1 1 8 6 16
619873 21 1 1 7 6 12
621768 13 1 0 6 6 14
626878 21 1 1 3 6 18
637393 23 1 0 6 6 12
639587 31 1 0 8 6 17
641249 17 1 0 6 6 14
644224 53 1 0 7 6 22
652549 75 1 0 6 6 20
652807 110 1 0 4 6 18
652940 56 1 0 6 6 17
653164 21 1 0 7 6 16
657183 10 1 0 0 6 15
666540 29 1 1 6 6 23
666833 102 1 0 1 6 16
674971 50 1 0 6 6 13
675862 6 1 1 0 6 10
679501 28 1 0 6 6 13
685641 4 1 1 8 6 10
689223 14 1 0 2 5 37
695149 29 1 1 8 6 21
707045 10 1 1 3 6 12
707219 21 1 0 1 5 18
711713 47 1 0 2 6 54
711810 21 1 0 6 6 13
713401 35 1 0 6 6 11
714138 48 1 0 8 6 15
715474 40 1 1 6 6 18
716480 57 1 0 6 6 17
717823 17 1 0 9 6 24
717941 68 1 1 6 6 23
718880 25 1 0 2 6 37
723378 52 1 1 8 6 12
731138 12 1 0 9 6 16
731916 74 1 0 6 6 21
733525 12 1 0 1 6 16
734905 16 1 0 9 6 16
735108 23 1 0 6 6 12
736232 25 1 1 7 6 15
737325 19 1 0 7 6 12
737390 15 1 0 7 6 12
737473 22 1 1 6 6 13
737496 6 1 0 0 6 35
737572 40 1 0 3 6 14
739660 64 1 0 6 6 20
740282 20 1 0 1 6 14
740705 28 1 0 6 6 13
740728 71 1 0 6 6 13
741251 38 1 1 4 6 22
746334 14 1 0 3 6 13
747258 25 1 0 3 6 12
751581 63 1 1 6 6 19
752265 18 1 0 6 6 13
752820 7 1 0 9 6 19
753890 17 1 0 8 6 11
759802 8 1 0 6 5 12
764380 29 1 0 0 6 16
765998 34 1 1 6 6 14
766844 16 1 0 8 6 14
768048 7 1 0 9 6 17
768730 47 1 1 6 6 19
769583 16 1 1 0 6 12
776235 15 1 0 8 6 15
784414 19 1 1 6 6 112
785216 15 1 0 9 6 15
789419 16 1 0 6 5 12
790564 17 1 1 3 6 12
790734 27 1 0 8 6 17
800918 37 1 1 6 6 23
803218 21 1 0 6 6 14
803972 29 1 0 6 6 21
807237 27 1 0 7 6 13
809653 52 1 0 6 6 18
810462 14 1 0 8 5 26
812554 53 1 0 6 6 19
813588 20 1 0 6 5 17
813656 55 1 0 6 5 22
814105 26 1 0 6 5 23
814552 5 1 0 2 6 17
814881 19 1 1 7 6 15
815109 15 1 0 8 6 14
816750 17 1 0 0 6 17
821255 19 1 0 8 6 11
826274 14 1 0 6 6 16
830548 34 1 0 2 6 16
830971 21 1 0 7 6 18
831666 36 1 1 8 6 14
831732 35 1 1 7 6 17
834292 14 1 1 5 6 13
839929 18 1 0 4 6 16
842525 26 1 0 7 6 11
847671 20 1 0 1 6 12
850817 23 1 0 8 6 13
853120 26 1 0 7 6 17
858767 19 1 0 6 6 17
861419 16 1 0 6 6 12
866916 9 1 0 7 6 13
879635 52 1 0 6 6 20
884317 12 1 0 8 6 48
886482 9 1 1 8 5 14
891831 3 1 0 9 6 22
899091 9 1 0 9 6 19
899946 20 1 0 2 6 17
901700 13 1 0 8 5 12
902974 34 1 0 6 6 14
906071 3 1 1 6 6 14
911324 23 1 0 6 6 25
919779 59 1 0 6 6 23
922426 26 1 1 7 6 10
922673 2 1 0 9 5 14
923063 13 1 0 9 6 16
933584 8 1 0 9 5 15
934533 7 1 0 9 5 19
934535 5 1 0 9 5 16
935863 6 1 1 3 6 15
940051 45 1 1 6 6 22
944920 9 1 1 0 6 12
945577 3 1 0 9 5 15
948627 13 1 1 5 6 11
949948 60 1 0 6 5 19
952503 49 1 0 6 6 26
957680 37 1 0 6 6 17
960979 22 1 0 6 5 12
962344 2 1 1 1 6 13
962466 17 1 1 7 6 11
969298 19 1 0 4 6 16
989534 9 1 1 6 6 14
996685 1 1 0 9 6 19
998366 5 1 1 2 6 14
1002436 7 1 0 8 6 13
1002600 12 1 0 6 5 12
1011840 43 1 0 6 6 23
1017842 12 1 1 3 6 9
1025743 71 1 1 6 6 31
1029190 18 1 0 3 6 18
1033001 44 1 0 6 6 23
1036257 19 1 0 8 6 14
1064494 6 1 0 1 6 17
1068202 6 1 0 1 5 23
1077370 17 1 1 8 6 15
1115057 11 1 0 8 6 15
1125472 19 1 0 6 6 12
1244239 1 1 0 9 5 25
1244578 6 1 0 9 5 15
1294912 14 1 0 7 6 17
1300975 9 1 0 6 6 11
1351061 6 1 0 8 5 11
1373300 2 1 0 9 5 19
1397899 11 1 0 6 6 14
1467073 5 1 0 1 6 10
1531016 1 1 0 9 5 23
1591947 1 1 0 6 5 12
