31428
19
550
31428 769 1 1 9 6 42
1239 82 1 1 0 6 19
1300 76 1 1 0 6 19
3818 178 1 1 0 6 20
5048 182 0 1 0 6 20
5373 91 1 1 0 6 18
6790 65 1 1 7 6 19
8110 47 0 1 0 6 19
8287 55 1 1 0 6 20
8643 216 1 1 0 6 23
10109 87 0 1 0 6 19
11123 210 1 1 7 6 18
11153 40 0 1 0 6 19
12601 158 1 1 0 6 19
16351 88 0 1 0 6 18
16424 73 0 1 0 6 19
16530 23 1 1 0 6 24
19540 33 0 1 4 6 23
20027 22 1 1 0 6 21
20324 177 1 1 0 6 25
20579 34 0 1 4 6 19
22455 56 1 1 0 6 19
22531 62 1 1 0 6 21
22690 79 1 1 0 6 20
26287 55 1 1 0 6 18
27897 8 0 1 0 6 20
28521 115 1 1 0 6 20
28971 45 1 1 1 6 25
30572 86 1 1 9 6 21
31791 134 0 1 6 6 18
31807 223 1 1 9 6 21
32604 30 0 1 9 6 21
32870 26 0 1 3 6 17
33540 103 1 1 0 6 23
33886 73 0 1 0 6 20
33994 56 1 1 1 6 19
34850 75 1 1 4 6 20
35165 9 1 1 1 6 17
35333 18 1 1 1 6 17
35693 104 1 1 0 6 20
36119 49 1 1 0 6 19
36551 90 1 1 1 6 18
38556 41 1 1 0 6 25
38968 59 0 1 2 6 19
39046 16 0 1 0 6 22
40434 48 1 1 1 6 22
40444 34 1 1 6 6 21
40451 95 1 1 9 6 18
40995 163 1 1 2 6 20
41852 13 0 1 0 6 17
43844 51 1 1 0 6 20
48701 47 0 1 1 6 20
49709 49 0 1 0 6 23
49764 72 1 1 2 6 18
50885 202 0 1 2 6 20
50993 27 0 1 0 6 20
51207 66 1 1 0 6 22
62257 36 0 1 9 6 18
63003 458 1 0 8 6 20
63078 62 0 1 0 6 21
64644 45 0 1 0 6 19
66301 116 1 1 9 6 21
66806 53 1 1 8 6 18
67803 7 1 1 9 6 21
68105 22 0 1 2 6 18
68352 34 0 1 0 6 20
68484 26 0 1 9 6 22
69396 132 1 1 0 6 19
69753 78 1 1 8 6 18
70074 24 0 1 7 6 24
70759 84 1 1 2 6 18
71361 146 1 1 9 6 23
71645 22 0 1 7 6 22
72578 103 0 1 6 6 21
73623 144 1 1 5 5 19
73771 25 0 1 0 6 19
75168 52 0 1 4 6 19
75340 19 0 1 2 6 23
75495 319 1 1 9 6 19
75736 43 1 1 2 6 19
75881 46 1 1 0 6 17
76264 14 0 1 6 6 20
76515 80 1 1 2 6 23
77262 335 1 1 1 6 17
78424 56 0 1 5 6 26
78491 15 0 1 5 6 26
78635 35 0 1 2 6 18
79178 22 0 1 7 6 19
80293 53 0 1 0 6 24
84183 30 0 1 8 6 19
84484 71 1 1 3 6 19
84617 31 1 1 9 6 20
86730 14 1 1 1 6 19
88441 21 1 1 0 6 20
88773 76 1 1 8 6 21
91222 31 1 1 5 6 20
91406 94 1 1 3 6 20
91490 142 1 1 5 6 21
91569 34 1 1 2 6 14
93240 96 1 1 2 6 19
96733 60 1 1 7 6 22
97019 67 1 1 9 6 19
97506 151 1 1 9 6 21
98766 40 1 1 3 6 20
99541 51 1 1 2 6 19
100555 24 1 1 5 6 21
106783 90 1 1 2 6 18
108009 44 0 1 4 6 21
108016 64 1 1 0 6 23
109371 47 1 1 5 6 25
109495 178 1 1 2 6 21
110294 131 1 1 5 6 19
111874 26 1 1 6 6 19
114948 27 1 1 0 6 27
114986 68 0 1 9 6 20
119019 104 1 1 1 6 25
120085 74 0 1 5 6 19
120339 52 1 1 1 6 19
120402 79 0 1 0 6 19
121797 74 1 1 7 6 20
121801 186 1 1 2 6 19
122299 177 1 1 8 6 26
122369 140 1 1 0 6 22
122390 39 0 1 1 6 23
129260 149 1 1 2 6 22
129509 58 1 1 7 6 20
130861 134 1 1 9 6 17
132921 44 1 1 0 6 21
133847 22 1 1 6 5 18
134789 14 0 1 1 6 18
138636 76 1 1 1 6 21
145060 37 0 1 0 6 20
145478 98 1 1 7 6 18
146873 107 1 1 6 6 20
147926 42 0 1 0 6 20
152353 46 0 1 5 6 21
154492 79 0 1 3 6 24
155624 25 0 1 0 6 19
156197 34 0 1 2 6 18
156293 21 0 1 7 6 18
156403 44 0 1 2 6 21
157102 143 1 1 8 6 19
157960 59 0 1 9 6 20
158069 37 1 1 6 6 18
159470 224 1 1 1 6 20
160440 97 0 1 1 6 20
161626 15 0 1 2 6 22
163372 46 0 1 4 6 22
164466 33 0 1 2 6 25
164917 76 1 1 5 6 21
165734 110 1 1 6 6 24
165945 39 0 1 9 6 20
166200 40 1 1 6 6 23
166549 49 1 1 0 6 26
166824 59 1 1 3 6 18
167420 12 1 1 6 6 21
168080 128 1 1 9 6 23
169459 21 0 1 5 6 23
170734 37 1 1 0 6 18
172023 27 1 1 7 6 21
176558 27 0 1 1 6 21
176566 64 0 1 0 6 19
176770 29 0 1 1 6 27
176773 53 0 1 2 6 19
180569 66 1 1 6 6 22
180931 302 1 1 1 6 18
184142 26 1 1 7 6 18
191685 21 1 1 6 6 20
191705 18 0 1 1 6 20
193239 71 1 1 0 6 18
205887 122 1 1 8 6 18
208025 62 1 1 2 6 19
208944 120 0 1 2 6 25
211879 22 0 1 1 6 19
212512 85 1 1 5 6 21
212638 64 1 1 2 6 26
214467 35 0 1 1 6 22
215184 67 1 1 1 6 19
215557 24 0 1 4 6 23
217134 102 1 1 0 6 18
219263 190 1 1 4 6 19
222629 123 1 1 7 6 17
222730 55 1 1 9 6 22
222932 99 1 1 3 6 20
224226 23 1 1 1 6 25
225984 61 0 1 7 6 23
227931 21 1 1 9 6 18
228487 56 1 1 1 6 20
229842 40 1 1 9 6 24
232767 97 1 1 7 6 21
233201 57 1 1 2 6 18
233445 45 1 1 1 6 19
233606 77 0 1 3 6 20
235361 74 0 1 3 6 20
235849 64 1 1 2 6 21
237924 11 0 1 1 6 17
238493 13 1 1 0 6 28
238494 25 1 1 0 6 28
239213 108 0 1 6 6 24
239288 13 0 1 1 6 20
243106 56 1 1 0 6 21
246061 94 1 1 1 6 18
248948 70 1 1 3 6 20
250884 47 1 1 0 6 30
252261 22 0 1 1 6 24
254823 17 1 1 5 6 18
255905 63 1 1 5 6 25
255907 26 0 1 1 6 22
256753 69 1 1 5 6 20
258685 68 0 1 1 6 23
259742 41 0 1 5 6 21
261084 48 0 1 7 6 20
265842 131 1 1 5 6 18
266443 192 1 1 9 6 18
266521 22 0 1 3 6 22
271284 71 1 1 6 6 26
277157 112 0 1 4 6 22
277538 72 1 1 2 6 20
285250 46 0 1 3 6 20
285703 351 1 0 8 6 19
286117 21 0 1 5 6 19
286572 114 1 1 2 6 18
289024 150 1 1 1 6 18
289320 46 0 1 7 6 30
291831 56 1 1 4 6 26
294938 46 1 1 3 6 19
295156 46 1 1 6 6 26
296265 24 1 1 5 6 18
302128 79 1 1 2 6 20
302652 61 1 1 1 6 20
305091 20 1 1 9 6 21
306475 11 1 1 0 6 28
307786 55 0 1 0 6 21
307914 42 1 1 2 6 20
310935 46 1 1 2 6 27
311558 24 1 1 2 6 25
311967 12 0 1 0 6 23
312112 33 1 1 0 6 22
318086 29 0 1 2 6 19
320251 61 0 1 3 6 20
321161 18 0 1 6 6 22
323094 13 0 1 0 6 20
325360 12 1 1 1 6 18
325627 69 0 1 1 6 19
326111 18 0 1 3 6 19
326224 12 1 1 0 6 19
326437 9 0 1 0 6 26
326479 48 1 1 9 6 20
326480 64 1 1 0 6 19
326495 36 0 1 6 6 23
326557 25 0 1 3 6 26
326686 23 0 1 0 6 31
326689 9 0 1 0 6 23
326744 54 1 1 8 6 20
326750 59 1 1 0 6 23
331103 5 0 1 1 5 18
331169 322 1 1 9 6 19
331172 208 1 1 9 6 19
331178 319 1 1 9 6 19
331784 51 0 1 8 6 22
333121 45 0 1 8 6 19
334435 32 0 1 9 6 21
335379 21 1 1 8 6 19
335440 48 1 1 3 6 16
335602 143 0 1 6 6 20
335608 71 1 1 1 6 21
336539 110 1 1 6 6 18
336688 31 1 1 4 6 21
336760 58 0 1 1 6 20
337142 32 1 1 1 6 22
337150 65 1 1 2 6 18
337204 23 0 1 6 6 20
337214 11 0 1 1 6 19
337218 23 1 1 7 6 20
337438 26 0 1 9 5 23
337498 59 1 1 4 6 21
337535 41 1 1 1 6 23
337571 53 1 1 4 6 19
337619 16 1 1 8 6 27
337636 22 1 1 3 6 19
337738 29 0 1 6 6 21
337807 23 0 1 6 6 22
337948 74 0 1 4 6 20
338604 44 1 1 5 6 25
338608 52 1 1 4 6 21
338609 35 1 1 3 6 20
338670 12 1 1 4 6 28
338793 9 0 1 1 6 27
338844 22 1 1 1 6 26
338975 31 0 1 3 6 22
339292 103 0 1 8 6 19
339364 22 0 1 2 6 24
339410 19 1 1 2 6 25
339414 34 1 1 5 6 20
339641 51 1 1 1 6 23
339912 30 0 1 1 6 28
340029 80 1 1 7 6 23
340032 31 0 1 8 6 17
340300 28 0 1 4 6 22
340417 21 0 1 7 6 19
340566 22 0 1 1 6 22
340978 23 1 1 3 6 22
341740 36 0 1 8 6 19
341820 81 1 1 1 6 24
341824 30 0 1 8 6 26
342195 59 1 1 2 6 20
347488 70 1 1 9 6 18
347689 32 1 1 2 6 18
348944 33 0 1 1 6 18
348948 7 1 1 0 6 20
348992 5 1 1 7 6 19
351724 42 0 1 1 6 21
357671 40 1 1 9 6 23
357911 16 0 1 1 6 21
358907 55 1 1 8 6 20
359228 113 1 1 3 6 19
359506 28 0 1 1 6 20
359549 74 1 1 9 6 19
360488 26 1 1 0 6 26
366559 40 1 1 9 6 21
367850 51 1 1 3 6 19
368121 147 1 1 8 6 19
370024 32 0 1 2 6 20
370298 69 1 1 2 5 18
370673 13 1 1 1 6 15
370966 6 0 1 3 6 19
371048 29 1 1 1 6 19
371073 74 1 1 1 6 19
371078 61 1 1 1 6 20
373140 57 1 1 8 6 28
373946 79 1 1 9 6 18
373972 18 1 1 9 6 17
373977 76 1 1 9 6 18
374460 80 1 1 6 6 18
374531 22 0 1 3 6 25
374553 33 0 1 8 6 20
376630 38 1 1 9 6 21
381662 9 0 1 6 6 25
381664 39 1 1 5 6 26
381666 27 0 1 1 6 18
381693 42 1 1 7 6 18
381720 23 1 1 1 6 18
381779 10 0 1 9 6 19
381872 19 1 1 1 6 23
381988 14 1 1 2 6 20
382496 28 0 1 1 6 20
382504 68 1 1 8 6 19
382605 25 1 1 6 6 24
382606 26 0 1 1 6 28
382611 11 0 1 4 6 22
382779 32 0 1 3 6 22
382888 72 1 1 6 6 24
382974 90 1 1 1 6 23
383057 11 0 1 6 6 23
383088 54 0 1 9 6 20
383251 74 0 1 1 6 25
383256 21 1 1 9 6 20
383541 6 0 1 5 6 20
384258 40 1 1 9 6 20
384298 50 1 1 2 6 30
384826 67 1 1 6 6 18
389729 192 1 1 9 6 20
393236 11 1 1 0 6 21
393359 65 1 1 5 6 21
395489 32 1 1 1 6 22
397238 55 1 1 0 6 19
397273 37 0 1 7 6 19
398235 23 0 1 4 6 26
398879 21 1 1 0 6 20
398988 54 0 1 6 6 20
399223 168 1 1 5 6 19
399997 344 1 1 4 6 20
400895 43 1 1 2 6 20
403311 46 1 1 9 6 22
403710 52 0 1 3 6 19
404541 20 1 1 9 6 19
406801 68 0 1 6 6 20
408763 33 0 1 1 6 18
410101 3 1 1 1 5 18
410152 74 0 1 6 6 35
410317 102 1 1 6 6 20
411603 85 1 1 8 6 18
412773 33 1 1 7 6 17
413125 17 0 1 1 6 20
416094 28 1 1 6 6 18
416911 41 1 1 7 6 19
426949 44 0 1 7 6 25
428815 92 1 1 9 6 21
429351 109 1 1 1 6 21
430189 1 1 1 2 6 21
430858 35 1 1 5 6 21
430993 6 1 1 3 6 26
430994 3 0 1 1 6 20
430996 13 1 1 6 5 25
431028 14 1 1 6 6 21
431029 9 1 1 3 6 22
431030 25 1 1 1 6 19
431031 31 1 1 7 6 20
431032 2 1 1 2 6 20
431075 5 0 1 1 6 18
431076 31 0 1 9 6 21
431077 7 0 1 2 6 23
431078 9 1 1 1 6 26
431079 5 0 1 7 6 25
431080 12 1 1 2 6 18
431081 4 0 1 4 6 19
431082 3 0 1 0 6 21
431083 13 1 1 3 6 19
431084 11 0 1 6 6 20
431085 36 1 1 4 6 19
431086 6 0 1 0 6 22
431087 7 0 1 7 5 21
431135 9 0 1 7 6 19
431264 8 1 1 2 6 26
431284 30 1 1 8 6 19
431318 1 1 1 1 6 20
431321 9 0 1 0 6 23
431322 29 0 1 9 6 19
431323 48 0 1 6 6 29
431324 32 1 1 1 6 17
431326 17 1 1 3 6 22
431327 12 0 1 7 6 18
431328 35 1 1 1 6 20
431406 33 1 1 0 6 22
431410 36 1 1 1 6 21
431411 36 0 1 6 6 20
431413 74 1 1 7 6 26
431415 4 0 1 0 6 21
431417 16 0 1 0 6 20
431419 9 0 1 1 6 24
431420 25 1 1 9 6 19
431454 21 1 1 9 6 21
431457 24 0 1 6 6 20
431459 31 1 1 2 6 18
431460 16 0 1 2 6 23
431462 22 1 1 7 6 22
431463 3 1 1 6 6 18
431464 1 0 1 7 6 20
431465 16 1 1 7 6 19
431466 34 0 1 0 6 24
431467 17 1 1 9 5 20
431469 41 0 1 2 6 19
431504 12 1 1 5 6 34
431505 9 0 1 6 6 29
431507 30 0 1 8 6 25
431508 74 1 1 8 6 21
431509 36 1 1 6 6 16
431510 7 1 1 2 6 27
431512 18 1 1 5 6 18
431514 3 0 1 7 6 21
431515 1 1 1 1 6 24
431516 15 1 1 7 6 22
431617 12 1 1 9 6 21
431618 22 1 1 1 6 22
431619 48 1 1 2 6 24
431621 30 1 1 4 6 20
431669 13 1 1 9 6 25
431671 47 1 1 9 6 21
431673 31 1 1 7 6 23
431674 13 0 1 7 6 22
431724 35 0 1 5 6 21
431725 7 1 1 3 6 28
431726 13 0 1 7 6 17
431727 8 0 1 8 6 31
431728 20 1 1 0 6 19
431729 5 1 1 1 6 26
431730 39 1 1 6 6 20
431731 38 1 1 7 6 16
431732 32 0 1 6 6 18
431759 15 1 1 2 6 22
431760 4 0 1 1 6 24
431761 11 0 1 6 6 21
431762 3 0 1 8 6 19
431763 7 0 1 1 6 21
431764 7 1 1 2 6 25
431765 41 0 1 6 6 21
431766 14 1 1 9 6 18
431767 1 0 1 1 6 28
431846 9 0 1 1 5 21
431847 26 1 1 7 6 22
431848 21 0 1 2 6 18
431849 88 1 1 7 6 17
431850 7 0 1 7 6 20
431892 6 0 1 7 6 25
431893 6 1 1 5 6 23
431894 18 0 1 9 6 19
431895 3 1 1 9 6 19
431896 30 1 1 9 6 22
431897 18 1 1 9 6 19
431933 10 1 1 9 6 25
431935 1 1 1 0 6 23
431937 7 1 1 1 6 19
431938 19 1 1 1 6 21
431939 42 1 1 2 6 21
431940 21 1 1 2 6 19
431941 1 0 1 0 6 21
431943 3 1 1 1 6 27
431946 13 1 1 9 6 19
431947 51 1 1 2 6 18
431948 14 0 1 0 6 24
431949 1 1 1 6 6 22
431950 3 0 1 8 6 20
431951 4 1 1 4 6 32
431964 17 1 1 0 6 21
431997 7 0 1 6 6 22
431998 30 1 1 8 6 18
431999 102 1 1 4 6 18
432000 7 1 1 1 6 21
432001 24 1 1 2 6 28
432002 14 1 1 0 6 22
432003 5 1 1 1 6 22
432004 5 0 1 4 6 21
432005 19 1 1 3 6 20
432006 6 0 1 0 6 22
432007 8 0 1 8 6 18
432008 8 1 1 7 6 19
432010 23 1 1 1 6 18
432012 23 1 1 1 6 19
432014 37 1 1 1 6 27
432016 1 1 1 0 6 25
432017 25 0 1 1 6 20
432065 3 0 1 1 6 25
432066 7 1 1 0 6 21
432068 27 1 1 7 6 20
432069 6 1 1 7 6 18
432070 4 1 1 9 6 19
432071 1 1 1 9 6 18
432072 1 1 1 3 6 23
432073 9 1 1 7 6 19
432075 6 1 1 1 6 20
432077 5 1 1 2 6 18
432085 12 1 1 2 6 23
432119 2 0 1 1 6 24
432120 4 1 1 2 6 21
432121 8 1 1 9 6 20
432122 2 1 1 1 6 21
432123 2 1 1 1 6 18
432124 3 1 1 7 6 21
432125 9 0 1 6 6 20
432126 10 0 1 6 6 23
432127 2 0 1 1 6 25
432128 3 1 1 2 6 21
432129 2 1 1 1 6 23
432130 2 1 1 2 6 21
432132 4 0 1 1 6 18
432133 2 1 1 9 6 20
432134 3 0 1 4 6 18
432135 3 1 1 1 6 22
432190 14 1 1 9 6 22
432191 7 1 1 2 6 21
432192 6 0 1 8 6 21
432193 5 1 1 6 6 20
432194 4 0 1 6 6 22
432195 2 0 1 2 6 18
432196 6 0 1 4 6 24
432197 8 0 1 4 6 18
432198 25 1 1 1 6 20
432199 23 1 1 0 6 22
432200 6 0 1 1 6 22
432202 3 1 1 1 6 21
432203 9 1 1 4 6 18
432332 5 1 1 6 6 22
432333 4 0 1 2 6 21
432334 10 0 1 6 6 20
432335 2 0 1 8 6 19
432336 1 0 1 2 6 19
432337 2 1 1 2 6 19
432338 9 0 1 6 6 24
432341 7 1 1 6 6 23
432343 16 1 1 1 6 22
432344 3 1 1 1 6 20
432345 5 1 1 3 6 20
432346 48 1 1 6 6 22
432347 5 0 1 2 6 18
432348 7 1 1 1 6 22
432350 4 1 1 9 6 21
432382 4 1 1 7 6 25
432384 9 1 1 1 6 29
432385 1 1 1 7 6 19
432386 44 1 1 1 6 19
432387 15 0 1 2 6 22
432388 26 1 1 6 6 19
432390 5 1 1 2 6 18
432391 4 1 1 1 6 32
432392 19 1 1 9 6 22
432393 7 1 1 4 6 22
432394 3 0 1 0 6 42
432427 1 1 1 2 6 23
432428 1 0 1 6 6 20
432429 19 1 1 7 6 24
432430 9 1 1 9 6 20
432432 20 1 1 9 6 20
432433 32 0 1 6 6 20
432434 15 1 1 6 6 19
432435 1 1 1 4 6 20
432436 8 1 1 0 6 19
432437 17 0 1 8 6 20
432438 48 1 1 1 6 20
432439 13 1 1 6 6 22
432441 16 1 1 9 6 21
432442 16 1 1 6 6 21
432443 18 1 1 5 6 17
432444 36 1 1 1 6 39
432484 11 1 1 7 6 20
432485 9 0 1 1 6 24
432486 9 1 1 9 6 21
432487 9 0 1 2 6 19
432488 7 1 1 9 6 19
432489 34 0 1 1 6 26
432490 35 1 1 4 6 22
432491 32 1 1 1 6 27
432492 25 1 1 3 6 20
432493 4 1 1 1 6 35
432603 66 1 1 0 6 30
432674 54 1 1 1 6 20
432675 12 1 1 6 6 19
432676 5 1 1 4 6 27
432677 7 1 1 3 6 29
432678 6 1 1 6 6 24
432679 12 1 1 9 6 23
432680 5 0 1 8 6 23
432682 11 1 1 3 6 21
432683 3 1 1 2 6 21
432684 6 1 1 7 6 26
432685 14 1 1 7 6 18
432687 5 1 1 9 6 19
432688 60 1 1 0 6 21
432689 21 1 1 6 6 23
432690 18 1 1 1 6 20
432691 24 1 1 1 6 31
432693 3 1 1 4 6 22
432728 11 1 1 2 6 21
432730 6 1 1 7 6 21
432731 39 0 1 6 6 19
432732 74 1 1 6 6 19
432733 14 1 1 4 6 20
432734 8 1 1 7 6 18
432735 3 1 1 9 6 22
432737 7 1 1 6 6 26
432738 5 1 1 9 5 19
432739 55 0 1 3 6 29
432740 1 0 1 2 5 20
432742 38 0 1 6 6 20
432744 4 1 1 0 6 19
432745 8 1 1 2 6 21
432747 7 1 1 1 6 18
432748 4 1 1 7 5 23
432973 8 1 1 1 6 25
432974 10 0 1 7 6 20
432975 3 0 1 2 6 20
432977 28 1 1 6 6 23
432979 31 1 1 1 6 22
432982 5 1 1 6 6 20
432984 23 1 1 2 6 20
432986 1 1 1 0 5 25
432987 50 1 1 6 5 22
432988 139 1 1 6 6 19
432989 22 1 1 2 6 19
432994 49 0 1 9 6 21
433022 8 0 1 4 6 18
433023 31 1 1 1 6 23
433026 24 0 1 1 6 22
433029 45 0 1 2 6 19
433030 19 0 1 0 6 25
433032 7 0 1 8 6 36
433072 31 0 1 7 6 19
433073 131 1 1 3 6 19
433075 68 1 1 9 6 20
433165 32 0 1 5 6 22
433167 8 0 1 1 6 20
433173 11 1 1 1 6 18
433176 57 0 1 8 6 18
433182 95 1 1 6 6 19
433214 43 1 1 6 6 20
433215 10 0 1 6 6 22
433217 5 0 1 7 6 25
433244 27 0 1 2 6 17
433245 50 1 1 3 6 20
433247 8 0 1 8 6 21
433249 5 0 1 7 6 24
433250 80 1 1 8 6 19
433251 28 0 1 7 6 19
433252 33 0 1 5 6 28
433253 59 1 1 7 6 20
433281 44 0 1 6 6 25
433282 36 1 1 6 6 18
433283 33 1 1 9 6 20
433285 60 1 1 6 6 20
433286 25 1 1 1 6 20
433287 3 0 1 4 6 26
433288 13 1 1 1 6 25
433331 3 0 1 5 6 20
433333 29 0 1 8 6 20
433395 37 0 1 9 6 27
433396 46 0 1 6 6 19
433398 21 0 1 3 6 27
433433 23 1 1 6 6 20
433434 38 0 1 1 6 20
433435 118 1 1 3 6 23
433436 14 0 1 1 6 27
433437 47 1 1 1 6 28
433438 34 1 1 7 6 21
433445 42 0 1 3 6 24
433446 19 1 1 1 6 24
433447 55 0 1 8 6 18
433491 40 0 1 7 6 19
433493 89 1 1 6 6 18
433494 13 0 1 6 6 21
433496 61 1 1 9 6 20
433497 21 1 1 1 6 25
433500 12 1 1 8 6 27
433534 53 1 1 5 6 19
433536 38 1 1 9 6 22
433577 52 1 1 9 6 20
433611 43 0 1 7 6 18
433612 8 1 1 2 6 23
433615 71 0 1 8 6 19
433616 66 1 1 6 6 18
433650 15 1 1 2 6 19
433651 14 1 1 9 6 20
433671 58 1 1 3 6 20
433672 52 1 1 7 6 21
433673 16 0 1 9 6 21
433674 8 0 1 5 6 28
433675 3 0 1 1 6 25
433676 27 0 1 3 6 18
433705 27 1 1 1 6 26
433706 14 1 1 3 6 28
433707 13 1 1 1 6 26
433708 19 1 1 5 6 20
433709 45 1 1 6 6 24
433710 17 0 1 9 6 22
434334 8 0 1 1 6 22
434335 21 0 1 3 6 18
434337 69 1 1 2 6 19
434338 70 1 1 5 6 19
434339 19 1 1 1 6 26
434340 79 1 1 7 6 16
434341 11 1 1 0 6 21
434342 28 1 1 2 6 19
434346 21 1 1 9 6 25
434347 31 1 1 1 6 29
434366 24 0 1 4 6 18
434483 11 0 1 1 6 29
434490 22 0 1 1 6 22
434492 211 1 1 6 6 20
434494 35 0 1 6 6 18
434496 47 0 1 7 6 19
434549 35 1 1 0 6 19
434550 25 0 1 6 6 17
434604 4 1 1 1 6 18
434605 50 1 1 9 6 21
434606 24 0 1 9 6 21
434609 16 1 1 0 6 26
434719 20 0 1 1 6 25
434720 6 1 1 9 6 20
434722 66 0 1 9 6 21
434723 34 1 1 7 6 17
434724 33 0 1 3 6 18
434794 8 1 1 9 6 20
434795 47 1 1 3 6 19
434796 14 0 1 1 6 20
434797 38 0 1 1 6 20
434798 81 1 1 8 6 18
434831 30 0 1 0 6 18
434832 33 1 1 8 6 18
434833 1 0 1 9 6 21
434834 100 1 1 4 6 20
434835 20 0 1 5 6 19
434836 24 0 1 1 6 22
