34032
19
374
34032 669 1 1 8 6 15
2811 53 1 0 7 6 16
6316 84 0 0 4 6 19
7444 25 0 0 7 6 17
8106 106 1 0 8 6 17
9730 83 0 0 0 6 17
10197 162 1 0 8 6 17
16971 34 0 0 8 6 18
20946 74 1 0 8 6 18
21646 94 1 0 8 6 22
25608 93 1 0 0 6 19
25747 32 0 0 7 6 16
27135 146 1 0 8 6 20
29099 63 0 0 8 6 15
34659 107 1 0 8 6 18
35308 20 1 0 4 6 16
39695 212 1 0 9 6 19
41086 48 0 0 0 6 20
48778 61 1 0 8 6 22
49192 35 0 0 8 6 19
49287 36 0 0 8 6 21
50222 65 0 0 8 6 23
50465 77 0 0 8 6 19
50618 59 1 0 8 6 16
51538 540 1 1 1 6 21
53050 46 1 0 5 6 15
54572 67 1 0 8 6 17
56005 100 0 0 3 6 18
57780 47 1 0 4 6 17
58285 100 1 0 8 6 18
58618 72 0 0 0 6 16
58876 120 1 0 8 6 20
63073 57 0 0 8 6 18
63819 20 0 0 0 6 16
66595 71 1 0 7 6 16
66602 30 0 0 7 6 16
66687 11 0 0 7 6 15
66701 64 1 0 7 6 16
66793 32 1 0 7 6 17
66902 65 1 0 7 6 16
68674 33 1 0 8 6 16
69730 91 1 0 8 6 20
71554 77 0 0 2 6 19
72039 37 0 0 6 6 17
72070 98 1 0 2 6 22
74916 41 0 0 2 6 19
78072 73 0 0 3 6 16
80085 70 1 0 2 6 18
80110 56 0 0 2 6 18
80822 54 0 0 4 6 16
86103 120 1 0 6 6 17
86673 112 0 0 8 6 20
87974 83 0 0 8 6 17
88058 75 0 0 8 6 17
88340 72 1 0 8 6 18
88892 70 1 0 8 6 13
89184 301 1 0 8 6 16
91623 82 1 0 2 6 18
91984 61 0 0 8 6 21
92291 69 1 0 8 6 16
92303 56 0 0 8 6 16
92697 122 1 0 8 6 17
93146 54 0 0 8 6 16
94240 43 0 0 8 6 18
94711 60 1 0 2 6 18
94735 19 0 0 8 5 18
100336 65 1 0 8 6 16
100399 101 1 0 8 6 18
100456 61 1 0 8 6 17
100461 52 0 0 8 6 16
100463 24 0 0 8 6 16
100719 45 0 0 8 6 19
100827 80 1 0 8 6 17
100832 35 0 0 8 6 17
101025 124 1 0 8 6 18
101881 135 1 0 8 6 18
103755 56 0 0 8 6 17
104256 102 1 0 8 6 18
104299 31 1 0 8 5 16
104828 55 1 0 8 6 19
104883 51 0 0 8 6 22
106285 83 1 0 8 6 20
106396 117 1 0 8 6 20
106771 101 1 0 8 6 14
106861 89 0 0 8 6 18
107680 23 0 0 8 6 18
107773 29 1 0 5 6 13
108114 102 1 0 8 6 20
111031 66 0 0 7 6 18
113310 125 1 0 8 6 17
113979 90 1 0 5 5 21
114955 51 1 0 4 6 16
115449 44 1 0 0 6 19
117159 57 0 0 8 6 19
119864 40 0 0 8 6 16
121193 75 0 0 8 6 17
127696 19 0 0 8 6 18
129585 31 1 0 8 6 15
130743 87 0 0 4 6 18
132461 53 1 0 8 6 15
132676 30 0 0 3 6 19
132987 121 1 0 8 6 16
133081 57 1 0 2 6 18
134043 48 0 0 1 6 17
134088 89 1 0 8 6 15
136436 51 1 0 8 6 12
138204 46 0 0 7 6 20
140023 13 0 0 8 6 14
142025 21 0 0 8 6 18
142250 22 0 0 3 6 18
143163 80 0 0 0 6 15
143421 93 1 0 8 6 19
148241 111 1 0 8 6 20
149441 144 1 0 8 6 17
149603 39 1 0 2 6 18
149687 66 1 0 8 6 20
150649 10 1 0 8 6 14
150869 88 0 0 4 6 18
151410 21 0 0 8 6 19
151708 68 0 0 3 6 19
151928 41 1 0 8 6 18
152068 90 1 0 1 6 17
152086 103 1 0 2 6 17
152144 43 0 0 8 6 16
152732 61 0 0 8 6 22
153081 60 0 0 2 6 19
155475 54 0 0 8 6 18
155995 39 0 0 8 6 18
158634 90 1 0 8 6 18
159160 61 0 0 8 6 22
159182 66 1 0 2 6 18
161482 26 1 0 7 6 17
162162 27 1 0 0 6 16
163899 68 0 0 8 6 18
164394 63 0 0 2 6 18
164596 126 1 0 8 6 18
164878 84 0 0 4 6 16
167141 23 1 0 8 6 19
167241 136 1 0 8 6 13
167397 22 0 0 8 6 19
168222 50 0 0 6 6 18
168223 187 1 0 6 6 19
168357 31 1 0 2 6 31
169506 81 0 0 8 6 18
169683 44 0 0 8 6 18
169813 34 0 0 7 6 21
170015 103 1 0 3 6 19
170249 69 0 0 8 6 17
170517 91 0 0 8 6 14
170892 41 1 0 8 6 17
171589 86 1 0 8 6 19
173085 71 1 0 8 6 14
173432 24 1 0 8 6 12
174787 110 0 0 8 6 16
175123 58 0 0 8 6 21
175756 175 0 0 8 6 20
176399 54 0 0 8 6 17
176402 130 1 0 8 6 17
177071 86 1 0 2 6 18
177544 70 0 0 8 6 22
177613 12 0 0 8 6 16
177693 48 0 0 4 6 17
177886 44 1 0 8 6 16
177889 42 1 0 1 6 17
177943 61 0 0 4 6 15
177945 75 0 0 4 6 17
177949 51 0 0 8 6 19
178388 134 1 0 8 6 21
178444 43 0 0 8 6 20
178455 126 1 0 8 6 19
183645 41 1 0 3 6 18
184069 100 0 0 6 6 17
184907 33 0 0 8 6 18
185465 173 1 0 8 6 18
186223 72 0 0 2 6 17
186345 31 0 0 0 6 26
187793 67 1 0 8 6 18
187880 92 0 0 8 6 18
189211 59 1 0 8 6 19
189212 35 0 0 8 6 18
189347 71 1 0 1 6 16
189729 57 1 0 2 6 16
191804 34 1 0 6 6 20
191845 32 0 0 8 6 14
192341 18 1 0 8 6 14
192410 114 1 0 7 6 16
193025 54 1 0 8 6 18
193302 121 1 0 6 6 18
194107 40 0 0 2 6 21
194541 31 0 0 2 6 18
199836 81 1 0 7 6 17
199972 80 1 0 8 6 20
200007 44 0 0 8 6 20
200140 82 1 0 8 6 17
200233 82 0 0 8 6 17
200787 60 1 0 8 6 19
201041 76 1 0 7 6 15
202453 93 1 0 8 6 18
206293 64 1 0 4 6 13
206331 182 1 0 8 6 18
209648 183 1 0 8 6 19
211852 57 0 0 4 5 17
213331 22 0 0 8 6 17
213440 16 0 0 6 6 19
214192 72 0 0 0 6 20
214522 66 1 0 8 6 18
215393 44 0 0 8 6 18
215973 38 0 0 8 6 14
220915 60 0 0 8 6 18
221000 45 0 0 8 6 20
223035 43 0 0 8 6 17
223052 59 1 0 4 6 21
223113 92 1 0 8 6 17
223315 35 1 0 8 6 18
223716 138 1 0 8 6 18
223908 107 0 0 8 6 19
224024 96 0 0 8 6 19
225411 51 0 0 8 6 15
226573 42 1 0 8 6 17
226579 43 1 0 8 6 14
227043 183 1 0 8 6 19
227352 31 0 0 8 6 17
228842 65 1 0 4 6 14
229019 94 1 0 3 6 17
229409 95 1 0 4 6 17
229962 99 1 0 8 6 21
229970 62 1 0 8 6 19
230037 81 1 0 8 6 19
230324 140 1 0 8 6 16
230925 26 1 0 1 6 14
231744 81 0 0 8 6 20
233032 102 0 0 8 6 16
235125 56 0 0 6 6 23
237846 22 0 0 8 6 15
242506 44 0 0 8 6 16
243692 21 0 0 8 6 17
244231 47 1 0 2 6 16
244514 68 1 0 8 6 17
244697 84 1 0 8 6 16
245062 67 1 0 0 6 19
245142 144 1 0 8 6 16
247547 31 0 0 8 6 15
248676 93 0 0 8 6 18
249649 58 0 0 8 6 17
250515 56 0 0 8 6 18
251286 42 0 0 8 6 22
251477 14 0 0 8 6 20
256763 75 0 0 8 6 18
259665 183 1 0 6 6 18
260120 46 0 0 0 6 18
261951 38 1 0 8 6 17
261954 31 0 0 8 6 16
262177 29 0 0 8 6 19
266186 491 1 0 6 6 14
267354 18 0 0 8 6 14
269271 36 0 0 8 6 18
269546 66 0 0 8 6 19
270797 50 0 0 8 6 17
271994 75 1 0 8 6 20
272458 35 0 0 8 6 16
273540 38 0 0 8 6 22
274099 65 0 0 6 6 19
274474 33 1 0 2 6 18
274627 56 1 0 8 6 20
275330 72 1 0 7 6 16
275399 59 1 0 8 6 18
277841 126 1 0 3 6 19
278084 39 0 0 8 6 19
278160 146 1 0 8 6 20
282248 109 1 0 8 6 16
282656 218 1 0 0 6 17
282687 71 1 0 7 6 18
282762 125 1 0 8 6 17
283411 151 1 0 8 6 17
284380 186 1 0 3 6 19
286318 48 0 0 8 6 21
288687 82 0 0 8 6 18
288856 53 0 0 3 6 16
291327 115 1 0 8 6 17
291827 145 1 0 8 6 18
292730 38 1 0 2 6 18
293114 72 1 0 2 6 17
294213 92 1 0 8 6 18
296106 43 0 0 0 6 18
299433 62 0 0 8 6 19
299436 68 1 0 8 6 19
299989 98 0 0 6 6 18
300492 54 1 0 1 6 17
300653 43 1 0 8 6 17
300924 109 1 0 8 6 19
300991 30 0 0 8 6 20
301076 116 1 0 8 6 19
301171 48 1 0 8 6 15
301435 75 1 0 8 6 16
301456 63 1 0 8 5 18
301493 180 1 0 8 6 19
301570 25 0 0 8 5 22
301850 81 1 0 8 6 18
302857 21 1 0 8 6 16
303270 140 1 0 3 6 19
303301 21 0 0 8 6 18
303856 43 1 0 8 6 16
304517 124 1 0 8 6 14
307787 83 0 0 8 6 21
309113 28 0 0 8 6 17
310518 112 1 0 8 6 22
310620 62 1 0 8 6 16
312020 41 1 0 8 6 21
312972 172 1 0 8 6 18
314512 39 0 0 8 6 19
315249 36 0 0 7 6 20
317329 102 1 0 8 6 18
318175 88 1 0 8 6 19
318488 86 1 0 8 6 20
322073 74 1 0 8 6 18
323740 33 0 0 8 6 17
325259 95 1 0 8 6 18
326387 31 0 0 8 6 17
327340 141 1 0 8 6 18
327602 27 1 0 8 6 16
330882 28 0 0 8 6 15
331219 47 0 0 8 6 19
331243 104 1 0 8 6 19
331289 86 1 0 8 6 19
331293 100 1 0 8 6 19
331295 75 1 0 8 6 18
331391 133 1 0 8 6 20
331399 77 1 0 8 6 19
331400 24 0 0 8 6 18
331401 110 1 0 8 6 19
331402 47 1 0 6 6 19
331436 29 1 0 8 6 19
331734 55 1 0 8 5 18
331821 146 0 0 8 6 16
331924 108 1 0 8 6 17
332994 65 1 0 8 6 18
333021 105 1 0 8 6 19
333180 51 0 0 8 6 18
333275 70 1 0 8 6 18
334063 22 1 0 8 6 16
334097 94 0 0 8 6 18
334181 43 0 0 4 6 18
335063 62 1 0 8 6 23
336675 28 0 0 8 6 21
336967 58 1 0 8 6 17
337630 63 0 0 8 6 18
337728 95 1 0 8 6 17
337768 49 0 0 8 6 18
337925 64 0 0 8 6 17
337955 72 1 0 8 6 20
338399 106 1 0 8 6 19
338424 106 0 0 8 6 18
338501 119 1 0 8 6 22
338516 36 0 0 8 6 20
338842 52 1 0 8 6 23
339782 33 0 0 8 6 19
339788 51 0 0 8 6 18
340928 25 0 0 8 6 18
340930 69 0 0 8 6 18
341039 27 0 0 8 6 18
341276 46 0 0 8 6 18
342258 84 1 0 8 6 24
342480 99 1 0 6 6 21
342602 47 1 0 8 6 16
342905 90 1 0 8 6 18
342915 37 0 0 8 6 20
344961 40 0 0 8 6 19
345047 26 1 0 4 6 16
345262 131 1 0 4 6 19
345616 110 1 0 8 6 18
349916 51 1 0 8 6 19
351557 30 1 0 8 5 11
352333 83 1 0 8 6 18
355443 43 1 0 8 6 16
356391 30 0 0 8 6 17
359591 51 1 0 9 6 20
359724 51 0 0 8 6 20
359845 161 1 0 8 6 18
360047 53 1 0 8 6 20
360224 92 1 0 8 6 21
362639 53 1 0 8 5 17
362679 82 1 0 8 6 20
362753 45 0 0 2 6 17
362774 42 0 0 8 6 19
363147 30 1 0 6 6 21
363336 79 1 0 8 6 19
363789 54 1 0 8 6 15
373919 38 0 0 6 6 16
379173 25 1 0 4 6 21
380234 77 1 0 8 6 17
381056 14 0 0 0 6 17
382995 24 1 0 8 5 14
384462 33 1 0 2 6 14
387765 46 0 0 8 6 17
390420 22 1 0 8 6 14
390934 23 0 0 4 6 19
391741 13 0 0 8 6 17
392207 68 1 0 1 6 16
394148 43 1 0 1 6 20
394998 24 1 0 8 6 14
396432 41 1 0 8 6 18
396993 53 0 0 8 6 17
400575 20 0 0 8 6 17
401916 67 1 0 8 6 18
402236 56 1 0 7 6 15
403596 38 1 0 8 6 15
403819 49 0 0 4 6 18
404484 35 1 0 8 6 16
404964 63 1 0 8 6 19
407804 119 1 0 8 6 18
408693 32 0 0 8 6 18
410475 63 0 0 8 6 17
411755 65 0 0 8 6 18
413507 58 1 0 8 6 20
413742 73 1 0 7 6 16
417239 53 1 0 8 6 18
420679 51 0 0 6 6 16
423076 50 1 0 8 6 21
424730 92 1 0 6 6 17
425090 48 0 0 8 6 17
426024 19 1 0 8 6 13
426398 63 1 0 3 6 18
431445 119 1 0 8 6 15
432240 39 0 0 8 6 17
433987 26 1 0 8 6 17
434069 37 0 0 8 6 18
434363 34 0 0 8 6 17
435409 64 1 0 4 6 13
439828 125 1 0 8 6 20
440821 112 1 0 8 6 18
442659 64 1 0 8 6 25
443118 54 1 0 8 6 16
443601 54 0 0 2 6 18
448438 103 1 0 3 6 19
450633 71 1 0 6 6 17
452255 152 1 0 8 6 18
453271 70 1 0 3 6 15
453789 44 1 0 8 6 17
454440 147 1 0 7 6 15
454870 11 0 0 8 6 17
455306 117 1 0 8 6 17
455400 74 1 0 8 6 17
455407 57 0 0 8 6 17
455409 122 1 0 8 6 18
455410 103 1 0 8 6 18
455432 99 1 0 8 6 17
455433 52 0 0 8 6 18
455437 28 0 0 8 6 18
455471 72 1 0 8 6 17
455474 48 0 0 8 6 18
455544 78 0 0 8 6 16
455586 30 0 0 8 6 17
455592 114 1 0 8 6 16
455621 48 1 0 8 6 17
455646 22 1 0 8 6 18
455659 90 1 0 8 6 17
455676 22 0 0 8 6 17
455683 58 1 0 8 6 17
455699 59 0 0 8 6 17
455702 27 0 0 8 6 16
455705 50 1 0 8 6 19
455863 67 0 0 4 6 19
456912 20 1 0 8 6 19
457335 84 1 0 4 6 16
457344 66 1 0 6 6 20
457892 30 1 0 5 6 11
458218 92 1 0 8 6 12
459102 22 1 0 8 6 19
459106 42 1 0 7 6 13
459109 22 1 0 8 6 19
459141 16 0 0 8 6 13
459146 64 1 0 8 6 16
459150 18 1 0 8 6 16
459155 153 1 0 8 6 22
459382 15 0 0 4 5 17
459544 53 0 0 6 6 14
459765 2 1 0 9 6 16
459767 42 1 1 8 6 12
459768 7 1 0 2 6 14
459769 10 1 0 8 6 17
459770 36 1 0 4 6 17
459771 61 0 0 4 6 18
459772 29 1 0 8 6 13
459773 36 1 0 8 6 13
459796 22 1 0 2 6 16
459797 3 1 0 9 6 12
459799 109 1 0 6 6 17
459801 14 0 0 1 6 15
459802 48 0 0 8 6 14
459804 39 1 0 8 6 17
459826 53 1 0 8 6 17
459827 3 1 1 8 6 14
459828 2 1 1 2 6 14
459829 18 0 0 4 6 12
460021 73 1 0 7 6 15
460022 32 0 0 8 6 23
460085 11 1 0 8 5 24
460089 79 1 0 2 6 16
460140 18 0 0 8 6 17
460141 20 1 0 9 5 18
460146 98 1 0 8 5 19
460148 30 1 0 8 6 15
460150 19 1 0 8 6 17
460257 82 1 0 8 6 16
460259 81 1 0 8 6 18
460260 64 1 0 8 6 17
460261 29 1 0 8 5 19
460265 61 0 0 7 6 18
460266 49 1 0 8 6 18
460312 14 0 0 8 6 17
460313 55 1 0 8 6 18
460317 25 0 0 6 6 17
460319 6 0 0 1 6 15
460325 25 0 0 8 6 18
460401 59 1 0 8 6 13
460404 40 1 0 8 6 18
460405 21 1 0 8 6 16
460406 52 0 0 7 6 15
460481 29 0 0 8 6 18
460482 26 0 0 8 6 17
460485 44 0 0 8 6 19
460486 19 0 0 8 6 18
460525 53 0 0 8 6 20
460533 47 1 0 8 6 18
460561 67 1 0 8 6 19
460577 34 0 0 8 6 19
460581 46 0 0 8 6 18
460583 9 0 0 8 6 19
460602 55 0 0 8 6 19
460610 27 0 0 8 6 16
460615 41 1 0 6 6 22
460638 26 1 0 8 6 17
460641 50 1 0 8 6 19
460642 42 1 0 7 5 19
460643 41 1 0 8 6 13
460644 69 1 0 8 6 16
460674 36 0 0 3 6 20
460677 78 1 0 8 6 27
460679 24 1 0 8 6 16
460706 12 1 0 5 6 22
460707 1 0 0 0 6 16
460708 9 1 0 8 6 17
460711 22 1 0 6 6 20
460714 17 1 0 8 6 13
460716 31 1 0 8 5 16
460717 25 1 0 4 6 16
460753 47 1 0 6 6 16
460754 21 0 0 8 6 15
460755 18 1 0 1 6 14
460756 33 1 0 8 6 17
460758 4 1 0 4 5 18
460759 31 0 0 8 6 15
460791 84 1 0 8 6 15
460794 24 0 0 8 5 16
460795 31 1 0 8 5 19
460797 22 1 0 6 6 18
460798 13 1 0 8 6 9
460799 11 1 0 8 6 11
460812 32 1 0 8 6 19
460833 26 0 0 8 6 11
460837 8 1 0 8 6 10
460841 24 1 0 8 6 14
460843 44 1 0 8 6 18
460890 42 0 0 8 6 18
460924 51 1 0 8 6 19
460931 43 0 0 8 6 17
460932 16 0 0 8 6 24
460934 37 0 0 8 6 11
460935 59 1 0 8 6 20
460936 44 0 0 8 6 39
460937 57 1 0 8 6 18
460976 30 0 0 8 6 21
460979 26 1 0 8 6 16
460980 28 1 0 8 5 16
460992 50 1 0 8 6 17
460993 43 1 0 8 6 16
460995 8 0 0 8 6 15
460997 68 1 0 8 6 17
460998 19 0 0 8 5 18
461014 25 1 0 8 6 17
461016 51 0 0 6 5 17
461051 47 1 0 8 6 19
461054 14 0 0 8 6 18
461057 31 1 0 8 6 23
461078 98 1 0 8 6 17
461079 39 0 0 2 6 18
461081 57 1 0 8 6 20
461083 81 1 0 3 6 19
461084 68 1 0 8 6 20
461132 29 1 0 4 5 17
461133 41 1 0 8 6 18
461137 27 0 0 6 6 20
461161 5 0 0 6 5 20
461162 20 0 0 5 6 18
461163 28 1 0 8 6 17
461164 14 0 0 8 6 18
461165 70 0 0 8 5 18
461166 20 1 0 8 6 17
461206 80 1 0 8 6 20
461207 43 0 0 8 6 17
461209 19 1 0 8 6 19
461236 45 0 0 3 6 19
461267 64 1 0 8 6 17
461268 14 0 0 3 6 18
461270 37 0 0 8 6 18
461272 49 0 0 8 6 23
461273 68 1 0 8 6 19
461325 70 1 0 6 6 21
461326 40 0 0 8 6 21
461328 63 1 0 4 6 20
461364 42 1 0 8 6 20
461365 48 1 0 8 6 22
461366 29 1 0 6 6 23
461367 59 1 0 8 6 21
461368 35 0 0 8 6 23
461369 58 1 0 8 6 20
461370 32 0 0 8 6 19
461614 63 1 0 6 6 20
461615 107 1 0 8 6 20
461616 111 1 0 8 6 20
461666 62 1 0 8 6 21
461667 34 0 0 5 6 21
461668 64 0 0 4 6 17
461669 62 1 0 8 6 20
461671 76 1 0 8 6 20
461698 62 1 0 8 6 18
461699 21 1 0 6 6 20
461771 28 0 0 8 6 19
461772 45 1 0 6 6 19
461778 25 0 0 8 6 19
462009 37 0 0 8 6 18
462010 70 1 0 8 5 14
462011 53 1 0 8 6 18
462084 62 1 0 8 6 18
462085 17 0 0 8 6 16
462086 66 1 0 8 6 17
462109 89 1 0 8 6 15
462110 63 1 0 8 6 18
462111 18 1 0 8 6 19
462114 19 0 0 8 6 19
462116 38 0 0 8 6 16
462117 29 0 0 8 6 24
462118 35 1 0 8 6 15
462157 34 0 0 8 6 17
462161 23 0 0 8 6 17
462162 163 1 0 8 6 18
462165 74 1 0 6 6 19
462207 44 0 0 8 6 17
462208 28 0 0 8 6 18
462244 123 1 0 8 6 20
462247 83 1 0 8 6 19
462248 77 1 0 8 6 19
462249 28 0 0 8 6 17
462291 29 0 0 8 6 17
462347 39 0 0 8 6 18
462348 29 0 0 8 6 17
462395 78 1 0 6 6 19
462397 28 1 0 8 6 19
462398 46 0 0 8 6 18
462439 30 0 0 8 6 17
462441 21 0 0 8 6 21
462446 10 1 0 8 6 18
462447 58 0 0 8 6 15
462448 44 0 0 8 6 16
462449 20 0 0 8 6 24
462451 35 0 0 8 6 17
462562 48 1 0 2 6 18
462563 102 1 0 8 6 19
462564 57 0 0 8 6 17
462565 79 1 0 8 6 19
