263333
19
331
263333 205 1 0 3 6 19
851 107 1 1 0 6 25
13243 10 1 1 3 5 24
14152 133 1 1 3 6 22
17578 63 0 1 4 6 33
17579 63 0 1 4 6 19
18941 89 1 1 1 6 21
22076 50 0 1 2 6 26
23361 143 1 1 0 6 17
23670 20 0 1 3 5 27
36513 100 0 1 1 6 24
36739 91 1 1 0 6 31
39154 46 0 1 3 6 30
41617 51 0 1 3 6 32
47138 87 1 1 0 6 24
47507 50 0 1 2 6 24
50008 133 1 1 2 6 32
50277 122 0 1 2 6 25
55166 157 0 1 1 6 28
56445 64 1 1 4 6 20
56968 47 1 1 3 6 22
59463 72 0 1 3 6 22
60079 62 0 1 0 6 22
62061 78 1 1 5 6 25
62297 92 1 1 3 6 21
69487 18 1 1 7 5 26
77487 43 0 1 3 6 24
82304 22 0 1 1 6 26
82884 21 1 1 3 6 19
86902 56 1 1 2 6 27
87055 60 0 1 3 6 21
99325 22 0 1 1 6 33
100116 72 0 1 5 6 32
101061 64 0 1 0 6 23
105254 35 0 1 3 6 21
105255 179 1 1 2 6 22
109309 42 0 0 3 6 19
110774 82 0 1 3 6 24
112804 41 1 1 8 5 21
115135 82 1 1 3 6 40
117661 88 1 1 3 6 28
117736 100 1 1 4 6 21
118748 66 1 1 7 6 19
123099 95 1 1 3 6 21
123468 65 0 1 3 6 28
129302 220 1 1 3 6 19
130943 61 1 1 8 6 24
136831 37 1 1 1 6 17
140471 16 1 1 3 6 44
140847 124 1 1 0 6 22
148271 68 1 1 3 6 32
149449 91 0 1 3 5 22
153496 106 1 1 5 6 23
153550 36 1 1 9 6 20
155702 46 1 1 3 6 23
156285 33 0 1 3 6 33
157943 78 1 1 1 6 29
158648 28 1 1 1 6 22
167992 36 1 1 1 6 25
170319 227 1 1 5 6 33
170959 96 1 1 2 6 23
171607 106 0 1 3 6 20
171880 306 1 1 3 6 25
174429 43 0 1 3 6 30
175833 59 0 1 3 6 34
186245 12 0 0 4 6 19
188845 45 1 1 3 6 20
192958 36 0 1 3 6 28
197194 32 1 1 2 6 27
201225 69 0 1 3 6 27
205130 53 0 1 3 6 19
211036 15 0 1 5 6 40
214598 84 1 1 3 6 22
219966 85 1 1 3 6 23
226444 79 1 1 3 6 29
229765 158 1 1 3 6 18
237758 65 0 0 3 6 19
239621 64 1 1 3 6 19
239978 30 0 1 3 6 26
240506 86 1 1 3 6 18
241600 90 1 1 3 6 30
243474 16 0 1 6 4 33
248350 19 0 1 3 6 31
255105 25 0 0 4 6 23
255113 23 1 1 3 6 24
255324 20 1 1 0 6 21
256106 59 0 1 3 6 22
257339 25 0 1 3 6 23
262438 81 1 1 3 6 25
263150 22 1 1 3 6 24
263340 21 0 1 3 6 22
263351 94 0 0 3 6 20
263821 95 1 0 5 6 19
264136 52 0 1 3 6 20
264264 183 1 0 3 6 19
265147 36 1 1 3 6 19
266501 49 0 1 4 6 23
267997 35 0 1 4 6 25
269656 16 0 1 3 6 30
273945 25 1 1 2 6 21
284456 127 1 1 3 6 21
293493 108 1 1 3 6 22
298971 34 0 1 3 6 20
300163 32 0 1 3 6 23
300213 109 1 1 3 6 21
301980 106 1 1 3 6 25
302066 46 0 1 3 6 21
307163 69 0 1 3 6 20
310450 140 1 1 3 6 19
317996 64 1 1 2 6 26
323927 128 1 1 3 6 23
324656 26 0 1 3 6 22
324710 64 0 0 3 6 21
327510 29 0 1 1 6 37
327547 43 0 1 3 6 22
336406 37 0 1 7 6 25
337308 23 0 1 4 6 29
345587 23 0 1 3 5 24
355360 205 1 1 3 6 21
357346 203 1 1 3 6 19
363257 22 0 1 3 6 26
369342 119 1 1 3 6 23
370119 120 1 0 3 6 19
372221 91 1 1 3 5 18
387978 23 0 1 3 6 28
391153 106 1 1 3 6 19
392401 69 1 1 3 6 31
405617 35 1 1 3 6 16
408696 101 1 1 1 6 23
420635 41 1 1 3 6 21
426497 32 1 1 3 6 24
426849 92 0 0 3 6 18
426902 65 1 1 4 6 21
427039 158 1 1 3 6 18
427135 76 1 1 3 6 19
432468 79 1 1 3 6 18
433051 36 0 1 2 6 24
435038 42 0 0 3 6 19
435278 62 0 1 3 6 22
435559 37 1 1 3 6 22
437783 47 1 1 3 6 26
450478 75 1 1 3 6 19
450944 57 0 1 3 6 23
450986 26 0 1 3 6 23
451598 26 1 1 3 6 30
464431 36 1 1 4 6 36
478347 11 0 1 1 6 25
488284 76 1 0 3 6 19
498238 39 1 1 3 6 30
501841 56 0 0 3 6 18
503362 14 0 1 8 6 30
508656 2 1 1 2 6 34
520422 46 0 1 4 6 31
528443 5 0 1 3 6 18
534626 19 0 1 1 6 38
535651 49 1 1 4 6 29
542925 34 1 1 3 6 27
545332 52 1 1 3 6 27
550419 18 1 1 0 6 26
554241 31 1 1 3 5 21
559084 45 0 1 7 6 24
560229 9 0 1 3 6 17
573415 13 0 0 3 6 21
596402 13 0 0 3 6 29
606144 2 1 1 4 6 22
616775 44 1 1 8 6 31
621318 17 1 1 0 6 35
645297 39 1 1 3 6 27
651116 21 1 1 2 6 25
657987 62 1 1 4 6 32
669206 31 0 1 3 6 22
671952 29 1 1 1 6 26
691970 60 1 1 3 6 21
692075 65 1 1 3 6 19
696612 45 1 1 3 6 22
698978 20 0 1 3 6 24
730881 40 1 1 3 6 22
741651 24 1 1 3 6 23
770077 7 1 1 3 5 24
792429 86 1 1 3 6 29
794669 20 1 1 3 6 22
816614 38 1 0 3 6 18
874944 31 1 0 3 6 45
890639 26 1 1 3 6 27
895993 4 1 1 0 6 23
906592 5 0 1 3 6 31
929087 10 1 1 2 6 61
933667 19 1 1 1 6 17
934276 52 1 1 3 6 28
936346 5 0 1 1 6 28
938140 8 0 1 3 5 28
943951 4 1 1 0 6 31
960600 7 0 1 3 6 30
969779 63 1 1 3 6 28
970731 8 1 1 4 6 111
995865 7 0 1 1 6 27
1047179 10 1 1 8 6 26
1181803 11 0 1 7 6 28
1182268 5 0 1 3 6 32
1182594 4 1 1 4 6 33
1182624 10 1 1 3 6 23
1182638 20 1 1 6 6 20
1182639 4 1 1 7 6 30
1182645 4 0 1 3 6 26
1182668 2 0 1 3 6 35
1182677 1 0 1 3 5 22
