211826
19
470
211826 582 1 1 6 6 28
4673 220 0 0 9 6 20
10270 182 1 0 4 6 17
10401 5 0 0 8 6 19
10503 17 1 0 0 6 20
27232 210 1 0 4 6 24
27460 91 0 0 0 6 18
31909 141 1 0 8 6 23
34486 40 1 1 5 6 27
38047 70 0 0 7 6 20
39510 90 1 0 8 6 19
39512 104 1 0 4 6 22
39729 115 1 0 4 6 16
39803 267 1 0 4 6 19
39972 176 1 0 8 6 14
40017 114 1 0 6 6 17
40024 5 0 0 4 5 17
40289 403 1 0 6 6 21
42384 218 1 0 6 6 26
43186 75 0 0 8 5 19
43230 133 1 0 4 6 24
44283 90 0 0 9 6 25
44564 225 1 0 6 6 22
44721 117 0 0 4 6 22
48020 12 1 0 2 5 27
48597 163 1 0 4 6 20
49069 292 1 0 6 6 26
49338 130 1 0 6 6 29
50419 17 1 0 9 5 20
51442 198 1 0 6 6 25
51452 219 1 0 6 6 25
52091 145 1 0 0 6 18
53669 244 1 0 8 6 19
53998 70 0 0 5 6 23
54314 52 1 0 4 5 22
54494 39 0 0 6 6 24
55712 143 0 0 8 6 16
57073 14 1 0 1 6 23
57736 227 0 0 2 6 18
57757 140 0 0 6 6 29
62383 19 1 0 0 6 32
63757 103 1 0 2 6 22
66889 81 0 0 6 6 19
67449 157 1 0 6 6 17
67945 50 0 0 6 6 20
69455 255 1 0 8 6 16
70314 72 1 0 8 6 21
72296 355 1 0 4 6 16
72572 64 0 0 4 6 18
76194 79 1 0 0 6 19
76266 302 1 0 6 6 19
83168 194 1 0 6 6 17
84544 233 1 0 3 6 15
85048 35 1 0 9 6 17
86688 198 1 0 6 6 19
87688 173 1 0 4 6 18
87981 130 0 0 8 6 18
88426 39 0 0 4 6 17
88743 19 1 0 4 5 19
89184 301 1 0 8 6 16
89492 79 1 0 3 6 19
89494 76 1 0 3 6 22
92738 34 1 0 4 5 21
93354 302 0 0 6 6 18
107031 162 1 1 6 6 18
107494 112 0 0 4 6 28
107497 168 0 0 6 6 16
107824 176 1 0 4 6 21
108279 84 1 0 4 6 18
108799 184 1 0 6 6 18
108809 214 0 0 6 6 19
108979 189 0 0 4 6 19
108986 82 1 0 9 6 25
109854 36 0 0 6 6 24
111334 176 1 0 4 6 19
126703 25 0 0 6 6 21
132778 394 1 0 4 6 16
136669 40 0 0 2 6 15
138122 65 0 0 2 6 19
150099 94 1 0 6 6 18
154531 86 1 0 2 6 22
158810 53 0 0 6 6 26
160619 102 1 0 1 6 18
166028 148 0 0 4 6 18
166311 51 1 0 4 6 18
166389 149 0 0 4 5 17
166512 103 1 0 4 6 20
166760 28 0 0 8 6 15
168385 54 0 0 4 6 18
168463 79 0 0 4 6 18
171149 102 1 0 7 6 15
175309 44 0 0 4 6 31
175320 199 1 0 4 6 26
175452 28 0 0 6 6 29
176259 64 0 0 6 6 27
176894 80 0 0 6 6 31
176984 86 0 0 6 6 20
177258 168 0 0 6 6 28
177362 34 0 0 2 6 28
177431 83 0 0 4 6 28
178703 37 1 0 6 6 17
182332 134 0 0 6 6 19
182777 19 0 0 2 5 18
182779 22 1 0 4 6 16
185272 208 0 0 8 6 17
186312 142 1 0 9 6 16
188739 14 0 0 4 6 19
193767 87 1 0 6 6 19
197596 158 1 0 2 6 21
199540 69 0 0 6 5 17
200927 73 0 0 2 6 24
210432 165 0 0 6 6 18
211007 398 1 0 6 6 19
211048 204 1 0 4 6 16
211207 212 1 0 8 5 19
211315 76 0 0 4 6 20
211598 42 0 0 4 5 20
211995 67 0 0 4 6 21
214108 31 1 0 6 6 20
214113 338 1 0 1 5 32
216845 96 1 0 2 6 25
222279 20 0 0 4 6 25
224620 444 1 0 8 6 18
224996 24 1 0 9 6 33
229429 48 0 0 6 6 19
229447 33 1 0 4 6 26
231194 38 1 0 6 6 16
233167 19 1 0 2 5 23
235846 98 1 0 1 5 21
240979 246 1 0 4 6 20
241073 329 1 0 6 6 17
241592 563 1 0 6 6 22
242059 122 1 0 2 6 16
242076 32 1 0 8 6 22
244394 92 1 0 2 6 16
246102 74 1 0 6 6 24
246489 73 1 0 8 6 23
257552 88 0 0 4 6 23
257554 115 1 0 4 6 20
260819 80 1 0 7 6 20
261025 41 0 0 6 6 27
261334 99 1 0 9 6 21
265346 79 0 0 9 6 20
267600 227 1 0 6 6 17
267754 27 1 0 9 5 21
271593 246 1 0 8 6 16
271663 207 1 0 4 6 17
271669 33 1 0 6 5 17
271762 92 0 0 4 6 18
271764 39 0 0 8 5 19
271959 41 1 0 6 6 19
272273 246 0 0 4 6 17
272335 311 0 0 6 6 19
272573 163 0 0 6 6 17
273577 82 0 0 6 6 17
273617 13 1 0 2 6 18
276148 170 1 0 6 6 29
276263 86 1 0 4 6 19
276347 62 1 0 8 6 23
276527 34 1 0 6 6 22
277181 30 1 0 1 6 21
277421 24 1 0 4 6 20
278228 13 0 0 6 6 31
278381 155 1 0 6 6 21
279576 124 0 0 6 6 16
282341 55 1 0 6 6 24
282464 31 1 0 6 6 20
282505 143 0 0 8 6 18
282509 148 0 0 6 6 19
282523 172 0 0 6 6 17
282612 150 0 0 6 6 19
282623 228 0 0 6 6 17
282661 270 1 0 4 6 19
282800 67 1 0 9 6 24
283474 69 0 0 6 6 24
285190 167 0 0 6 6 17
285551 256 1 0 8 6 18
285701 163 1 0 8 6 19
285736 71 1 0 6 6 18
285893 150 0 0 7 6 16
286201 291 1 0 6 6 17
288394 178 1 0 6 6 15
291168 152 1 0 4 5 20
292991 107 1 0 5 6 17
293677 122 0 0 8 6 19
295685 268 1 0 8 5 16
296555 32 1 0 9 6 19
296862 30 1 0 2 5 19
297116 66 1 0 2 6 18
298223 107 1 0 8 6 18
302633 42 0 0 1 6 25
304318 127 0 0 6 6 20
304600 220 0 0 8 6 17
305647 319 0 0 6 6 19
305667 154 1 0 4 6 17
305771 107 1 0 4 6 27
305833 102 0 0 8 6 18
310019 63 1 0 9 6 20
310426 40 0 0 8 6 22
313253 119 0 0 4 6 19
313317 138 0 0 8 6 18
314048 107 0 0 4 6 15
317219 50 0 0 6 6 17
319721 47 1 0 8 6 25
320102 67 1 0 4 6 20
320525 45 0 0 9 6 34
320527 116 1 0 9 6 19
320550 84 1 0 6 5 16
320554 45 1 0 6 6 22
320556 51 0 0 6 6 23
320614 27 0 0 6 6 19
320616 116 1 0 6 6 18
320939 77 0 0 6 6 24
320940 231 1 0 9 6 18
321352 48 1 0 8 6 18
321413 95 0 0 4 6 21
321438 230 0 0 4 6 18
321449 286 1 0 8 6 20
321885 59 1 0 7 5 18
321945 132 1 0 8 6 21
322121 178 0 0 8 6 22
322128 110 1 0 8 6 20
323085 180 1 0 6 6 16
323502 74 1 0 4 6 19
323505 58 1 0 8 6 19
323753 93 0 0 6 6 17
323754 139 0 0 4 5 20
323804 133 1 0 6 6 21
324188 97 1 0 5 6 20
330110 293 1 0 4 6 19
330254 35 0 0 6 6 25
331195 22 1 0 9 6 22
331736 11 1 0 6 6 23
333072 101 0 0 6 6 21
334894 98 1 0 6 6 21
340480 17 0 0 7 6 22
340635 29 1 0 2 6 29
343929 18 1 0 1 6 21
345961 62 1 0 5 6 24
347870 255 1 0 6 6 20
348150 91 1 0 6 6 26
348396 34 0 0 4 6 18
348548 221 1 0 4 6 17
348663 217 1 0 4 6 19
350067 48 0 0 9 6 21
351559 212 1 0 6 6 17
351987 22 0 0 2 5 23
352535 134 1 0 4 6 19
352977 125 1 0 8 6 18
354523 41 1 0 1 6 21
355853 64 1 0 9 6 22
356228 17 1 0 6 6 29
356583 34 0 0 4 6 22
356940 49 1 0 6 6 27
358192 26 1 0 3 6 25
360211 73 0 0 9 6 18
360924 199 1 0 6 6 24
361719 24 1 0 9 6 19
362663 24 1 0 1 5 26
364975 187 1 0 1 5 19
365677 113 1 0 4 6 16
365682 110 1 0 8 6 21
369703 2 1 0 8 6 20
369796 103 1 0 8 6 23
369995 124 1 0 8 6 24
371058 13 0 0 4 6 19
371088 119 1 0 8 6 21
372044 141 1 0 2 6 30
372777 161 1 0 8 6 21
374493 48 1 0 8 6 15
376048 105 1 0 8 6 21
379028 21 1 0 0 6 31
382533 163 0 0 8 6 17
382594 10 1 0 4 6 20
382619 104 1 0 8 6 18
383521 27 0 0 2 6 20
383689 85 1 0 4 6 21
384607 421 1 0 6 6 21
384671 164 1 0 4 6 19
384875 126 1 0 4 6 17
385006 57 0 0 4 6 20
385041 46 1 0 4 5 19
386029 26 1 0 6 6 21
386040 118 0 0 4 6 16
387247 18 0 0 4 6 19
391094 34 0 0 7 6 32
397828 28 1 0 1 6 21
400667 229 1 1 6 6 20
403045 69 1 0 6 6 20
408338 184 0 0 8 6 19
411322 69 1 0 2 5 16
430473 19 0 0 4 6 19
432655 35 1 0 6 5 21
432801 22 1 0 8 6 24
432802 96 1 0 8 5 19
432831 56 1 0 8 5 19
432833 87 1 0 8 6 19
433033 181 1 0 8 6 20
433755 104 0 0 8 6 20
434774 58 0 0 4 6 25
434900 188 1 1 6 6 20
435004 188 1 1 6 6 13
435252 100 1 0 8 6 19
435451 102 1 0 6 5 33
435753 98 1 0 8 6 20
436551 60 0 0 6 6 21
437990 156 0 0 8 6 19
440055 13 1 0 1 5 18
443952 69 0 0 4 6 16
444565 4 1 0 2 6 18
445817 76 0 0 6 6 24
445825 36 0 0 6 6 28
447256 96 1 0 8 6 16
450089 229 1 0 6 5 26
452939 24 1 0 4 6 18
453165 12 0 0 6 6 18
454300 62 1 0 8 6 16
454832 95 1 0 8 6 20
454894 107 1 0 8 6 21
459335 52 1 0 4 6 17
459771 61 0 0 4 6 18
462673 19 0 0 4 6 21
462851 13 1 0 9 5 17
464692 173 1 0 6 6 15
465352 31 0 0 6 6 28
465587 47 0 0 6 6 20
465645 80 1 0 4 6 19
465703 20 1 0 4 6 22
466315 97 1 0 6 6 20
468880 58 1 0 5 6 17
469470 55 0 0 4 6 20
469503 95 1 0 9 6 21
469598 51 1 0 5 5 18
469820 13 1 0 1 6 18
470135 85 0 0 4 6 17
470424 13 0 0 2 6 20
470563 11 0 0 4 6 21
472712 45 1 0 6 6 20
472873 65 1 0 6 6 25
473059 12 1 0 1 5 23
476077 58 0 0 6 6 17
478137 47 1 0 9 6 26
488259 28 1 0 6 6 16
489354 131 0 0 4 6 15
491221 53 0 0 6 6 17
493979 37 1 0 9 6 19
496961 29 1 0 6 5 18
497058 39 1 1 4 6 21
499581 67 1 0 0 6 19
507161 30 0 0 4 5 18
508674 107 0 0 8 6 19
509769 34 1 0 9 6 22
511386 76 0 0 6 6 20
512883 239 1 0 6 6 17
513142 53 0 1 4 6 24
513145 57 1 0 4 6 23
513149 42 1 0 4 6 27
516854 2 0 0 4 6 20
516979 154 1 0 9 6 16
517708 56 1 1 4 6 24
518383 5 1 0 1 5 25
518500 76 1 0 6 6 16
518506 41 1 0 8 6 21
518632 52 1 0 6 6 20
518971 72 0 1 6 5 24
519143 116 1 0 4 6 26
519859 67 0 0 6 6 21
520266 16 1 0 6 6 18
520937 80 1 0 8 6 18
522831 66 1 0 9 6 17
522994 230 1 0 4 6 16
524625 23 1 0 4 6 25
526468 65 0 0 4 6 25
528804 33 1 0 6 6 24
529500 26 0 0 6 6 23
529822 107 1 0 6 6 22
530902 66 1 0 6 6 17
531440 86 1 0 6 6 26
531990 13 1 0 6 6 22
533004 22 0 0 4 6 20
533048 136 0 0 4 6 17
536002 13 1 0 1 6 24
539392 65 1 0 6 6 25
540687 29 1 0 9 6 18
543846 89 1 0 8 6 13
544162 5 1 1 4 6 18
555751 35 1 0 6 6 27
558191 19 0 0 5 6 23
558485 40 0 0 4 6 25
563002 96 1 0 6 6 17
565398 117 1 0 8 6 17
565645 69 1 0 9 6 18
566786 33 1 1 8 5 1
566866 22 0 1 6 6 25
567116 60 1 0 6 5 24
571062 34 1 0 6 5 20
587905 49 1 0 8 5 14
591708 86 1 0 4 6 23
591710 50 0 0 4 6 20
595919 53 1 0 4 6 19
597697 53 1 0 4 6 17
599081 15 0 0 6 6 26
602705 9 1 1 6 6 18
610966 6 1 0 9 5 20
611160 38 1 0 4 6 19
615117 24 1 0 6 6 17
619248 55 0 0 6 6 16
619525 10 0 0 6 5 21
619635 14 1 0 4 6 23
620159 21 0 0 6 6 22
620202 10 1 0 9 6 43
621287 76 0 0 6 6 21
624300 80 1 0 8 6 26
625025 6 1 0 9 5 27
625084 12 1 0 9 6 32
626846 12 1 0 8 6 18
629479 55 1 0 6 6 18
640168 66 0 0 6 6 23
640846 208 1 0 6 6 19
656159 5 1 0 4 5 19
668284 45 1 0 2 6 22
668508 20 1 0 8 5 18
678268 139 1 0 6 6 17
679307 28 0 1 4 6 24
690420 62 1 0 6 6 31
708831 24 1 0 0 6 29
711379 160 1 0 8 6 12
712358 66 1 0 6 6 26
714830 6 0 0 4 6 19
716232 12 1 0 1 6 37
717602 71 1 0 6 6 22
724938 35 0 0 4 5 19
726074 17 1 0 2 6 36
729648 40 1 0 4 5 18
735907 22 0 0 6 6 32
738352 72 1 0 6 6 26
740092 19 0 0 6 6 29
743598 18 1 0 8 5 34
744741 17 0 0 6 6 18
745293 185 0 0 8 6 17
745534 61 1 0 6 6 20
745613 18 0 0 4 6 19
746051 46 1 0 4 6 18
746508 25 1 0 9 6 18
746806 22 1 0 9 6 17
747017 14 1 0 8 5 17
749437 54 1 0 4 6 21
749473 22 0 0 6 5 21
750091 84 1 0 6 6 22
750121 61 1 0 6 6 18
750736 65 0 0 4 6 17
751189 17 1 0 6 5 19
751403 7 1 0 4 6 20
751576 52 0 0 6 6 19
752647 54 0 0 4 6 18
752966 12 1 0 9 6 20
753077 18 1 0 4 6 18
753610 7 0 0 6 6 26
753619 14 1 0 8 5 19
755660 45 1 1 6 6 20
756148 11 0 0 6 6 16
757492 6 0 0 4 5 19
757495 16 1 0 6 6 27
758233 56 1 0 4 6 26
759524 2 0 0 6 5 29
762748 35 1 0 9 6 20
764411 34 1 0 8 6 26
766982 18 1 0 4 5 19
767373 21 1 0 6 6 23
768808 8 1 1 6 6 18
769140 20 1 0 6 6 27
775569 32 1 0 6 6 19
776731 40 1 0 6 6 19
776835 12 0 0 4 5 19
777993 142 1 0 7 6 17
779102 26 1 1 4 6 20
781282 24 0 0 4 6 19
781982 7 1 0 9 6 27
785697 31 1 0 9 6 17
786743 13 1 0 8 5 19
789303 64 1 0 4 6 25
795554 10 1 0 9 6 16
802413 38 0 0 4 6 20
809592 17 1 0 9 6 20
809858 21 1 0 8 6 19
810063 1 1 0 4 5 18
810403 24 1 0 9 6 35
810917 16 1 0 2 5 24
812589 9 1 0 4 6 21
822638 63 1 0 8 6 28
826821 48 1 0 8 6 25
838551 8 1 0 2 6 22
882408 17 1 0 2 6 20
889866 4 1 0 2 6 22
898731 12 1 0 4 6 18
903991 115 1 0 4 6 20
905846 9 0 0 1 6 25
927546 17 0 0 6 6 32
928421 9 1 0 9 6 19
930328 7 0 0 4 5 20
931091 6 1 0 1 6 22
931510 43 0 0 6 6 25
933498 73 0 1 6 6 29
935123 4 0 0 5 5 21
936126 14 1 0 9 5 29
938874 4 1 1 2 5 21
948999 14 1 0 1 6 21
962613 7 1 0 6 5 28
963001 6 1 0 8 6 35
986822 6 1 0 2 6 22
1005002 13 0 0 7 6 22
1008340 15 1 0 6 5 20
1029532 15 1 0 6 6 15
1033480 56 1 0 6 5 23
1038262 14 1 0 6 6 21
1042300 10 0 1 4 6 24
1045663 8 0 0 4 6 18
1047566 40 0 0 4 6 28
1049789 8 0 0 4 6 26
1052620 20 1 0 4 6 33
1053194 17 1 1 6 6 31
1058804 6 0 0 6 6 34
1060285 17 1 0 6 6 20
1061777 6 1 0 1 6 26
1063093 13 1 0 9 6 20
1068721 21 1 1 6 6 28
1069582 45 1 0 6 6 28
1069992 15 1 1 4 6 32
1071630 16 1 0 4 6 18
1072736 68 1 0 8 6 25
1095246 17 1 0 6 6 30
1108169 5 1 0 6 5 18
1108194 5 1 0 8 6 20
1110941 4 1 0 9 5 23
1113447 11 1 0 9 5 17
1113725 7 1 0 6 6 20
1113891 1 0 0 6 6 17
1114046 6 1 0 8 5 16
1114129 8 1 0 4 6 21
1114135 9 1 1 6 5 25
1114338 12 1 1 6 6 28
1114455 1 1 0 6 5 18
1114458 18 1 0 6 6 17
1114525 2 1 0 4 5 23
1114526 1 1 1 8 5 25
1114528 1 1 0 8 5 11
1114529 4 1 0 6 5 21
1114540 4 1 0 8 5 19
1114541 2 1 0 8 5 21
1114554 12 0 0 6 6 22
1114556 18 0 1 4 6 25
1114626 18 1 0 4 6 30
1114667 10 0 0 6 5 21
1114669 18 1 0 6 6 22
1114673 4 1 0 6 5 19
1114681 5 1 0 6 5 20
1114683 1 1 0 2 6 20
1114696 8 0 0 8 6 27
1114697 3 1 0 1 5 31
1114701 13 1 0 6 6 16
1114708 2 1 0 6 5 25
1114713 1 1 0 4 5 15
1114714 26 1 0 6 6 25
1114715 5 1 0 6 5 34
1114727 3 0 0 6 6 22
1114729 2 1 0 8 6 20
1114730 8 1 0 6 6 24
1114731 2 1 0 6 6 22
1114776 1 1 0 2 5 22
1114777 7 1 0 6 6 25
1114778 2 1 0 6 5 20
1114789 21 0 0 6 6 23
1114793 9 0 0 4 5 20
1114828 2 0 0 2 5 15
1114829 1 1 0 6 5 15
1114842 4 1 0 2 5 22
1114858 4 1 0 0 6 25
1114911 5 0 0 6 6 37
1114912 15 1 0 4 6 20
1114913 8 1 0 4 6 25
1114958 14 1 0 6 6 24
1114959 6 1 0 4 6 23
1115120 1 0 0 2 5 24
