146032
19
543
146032 845 1 1 8 5 29
4876 105 0 0 8 6 17
6752 50 1 0 8 6 18
9351 86 0 0 8 6 18
12614 15 0 0 8 6 29
15057 77 0 0 8 6 19
29751 60 0 0 8 6 20
32354 16 0 0 8 6 25
32793 55 0 0 8 6 16
33462 40 0 0 8 6 20
33750 158 1 0 8 6 16
35516 120 1 0 8 6 16
39972 176 1 0 8 6 14
39974 117 1 0 8 6 17
41338 19 1 0 8 6 24
41819 20 0 0 8 6 24
44183 92 0 0 8 6 17
45545 68 1 0 8 6 19
46637 9 1 0 3 5 14
47044 40 0 0 8 6 18
47208 12 0 0 8 6 18
50601 10 1 0 8 6 19
51678 65 1 0 8 6 30
53144 117 1 0 8 6 18
53379 128 1 0 8 6 17
53404 75 0 0 8 6 18
54398 19 0 0 8 6 21
54614 39 0 0 8 6 18
55280 166 1 0 8 6 18
55411 24 0 0 1 6 28
56436 53 0 0 8 6 17
56513 181 1 0 6 6 16
56977 38 0 0 8 6 17
57827 129 1 0 6 6 22
58176 86 1 0 8 6 33
58285 100 1 0 8 6 18
58650 24 0 0 8 6 30
58950 93 0 0 8 6 18
59494 65 0 0 8 6 16
59521 50 0 0 8 6 18
59706 62 0 0 8 6 18
60796 335 1 0 8 6 19
60895 37 0 0 8 6 14
61149 175 0 0 8 6 18
66356 54 1 0 8 6 18
66900 62 0 0 6 6 19
68674 33 1 0 8 6 16
72892 216 1 0 8 6 17
76293 81 1 0 8 6 18
79003 63 0 0 8 6 17
80078 83 1 0 8 6 16
82104 50 0 0 8 6 20
82607 88 1 0 8 6 19
84369 53 0 0 8 6 18
84787 83 1 0 8 6 18
87215 100 1 0 8 6 18
87981 130 0 0 8 6 18
89727 115 1 0 8 6 15
90222 115 1 0 8 6 16
90331 52 0 0 8 6 18
90584 223 0 0 4 6 17
93474 86 0 0 8 6 18
93711 30 0 0 8 6 18
94557 13 0 0 8 6 26
94670 29 1 0 8 6 15
96915 58 1 0 8 6 16
98260 34 0 0 8 6 22
100061 75 1 0 8 6 18
106103 83 0 0 8 6 24
106292 132 1 0 8 6 17
107150 70 1 0 8 6 15
108678 128 1 0 8 6 19
108871 130 0 0 8 6 19
109105 84 1 0 8 6 18
109119 85 0 0 1 6 24
112296 19 0 0 8 6 44
112317 106 1 0 8 6 21
113573 197 1 0 8 6 16
114313 38 0 0 8 6 15
117836 105 1 0 8 6 18
120955 200 1 0 8 6 32
122221 53 1 0 8 6 17
123527 41 0 0 8 6 16
123787 65 0 0 8 6 18
126059 93 1 0 8 6 18
127441 76 1 0 8 6 16
128088 35 0 0 8 6 18
128490 68 1 0 8 6 18
130581 20 0 0 8 6 20
131899 49 0 0 8 6 18
132201 51 0 0 8 6 17
132461 53 1 0 8 6 15
133692 54 1 0 8 6 15
133733 85 1 0 8 6 16
134437 81 1 0 8 6 15
134799 61 0 0 8 6 19
135012 12 0 0 8 5 26
135834 108 1 0 8 6 20
138271 55 0 0 8 6 18
138646 52 0 0 8 6 17
140781 45 1 0 8 6 16
145650 13 1 0 8 6 16
148406 72 0 0 8 6 19
149493 58 1 0 8 6 17
151058 38 1 0 8 6 17
151135 178 1 0 8 6 18
151195 189 1 0 8 6 17
151926 117 1 0 8 6 17
154809 73 0 0 8 6 26
154936 58 0 0 8 6 19
161405 143 0 0 8 6 18
163899 68 0 0 8 6 18
164073 78 0 0 8 6 18
164079 249 1 0 8 6 19
164133 55 0 0 8 6 15
164204 75 0 0 8 6 16
164627 126 1 0 8 5 17
166600 218 1 0 8 5 18
166605 73 0 0 8 6 19
166879 155 1 0 8 6 16
167024 22 1 0 8 6 17
167030 70 1 0 8 5 16
167763 52 1 0 8 6 26
168743 54 1 0 8 6 19
168999 110 1 0 8 6 20
169297 103 0 0 8 6 18
169303 43 0 0 4 6 18
169506 81 0 0 8 6 18
169849 69 0 0 8 6 19
169958 119 1 0 8 6 19
170150 18 0 0 8 6 20
170892 41 1 0 8 6 17
170896 26 0 0 8 6 18
171389 395 1 0 8 6 18
171485 84 0 0 8 6 17
171551 107 0 0 8 6 19
171726 26 0 0 8 6 18
171789 131 1 0 8 6 16
172992 110 1 0 8 6 16
173593 99 1 0 8 6 16
173821 20 0 0 8 6 17
173846 59 0 0 8 6 18
175394 48 0 0 8 6 28
176261 45 1 0 8 6 30
180845 54 1 0 8 6 22
181392 38 1 0 8 6 16
187195 18 0 0 8 6 18
187671 54 1 0 8 6 18
187880 92 0 0 8 6 18
187925 56 0 0 8 6 19
187976 49 0 0 8 6 18
188299 233 1 0 8 6 18
188657 76 1 0 8 6 17
188661 34 0 0 8 6 15
188777 32 0 0 8 6 16
188858 171 1 0 8 6 17
189211 59 1 0 8 6 19
191492 25 0 0 8 6 17
193024 144 1 0 8 6 18
195447 89 1 0 8 6 18
196500 114 1 0 8 6 18
196711 75 1 0 9 6 21
197212 30 1 0 8 6 23
197614 33 0 0 8 6 17
198160 56 1 0 8 6 17
201046 37 0 0 8 6 18
201869 56 1 0 8 6 16
202138 42 1 0 8 6 17
204053 66 1 0 8 6 33
204544 52 0 0 8 6 16
207112 36 0 0 8 6 20
207311 40 0 0 8 6 17
207833 34 0 0 8 6 28
208057 112 1 0 8 6 18
209438 351 1 0 8 6 19
209518 39 0 0 8 6 17
210377 62 0 0 8 6 16
210457 93 1 0 8 6 18
210587 62 0 0 8 6 18
210632 58 1 0 8 6 19
213414 45 0 0 8 6 29
213854 117 1 0 8 6 18
213956 53 1 0 8 6 17
216989 94 1 0 8 6 18
217185 36 0 0 8 6 23
219898 65 1 0 8 6 16
221982 46 0 0 8 6 18
222194 28 0 0 8 6 16
223091 74 1 0 8 6 16
224406 33 0 0 8 6 28
224620 444 1 0 8 6 18
225411 51 0 0 8 6 15
226222 6 0 0 8 6 31
227317 75 0 0 8 6 17
228955 23 0 0 8 6 28
229053 38 1 0 6 5 16
229278 72 0 0 8 6 18
229611 80 1 0 8 5 16
229796 33 0 0 8 6 23
230465 90 0 0 8 6 18
230807 190 1 0 8 6 16
230855 139 0 0 8 6 23
231597 95 0 0 8 6 16
232378 32 1 0 8 6 28
237802 136 1 0 8 6 17
239267 132 1 0 8 5 16
241575 67 1 0 8 6 16
241647 39 0 0 8 6 15
243764 36 0 0 8 6 16
244255 99 0 0 8 6 16
244392 92 1 0 8 6 16
244456 43 1 0 8 6 16
244459 82 1 0 8 6 18
244627 103 1 0 8 6 22
244917 59 1 0 8 6 17
245142 144 1 0 8 6 16
245150 57 0 0 8 6 18
245871 104 1 0 8 6 18
246782 128 1 0 8 6 18
249649 58 0 0 8 6 17
250876 31 0 0 8 5 15
252745 55 0 0 8 6 15
253358 87 1 0 8 6 18
254184 49 0 0 8 6 19
254465 169 1 0 8 6 21
254538 34 1 0 8 6 18
255221 49 1 0 8 6 16
255226 20 1 0 8 6 19
255436 20 0 0 8 6 27
256276 57 1 0 8 6 16
256734 35 1 0 8 6 15
257024 46 0 0 8 6 16
258648 79 1 0 8 6 16
258800 145 1 0 8 6 16
259368 95 1 0 8 6 18
260023 87 1 0 8 6 18
261786 41 0 0 8 6 18
262177 29 0 0 8 6 19
263424 80 1 0 8 6 19
264550 21 1 0 8 6 18
264653 101 1 0 8 6 19
265398 64 1 0 8 6 21
266666 134 1 0 8 6 19
267275 123 1 0 8 6 15
268026 101 1 0 8 5 16
268063 289 0 0 8 6 16
268123 71 0 0 8 6 16
268629 37 0 0 8 6 16
269918 105 1 0 8 6 17
270080 137 1 0 8 6 18
270691 21 0 0 8 6 16
270899 76 0 0 8 6 18
271504 100 1 0 8 6 18
271545 38 0 0 8 6 18
271704 98 0 0 8 6 16
273555 81 1 0 8 6 18
273805 71 1 0 8 6 17
273937 116 1 0 8 6 17
275399 59 1 0 8 6 18
275586 18 0 0 8 6 15
276958 43 0 0 8 6 16
278506 114 1 0 8 6 20
279922 64 0 0 8 6 20
282325 45 1 0 8 6 16
282505 143 0 0 8 6 18
282890 336 0 0 8 6 18
283981 33 0 0 8 6 29
284300 48 1 0 8 6 26
284601 68 1 0 8 6 18
284890 54 1 0 8 6 16
285387 202 1 0 8 6 15
285551 256 1 0 8 6 18
287363 163 1 0 8 6 18
287428 76 0 0 8 6 18
288675 62 0 0 8 6 19
289253 26 0 0 8 6 27
289275 88 1 0 8 6 17
289288 12 1 0 8 6 35
289628 21 0 0 8 6 17
290412 50 1 0 8 6 17
290505 52 0 0 8 6 18
290851 62 0 0 8 6 17
290934 28 0 0 8 6 23
291003 66 1 0 8 6 16
291140 73 1 0 8 6 18
291627 145 1 0 8 6 20
292527 17 0 0 8 6 18
292669 93 1 0 8 6 21
292674 60 1 0 8 6 17
292732 11 0 0 8 6 16
293110 79 1 0 8 6 18
294382 44 1 0 8 6 17
295685 268 1 0 8 5 16
297023 108 0 0 8 6 17
297585 64 0 0 8 6 18
297716 64 0 0 8 6 17
297828 100 0 0 8 6 18
298000 106 1 0 8 6 20
298183 126 1 0 8 6 19
298223 107 1 0 8 6 18
298381 43 0 0 8 6 18
298451 38 0 0 8 6 22
298669 19 1 0 8 6 18
298681 31 0 0 8 6 18
299786 84 0 0 8 6 18
300258 80 1 0 8 6 17
301282 60 1 0 8 6 17
301794 42 0 0 8 6 18
303869 115 0 0 8 6 18
304030 152 1 0 8 6 20
304598 67 1 0 8 6 19
305730 76 1 0 8 6 15
305833 102 0 0 8 6 18
306200 31 0 0 8 6 31
306496 54 0 0 8 6 17
306511 34 1 0 8 6 18
307898 93 0 0 8 6 19
307978 139 1 0 8 6 18
308922 33 1 0 8 6 23
309297 38 1 0 4 6 16
310403 19 0 0 8 6 20
311949 61 1 0 8 6 18
312553 52 1 0 8 6 17
313317 138 0 0 8 6 18
314182 99 1 0 8 6 16
314513 18 0 0 8 6 16
314691 124 1 0 8 6 17
315650 82 0 0 8 6 17
316006 51 1 0 8 6 17
316478 81 1 0 8 5 15
317396 23 0 0 8 6 18
320225 115 0 0 8 6 16
320502 233 1 0 8 6 18
320529 85 1 0 8 6 18
320639 26 0 0 4 6 17
320687 165 1 0 8 6 17
321312 29 0 0 8 6 18
321346 50 0 0 8 6 18
321442 46 0 0 8 6 18
322074 38 0 0 8 6 18
322251 14 0 0 4 6 18
323106 31 0 0 8 6 18
323446 125 1 0 8 6 16
324321 62 1 0 8 6 21
324666 197 1 0 8 6 18
325062 76 1 0 8 6 17
325259 95 1 0 8 6 18
326922 28 0 0 8 6 18
327248 31 1 0 8 6 18
327699 98 1 0 8 6 18
329675 60 0 0 8 6 18
330757 199 1 0 8 5 18
330967 81 0 0 8 6 17
332316 68 1 0 8 6 20
332543 42 0 0 8 6 18
333036 55 1 0 8 6 17
334082 181 1 0 8 6 20
337768 49 0 0 8 6 18
337925 64 0 0 8 6 17
337955 72 1 0 8 6 20
338993 90 1 0 8 6 21
340078 152 1 0 8 6 18
340079 63 1 0 8 5 17
340745 119 1 0 8 6 19
340852 44 0 0 8 6 18
341231 126 1 0 8 6 18
342758 47 0 0 8 6 17
342905 90 1 0 8 6 18
342965 50 1 0 8 6 17
343053 50 0 0 8 6 18
343085 41 0 0 8 6 18
343355 81 1 0 8 6 18
343392 86 0 0 8 6 18
343860 58 1 0 8 6 19
343862 54 0 0 8 6 16
344363 55 1 0 8 6 18
344370 103 1 0 8 6 18
344660 42 1 0 8 6 17
345865 27 1 0 8 6 18
347149 19 0 0 8 6 18
348681 50 0 0 8 6 17
348877 160 1 0 8 6 16
349357 57 0 0 9 6 19
349414 27 0 0 8 6 29
349953 44 0 0 8 6 17
350221 70 0 0 8 6 17
350228 74 0 0 8 6 15
350369 16 1 0 8 6 17
350533 30 1 0 8 6 18
350815 70 0 0 8 6 18
351206 28 1 0 8 6 17
351614 38 0 0 8 6 17
351640 71 0 0 4 6 16
352302 44 1 0 8 6 18
352842 129 1 0 8 6 17
353480 49 0 0 8 6 18
353668 182 1 0 8 5 17
355521 48 0 0 8 6 17
356105 203 1 0 8 6 15
356107 169 0 0 8 6 17
356109 140 0 0 8 6 17
358119 26 1 0 8 6 17
358144 66 0 0 8 6 17
358905 22 0 0 8 6 18
359198 79 1 0 8 6 15
359585 184 1 0 8 6 18
359776 94 1 0 8 6 18
361436 40 0 0 8 6 15
362706 35 0 0 8 6 16
362891 28 0 0 8 6 18
362905 29 0 0 8 6 17
363489 118 1 0 8 6 17
363698 84 1 0 8 6 15
363889 33 0 0 8 6 18
363967 50 1 0 8 6 16
364843 138 1 0 8 6 17
365319 55 0 0 8 6 25
365548 25 1 0 8 6 16
368267 162 1 0 8 6 18
369685 22 0 0 8 6 16
370033 157 1 0 8 5 16
370643 55 1 0 8 5 27
371707 19 1 0 8 5 16
371805 90 0 0 8 6 17
372931 52 1 0 4 6 24
374493 48 1 0 8 6 15
374591 63 1 0 8 6 15
375147 93 1 0 8 6 18
375299 76 0 0 8 6 16
381623 25 1 0 8 6 27
382533 163 0 0 8 6 17
382690 103 0 0 8 6 16
383559 36 1 0 8 6 16
383562 37 1 0 8 5 17
384180 22 0 0 8 6 16
384285 79 0 0 8 6 18
384332 102 0 0 8 6 17
386310 36 0 0 1 6 15
388181 28 0 0 8 6 16
389039 90 0 0 8 6 17
389421 80 1 0 8 6 27
389851 72 1 0 8 6 17
389941 85 1 0 7 6 17
389973 23 0 0 8 6 17
390011 71 0 0 6 6 18
390273 38 0 0 8 6 19
390903 54 0 0 8 6 18
391891 28 0 0 8 6 16
393302 65 1 0 8 6 18
393985 49 0 0 8 6 18
396814 94 1 0 8 6 18
397805 36 1 0 8 6 18
397950 100 0 0 8 6 26
400575 20 0 0 8 6 17
402683 32 0 0 8 6 18
403991 29 0 0 8 6 17
404926 55 1 0 8 6 19
407709 49 1 0 8 6 15
408145 19 0 0 8 6 17
408165 22 0 0 8 6 23
411911 72 1 0 8 6 18
412482 22 1 0 8 6 15
413443 32 1 0 8 5 18
416933 9 1 0 8 5 11
418508 19 0 0 8 6 17
419625 55 0 0 8 6 24
420382 39 1 0 8 6 18
424302 20 0 0 8 6 17
424597 20 0 0 8 6 20
425091 40 1 0 8 5 17
425958 23 0 0 8 6 15
426578 45 0 0 8 6 16
428491 33 0 0 8 6 16
429281 67 1 0 8 6 16
429835 53 1 0 2 6 21
431191 27 0 0 8 6 15
431399 78 1 0 8 6 20
431992 9 0 0 8 5 18
432163 43 1 0 8 6 16
432164 259 1 0 8 6 18
432240 39 0 0 8 6 17
432654 147 0 0 4 6 16
432887 107 1 0 8 6 17
432980 146 1 0 8 6 18
432993 87 0 0 8 6 17
433338 26 0 0 8 6 38
434430 39 0 0 8 6 27
437286 44 0 0 8 6 19
438489 67 1 0 8 6 17
439333 14 0 0 8 6 39
439568 31 1 0 8 6 17
440930 27 1 0 8 6 17
441038 90 1 0 8 6 18
441816 52 1 0 8 6 16
444988 24 0 0 8 6 19
445150 120 1 0 8 6 18
450370 10 1 0 8 5 17
452255 152 1 0 8 6 18
453971 66 1 0 8 6 15
455091 118 0 0 8 6 17
455410 103 1 0 8 6 18
455471 72 1 0 8 6 17
455966 46 0 0 8 6 22
456305 45 1 0 8 6 15
456434 28 0 0 8 6 18
456559 67 1 0 8 6 16
456784 25 0 0 8 6 17
457169 33 1 0 8 5 18
457436 81 1 0 8 6 18
457474 45 0 0 8 6 18
457778 77 1 0 8 6 20
458991 13 1 0 8 6 15
459013 162 1 0 8 6 16
459081 25 0 0 8 6 16
459231 38 1 0 8 6 18
459239 57 1 0 8 6 16
459565 31 1 0 8 6 48
459571 17 0 0 8 6 16
459637 179 1 0 8 6 18
459700 19 0 0 8 6 16
459841 29 0 0 8 6 18
460203 39 1 0 8 6 17
460313 55 1 0 8 6 18
460346 80 1 0 8 6 18
460667 45 0 0 8 5 19
460791 84 1 0 8 6 15
461532 38 0 0 8 6 17
462162 163 1 0 8 6 18
462226 70 1 0 8 6 18
462247 83 1 0 8 6 19
462996 41 0 0 8 5 17
463741 42 1 0 8 6 16
464684 33 0 0 8 6 18
466095 73 0 0 8 6 17
467228 59 1 0 8 6 15
468277 37 0 0 8 6 18
468593 9 0 0 8 6 21
471149 75 1 0 8 6 15
471231 48 0 0 8 6 16
472774 151 1 0 8 6 18
472802 109 1 0 8 5 16
473035 30 1 0 8 6 17
475322 26 0 0 8 6 18
476220 20 1 0 8 6 31
477594 19 0 0 8 6 16
478960 88 1 0 8 6 15
479830 104 0 0 6 6 21
483847 39 0 0 8 6 16
486664 16 0 0 8 5 17
488310 58 1 0 8 6 18
489459 129 1 0 8 6 17
495677 15 0 0 8 6 30
502967 55 0 0 8 6 18
502983 74 0 0 8 6 18
504828 200 1 0 8 6 17
505159 37 0 0 8 6 17
505176 19 0 0 8 6 23
505373 113 1 0 8 5 18
507068 73 1 0 8 6 17
507293 14 1 0 8 6 44
508095 12 0 0 8 6 20
508907 38 0 0 8 6 18
509287 90 1 0 8 6 16
510521 62 1 0 8 6 17
511872 30 0 0 8 6 18
512359 113 1 0 8 6 18
513261 36 1 0 8 6 23
516679 37 1 0 8 6 19
518480 96 1 0 8 6 18
518705 40 1 0 8 6 18
518854 37 0 0 8 6 19
519201 143 1 0 8 6 18
520970 47 1 0 8 6 26
522901 36 1 0 8 6 15
528518 57 0 0 8 5 15
531984 30 0 0 8 6 28
533288 42 0 0 8 6 19
533913 30 1 0 8 6 24
534290 21 0 0 8 5 15
535376 74 1 0 8 6 19
535676 40 0 0 8 6 23
543865 51 0 0 8 6 18
546888 74 1 0 8 6 15
548457 44 0 0 8 6 17
553224 66 1 0 8 6 18
553225 49 1 0 8 5 17
556105 51 1 0 8 6 24
556981 122 1 0 8 6 16
562553 66 1 0 8 6 17
565867 76 1 0 8 6 18
568451 24 0 0 8 6 18
568963 54 0 0 8 6 18
569336 18 0 0 8 6 16
571965 12 0 0 8 6 26
576247 48 0 0 8 6 20
578603 16 1 0 8 5 16
579905 18 1 0 8 6 24
582996 9 0 0 8 6 18
584684 46 1 0 8 6 17
591534 39 1 0 8 6 18
593359 43 1 0 8 6 16
593591 65 0 0 8 6 17
595776 52 1 0 8 6 18
597068 86 1 0 8 6 18
602149 83 1 0 8 6 15
602828 47 1 0 8 6 18
603374 57 1 0 8 6 19
603380 96 0 0 8 6 16
603405 46 0 0 8 6 16
603553 14 1 0 8 6 18
603598 24 0 0 8 6 16
604159 36 0 0 8 6 18
604248 47 1 0 8 6 19
604370 19 0 0 8 6 16
606960 61 1 0 8 6 18
608360 52 1 0 8 6 17
608495 29 0 0 8 6 18
611492 30 1 0 8 6 15
613201 46 1 0 8 6 22
613639 60 1 0 8 6 25
615068 17 0 0 8 6 18
622455 19 1 0 8 6 18
623393 17 0 0 8 6 24
623534 47 1 0 8 6 26
623877 49 1 0 8 6 16
624398 35 1 0 8 6 18
632705 23 1 0 8 6 18
633443 97 1 0 8 6 22
633595 54 0 0 8 6 18
634079 55 1 0 8 6 18
634138 55 1 0 8 6 18
634325 68 1 0 8 6 16
635970 41 0 0 8 6 17
636870 106 1 0 8 6 18
637280 32 0 0 8 6 18
638490 46 1 0 8 6 15
643472 9 1 0 8 6 15
646858 27 1 0 8 6 32
650982 33 0 0 8 6 16
651017 90 1 0 8 6 18
651872 18 0 0 8 6 17
652243 42 1 0 8 6 22
652516 18 0 0 8 6 16
653455 25 0 0 8 6 17
655402 43 1 0 8 6 17
656957 49 1 0 8 6 17
659404 18 0 0 8 6 25
661530 11 0 0 8 6 16
664036 31 0 0 8 6 18
665690 40 1 1 4 6 18
666068 17 0 0 8 6 15
668418 94 1 0 8 6 17
671544 69 1 0 8 6 22
672071 41 0 0 8 6 16
672117 21 0 0 8 6 16
672430 23 0 0 8 6 15
672746 29 1 0 8 6 15
673299 39 0 0 8 6 18
677387 35 1 0 8 6 16
680703 21 1 0 8 6 36
680833 76 1 0 8 6 26
681078 67 1 0 8 6 32
681878 43 0 0 8 6 19
685173 33 0 0 8 6 17
692005 14 0 0 8 6 24
692019 13 0 0 8 6 18
692135 30 0 0 8 6 16
693641 55 1 0 8 6 17
694222 11 0 0 8 6 18
694993 25 0 0 8 6 16
695015 44 1 0 8 6 17
695186 22 0 0 8 6 18
696511 38 1 0 8 6 18
697118 56 1 0 8 6 17
697748 55 0 0 8 6 17
697790 61 1 0 8 6 17
698821 19 1 0 8 6 28
699204 14 0 0 8 6 16
699434 43 1 0 8 6 17
699515 45 1 0 8 6 18
700019 88 1 0 8 6 19
700450 49 1 0 8 6 19
700538 34 0 0 8 6 17
701742 9 0 0 8 6 38
702472 10 0 0 8 6 22
704316 30 0 0 8 6 18
705084 37 0 0 8 6 15
709990 20 1 0 8 6 16
714802 51 1 0 8 5 23
715901 46 0 0 8 6 24
719118 27 0 0 8 6 18
719843 22 0 0 8 6 27
719959 12 1 0 8 5 8
720697 26 1 0 8 6 38
723322 23 0 0 8 6 18
723829 39 1 0 8 6 16
724923 29 0 0 8 6 17
729120 106 1 0 8 6 16
729898 19 0 0 8 6 18
731867 43 1 0 8 6 27
732037 63 1 0 8 6 16
733162 20 1 0 8 6 16
736284 24 1 0 8 6 15
737089 58 1 0 8 6 18
742523 17 1 0 8 6 23
746395 13 0 0 8 6 17
746502 17 1 0 8 6 16
746723 41 1 0 8 6 17
747968 33 1 0 8 6 16
749999 29 1 0 8 5 19
750936 116 1 0 8 6 19
752566 15 0 0 8 6 15
752983 98 1 0 8 6 18
753097 38 1 0 8 6 16
753118 25 0 0 8 6 17
753292 29 0 0 8 6 27
755356 29 1 0 8 6 18
760108 14 0 0 8 6 26
761812 38 1 0 8 5 18
763192 51 1 0 8 6 18
764352 38 0 0 8 6 18
765219 17 1 0 8 6 16
766341 69 1 0 8 6 16
768064 8 0 0 8 6 17
768392 16 0 0 8 6 16
769093 68 1 0 8 6 19
770593 17 0 0 8 6 16
772775 77 1 0 8 6 17
773242 17 0 0 8 6 15
778120 7 0 0 8 6 17
778642 32 1 0 8 6 17
779178 33 0 0 8 6 17
781089 16 0 0 8 6 16
783708 16 0 0 8 6 16
783751 21 0 0 8 6 17
785765 67 1 0 8 6 17
786516 19 0 0 8 6 15
799581 36 1 0 8 6 16
802717 41 1 0 8 5 18
803214 53 0 0 8 6 16
803787 32 1 0 8 6 16
810255 25 1 0 8 6 26
811840 80 1 0 8 6 15
819115 15 1 0 8 6 22
820016 20 0 0 8 6 36
820715 30 1 0 8 6 15
821828 28 0 0 8 5 17
824526 48 1 0 8 6 17
829425 7 1 0 8 6 16
831124 69 1 0 4 6 17
833764 2 1 0 8 6 18
834197 35 0 0 8 6 18
834249 31 1 0 8 6 15
835869 8 0 0 8 6 32
836182 44 1 0 8 6 18
836690 32 1 0 1 6 25
837384 16 0 0 8 6 18
837948 80 1 0 8 6 19
839564 39 1 0 8 6 17
845581 100 1 0 8 6 15
858466 2 1 0 8 5 18
858571 36 1 0 8 6 18
866008 18 1 0 8 5 25
866335 23 0 0 8 6 19
869490 28 0 0 8 6 30
871917 16 0 0 8 6 28
872601 15 0 0 8 6 43
875322 16 0 0 3 6 28
875692 6 0 0 8 6 21
877454 25 1 0 2 6 27
890264 21 1 0 8 6 16
891631 52 1 0 8 6 19
898063 67 1 0 8 6 18
903599 12 1 0 8 5 16
905339 8 0 0 8 6 15
911514 20 0 0 8 6 24
911915 29 0 0 8 6 26
917234 42 1 0 8 6 17
919259 31 1 0 8 6 26
924879 26 0 0 8 6 16
928284 18 0 0 8 6 17
934543 22 0 0 8 6 17
934565 26 1 0 8 6 16
940602 21 1 0 8 6 33
940767 10 1 0 8 6 25
945845 24 0 0 8 6 33
949232 10 0 0 8 6 18
949288 10 1 0 8 5 17
949522 12 0 0 8 6 30
961470 30 1 0 8 6 21
971976 16 0 0 8 6 17
972288 75 1 0 8 6 35
974486 20 0 0 8 6 46
976808 30 1 0 8 6 38
976891 22 1 0 8 6 17
977047 18 0 0 8 6 41
982311 20 0 0 8 6 16
983789 9 0 0 8 6 17
983981 25 1 0 8 6 18
983988 23 1 0 8 6 19
984060 8 1 1 8 6 22
984165 6 0 0 8 6 27
984242 20 1 0 8 6 15
984265 14 1 0 8 6 27
984268 38 1 0 8 6 16
984269 8 0 0 8 6 34
984272 12 0 0 8 6 25
984282 29 1 0 8 6 33
984369 2 0 0 8 6 19
984380 8 0 0 8 6 18
984395 27 0 0 8 6 17
984445 8 0 0 8 6 25
984513 1 0 0 8 6 27
984553 11 0 0 4 6 17
984561 9 1 0 8 6 17
984569 5 0 0 8 6 38
984592 6 0 0 8 5 16
984593 8 1 0 8 5 15
984604 29 1 0 8 6 41
984614 10 0 0 8 6 18
984622 2 1 0 8 5 17
984628 4 1 0 8 5 15
984629 17 1 0 8 5 17
984630 15 1 0 8 6 17
984641 2 0 0 6 6 29
984656 39 1 0 8 6 18
984657 23 1 0 8 6 17
984658 24 1 0 8 6 18
984664 11 0 0 8 5 15
984668 9 0 0 8 6 32
984679 26 0 0 8 6 23
984681 13 0 0 8 6 32
984682 7 1 0 8 6 29
984709 45 1 0 8 5 18
984715 14 1 0 8 5 19
984720 46 1 0 8 6 18
984738 21 0 0 8 6 32
984772 5 0 0 8 6 27
984810 46 1 0 8 6 19
984814 11 0 0 8 6 17
984819 9 0 0 8 6 26
984820 6 0 0 8 5 26
984822 40 0 0 8 6 18
984837 6 0 0 8 6 18
984968 11 0 0 8 6 19
985057 26 1 0 8 6 26
