4537
19
479
4537 547 1 1 1 6 26
2754 122 1 0 0 6 22
2937 56 1 0 0 6 21
2993 91 0 0 6 6 18
3666 55 0 0 0 6 23
4519 40 0 0 0 6 24
4626 113 1 0 2 6 18
5786 54 0 0 2 6 21
6629 79 0 0 3 6 19
7531 146 1 0 2 6 16
7778 28 1 0 0 6 22
7916 154 0 0 2 6 21
7967 75 0 0 0 6 19
11998 23 1 0 0 6 18
13223 63 0 0 8 6 20
14564 72 0 0 8 6 20
15535 77 0 0 2 6 21
16307 104 1 0 0 6 19
18673 257 1 0 1 6 29
19634 56 1 0 6 6 24
21026 123 1 0 8 6 21
21209 36 1 0 0 6 21
21978 44 1 0 9 6 24
22085 299 1 0 1 6 27
23624 46 1 0 9 6 20
25164 104 0 0 4 6 25
27733 65 1 0 0 6 19
28304 316 1 0 8 6 18
28322 66 0 0 7 6 21
28577 48 1 0 0 6 24
28756 36 0 0 0 6 23
32688 34 1 0 8 5 24
35359 66 0 0 5 6 20
36136 7 0 0 4 6 19
37895 27 0 0 4 6 21
39295 32 0 0 5 6 21
39906 138 1 0 7 6 17
42300 158 1 0 5 6 16
42574 101 1 0 9 6 19
44047 25 1 0 0 6 27
44173 165 0 0 5 6 21
44247 74 0 0 8 6 20
44283 90 0 0 9 6 25
44727 59 0 0 8 6 22
44884 105 1 0 2 6 24
44919 72 1 0 2 6 25
44932 93 1 0 7 6 20
45339 103 1 0 8 6 20
46180 38 0 0 0 6 25
46980 498 1 0 1 6 20
47119 19 1 0 5 6 22
47403 53 0 0 3 6 21
48212 84 1 0 1 6 21
48284 110 1 0 1 6 15
50127 40 0 0 8 6 21
50402 94 0 0 0 6 20
51437 44 0 0 0 6 20
52312 110 0 0 6 6 18
52718 51 1 0 0 6 37
54314 52 1 0 4 5 22
54768 27 0 0 5 6 32
54801 29 0 0 8 6 22
55498 23 1 0 2 6 17
55712 143 0 0 8 6 16
56166 220 1 0 6 6 18
57200 65 0 0 8 6 25
57736 227 0 0 2 6 18
57966 103 0 0 5 6 21
57981 15 0 0 7 6 21
58251 145 1 0 3 6 21
59082 66 1 0 0 6 21
59583 72 0 0 5 6 19
60607 35 0 0 6 6 21
61365 69 0 0 0 6 28
61533 34 0 0 2 6 27
61633 227 1 0 5 6 29
62087 165 0 0 9 6 27
64837 47 0 0 5 6 22
66512 165 1 0 6 6 18
66518 61 1 0 6 6 23
66521 63 1 0 6 5 19
66619 5 1 0 9 6 18
66739 74 0 0 8 6 19
66900 62 0 0 6 6 19
66906 174 1 0 7 6 23
68070 64 1 0 9 6 29
68191 135 1 0 6 6 19
70395 44 0 0 8 6 22
70720 50 1 0 6 6 22
72384 149 1 0 2 6 17
73354 74 1 0 7 6 19
74557 113 1 0 1 6 22
79864 119 1 0 1 6 20
79870 55 0 0 2 6 20
80020 113 1 0 4 6 25
80232 33 0 0 3 6 27
80310 38 1 0 6 6 23
86797 46 0 0 2 6 20
88280 635 1 0 1 6 19
88568 54 1 0 1 6 18
89438 18 0 0 0 6 26
89598 86 1 0 8 6 18
93783 89 1 0 0 6 20
97876 38 0 0 0 6 23
99353 67 0 0 1 6 27
100147 11 1 0 6 6 24
100148 20 1 0 6 6 27
101075 93 1 0 4 6 18
101120 32 0 0 7 6 19
101168 39 0 0 3 6 24
101345 142 1 0 2 6 20
102432 26 0 0 1 6 34
102885 1 0 0 4 5 18
104072 31 1 0 0 6 24
104538 70 1 0 2 6 24
105287 78 0 0 2 6 27
105428 40 0 0 2 6 22
105560 26 1 0 6 6 24
105643 430 1 0 6 6 17
105747 36 0 0 2 6 22
106039 30 1 0 6 6 23
106660 79 1 0 6 6 18
106823 45 0 0 6 6 19
106824 12 1 0 9 6 18
106826 157 1 0 6 5 19
106827 59 1 0 7 6 20
106828 4 0 0 6 6 29
107025 34 0 0 3 6 23
107026 185 1 0 6 6 18
107027 101 0 0 1 6 24
107028 79 1 0 9 6 20
107030 5 1 0 9 6 18
107031 162 1 1 6 6 18
107257 32 0 0 1 6 16
107258 21 0 0 6 6 23
107365 128 1 0 8 6 17
107366 20 0 0 9 6 20
107367 47 0 0 4 6 18
107369 271 1 0 1 6 23
107370 3 0 0 9 6 26
107372 67 1 0 4 6 20
107377 35 0 0 7 6 25
107380 7 1 0 9 6 23
107382 55 0 0 6 6 19
107491 48 1 0 6 6 15
107494 112 0 0 4 6 28
107495 22 1 0 6 6 21
107496 15 0 0 2 6 26
107497 168 0 0 6 6 16
107498 70 1 0 4 6 20
107499 16 0 0 6 6 19
107500 21 0 0 6 6 22
107502 3 0 0 3 6 39
107548 11 1 0 1 5 31
107550 63 0 0 3 6 27
107595 17 1 0 4 6 20
107597 3 1 0 0 6 38
107599 14 1 0 8 6 21
107600 24 0 0 7 6 20
107601 123 0 0 6 6 16
107602 23 0 0 8 6 20
107603 21 1 0 6 6 20
107604 50 1 0 4 6 19
107605 13 1 0 5 5 17
107608 11 0 0 9 6 25
107609 53 0 0 5 6 23
107611 10 0 0 1 6 31
107662 276 1 0 1 6 31
107663 55 1 0 9 6 29
107664 249 0 0 6 6 22
107666 39 1 0 8 6 26
107670 24 1 0 9 6 29
107671 4 0 0 2 5 21
107675 2 0 0 9 5 20
107676 55 0 0 7 6 27
107677 14 0 0 4 6 23
107678 39 0 0 9 5 23
107679 140 1 0 7 6 19
107680 23 0 0 8 6 18
107723 41 1 0 9 6 19
107725 24 0 0 1 6 30
107726 60 1 0 2 6 39
107727 67 1 0 8 6 18
107732 77 1 0 6 6 22
107735 64 1 0 8 5 19
107741 22 1 0 1 6 22
107814 182 0 0 4 6 16
107815 41 1 0 3 6 23
107818 45 1 0 7 6 19
107820 3 0 0 1 6 24
107822 20 1 0 7 6 16
107824 176 1 0 4 6 21
107831 71 1 0 8 5 19
107833 45 1 0 6 6 22
107912 105 0 0 6 6 23
107913 5 0 0 0 6 25
107914 308 1 0 6 6 19
107915 72 1 0 5 6 18
107918 66 0 0 4 6 20
107919 17 0 0 3 6 27
107920 70 1 0 7 6 22
107921 11 0 0 1 6 25
107925 29 0 0 6 6 26
107926 37 0 0 3 6 17
107927 25 1 0 1 5 22
107928 14 0 0 6 6 24
107929 22 0 0 6 6 24
107930 86 1 0 6 6 21
108114 102 1 0 8 6 20
108116 93 0 0 6 6 23
108121 76 1 0 6 5 19
108122 18 0 0 9 6 18
108126 35 1 0 9 6 20
108127 120 1 0 6 6 21
108128 22 0 0 5 6 34
108196 4 0 0 9 6 27
108197 61 1 0 6 6 20
108198 169 0 0 6 6 21
108199 31 1 0 6 6 19
108206 151 1 0 8 6 16
108211 504 1 0 1 5 20
108212 114 1 0 1 6 19
108214 27 1 0 6 6 23
108215 1 1 0 8 6 18
108216 11 1 0 2 5 20
108218 39 0 0 8 6 20
108220 7 1 0 4 5 24
108271 71 1 0 7 6 20
108272 14 1 0 7 6 21
108273 2 0 0 4 6 19
108274 60 1 0 6 6 19
108275 2 1 0 1 6 26
108276 13 1 0 8 6 29
108278 93 1 0 6 6 22
108279 84 1 0 4 6 18
108280 5 1 0 9 5 23
108281 9 1 0 5 6 24
108282 40 1 0 0 6 25
108283 20 1 0 9 6 38
108284 10 1 0 9 6 19
108285 20 1 0 6 6 23
108286 11 1 0 2 6 26
108467 145 1 0 1 6 19
108468 3 1 0 4 6 20
108470 13 1 0 6 6 19
108471 58 1 0 8 6 21
108472 26 1 0 2 6 21
108474 14 0 0 6 6 19
108475 42 1 0 2 5 20
108476 19 0 0 9 6 21
108477 13 1 0 2 6 29
108478 10 0 0 9 6 23
108479 68 0 0 2 5 19
108480 68 1 0 2 6 22
108481 9 1 0 4 5 20
108483 491 1 0 2 6 27
108485 11 1 0 1 5 15
108607 83 1 0 2 6 38
108609 48 1 0 6 6 31
108611 9 1 0 2 5 25
108615 5 0 0 7 6 31
108619 23 1 0 2 6 22
108620 13 1 0 1 6 21
108622 69 1 0 2 6 22
108624 2 1 0 1 6 23
108627 15 1 0 3 6 24
108629 16 1 0 6 6 15
108630 16 1 0 1 6 19
108631 14 0 0 7 6 31
108632 14 0 0 6 6 30
108633 15 1 0 9 6 17
108760 32 0 0 7 6 21
108761 3 0 0 9 6 21
108762 36 1 0 8 6 16
108763 129 1 0 8 6 36
108764 31 1 0 6 6 18
108768 36 1 0 6 6 20
108769 9 1 0 4 6 27
108770 45 0 0 6 6 30
108772 25 0 0 1 6 28
108773 34 1 0 1 6 22
108774 35 1 0 0 6 31
108775 21 1 0 1 6 26
108776 5 1 0 5 6 15
108777 3 0 0 0 6 29
108778 61 0 0 2 6 28
108796 7 1 0 9 6 24
108797 76 1 0 2 6 22
108798 4 1 0 0 6 26
108799 184 1 0 6 6 18
108800 63 1 0 6 6 20
108801 89 1 0 9 6 19
108804 39 1 0 5 6 21
108805 6 0 0 2 6 23
108806 59 1 0 7 6 23
108807 15 1 0 0 6 21
108808 8 0 0 1 6 24
108809 214 0 0 6 6 19
108810 23 0 0 1 6 26
108811 11 1 0 2 5 24
108856 4 1 0 9 5 20
108860 7 1 0 2 6 30
108862 20 0 0 0 6 19
108863 35 0 0 4 6 19
108864 43 1 0 4 6 16
108865 23 1 0 7 5 19
108866 67 1 0 1 6 22
108867 155 1 0 6 6 18
108868 61 1 0 6 6 16
108870 31 0 0 8 6 20
108871 130 0 0 8 6 19
108891 83 1 0 1 6 42
108893 11 1 0 9 6 30
108896 13 0 0 9 6 27
108897 81 1 0 9 6 23
108898 169 1 0 6 6 16
108899 34 0 0 1 6 32
108900 30 1 0 3 6 19
108902 2 0 0 9 6 25
108903 25 1 0 9 6 20
108904 12 1 0 9 6 29
108905 16 1 0 0 5 21
108946 7 1 0 1 6 27
108947 5 0 0 9 5 19
108948 11 0 0 6 6 18
108951 30 1 0 1 5 24
108953 101 0 0 3 6 27
108954 110 1 0 2 6 20
108956 5 0 0 4 6 22
108957 8 1 0 1 5 20
108958 21 1 0 1 6 28
108959 113 1 0 5 5 25
108974 10 1 0 0 6 29
108976 93 0 0 7 6 16
108977 3 0 0 0 6 29
108978 130 1 0 6 6 19
108979 189 0 0 4 6 19
108980 37 1 0 6 6 18
108981 71 1 0 4 6 19
108982 3 0 0 6 5 27
108983 1 0 0 6 5 24
108985 85 1 0 2 6 19
108986 82 1 0 9 6 25
108988 17 1 0 1 6 28
109109 38 1 0 2 6 24
109110 37 1 0 6 6 23
109112 44 1 0 6 6 22
109113 61 0 0 8 6 20
109114 35 1 0 5 6 22
109117 67 0 0 8 6 21
109119 85 0 0 1 6 24
109122 45 0 0 7 6 19
109124 96 1 0 3 6 20
109126 99 1 0 6 6 22
109128 96 1 0 5 6 19
109133 41 0 0 6 6 24
109134 52 1 0 8 6 21
109194 34 0 0 9 6 23
109195 114 1 0 6 6 19
109196 85 1 0 1 6 20
109197 26 1 0 9 6 21
109198 76 0 0 9 6 20
109199 68 1 0 6 5 18
109201 28 0 0 8 6 22
109202 16 0 0 2 6 37
109203 90 0 0 7 6 18
109204 104 1 0 6 6 21
109205 60 0 0 7 6 20
109234 224 1 0 8 6 21
109235 15 0 0 1 6 30
109236 23 0 0 8 6 22
109237 62 0 0 1 6 22
109238 36 0 0 6 6 23
109242 24 0 0 6 6 21
109244 10 0 0 6 6 26
109245 24 0 0 3 6 21
109307 59 0 0 1 6 19
109309 42 0 0 3 6 19
109312 83 1 0 2 6 20
109314 23 1 0 4 6 22
109316 68 1 0 8 6 23
109317 40 0 0 7 6 19
109319 51 0 0 8 6 21
109321 33 0 0 6 6 22
109322 35 0 0 6 6 21
109324 32 1 0 1 6 19
109325 31 0 0 2 6 19
109392 70 1 0 6 6 19
109393 21 0 0 8 6 24
109394 24 0 0 2 6 28
109395 24 0 0 8 6 27
109396 46 0 0 7 6 20
109397 121 1 0 8 6 20
109398 24 0 0 7 6 21
109400 31 1 0 7 6 28
109401 38 1 0 8 6 21
109403 56 0 0 5 6 23
109404 84 1 0 8 6 21
109462 43 1 0 0 6 24
109464 5 0 0 1 6 37
109465 22 0 0 3 6 25
109466 28 0 0 4 6 33
109467 63 0 0 6 6 20
109468 61 1 0 0 6 23
109469 50 0 0 1 6 25
109471 154 1 0 6 6 19
109472 60 1 0 7 6 23
109473 33 0 0 4 6 26
109474 79 1 0 9 6 25
109475 6 0 0 5 6 30
109477 58 0 0 2 6 22
109551 21 1 0 8 6 24
109552 52 1 0 0 6 28
109553 12 0 0 4 6 28
109554 38 0 0 7 6 24
109556 78 1 0 8 6 22
109557 65 1 0 3 6 24
109558 45 1 0 9 6 24
109562 34 1 0 6 6 24
109564 40 1 0 1 6 25
109566 23 0 0 6 6 24
109568 37 1 0 8 6 26
109571 22 0 0 6 6 24
109575 20 1 0 6 6 23
109578 25 1 0 1 6 24
109730 47 1 0 2 6 22
109731 70 0 0 1 6 22
109732 18 0 0 6 6 31
109733 47 1 0 9 6 23
109734 56 1 0 7 6 23
109735 76 1 0 4 6 26
109737 21 1 0 1 6 26
109738 85 1 0 8 6 21
109739 67 1 0 1 6 23
109740 69 1 0 3 6 27
109741 46 1 0 3 6 21
109742 157 1 0 6 6 22
109743 27 0 0 1 6 20
109840 48 1 0 4 6 24
109841 76 1 0 2 6 21
109842 98 0 0 7 6 18
109843 64 0 0 6 6 28
109844 15 0 0 7 6 29
109845 27 0 0 8 6 26
109846 61 0 0 0 6 22
109847 80 1 0 8 6 23
109848 118 1 0 4 6 21
109850 60 1 0 8 6 26
109851 34 1 0 8 5 22
109852 12 1 0 9 6 25
109853 29 0 0 4 6 22
109854 36 0 0 6 6 24
109855 62 0 0 2 6 25
109856 14 0 0 1 6 40
109901 96 1 0 8 6 21
109902 41 0 0 8 6 22
109903 79 0 0 8 6 21
109904 42 0 0 0 6 22
109905 190 1 0 6 6 19
109907 35 0 0 6 6 20
109908 70 0 0 2 6 26
110034 174 1 0 1 6 21
110035 69 0 0 1 6 21
110036 35 1 0 4 6 20
110037 75 1 0 8 6 19
110039 30 0 0 2 6 20
110040 24 1 0 0 6 31
110041 52 1 0 8 6 20
110042 62 0 0 4 6 27
110043 53 1 0 1 6 29
110086 10 0 0 1 6 30
110087 30 0 0 6 6 24
110088 24 0 0 8 6 22
110090 46 1 0 8 6 19
110093 15 1 0 8 6 23
110096 52 1 0 1 6 23
110097 17 0 0 1 6 21
110098 24 0 0 2 6 21
110099 6 0 0 9 6 23
110100 133 1 0 6 6 27
110101 33 1 0 0 6 22
110102 81 1 0 8 6 21
110169 8 0 0 2 6 32
110170 41 1 0 9 6 25
110171 106 1 0 1 6 21
110172 100 1 0 1 6 32
110173 38 1 0 2 6 20
110179 39 0 0 7 6 19
110777 92 1 0 2 6 20
110824 8 0 0 7 6 38
111029 16 0 0 1 6 22
111030 66 0 0 6 6 21
111031 66 0 0 7 6 18
111032 38 1 0 6 6 22
111033 107 1 0 8 6 19
111036 7 0 0 7 6 22
111037 24 1 0 1 6 26
111038 45 0 0 6 6 20
111232 64 1 0 8 6 20
111233 47 0 0 2 6 24
111234 66 0 0 6 6 22
111235 304 1 0 6 6 19
111236 30 0 0 8 6 22
111238 58 1 0 7 6 22
111240 46 0 0 6 6 23
111241 86 1 0 5 6 20
111242 70 0 0 6 6 22
111243 38 0 0 8 6 21
111244 24 0 0 2 6 32
111246 59 1 0 6 6 20
111247 42 1 0 9 6 23
111248 57 1 0 8 6 22
111281 55 1 0 1 6 27
111283 39 0 0 6 6 19
111284 25 0 0 8 6 21
111285 10 0 0 7 6 25
111287 62 0 0 6 6 18
111288 30 1 0 1 6 30
111289 128 1 0 6 6 18
111290 120 1 0 0 6 19
111293 64 1 0 8 6 27
111331 67 1 0 1 6 26
111332 155 1 0 2 6 19
111333 112 1 0 6 6 19
111334 176 1 0 4 6 19
111336 100 1 1 6 6 19
111337 37 0 0 5 6 22
111340 129 1 0 6 6 18
111344 76 1 0 5 6 22
111346 45 1 0 5 6 21
111495 68 1 0 2 6 19
111496 12 0 0 0 6 25
111497 123 1 0 0 6 25
111498 102 1 0 2 6 19
111499 35 1 0 1 6 21
111501 88 1 0 6 6 21
111502 2 0 0 1 6 28
111503 17 1 0 4 6 25
111552 43 1 0 8 6 24
111553 21 1 0 9 6 25
111554 8 0 0 2 6 20
111555 5 0 0 1 6 26
111556 96 0 0 8 6 19
111557 34 0 0 3 6 20
111558 21 0 0 1 6 27
111559 14 0 0 8 6 26
111562 167 1 0 9 6 24
111565 52 1 0 3 6 20
