16890
19
467
16890 565 1 1 8 6 22
4673 220 0 0 9 6 20
4944 68 0 0 0 6 21
11779 37 0 0 0 6 19
19767 19 1 0 0 6 18
20273 119 0 0 0 6 27
25164 104 0 0 4 6 25
27121 178 1 0 8 6 21
27232 210 1 0 4 6 24
27293 7 1 0 0 6 22
27568 17 0 0 0 6 24
30166 61 0 0 0 6 19
32138 87 0 0 0 6 26
34026 53 1 0 1 6 19
40510 87 0 0 0 6 21
41215 8 0 0 1 5 20
44924 40 0 0 8 6 20
46297 191 0 0 7 6 20
47403 53 0 0 3 6 21
48979 558 1 0 4 6 26
49069 292 1 0 6 6 26
49333 110 0 0 1 6 20
50094 23 0 0 5 6 22
52082 49 0 0 8 6 20
52420 15 0 0 0 6 22
53199 45 1 1 8 6 19
54611 66 1 1 8 6 18
55169 133 0 0 3 6 18
55621 34 1 0 6 6 19
56475 230 1 0 8 6 15
56510 55 0 0 8 6 23
56714 50 0 0 4 6 17
57380 74 0 0 5 6 18
59275 80 1 0 5 6 27
61633 227 1 0 5 6 29
62356 52 0 0 8 6 18
62511 53 1 0 8 5 23
64611 40 1 0 6 6 21
67796 104 1 0 8 6 17
69851 70 1 0 5 6 25
70315 22 1 0 6 6 26
70435 313 0 0 1 5 23
70634 99 1 0 1 5 27
71436 94 1 0 7 6 27
75240 26 1 0 6 5 21
81202 196 0 0 8 6 20
82234 152 1 0 5 6 18
84772 37 0 0 6 6 20
86676 52 0 0 1 6 21
86753 153 0 0 8 6 30
87927 36 1 0 1 6 26
87940 138 1 0 2 6 20
88280 635 1 0 1 6 19
88424 19 0 0 4 6 20
89121 96 1 0 4 6 32
90398 44 1 0 6 6 27
90841 122 1 0 8 6 24
98347 92 1 0 2 5 19
101492 95 1 0 5 6 20
102202 80 1 0 2 6 25
104197 78 0 0 0 6 23
107186 129 1 0 4 6 16
107369 271 1 0 1 6 23
107609 53 0 0 5 6 23
108278 93 1 0 6 6 22
108457 111 1 0 1 5 22
108476 19 0 0 9 6 21
108479 68 0 0 2 5 19
108770 45 0 0 6 6 30
108953 101 0 0 3 6 27
109060 31 1 0 8 6 18
109370 120 1 0 6 6 23
109903 79 0 0 8 6 21
110101 33 1 0 0 6 22
111288 30 1 0 1 6 30
112217 64 1 0 0 6 25
122243 7 0 0 0 6 18
122256 97 1 0 2 5 21
122334 47 1 0 0 6 21
123209 51 0 0 3 6 20
123429 57 1 0 4 6 24
126382 54 0 0 0 6 25
127747 76 1 0 1 6 22
129435 53 0 0 4 5 18
131413 72 0 0 4 6 18
139266 95 0 0 8 6 20
139924 73 1 0 6 5 24
145456 139 1 0 2 6 19
146953 129 1 0 4 6 18
146963 453 1 0 4 6 15
147517 7 1 0 4 5 15
147520 9 0 0 4 6 26
148425 27 1 0 4 5 19
148682 23 0 0 4 6 23
151038 13 0 0 0 6 20
153409 133 1 0 6 6 20
153665 40 1 0 8 6 21
154814 4 1 0 4 5 18
154975 22 0 0 8 5 17
159290 61 1 0 5 6 17
159901 17 0 0 4 6 16
159988 106 1 0 8 6 19
163787 32 1 0 2 6 22
164522 29 0 0 8 6 19
164780 100 1 0 8 6 19
167660 114 1 0 8 6 22
168054 64 0 0 7 6 17
172758 496 1 0 8 6 20
173559 12 0 0 0 6 18
175173 81 1 0 9 6 29
175390 350 1 0 1 6 29
177119 66 1 0 1 6 29
178177 105 0 0 1 6 27
180921 22 1 0 7 6 14
193063 17 1 0 5 6 22
193379 15 0 0 2 6 16
194068 53 0 0 0 6 17
195898 40 1 0 2 6 20
196500 114 1 0 8 6 18
199665 786 1 0 6 6 25
205020 126 1 0 0 6 14
210843 44 1 0 8 6 18
211239 47 1 0 3 6 25
211898 51 1 0 0 6 22
213553 70 0 0 4 6 22
213861 139 1 0 8 6 19
214106 18 0 0 7 6 22
214172 16 1 0 7 6 23
214178 54 1 0 5 6 22
214302 47 1 0 2 6 26
216453 8 1 0 4 5 19
224580 111 1 0 8 6 20
227711 29 1 0 7 6 20
228148 97 0 0 1 6 27
230666 36 0 0 1 6 21
230668 26 0 0 6 6 19
230992 11 0 0 7 6 23
231337 61 0 0 7 6 20
232287 42 0 0 6 6 21
237326 46 1 0 1 6 21
238668 41 0 0 8 6 20
243618 37 1 0 5 6 18
246538 22 1 0 1 6 22
246714 35 1 0 1 6 18
246730 95 0 0 8 6 22
246862 59 0 0 2 6 18
249343 194 1 0 6 6 20
251117 19 1 0 7 6 24
251734 38 0 0 7 6 21
251872 20 1 0 6 6 25
255792 37 0 0 4 6 22
256192 81 0 0 8 6 21
257252 55 0 0 3 6 18
258826 9 0 0 2 6 18
260178 157 1 0 8 6 22
267146 17 1 0 2 6 15
267510 136 1 0 8 6 19
267518 230 1 0 4 6 29
270367 61 0 0 8 6 19
271104 76 1 0 7 6 20
271111 210 1 0 0 6 22
274606 102 1 0 8 6 18
274798 111 0 0 8 6 20
274805 80 1 0 8 5 18
275657 51 1 0 2 5 26
275820 27 0 0 3 6 18
275862 48 1 0 1 5 25
275868 53 1 0 1 6 24
275993 148 1 0 1 6 25
276041 28 0 0 6 6 23
276065 23 1 0 4 6 22
276213 21 1 0 6 6 21
276358 31 1 0 6 5 22
276367 200 1 0 8 6 19
276372 36 1 0 4 6 19
276422 65 1 0 2 6 27
276429 17 1 0 6 6 20
276468 72 1 0 4 6 22
276475 23 1 0 3 6 21
276518 70 1 0 1 6 23
276618 63 1 0 4 6 21
276634 35 1 0 4 6 23
276732 19 1 0 7 6 20
276804 62 1 0 1 6 21
276806 13 1 0 6 6 23
276808 18 1 0 1 5 20
276954 4 0 0 6 6 19
277083 34 1 0 7 6 23
277176 7 1 0 4 5 20
277225 19 0 0 2 5 28
277229 32 0 0 4 5 20
277272 33 1 0 8 6 21
277284 50 1 0 9 6 22
277419 28 0 0 3 6 20
277576 32 1 0 0 6 25
277806 44 0 0 8 6 20
278471 109 1 0 1 6 24
278506 114 1 0 8 6 20
278539 66 1 0 0 6 24
278618 83 1 0 8 6 28
278620 54 1 0 7 5 25
278650 39 1 0 6 6 19
278778 65 0 0 6 6 28
278860 59 0 0 3 6 29
278867 24 0 0 5 6 22
279087 13 1 0 4 5 21
280276 17 0 0 7 5 21
283701 60 1 0 1 6 31
285466 210 1 0 1 6 22
286691 41 0 0 8 6 21
286706 109 1 0 3 6 22
287219 76 1 0 1 6 16
289328 28 0 0 6 6 20
289329 174 1 0 2 6 20
289586 31 1 0 9 6 22
289838 45 0 0 1 5 20
290370 14 0 0 4 5 26
291036 45 0 0 4 6 23
291124 18 1 0 6 6 29
292378 160 1 0 7 6 24
293532 68 1 0 1 6 24
293710 136 1 0 8 6 19
294740 4 0 0 8 6 22
295971 120 1 0 8 6 18
295998 7 0 0 4 6 14
295999 33 0 0 4 6 24
296000 42 1 0 8 6 16
296003 73 1 1 8 6 22
296004 30 1 1 8 6 16
296109 297 1 0 4 6 21
296110 47 1 0 1 6 23
296111 25 0 0 6 6 22
296174 3 0 0 2 5 26
296176 47 1 0 8 6 17
296184 44 1 0 6 6 19
296185 47 1 0 6 6 21
296186 37 1 0 7 5 29
296190 39 1 0 7 5 21
296243 10 0 0 4 5 20
296244 34 1 0 7 6 19
296246 58 1 0 5 6 21
296247 13 1 0 8 6 27
296248 11 0 0 5 6 18
296249 40 1 0 2 6 22
296250 18 1 0 4 6 22
296252 42 0 0 6 6 20
296253 61 1 0 5 6 34
296254 28 1 0 7 6 19
296255 9 1 0 4 6 20
296256 59 1 0 7 6 22
296319 16 1 0 4 6 23
296320 45 1 0 0 6 22
296323 4 1 0 4 5 21
296325 10 1 0 9 5 17
296326 36 1 0 2 6 27
296327 17 1 0 6 5 24
296328 36 1 0 8 6 23
296331 24 0 0 5 5 23
296333 32 1 0 2 5 21
296402 118 1 0 1 6 30
296403 23 0 0 4 6 19
296404 25 1 0 5 6 18
296405 29 1 0 7 6 21
296407 65 1 0 6 6 16
296409 22 1 0 1 6 23
296410 3 0 0 5 6 22
296411 42 1 0 2 6 29
296417 90 1 0 2 6 22
296489 11 1 0 6 5 22
296490 43 0 0 3 6 19
296491 8 1 0 2 6 20
296493 16 1 0 2 6 26
296494 10 1 0 4 5 18
296495 35 1 0 4 5 20
296496 78 1 0 0 6 22
296498 79 1 0 8 6 22
296499 41 1 0 6 6 23
296500 59 1 0 3 5 27
296542 23 0 0 8 6 22
296543 106 1 0 8 6 18
296544 63 1 0 4 6 20
296545 12 1 0 2 6 29
296546 13 1 0 5 6 22
296547 28 1 0 1 6 16
296548 8 1 0 3 5 24
296550 239 1 0 6 6 20
296552 9 1 0 2 5 22
296553 21 1 0 7 6 29
296613 9 1 0 7 5 17
296816 49 1 0 2 6 22
296817 17 1 0 7 6 17
296847 67 1 0 1 6 20
296852 79 0 0 8 6 13
296862 30 1 0 2 5 19
296863 48 1 0 6 6 20
296866 51 1 0 9 6 26
296867 60 0 0 0 5 20
296868 13 1 0 6 5 22
296869 28 0 0 3 5 21
296870 69 1 0 2 6 22
296915 15 1 0 2 6 21
296927 64 0 0 1 6 25
296930 7 1 0 4 5 16
296933 7 1 0 4 5 20
296940 22 1 0 1 6 22
296941 52 1 0 0 6 19
296946 20 1 0 8 6 21
296949 14 1 0 0 5 18
296952 25 1 0 4 6 20
297009 7 1 0 1 6 20
297012 4 0 0 4 6 19
297016 55 1 0 4 6 19
297098 12 0 0 3 6 17
297099 16 1 0 1 6 24
297100 6 1 0 1 5 24
297101 11 1 0 1 6 21
297102 7 1 0 9 5 24
297103 52 1 0 8 6 20
297104 31 1 0 4 6 29
297105 41 1 0 6 6 22
297106 18 1 0 6 6 23
297107 2 1 0 4 5 20
297108 25 0 0 8 6 22
297109 3 1 0 3 6 20
297110 119 1 0 7 6 22
297144 10 1 0 2 6 17
297145 54 0 0 7 6 16
297146 39 1 0 8 6 18
297147 95 1 0 2 6 22
297148 16 1 0 8 6 22
297150 63 0 0 2 6 22
297151 52 1 0 2 6 19
297153 12 1 0 7 6 37
297178 20 1 0 6 6 17
297179 18 1 0 2 5 25
297180 44 1 0 4 6 21
297181 11 1 0 2 5 22
297182 10 1 0 0 5 20
297183 34 1 0 1 6 25
297184 15 1 0 2 6 19
297185 27 1 0 3 6 19
297187 22 1 0 6 6 18
297188 53 0 0 8 6 19
297189 7 1 0 6 6 19
297190 3 1 0 1 6 18
297226 15 1 0 2 6 15
297227 12 1 0 0 6 20
297228 8 1 0 1 6 18
297229 7 1 0 1 6 20
297230 3 1 0 7 6 18
297231 12 1 0 1 6 17
297232 2 1 0 2 6 21
297233 18 1 0 1 6 21
297234 21 1 0 1 6 25
297235 19 1 0 3 6 24
297236 37 1 1 8 6 15
297319 21 1 0 3 6 25
297320 15 1 0 3 6 17
297322 7 1 0 1 6 15
297323 4 1 0 0 6 16
297324 205 1 0 2 6 22
297325 7 1 0 1 6 18
297327 17 1 0 4 6 22
297328 7 1 0 1 6 17
297329 10 0 0 2 6 22
297330 88 1 0 8 6 22
297331 41 0 0 4 6 21
297361 79 1 0 8 6 20
297406 32 1 0 4 6 20
297407 38 1 0 1 6 17
297408 13 1 0 2 6 23
297410 24 1 0 3 6 19
297412 8 1 0 3 6 18
297414 6 1 0 1 5 20
297416 55 1 0 3 6 22
297418 12 1 0 9 6 19
297419 8 0 0 1 6 24
297421 3 1 0 2 5 19
297423 8 1 0 1 6 15
297425 236 1 0 1 6 28
297430 10 1 0 2 6 26
297451 100 1 0 4 6 23
297457 52 1 0 1 5 31
297460 40 1 0 6 6 20
297466 37 1 0 5 5 24
297470 60 1 0 3 6 21
297477 55 1 0 4 6 20
297507 48 1 0 1 5 24
297508 26 0 0 4 5 21
297511 16 1 0 6 6 18
297513 15 0 0 1 5 21
297514 20 1 0 7 6 28
297515 11 1 0 4 6 19
297548 14 0 0 4 6 23
297592 62 1 0 2 6 33
297593 2 0 0 2 6 33
297597 216 1 0 8 6 18
297598 14 1 0 6 5 17
297599 88 1 0 6 6 20
297600 39 1 0 4 6 19
297601 54 1 0 3 6 22
297602 29 1 0 6 5 18
297603 96 1 0 1 6 22
297642 15 0 0 6 5 21
297643 16 1 0 4 5 18
297645 19 1 0 4 6 31
297647 49 1 0 4 6 19
297648 3 0 0 5 6 24
297655 135 0 0 4 6 20
297656 29 1 0 3 6 20
297658 31 1 0 5 5 23
297664 21 1 0 1 5 19
297669 33 1 0 0 5 21
297670 7 0 0 7 6 19
297699 50 1 0 1 6 23
297701 37 1 0 1 6 28
297702 11 1 0 2 5 19
297704 20 1 0 2 6 23
297705 26 1 0 1 5 28
297706 48 1 0 0 6 18
297774 80 1 0 8 6 19
297775 95 1 0 8 6 18
297777 48 1 0 8 6 20
297782 25 1 0 6 6 25
297783 20 1 0 7 6 23
297811 15 1 1 8 6 16
297813 61 1 0 8 6 19
297818 12 0 0 8 5 19
297819 21 1 0 8 6 17
297823 23 0 1 8 6 19
297826 37 1 0 8 6 20
297827 187 1 0 8 6 19
297828 100 0 0 8 6 18
297839 32 1 0 7 6 26
297841 42 0 0 8 6 19
297853 200 1 0 8 6 18
297854 43 0 0 4 6 22
297901 58 1 0 8 6 20
297902 61 1 0 8 6 21
297904 75 1 0 8 6 19
297905 39 0 0 8 6 19
297917 49 0 0 4 6 20
297946 9 0 0 9 6 21
297950 40 1 0 8 5 24
297952 55 0 0 8 6 18
297954 192 1 0 8 6 18
297955 137 1 0 8 6 19
297957 25 0 0 8 6 21
297959 122 0 0 8 6 18
297960 34 0 0 6 6 20
297961 2 1 0 8 6 23
297962 15 0 0 6 5 22
297964 21 1 0 5 6 27
297988 63 1 0 1 6 18
297989 26 1 0 8 6 23
297990 16 1 0 6 5 24
297991 67 0 0 8 6 22
297995 93 1 0 8 6 18
297996 117 1 0 8 6 19
297998 28 0 0 8 6 20
298000 106 1 0 8 6 20
298004 17 1 0 0 6 22
298029 54 1 0 1 6 20
298042 46 0 0 8 6 22
298053 56 1 0 8 6 22
298056 16 0 0 8 5 23
298059 52 0 0 8 6 20
298060 93 1 0 6 6 24
298063 46 1 0 8 6 24
298064 23 0 0 8 6 22
298065 24 0 0 7 6 24
298080 50 0 0 8 6 22
298082 78 1 0 8 6 19
298085 59 0 0 8 6 20
298089 29 0 0 8 6 23
298095 11 0 0 8 6 27
298096 78 0 0 7 6 25
298097 34 1 0 1 6 20
298099 36 0 0 8 6 20
298100 18 0 0 8 6 21
298101 84 1 0 4 6 18
298132 47 0 0 8 6 18
298138 133 1 0 8 6 21
298141 52 1 0 1 6 20
298143 18 0 0 8 6 22
298145 47 0 0 7 6 26
298148 77 0 0 8 6 19
298154 109 1 0 8 5 19
298159 21 0 0 6 6 19
298161 35 0 0 8 6 22
298183 126 1 0 8 6 19
298206 58 0 0 4 6 20
298215 50 1 0 1 6 20
298226 37 0 1 8 6 24
298229 40 1 0 8 6 21
298240 102 1 0 4 6 19
298265 76 1 0 8 6 21
298273 58 0 0 8 6 19
298276 126 1 0 8 6 21
298286 64 1 0 3 6 24
298291 34 0 0 2 6 14
298295 35 0 0 4 6 20
298300 28 0 1 8 6 22
298321 26 1 0 6 6 22
298325 30 1 0 3 6 19
298328 30 1 0 7 5 23
298330 41 1 0 8 6 23
298336 163 1 0 2 6 19
298347 12 0 0 8 6 19
298348 4 0 0 9 6 21
298377 11 0 0 0 6 30
298384 22 0 1 8 6 20
298385 66 0 0 4 6 22
298387 53 1 0 7 5 22
298390 26 1 0 7 6 23
298393 5 0 0 0 6 24
298397 6 1 0 1 6 22
298427 4 0 0 4 6 20
298428 71 0 0 2 6 23
298429 16 1 0 4 6 17
298430 64 0 0 4 6 21
298432 129 1 0 4 6 19
298434 33 0 0 0 6 19
298435 72 1 0 6 6 24
298472 102 0 0 1 5 19
298479 30 1 0 4 5 19
298480 9 0 0 4 6 21
298481 10 1 0 3 5 21
298539 21 1 0 4 6 27
298540 73 1 0 6 6 20
298541 24 1 0 1 6 22
298543 37 1 0 7 6 28
298544 43 0 0 2 5 17
298545 3 0 1 4 6 21
298587 36 1 0 3 6 22
298590 51 1 0 8 6 16
298595 42 0 0 8 6 18
298599 36 0 0 8 6 19
298600 41 1 0 1 6 28
298603 157 1 0 4 6 28
298605 3 0 0 6 6 21
298671 79 1 0 1 6 17
298673 50 0 0 8 6 20
298675 10 0 0 6 6 23
298676 46 1 0 6 6 21
298679 37 0 0 4 6 26
298681 31 0 0 8 6 18
298683 15 1 0 6 6 26
298722 113 1 0 8 6 19
298725 32 1 0 2 6 25
298727 7 0 0 8 6 25
298728 20 1 0 1 6 26
298734 54 1 0 6 6 21
298746 6 0 0 4 5 26
298749 9 0 0 1 6 23
298752 84 1 0 6 6 23
298756 60 0 0 6 6 27
298767 106 1 0 4 6 17
298770 22 1 0 8 6 23
298772 5 0 0 5 5 22
298774 17 1 0 2 5 21
298806 17 1 0 6 5 24
298808 13 1 0 1 6 25
298810 60 1 0 2 6 18
298812 40 1 0 8 5 22
298813 190 1 0 8 6 21
