99315
19
541
99315 445 1 1 7 6 16
4296 143 1 0 7 6 17
6250 45 0 0 7 6 16
7348 43 0 0 2 6 16
11079 16 0 0 1 6 18
11446 129 0 0 3 6 15
22108 30 1 0 7 6 17
24000 26 1 0 7 6 20
28969 147 1 0 6 6 16
29393 46 0 0 1 6 17
30632 113 1 0 7 6 16
31219 63 0 0 7 6 16
33945 40 0 0 7 6 16
36044 40 1 0 6 6 14
36754 208 1 0 7 6 15
38779 127 1 0 4 6 17
39671 64 0 0 7 6 16
43155 74 1 0 7 6 16
47117 13 0 0 4 6 18
48878 99 1 0 7 6 15
51598 45 1 0 2 6 14
53734 72 0 0 7 6 15
54540 73 0 0 7 6 16
55050 48 0 0 7 6 16
55149 61 0 0 7 6 16
61303 292 0 0 4 6 16
61305 75 0 0 5 6 15
62375 74 1 0 7 5 15
65952 12 0 0 2 5 16
68205 139 1 0 5 6 15
68345 53 1 0 7 6 16
68406 6 0 0 4 6 15
69366 104 1 0 6 6 17
69416 162 1 0 6 6 17
72481 57 0 0 2 6 16
74699 147 1 0 7 6 18
80969 45 0 0 7 6 15
81034 60 0 0 4 6 15
81169 132 1 0 1 6 17
82409 80 1 0 7 6 16
84433 158 1 0 2 6 17
85664 48 0 0 4 6 16
87339 13 1 0 7 5 16
87843 44 1 0 7 6 17
89024 96 1 0 7 6 16
89963 201 1 1 7 6 16
91146 437 1 1 7 6 24
93304 27 0 0 5 6 16
94327 40 0 0 7 6 15
95720 133 0 0 2 6 15
97275 68 0 0 2 6 16
98739 114 1 0 5 6 15
101560 225 0 0 7 6 17
102471 59 1 0 0 6 16
104888 36 0 0 0 6 17
104990 59 0 0 0 6 19
106771 101 1 0 8 6 14
113322 141 0 0 2 6 15
115660 76 1 0 2 5 18
129197 41 0 0 7 6 16
129843 26 0 0 7 6 15
131593 31 1 0 7 6 15
132296 51 0 0 7 5 15
133398 10 1 0 1 6 14
133585 118 0 0 3 6 17
134361 52 0 0 7 6 14
135642 83 1 0 7 6 16
139296 40 1 0 7 6 14
139571 44 0 0 6 6 17
142923 40 0 0 1 6 15
143101 113 1 0 7 6 20
145387 25 1 0 1 6 15
145825 16 1 0 8 6 14
146963 453 1 0 4 6 15
147138 185 1 0 4 5 16
147404 30 1 0 4 6 16
149206 36 0 0 7 6 20
152463 21 0 0 4 6 17
152470 45 0 0 7 6 16
153786 49 1 0 4 6 16
156103 69 1 0 6 6 16
156636 130 1 0 7 6 16
157973 46 1 0 4 5 15
158016 14 0 0 0 6 15
158018 23 1 0 6 5 18
159146 48 0 0 7 6 14
159587 67 0 0 2 6 17
160659 29 0 0 1 6 18
162540 90 1 0 7 6 15
163338 186 1 0 7 6 14
164878 84 0 0 4 6 16
165358 55 1 0 7 6 14
165379 233 1 0 9 6 16
166051 48 1 0 7 6 16
167492 20 0 0 5 6 16
167521 62 1 0 7 6 16
168108 34 0 0 6 6 15
168458 54 1 0 9 6 17
170918 35 1 1 7 6 19
171085 92 0 0 7 6 17
171312 62 1 0 4 6 17
173378 17 0 0 0 6 16
173879 63 0 0 7 6 14
180565 20 1 0 7 6 31
180622 31 0 0 7 6 16
180867 97 1 1 7 6 19
183821 81 0 0 7 6 14
187827 64 1 0 4 6 17
191103 51 1 0 7 6 16
193388 45 1 0 7 6 15
195159 59 0 0 7 6 15
197177 142 1 0 2 6 21
199533 43 0 0 2 6 16
200517 62 1 0 7 6 17
204853 34 0 0 7 6 15
207150 66 0 0 3 6 15
210432 165 0 0 6 6 18
211059 46 0 0 7 6 19
214117 52 1 0 2 6 16
216150 20 0 0 7 6 16
223364 102 1 0 7 6 18
224663 93 1 0 7 5 15
224995 382 1 0 8 6 13
227006 27 1 0 7 6 14
227165 4 0 0 7 5 17
227696 32 0 0 7 6 15
227714 13 0 0 7 5 15
227788 28 1 0 4 6 16
227952 62 1 0 1 6 15
228799 48 0 0 7 6 15
228921 249 1 0 3 6 17
229128 42 1 0 7 6 14
234290 96 1 0 6 6 17
247677 70 1 0 7 6 17
247998 35 0 0 7 6 16
248508 63 1 0 7 6 15
248768 52 1 0 7 5 17
250333 23 1 0 1 5 20
250581 63 1 0 7 6 14
256022 98 1 0 4 6 16
256361 41 0 0 2 6 17
256568 14 1 0 2 5 14
257959 99 0 0 2 6 16
258802 90 1 0 7 6 16
261122 63 1 0 0 6 15
266420 45 0 0 2 6 15
267133 22 0 0 0 6 16
268997 104 0 0 3 6 15
270701 40 0 0 8 6 15
272444 78 1 0 7 6 16
273685 90 1 0 7 6 17
273911 58 1 0 6 6 16
278292 56 0 0 5 6 15
279160 77 1 0 7 6 16
279209 45 1 1 7 6 16
287074 12 1 0 7 6 15
287153 22 0 0 7 6 15
287274 71 1 0 0 6 16
287368 43 0 0 7 6 18
288434 44 0 0 7 6 15
288994 84 1 0 7 6 17
289048 36 0 0 7 6 17
289202 61 1 0 7 6 16
289816 207 0 0 6 6 18
289931 43 0 0 9 6 17
290701 51 1 0 4 5 19
292196 33 0 0 1 6 16
296413 85 0 0 7 6 15
301435 75 1 0 8 6 16
303127 140 0 0 6 6 15
305459 15 1 0 7 6 16
310282 198 1 0 6 6 15
312007 63 1 1 7 6 16
312495 40 1 0 1 6 16
313209 59 0 0 1 6 15
314691 124 1 0 8 6 17
315619 56 1 0 6 5 17
315620 78 1 0 7 6 16
318462 542 1 1 6 6 38
325741 51 1 0 0 6 15
332777 27 0 0 7 6 17
333466 85 0 0 7 6 16
337468 76 1 0 7 6 15
341608 55 1 0 7 6 15
344389 63 0 0 7 6 16
346851 146 0 0 7 6 16
350085 59 1 0 3 6 16
350576 79 1 0 7 6 19
351037 56 0 0 7 6 15
354895 25 1 0 1 6 19
358249 30 1 0 7 6 15
359524 120 1 0 7 6 17
360294 15 1 0 9 5 18
360512 74 0 0 1 6 15
360909 98 1 0 7 6 15
361074 107 1 0 7 6 17
361229 128 1 0 7 5 18
361627 90 1 0 7 6 16
366774 52 0 0 6 6 17
367439 22 1 0 0 5 15
367683 61 0 0 7 6 15
367848 46 0 0 1 6 19
367885 36 0 0 7 6 14
367886 24 1 0 7 6 15
367887 40 1 1 2 6 15
369639 32 1 0 7 6 16
371536 59 1 0 7 6 16
371719 73 1 0 8 5 16
374568 100 1 0 4 6 19
385193 21 1 0 7 6 18
388794 75 1 0 7 6 14
389196 21 0 0 6 6 16
390332 26 0 0 4 6 15
392148 75 1 0 7 6 16
394193 113 1 0 7 6 14
395607 150 1 1 2 5 15
395687 406 1 0 8 6 16
395867 45 1 0 8 6 15
407862 101 0 0 6 6 15
408176 40 1 0 6 6 14
411044 35 0 0 7 6 17
412211 69 1 1 7 6 15
413774 66 0 0 7 6 15
415781 52 0 0 7 6 15
417416 35 0 0 7 6 14
417842 154 1 0 7 6 16
418520 46 1 1 7 6 21
418578 49 0 0 7 6 15
419068 69 1 0 7 6 16
420310 24 1 0 7 6 16
420342 75 1 0 7 6 18
421948 30 0 0 7 6 15
422833 56 0 0 8 6 15
423157 69 1 1 7 6 16
429898 166 1 0 6 6 17
430570 13 1 0 7 6 16
430638 127 1 0 9 6 16
431682 25 0 0 7 6 15
432099 28 0 0 8 6 17
435586 38 0 0 7 6 15
437469 9 1 0 0 6 16
437595 25 0 0 7 6 15
438634 17 1 0 7 5 16
442311 81 1 0 7 6 18
442614 52 1 0 7 6 16
443190 10 0 0 7 5 15
443292 68 0 0 7 6 15
443298 90 1 0 9 6 16
445153 46 0 0 7 6 15
453699 31 0 0 7 6 14
453745 63 1 0 7 5 20
454126 22 0 0 7 6 16
455030 26 1 0 7 6 14
457986 92 1 0 7 6 16
458099 63 1 0 7 6 15
458220 42 1 0 5 6 19
459176 14 0 0 4 6 18
462553 57 1 0 7 6 16
467913 35 0 0 6 6 16
468445 7 1 0 1 6 15
468787 91 1 0 2 6 15
469713 33 1 0 2 6 19
469932 19 0 0 7 6 16
469973 58 0 0 7 6 16
470086 51 1 0 7 6 16
470137 97 1 0 4 6 17
471655 11 1 0 7 6 16
472527 10 1 0 7 6 19
472908 4 1 0 1 6 17
474419 9 1 0 8 6 15
474772 33 1 0 4 6 17
474774 31 1 0 4 6 15
480080 133 1 0 7 6 15
483314 46 1 0 7 6 16
485805 71 1 0 7 6 15
487825 82 1 0 7 6 14
487826 65 1 0 7 6 17
495560 14 0 0 7 5 16
498129 69 1 0 7 6 17
500146 53 1 0 1 6 17
501326 98 1 0 7 6 18
502587 21 1 0 2 5 20
509036 74 1 0 6 6 13
511724 61 1 1 7 6 19
514567 67 1 0 7 6 16
522187 46 1 0 4 6 16
522866 128 1 0 4 6 17
525354 35 1 0 7 6 15
526886 12 1 0 8 6 14
526897 12 1 0 7 6 16
533703 29 1 0 7 5 16
533764 104 1 0 2 6 17
536492 19 1 0 7 6 14
536984 28 1 1 7 6 13
537004 38 1 1 8 6 15
537005 31 1 1 7 6 17
538642 31 1 0 7 6 15
539914 17 1 0 4 6 14
540056 14 1 0 7 6 15
540305 22 1 0 7 6 16
540410 15 1 0 7 5 15
540414 59 0 0 7 6 15
540918 17 1 0 7 6 16
542044 20 0 0 7 6 16
550978 29 0 0 8 6 17
557296 11 1 0 4 5 14
557299 13 0 0 4 6 16
557300 10 1 0 4 5 16
561929 28 1 0 9 6 17
562792 23 1 0 7 6 16
563839 29 1 0 7 5 14
565668 17 1 0 7 6 15
587311 39 1 0 7 6 15
591792 10 1 0 4 6 14
594619 43 1 0 7 6 15
594770 49 1 0 7 6 15
599429 29 0 0 7 6 16
600081 34 1 0 7 6 17
600881 18 0 0 7 5 16
601913 8 1 0 7 5 15
604790 113 1 0 8 6 14
611573 7 1 0 4 6 16
612043 12 0 0 8 6 16
618427 15 0 0 7 6 16
621463 59 1 0 1 6 15
623382 22 0 0 6 6 16
633879 23 1 0 7 6 18
641149 25 1 0 4 6 15
649090 63 0 0 6 6 14
669920 11 0 0 2 6 13
691407 22 0 0 7 6 16
700597 26 0 0 7 6 15
707845 72 1 0 7 6 14
711312 63 1 0 6 6 14
711445 23 1 0 5 6 14
711663 21 1 0 1 6 17
720556 27 0 0 7 6 14
722405 20 1 0 7 6 15
722597 7 0 0 6 6 16
725247 22 0 0 7 6 17
732388 26 1 0 7 6 16
743425 11 1 0 7 6 14
746030 25 1 0 6 6 18
748727 13 0 0 7 6 20
748780 17 0 0 7 6 16
750772 6 0 0 7 6 16
750951 31 1 0 7 6 16
752825 37 1 0 5 6 15
753689 4 1 0 8 6 14
756680 60 1 0 7 6 16
757136 29 0 0 7 6 15
757325 19 0 0 4 6 15
757720 51 1 0 7 6 15
760083 10 1 0 7 6 16
760086 16 1 0 7 5 16
760089 69 1 0 7 6 15
763638 31 1 0 7 6 16
768406 14 0 0 6 6 14
775839 6 1 0 4 5 16
777284 13 1 0 2 5 16
778566 18 1 0 7 6 15
779284 6 1 0 7 6 15
779455 15 0 0 7 6 17
779457 2 1 0 7 5 15
779458 4 0 0 7 5 18
779459 10 0 0 7 6 16
779568 5 1 0 7 6 19
781355 61 1 0 4 6 15
781955 18 1 0 5 6 14
782719 24 1 0 4 6 17
788567 26 0 0 7 6 17
796351 14 0 0 7 6 16
804416 11 1 0 0 6 17
805392 54 1 1 7 6 21
807661 48 1 0 4 6 15
808377 27 1 1 7 6 20
821930 16 1 0 4 6 18
829952 47 1 0 7 6 17
830305 19 1 1 7 6 21
835264 34 1 1 7 6 18
835286 9 1 0 7 6 18
836334 122 1 0 8 6 18
854674 17 1 0 1 6 16
855221 8 1 0 2 6 17
860722 2 0 0 4 6 17
860966 22 1 0 6 6 16
860967 33 1 1 7 6 11
861039 1 1 0 7 6 15
861049 2 0 0 7 6 16
861118 16 1 1 7 6 17
861128 4 0 0 4 6 16
861326 17 1 1 7 6 15
861573 13 1 0 7 6 16
861645 3 1 0 7 6 16
861703 8 0 0 4 5 17
861774 8 1 0 7 6 18
861832 13 1 0 7 5 15
861835 9 1 0 9 5 17
861836 17 1 1 7 6 18
861837 8 1 0 7 5 16
861838 4 1 0 2 6 18
861845 6 1 0 7 5 16
861859 3 1 0 7 6 14
861869 2 0 0 7 5 17
861870 4 0 0 7 6 18
861883 75 1 0 6 6 14
861902 5 0 0 7 6 16
861936 1 1 0 7 5 16
861969 5 0 0 1 6 15
861970 30 1 1 4 6 16
861972 9 1 0 7 6 17
861979 11 0 0 4 6 16
861980 7 1 0 7 6 17
861988 2 1 0 4 6 17
861989 7 1 0 7 6 17
861991 6 1 0 4 5 17
861993 3 0 0 8 6 17
861996 2 1 0 4 5 16
861998 11 1 0 1 6 15
861999 2 0 0 3 5 22
862013 12 1 0 1 6 14
862014 8 1 0 7 6 16
862015 2 0 0 4 6 16
862018 1 1 0 7 6 16
862019 17 1 0 7 6 14
862037 2 1 0 9 6 18
862041 13 0 0 7 6 14
862042 2 0 0 4 6 19
862051 1 1 0 7 5 16
862052 3 1 0 7 6 16
862053 22 0 0 3 6 16
862054 7 0 0 4 6 17
862055 20 1 0 4 6 15
862076 9 1 0 1 5 16
862087 26 0 0 8 5 16
862088 2 1 0 7 6 15
862089 5 1 0 7 5 15
862090 5 0 0 4 6 16
862111 3 0 0 7 5 18
862159 58 1 1 7 6 18
862176 6 0 0 7 5 16
862265 47 0 0 7 6 17
862341 10 0 0 1 6 16
862379 17 1 0 6 6 19
862381 23 1 0 1 6 17
862399 19 1 0 7 6 16
