165360
19
533
165360 555 1 1 2 6 19
13743 139 1 0 2 6 17
13754 75 1 0 4 6 26
13838 47 0 1 2 6 22
13851 141 1 1 2 6 20
20851 453 1 0 9 6 24
27811 44 0 0 1 6 22
39565 94 1 0 2 6 16
41291 171 1 0 4 6 15
41298 142 1 0 2 6 19
41385 229 0 0 2 6 19
41931 119 1 0 4 5 31
42581 214 1 0 2 6 19
43399 270 1 0 2 6 18
43520 88 1 0 5 6 18
43680 49 0 0 1 6 22
47212 192 1 0 7 6 17
48872 246 0 0 6 6 19
49394 85 0 0 5 6 21
54655 130 1 0 7 6 17
59549 91 1 0 2 6 19
64817 121 1 0 2 6 19
64953 196 1 0 2 6 16
65090 83 0 0 7 6 18
68330 87 1 0 5 6 15
74831 144 0 0 2 6 19
82382 131 1 0 7 6 17
86612 39 1 0 5 6 17
90010 176 1 0 7 6 20
90149 67 1 0 4 6 20
93385 199 1 0 2 6 20
96373 330 1 0 2 6 20
96747 46 0 0 2 6 19
98748 277 1 0 6 6 25
107814 182 0 0 4 6 16
111448 80 1 0 2 5 21
111460 171 0 0 2 6 16
112925 424 1 0 2 6 16
112948 288 1 0 2 6 16
115322 49 0 0 2 6 19
115660 76 1 0 2 5 18
115662 279 1 0 6 6 18
117194 19 0 0 2 6 22
119502 34 1 0 2 6 9
122673 186 1 0 2 6 15
126484 99 0 0 2 6 21
126708 209 1 0 2 6 15
127874 301 1 0 2 6 16
128122 140 0 0 2 6 20
129198 99 1 0 5 6 16
129845 51 1 0 2 6 16
130489 81 1 0 2 6 18
130828 295 1 0 5 6 18
131168 107 1 0 5 6 17
131756 128 1 0 2 6 19
133727 353 0 0 2 6 19
137568 119 1 0 5 6 21
140369 102 0 0 2 6 18
143060 55 0 0 2 6 23
143182 86 1 0 5 6 17
150810 51 1 0 2 6 20
150872 133 0 0 4 6 19
150961 89 1 0 2 6 18
152522 96 0 0 2 6 20
152885 6 1 0 2 5 19
153459 85 1 0 2 6 22
153938 52 0 0 2 6 19
155425 71 0 0 2 6 22
155847 97 1 0 2 6 21
156061 29 0 0 2 6 20
157586 121 1 0 2 6 21
160085 77 0 0 2 6 19
160690 140 0 0 7 6 19
160998 56 0 0 2 6 20
162272 102 0 0 2 6 20
162273 49 0 0 2 6 20
165322 254 1 1 2 6 17
167796 81 1 0 2 6 19
170668 167 1 1 2 6 23
171322 148 1 0 2 6 17
172936 130 1 0 2 6 17
174887 32 1 0 2 6 20
175388 126 1 0 2 6 18
176689 63 1 0 2 6 23
180230 157 1 0 5 6 26
182420 43 0 0 6 6 21
183873 101 1 0 2 6 19
184022 290 1 0 2 5 13
185255 106 0 0 7 6 17
187442 111 0 0 4 6 18
188561 235 1 0 7 6 21
191878 130 1 0 4 6 22
192768 73 0 0 4 6 18
193986 104 0 0 2 6 24
199308 69 0 0 1 6 24
201365 33 0 0 9 6 22
201368 24 1 0 2 6 27
201375 85 0 0 2 6 20
201421 48 1 0 2 6 19
201968 101 1 0 4 6 23
203193 117 1 1 2 6 20
204703 323 0 1 2 6 19
212688 113 0 0 2 6 20
212695 87 0 0 2 6 18
213451 96 0 0 2 6 18
218009 98 1 0 2 6 20
224793 128 1 0 2 6 18
226675 85 0 0 2 6 18
228244 239 1 0 2 6 22
230005 221 1 1 2 6 20
230225 135 1 0 2 6 19
231140 107 1 0 2 6 20
231596 58 0 0 2 6 16
235560 54 1 0 2 6 22
236835 184 1 0 2 6 18
238229 134 1 0 2 6 16
238262 158 1 0 2 6 16
238436 47 0 0 2 6 22
238703 87 1 0 2 6 21
238706 170 0 0 2 6 22
238916 100 1 0 4 5 20
240979 246 1 0 4 6 20
243766 107 0 0 2 6 20
245522 304 1 0 2 6 16
246622 179 1 0 2 6 17
246862 59 0 0 2 6 18
246983 43 0 0 2 6 24
247044 82 0 0 2 6 23
247986 76 1 0 2 6 18
248153 43 1 0 2 5 20
248768 52 1 0 7 5 17
248902 195 1 0 2 6 17
248908 205 0 0 2 6 18
248911 168 1 0 2 6 19
249707 161 1 0 2 6 18
249711 109 1 0 4 6 15
249742 96 1 0 2 6 17
250265 46 1 0 7 6 17
250331 150 1 0 2 5 18
251269 41 1 0 2 6 21
251981 164 1 0 2 6 18
252525 30 0 0 7 6 22
253470 165 1 0 7 6 19
254392 173 1 0 2 5 15
254846 129 1 0 2 6 22
255722 60 1 0 2 6 15
255728 186 0 1 2 6 22
256229 126 0 1 2 6 20
256462 31 1 0 2 6 16
256465 274 1 0 2 6 15
256505 26 1 0 2 5 16
256506 61 1 0 2 6 13
256521 71 1 0 2 5 13
256558 61 1 0 2 6 14
256640 148 1 0 2 6 16
257747 65 1 0 2 6 15
257761 98 1 1 4 6 21
257845 31 0 1 2 6 21
257983 29 1 0 2 6 16
257984 34 1 0 2 6 22
257987 112 1 0 2 5 21
257991 210 1 1 2 6 22
258065 43 1 0 2 6 17
258071 108 1 0 2 6 18
258073 150 1 0 2 6 16
258076 48 0 0 7 6 31
258193 147 1 0 2 6 20
258268 161 0 0 7 6 33
258315 187 1 0 6 6 22
258318 217 1 0 2 6 23
258389 36 1 0 2 6 18
258437 144 1 0 2 6 25
258448 155 1 0 2 6 16
258530 81 1 0 2 6 15
258563 226 1 0 2 6 18
258645 113 1 0 2 6 18
258664 179 0 1 2 6 20
258741 106 1 0 4 6 20
258848 59 1 0 4 6 19
258975 150 0 0 6 5 18
259009 53 0 0 2 6 22
259175 21 1 0 2 6 20
259235 54 0 0 2 6 21
259732 294 1 0 6 6 19
259781 97 1 0 2 6 18
260304 107 1 0 2 6 20
260355 76 1 0 2 6 23
260357 42 0 0 4 6 23
260423 37 1 0 7 6 23
260490 175 1 0 2 6 20
260530 88 1 1 2 6 22
260857 32 1 0 2 6 14
260862 93 1 1 2 5 16
260863 105 1 0 2 5 22
260866 61 1 0 2 6 20
260888 148 0 0 2 6 20
260919 190 1 0 2 6 19
260921 241 1 0 2 6 18
260949 145 1 1 2 6 19
260954 168 1 0 2 6 20
260967 73 1 0 2 6 23
261088 74 1 0 2 6 22
261105 26 1 0 2 5 20
261229 125 1 0 2 6 18
261250 141 0 0 2 6 18
261313 135 0 0 2 6 19
261563 43 0 1 2 6 20
261568 93 1 0 2 5 18
261599 73 1 0 2 6 21
261822 139 1 0 2 5 20
262019 220 1 0 2 6 19
262021 56 1 0 2 6 27
262046 204 1 0 2 6 22
262047 72 1 0 2 6 21
262057 122 1 0 2 6 23
262174 121 1 0 2 6 20
262310 65 1 1 2 5 22
262657 33 0 0 6 6 21
262730 137 1 0 2 6 24
262953 41 1 0 2 6 20
263014 101 1 1 2 6 20
263040 68 1 1 2 6 21
263259 104 1 1 2 6 18
263260 168 1 1 2 6 18
263262 89 1 1 2 6 18
263342 138 1 0 2 6 18
263343 101 0 1 2 6 18
263361 80 1 0 2 6 20
263484 56 1 0 2 5 20
263487 94 0 0 2 6 20
263497 111 1 0 2 6 19
263507 97 1 0 2 6 18
263682 80 1 0 2 6 20
263774 107 1 1 2 5 20
266070 61 0 0 2 6 18
266071 47 1 1 2 6 18
266073 78 1 0 2 6 18
266113 72 0 0 4 6 18
266542 41 1 1 2 6 20
266621 38 1 0 2 5 20
266693 288 1 1 2 6 18
266729 302 1 0 2 6 17
266733 265 1 1 2 6 19
266766 180 1 0 2 6 20
266776 109 1 0 2 6 17
266782 120 1 1 2 6 36
267196 79 1 0 2 6 20
267277 66 1 0 2 6 22
267515 79 1 1 2 6 15
268133 113 1 0 2 6 19
272944 161 1 1 2 5 20
273240 29 0 0 2 6 23
275219 125 0 0 5 6 18
276222 100 1 0 7 6 22
276425 117 0 0 2 6 21
277219 29 0 0 4 5 21
277792 174 0 0 2 6 18
277925 112 1 0 2 6 23
277998 148 1 0 2 6 21
278376 116 1 0 2 6 17
278387 190 1 0 2 6 16
282293 95 0 0 2 6 24
283887 53 0 0 1 6 26
285107 50 0 0 5 6 25
286844 99 1 0 5 6 17
287947 152 0 0 7 6 18
289334 49 0 0 7 6 23
289579 128 0 0 7 6 17
299923 83 1 1 2 6 20
300004 85 0 0 2 6 18
301490 166 0 0 4 6 21
303496 326 1 0 6 6 18
305615 73 0 0 4 6 21
305743 190 1 0 6 6 25
307480 71 0 0 7 6 20
313080 170 1 0 2 6 17
314790 240 1 0 7 6 15
319723 142 0 0 2 6 18
328627 117 0 0 6 6 21
330258 126 0 0 6 6 23
332446 158 1 0 2 6 17
332648 134 1 0 2 5 17
332661 188 1 0 2 6 20
332746 41 0 0 2 6 19
332801 143 1 0 2 6 18
332977 40 1 0 6 6 28
333413 60 0 0 2 6 20
335375 119 1 1 2 6 17
336008 192 1 1 2 6 19
336570 252 1 0 6 6 21
337333 107 0 0 2 6 18
340837 53 1 0 7 6 17
341883 152 0 0 2 6 17
347856 92 1 0 5 6 17
350368 34 0 0 2 6 17
353171 45 1 0 2 6 20
355182 32 0 0 2 6 18
356071 71 1 0 2 6 17
358482 185 1 0 7 6 18
359289 105 1 0 2 6 21
359395 166 1 0 5 6 21
359454 180 1 0 5 6 17
359457 118 1 0 5 6 18
361074 107 1 0 7 6 17
363276 5 0 0 2 5 19
365397 102 1 0 2 6 21
368562 109 1 0 6 6 19
368797 37 1 0 6 5 20
368895 166 1 0 6 6 21
370666 21 0 1 2 6 17
372461 58 1 0 5 5 12
373472 75 1 0 2 6 15
373536 39 1 0 2 6 17
373581 124 1 0 2 6 17
373764 43 1 0 2 6 24
373854 79 0 0 6 6 22
374032 61 0 0 7 6 26
377630 136 1 0 2 6 17
385753 185 1 0 4 6 18
387161 58 1 0 2 5 19
387935 79 0 0 2 6 17
390448 67 0 0 2 6 18
390859 187 1 1 2 6 18
391296 64 0 0 2 5 15
398731 102 1 0 4 6 31
405493 41 1 0 7 6 16
409005 70 0 0 2 6 18
409680 45 0 0 2 6 18
416380 52 1 1 2 6 20
416531 152 1 0 2 6 18
417041 55 1 0 2 6 17
417380 54 1 0 2 6 19
417790 190 1 0 7 6 18
418172 93 1 0 2 6 21
418445 121 1 0 2 6 21
420585 73 1 0 7 6 18
420604 37 0 0 5 6 19
421515 187 1 0 5 6 19
421585 20 1 0 7 6 18
422235 270 1 0 2 6 16
422711 65 0 0 4 5 18
425452 118 1 0 2 6 17
430041 64 1 0 7 6 20
432420 172 1 0 9 6 18
432473 43 1 0 2 5 27
432917 66 0 0 6 6 18
436033 52 1 0 2 6 24
436931 143 1 0 6 6 16
442302 91 1 0 7 6 18
443037 292 1 0 6 6 22
443375 59 1 0 5 6 22
444274 41 1 0 5 5 19
445354 46 1 0 2 6 19
445693 301 1 0 6 6 15
446658 97 0 0 7 6 18
449371 45 0 1 7 6 19
455571 43 1 0 2 5 18
456516 61 1 1 2 6 18
456948 166 0 0 2 6 20
458916 112 1 0 6 6 19
459840 46 0 0 2 6 17
459990 42 0 0 2 6 20
465681 99 1 0 5 6 17
468941 68 1 0 1 6 17
469022 68 0 0 7 5 22
471434 67 1 0 1 6 16
482483 9 0 0 2 6 19
483314 46 1 0 7 6 16
484821 32 0 0 5 6 20
485919 47 1 0 7 6 19
486065 65 1 0 5 6 22
486868 32 0 0 2 6 21
487144 191 1 0 2 6 16
487287 111 1 0 6 6 17
487349 110 1 0 5 6 18
487545 86 1 1 2 6 19
488370 31 1 0 6 6 26
489590 150 1 0 2 5 22
489618 85 1 0 6 6 18
490004 69 1 0 2 6 26
490005 62 0 0 2 6 17
490275 90 1 0 6 5 17
490292 94 1 0 2 6 15
490475 37 0 0 6 6 34
490518 108 1 0 2 6 17
492029 38 1 0 7 5 20
493176 74 1 0 2 6 17
495801 28 1 0 7 6 19
500880 147 0 0 2 6 17
501951 16 1 1 2 5 21
501959 129 1 0 2 6 17
502101 83 1 0 2 6 24
506997 170 1 1 2 6 19
511569 135 1 1 2 6 19
513339 96 1 0 2 6 15
513507 71 1 1 2 6 17
513553 29 0 1 2 6 21
513584 59 1 1 4 6 20
513585 87 1 0 2 5 16
513743 24 1 0 2 6 19
513786 51 1 1 2 6 18
513822 8 1 1 2 6 22
513827 117 1 1 2 6 17
513829 19 1 1 2 5 18
515035 147 1 0 4 6 18
525553 140 0 1 2 6 19
525624 166 1 1 2 6 19
525704 96 1 0 2 6 20
527733 32 1 1 2 5 20
527941 115 1 1 2 6 23
527943 77 1 0 2 6 12
528100 123 0 0 2 6 18
528148 102 1 0 2 6 17
528149 122 1 0 2 6 21
528377 104 1 0 2 6 18
528378 136 1 0 2 6 17
528949 68 1 0 2 6 19
531289 20 0 0 2 5 22
533989 117 0 0 4 6 17
536584 27 0 0 2 6 19
536714 78 1 1 2 6 20
536994 151 1 0 2 6 17
537316 75 0 0 2 6 22
537600 117 1 0 2 6 19
538400 70 1 0 2 5 21
538746 52 1 1 2 6 17
539831 59 0 0 6 5 20
539980 62 1 0 2 5 19
543536 74 1 1 2 6 17
543649 41 1 1 4 6 19
543651 47 1 1 2 5 19
543701 62 1 0 2 5 23
543705 9 1 1 2 5 28
543739 52 1 0 2 6 12
545038 115 1 0 2 6 22
545297 28 1 1 2 6 19
546896 40 0 0 2 6 19
547100 107 1 0 2 6 20
547870 76 1 0 2 6 17
548507 84 1 0 2 6 18
548533 32 1 0 2 6 17
548616 35 1 0 2 6 19
548960 122 1 0 4 6 18
549426 91 0 0 2 6 20
550089 192 1 0 4 6 20
555026 77 0 0 5 6 17
555727 50 0 0 2 6 31
556307 77 1 0 2 6 22
563421 22 1 0 2 5 32
564844 57 1 0 2 6 18
567428 44 1 0 2 6 34
567553 57 1 0 2 6 22
567595 164 1 0 2 6 17
567648 88 1 0 2 6 20
568391 49 1 0 2 5 25
577535 37 1 0 2 6 22
586690 156 1 0 2 6 11
596923 50 0 0 9 6 25
597160 31 1 1 2 6 38
597966 218 1 0 2 6 16
610172 42 1 1 2 6 26
613561 93 1 0 2 6 19
613898 64 1 0 6 6 22
615998 53 1 1 2 6 18
617575 61 1 0 2 5 17
617577 28 0 0 2 5 17
618350 82 1 0 2 6 21
624819 53 1 0 2 6 18
625279 122 1 0 2 5 14
633530 49 1 0 7 6 20
633839 27 1 0 7 6 17
641963 35 1 0 7 6 20
655309 29 1 1 2 6 22
656592 30 1 0 2 6 21
660179 37 1 0 2 6 23
668780 105 1 0 7 6 18
675823 80 1 0 2 6 15
676293 49 1 0 2 6 21
677167 82 1 0 2 6 18
691181 87 1 0 2 6 16
691987 41 1 0 2 6 19
694415 35 1 0 2 6 21
695273 58 1 0 2 6 19
699657 12 1 0 2 6 25
700555 33 1 1 2 6 19
702634 117 1 0 2 6 16
702848 24 1 0 2 6 21
712726 7 0 0 2 6 23
714588 19 0 0 9 6 39
735638 49 1 0 2 6 18
746263 74 1 0 4 6 18
756200 95 1 0 2 6 16
756943 60 1 0 2 5 18
760647 59 1 0 6 6 40
762376 47 1 0 2 6 19
773287 5 1 0 2 5 21
781088 66 1 0 4 6 15
782075 101 0 0 6 6 15
782703 65 1 0 6 6 17
783188 20 1 0 7 6 21
785247 40 1 0 4 6 14
791405 84 1 1 2 6 20
801799 8 1 0 2 6 20
805832 33 1 0 2 5 17
813596 8 1 0 2 6 11
823864 49 1 1 2 6 21
824677 12 1 0 2 6 18
824744 34 1 0 2 6 14
829316 11 1 0 2 6 20
829671 14 1 0 2 5 29
844328 74 1 0 2 6 18
844981 50 1 0 2 6 18
848476 28 1 0 2 6 26
849148 41 1 0 2 6 16
849195 27 1 0 2 6 20
849537 50 1 1 2 6 18
852953 8 1 0 2 6 27
853827 56 1 0 2 6 18
872427 51 1 0 2 6 23
878946 46 1 1 2 6 22
883781 15 1 0 2 6 16
902130 12 1 1 2 6 19
903340 22 1 0 4 6 17
903496 50 1 0 2 6 17
903921 32 1 0 2 6 29
931640 9 1 0 5 5 21
932536 14 1 0 6 6 21
936005 63 1 0 2 6 18
940265 4 1 0 2 5 17
941916 42 1 1 1 6 36
942029 14 1 1 2 6 19
942223 13 1 0 2 6 18
945902 25 0 1 2 6 21
954300 19 0 0 7 5 17
958351 36 1 0 2 6 27
990559 36 1 0 5 6 19
1001051 34 1 0 7 6 33
1019009 7 0 0 2 5 24
1019814 8 0 0 4 6 21
1020510 19 0 0 2 6 25
1026088 22 1 0 2 6 22
1027261 5 0 0 4 6 17
1027307 3 1 0 9 6 24
1027310 8 1 0 2 6 29
1027350 4 0 0 1 5 26
1027681 20 1 1 2 6 19
1027950 16 1 0 2 6 19
1027953 45 1 0 2 6 17
1027977 8 1 0 2 6 34
1028003 3 1 1 2 5 29
1028287 11 1 1 2 6 1
1028324 15 1 1 2 5 29
1028345 4 0 1 6 5 20
1028388 16 1 0 2 6 9
1028404 7 0 0 2 6 20
1028413 19 1 1 2 6 40
