77721
19
452
77721 623 1 1 4 6 17
2250 57 0 0 0 6 24
2893 53 0 0 0 6 17
3166 12 1 0 4 6 19
8940 76 0 0 0 6 17
10002 115 0 0 4 6 17
10270 182 1 0 4 6 17
12154 204 0 0 2 6 18
14144 53 0 0 6 6 18
14366 105 1 0 4 6 17
22111 99 1 1 7 6 18
31809 68 1 0 4 6 18
36713 17 1 0 8 6 17
37222 46 1 0 6 6 25
39451 180 1 0 2 6 16
39509 35 0 0 4 6 19
39803 267 1 0 4 6 19
44183 92 0 0 8 6 17
46201 75 1 0 4 6 18
47111 124 1 0 4 6 13
48979 558 1 0 4 6 26
55151 212 1 0 8 6 20
55243 159 1 0 2 6 16
55712 143 0 0 8 6 16
62563 120 0 0 8 6 30
67989 10 0 0 4 6 26
69651 161 1 0 4 6 18
72296 355 1 0 4 6 16
72354 145 0 0 6 6 16
76529 117 0 0 4 6 20
78778 160 1 0 8 6 17
79226 670 1 0 8 6 11
87440 23 1 0 8 6 20
87444 18 1 0 4 5 20
87446 33 1 0 8 6 20
87596 6 1 0 7 5 20
87848 89 1 0 2 6 25
88280 635 1 0 1 6 19
90140 57 1 1 2 6 14
90584 223 0 0 4 6 17
90987 133 1 0 2 6 18
92291 69 1 0 8 6 16
93140 42 0 0 8 6 16
93181 47 0 0 6 6 19
100832 35 0 0 8 6 17
106292 132 1 0 8 6 17
107814 182 0 0 4 6 16
107914 308 1 0 6 6 19
108763 129 1 0 8 6 36
109087 184 1 0 9 6 20
111336 100 1 1 6 6 19
112098 55 1 0 4 6 19
119048 198 1 0 9 6 16
125234 20 1 0 4 6 15
126693 44 1 0 4 6 16
127440 8 1 0 4 5 13
128125 12 0 0 4 5 17
128227 182 0 0 8 5 15
131033 51 1 0 9 6 16
132156 116 0 0 4 6 17
133848 72 1 0 4 6 19
146405 133 1 0 8 6 21
147840 98 1 0 4 6 19
149441 144 1 0 8 6 17
149520 164 1 0 2 6 18
161009 5 1 0 4 6 18
161676 56 1 0 4 6 18
165298 60 0 0 4 6 15
165371 100 0 0 2 6 15
165380 53 1 0 4 6 17
166028 148 0 0 4 6 18
166052 15 1 0 4 6 18
166315 24 1 0 4 6 18
166396 121 0 0 4 6 18
166509 141 1 0 4 6 17
166510 117 1 0 4 6 17
167402 146 0 0 4 6 17
167522 23 0 0 4 6 18
168471 6 0 0 4 6 18
168473 11 1 0 4 6 19
168988 7 0 0 4 5 19
169238 26 1 0 4 6 18
169555 233 1 0 4 6 18
170757 188 1 0 4 6 18
171088 187 0 0 4 6 17
171160 174 1 0 4 6 17
171312 62 1 0 4 6 17
171389 395 1 0 8 6 18
171459 68 0 0 4 6 17
172418 138 1 0 6 6 29
172435 58 1 0 4 6 16
172655 284 1 0 4 6 16
172758 496 1 0 8 6 20
172886 299 1 0 4 6 16
173272 152 1 0 6 6 16
175511 238 1 0 9 6 17
176960 245 1 0 9 6 17
179413 85 1 0 2 6 17
179450 51 1 0 4 6 15
188151 157 1 0 8 6 17
191270 45 0 0 4 6 17
199298 47 0 0 2 6 16
203173 72 1 0 6 6 17
209903 119 1 0 4 6 17
211048 204 1 0 4 6 16
211188 220 1 0 4 6 21
211596 168 0 0 4 6 17
211618 88 0 0 4 6 16
211670 137 1 0 6 6 17
211812 2 0 0 4 5 15
211869 31 1 0 4 5 21
211995 67 0 0 4 6 21
212037 98 1 0 4 6 15
212367 120 1 1 8 6 16
212374 8 0 0 4 5 18
212468 58 0 0 4 6 17
219938 61 0 0 4 6 19
220817 29 0 0 8 5 17
224842 108 1 0 7 6 19
224978 136 0 0 4 6 17
225019 226 1 0 6 6 20
225287 229 1 0 8 6 19
235907 25 0 0 8 6 15
238262 158 1 0 2 6 16
244159 35 1 0 8 6 16
245705 38 0 0 8 6 17
250327 31 1 0 4 6 20
250687 59 1 0 4 6 20
252867 64 0 1 4 6 32
254733 256 1 0 8 6 15
254814 77 1 0 4 6 17
258378 138 1 0 8 6 16
264462 208 1 0 4 6 17
269073 104 1 0 4 6 17
271515 223 1 0 4 6 21
271663 207 1 0 4 6 17
271665 48 1 0 4 6 17
271848 94 0 0 4 6 17
272276 52 1 0 4 6 20
272336 260 1 0 6 6 15
272345 172 0 0 4 6 15
272421 378 1 0 4 6 15
272573 163 0 0 6 6 17
274571 191 1 0 2 6 18
275641 49 1 0 4 6 20
275764 58 1 0 4 6 21
275923 43 1 0 7 6 21
277216 73 1 0 4 5 19
277421 24 1 0 4 6 20
277463 59 1 0 4 5 21
277888 104 1 0 4 6 15
278439 17 1 0 4 6 23
278705 258 1 0 4 6 20
278871 76 1 0 4 6 20
280586 127 0 0 4 6 15
282420 46 1 0 4 6 17
283601 23 0 0 4 6 16
284663 96 1 1 4 6 10
285190 167 0 0 6 6 17
285390 51 0 0 4 6 15
286463 126 1 0 4 6 13
286566 52 0 0 6 6 18
289893 30 0 0 4 6 17
291881 83 1 0 6 6 18
292166 49 1 0 6 6 20
297324 205 1 0 2 6 22
297406 32 1 0 4 6 20
298767 106 1 0 4 6 17
299605 50 0 0 4 6 21
305240 15 0 1 4 6 14
305420 49 0 0 4 6 16
305424 41 1 0 6 6 13
305440 192 1 0 6 6 27
305667 154 1 0 4 6 17
305745 40 1 0 4 6 17
305865 195 1 0 4 6 20
311029 87 1 0 6 6 15
311035 51 1 0 4 6 15
311151 89 1 0 6 6 16
311241 154 1 0 4 6 15
311272 120 1 0 4 6 17
311567 82 1 1 6 5 19
312982 123 1 0 4 6 17
313022 100 0 0 4 6 17
314048 107 0 0 4 6 15
315127 85 0 0 4 6 17
315443 30 0 0 1 5 23
317916 107 0 0 8 6 26
319825 28 1 0 9 5 20
320635 21 1 0 2 5 18
323238 123 1 0 2 6 17
324657 82 1 0 8 6 18
327209 28 0 0 4 6 17
330110 293 1 0 4 6 19
330502 16 0 0 6 6 18
331257 105 0 0 4 6 20
334829 39 0 0 4 6 16
334876 46 1 0 4 6 16
334877 96 0 0 4 6 14
335538 77 0 0 4 6 16
336443 133 1 0 4 6 14
336520 95 1 0 4 6 17
342316 58 0 0 4 6 16
345125 184 1 0 7 6 19
345846 176 1 0 4 6 15
347868 79 1 0 4 6 22
348300 144 1 0 4 6 16
348399 261 1 0 4 6 16
348453 268 1 0 4 6 15
348457 124 1 0 4 6 16
348463 20 0 0 4 6 17
348497 126 0 0 9 6 16
348548 221 1 0 4 6 17
348558 93 1 0 4 6 15
348561 87 0 0 4 6 18
348668 289 1 0 4 6 17
348669 61 1 0 4 6 16
348670 258 1 0 4 6 16
348879 99 1 0 2 6 13
350302 28 1 0 2 6 19
350620 85 1 0 2 6 21
351262 188 1 0 2 6 12
352731 66 1 0 6 6 21
352838 66 1 0 4 6 20
354045 70 1 0 4 6 16
354366 298 1 0 8 6 16
354409 97 1 0 8 6 16
355443 43 1 0 8 6 16
355526 278 0 0 4 6 20
355672 13 1 0 0 6 15
357422 23 0 0 6 6 23
360067 69 0 0 4 5 15
360871 130 1 0 6 6 17
361705 19 0 0 4 5 18
365628 58 1 0 8 6 17
368413 193 1 0 6 6 17
368697 66 1 0 6 6 21
369667 232 1 0 4 6 18
372675 94 1 0 2 5 14
373836 66 1 0 4 6 17
374954 21 1 0 8 6 16
378457 139 1 0 4 5 14
381799 158 1 0 2 6 14
381827 186 0 0 9 6 13
382024 201 1 0 4 6 18
382027 26 1 0 4 5 16
382398 2 1 0 4 6 17
382420 16 1 0 4 6 16
382426 23 0 0 4 6 15
382473 170 1 0 4 6 14
382535 103 0 0 4 6 16
382569 70 1 0 6 6 15
382636 253 1 0 8 6 15
382651 88 0 0 4 6 18
382653 21 1 0 4 6 20
382654 135 0 0 4 6 17
382660 82 1 0 4 6 18
382853 334 1 0 6 6 15
383101 152 1 0 4 6 14
383111 17 1 0 6 6 14
383181 177 1 0 2 6 15
383185 395 1 0 4 6 15
383229 115 0 0 4 6 16
383320 115 1 0 4 6 16
383495 12 1 0 4 6 20
383582 14 1 0 4 6 20
384343 160 1 0 4 6 16
384377 52 1 0 8 6 16
384605 78 0 0 4 6 18
384608 201 1 0 4 6 17
384671 164 1 0 4 6 19
384755 34 0 0 4 6 21
384799 4 0 0 4 5 15
384876 50 1 0 4 6 18
384915 182 1 0 4 6 17
384942 41 1 0 4 6 17
384943 29 1 0 4 6 16
384944 88 1 0 4 6 16
384946 27 1 0 4 6 17
385006 57 0 0 4 6 20
385031 88 1 0 4 6 16
385039 65 1 0 4 6 16
385753 185 1 0 4 6 18
385830 9 1 0 4 5 16
385862 35 0 0 4 6 16
385927 26 1 0 4 5 18
385969 185 1 0 4 6 15
386038 103 1 0 4 6 16
386040 118 0 0 4 6 16
386169 33 1 0 4 6 17
386200 74 1 0 4 6 16
386206 95 1 0 4 6 15
386274 12 1 0 4 5 18
386391 15 1 0 4 5 18
387229 7 0 0 4 6 18
395456 66 0 0 8 6 15
395642 61 1 0 8 6 15
396007 29 0 0 4 6 15
402871 51 1 0 4 6 17
407818 28 1 0 4 6 14
424940 46 1 0 4 6 16
430699 156 1 0 4 6 16
431273 106 0 0 4 6 17
442500 59 1 0 4 6 21
455596 30 0 0 3 6 31
456432 13 1 0 8 6 17
457835 40 1 0 2 6 20
458101 35 1 0 8 5 15
459170 29 0 0 4 5 16
459524 199 1 0 4 6 18
461525 46 0 0 8 6 18
462492 144 1 0 9 6 15
462531 51 1 0 8 6 17
462663 318 0 0 4 6 16
463942 19 1 0 4 5 14
466889 77 0 0 4 6 21
469497 6 0 0 4 5 17
469498 55 1 0 4 6 16
469666 16 1 0 4 5 16
474772 33 1 0 4 6 17
474774 31 1 0 4 6 15
474865 54 1 0 4 6 16
474903 118 1 0 4 6 16
475377 8 1 0 4 6 14
475443 75 1 0 4 6 17
475570 212 1 0 4 5 17
476094 87 1 0 4 6 15
476102 44 0 0 4 6 16
476150 90 1 0 0 6 19
484673 29 1 0 5 6 18
487746 48 1 0 9 6 19
489462 11 0 0 4 6 23
489692 88 1 0 6 6 17
496725 68 1 0 4 6 17
504410 9 1 0 2 5 22
505829 69 1 0 6 6 29
506342 45 1 0 6 6 17
506791 226 1 1 4 6 16
507967 38 1 0 4 6 16
509485 197 1 0 6 6 16
509842 19 1 1 4 6 13
510118 126 1 0 6 5 14
510192 86 1 0 4 6 15
510242 245 1 0 6 6 15
510808 53 1 0 4 6 19
511605 70 1 0 4 6 19
514731 17 0 0 4 6 17
514931 139 1 0 6 6 18
515196 107 1 1 4 6 20
516098 70 1 0 4 6 16
516112 75 1 0 4 6 20
516776 125 0 0 8 6 19
517739 25 1 0 4 6 17
518381 29 1 0 4 6 17
522406 183 1 0 4 6 17
522689 56 1 0 4 6 16
522994 230 1 0 4 6 16
524105 65 0 0 4 6 15
527023 124 1 0 4 6 17
532176 26 1 0 4 5 18
533902 24 1 0 4 6 19
534886 27 1 0 4 6 16
536393 93 0 1 4 6 20
540808 34 0 0 4 6 16
548051 92 1 1 4 6 24
549986 14 1 0 4 6 17
557643 58 1 1 4 6 21
562736 169 1 0 4 6 17
563002 96 1 0 6 6 17
563636 63 1 0 8 6 17
563929 214 1 0 4 6 16
564030 12 0 0 4 6 16
565103 76 1 0 1 6 20
565401 26 1 0 9 6 15
571063 139 1 1 6 6 12
571255 111 1 0 4 6 18
571524 56 1 0 2 6 12
571566 56 1 0 4 6 11
571621 30 1 0 4 5 15
571696 7 1 0 4 5 20
571789 93 0 0 4 6 15
571805 28 0 0 4 5 16
571921 69 0 0 4 6 17
576564 69 1 0 6 6 14
577339 41 0 0 4 6 15
582736 171 1 1 6 6 14
589540 13 0 0 4 6 20
591828 3 1 0 2 6 29
605896 4 0 0 4 6 16
605962 19 1 0 4 5 15
606010 78 1 0 4 6 17
606259 13 0 0 4 6 17
607741 27 1 0 8 6 15
607768 15 0 0 4 6 16
618435 49 0 0 4 6 16
618744 137 1 0 8 6 16
620018 11 1 0 4 5 18
622105 34 0 0 4 6 16
627782 94 1 0 4 6 15
627784 22 1 0 4 6 16
627850 4 0 0 4 6 17
634426 9 1 0 4 6 16
640869 59 1 0 6 5 17
642148 21 1 0 4 6 17
643150 110 1 0 4 6 16
648344 65 1 0 8 6 16
655171 158 1 0 4 6 15
657705 7 1 0 4 5 20
659271 105 1 0 4 6 17
670170 36 1 0 4 5 16
672091 50 1 0 4 6 15
674683 11 1 0 4 6 27
676099 40 0 0 4 6 17
676694 35 1 0 5 6 22
678710 44 0 0 4 6 17
687002 21 1 0 4 6 16
689475 40 0 0 4 6 15
700641 16 0 0 4 6 21
705588 46 1 0 4 6 15
706412 22 1 0 8 6 15
706898 8 1 0 8 6 17
713641 9 0 0 5 6 19
718079 38 1 0 2 6 18
722085 4 1 0 4 5 14
723764 25 1 0 4 5 17
724338 8 0 0 4 6 16
728694 38 0 0 4 6 16
730009 31 1 0 4 6 16
735377 8 0 0 3 6 18
739351 10 1 0 4 6 17
739468 16 0 0 4 6 22
740216 15 1 0 7 6 21
740686 14 1 0 1 6 18
742286 36 1 0 8 6 17
745784 31 1 0 4 6 16
746048 10 0 0 4 6 15
746062 62 1 0 8 6 17
747594 47 1 0 8 6 15
750311 101 1 1 4 6 17
750389 56 1 0 6 6 29
750839 3 1 0 4 6 17
750948 27 1 0 4 6 14
751279 112 1 0 6 6 16
752060 79 1 0 8 6 15
752963 89 1 0 4 6 17
753022 52 1 0 8 6 16
753077 18 1 0 4 6 18
753252 42 1 0 4 6 17
753731 17 1 0 6 5 18
753759 39 0 0 4 6 17
753772 6 1 0 4 6 15
753872 11 1 0 4 6 17
757129 16 1 0 4 6 16
757172 44 1 0 4 6 16
757841 10 0 0 4 5 16
757930 7 0 0 4 6 22
758490 134 1 1 2 6 14
766761 100 1 0 2 6 13
767020 30 0 0 4 6 17
769688 27 1 0 4 6 21
769891 50 0 0 6 5 20
772478 9 1 0 8 5 20
772941 3 0 0 4 5 15
773951 8 0 0 4 6 17
774570 5 0 0 4 5 16
774867 3 1 0 2 6 15
775079 1 1 0 4 6 16
775154 16 1 0 8 6 16
775577 33 1 0 6 6 15
775578 3 1 0 4 6 15
775579 35 1 0 2 6 29
775580 50 0 0 6 6 15
775592 34 1 0 2 6 12
775593 24 1 1 6 6 15
775617 44 1 0 2 6 17
775618 7 1 0 4 6 15
775619 25 1 1 6 6 29
775635 26 1 1 4 6 17
775642 2 1 0 4 5 16
775643 44 1 0 7 6 20
775665 7 1 0 4 5 16
775667 20 1 0 4 5 21
775668 7 1 0 4 5 17
775669 11 1 0 4 5 16
775673 1 1 0 4 5 17
775742 8 1 0 8 5 15
775743 3 0 0 8 6 15
775744 20 1 0 4 6 18
775745 1 1 0 4 5 16
775746 14 1 0 8 6 16
775747 1 0 0 4 5 15
775748 15 1 0 8 6 17
775749 21 1 0 4 6 18
775750 5 1 0 4 5 21
775765 2 1 0 4 5 14
775766 4 1 0 4 5 17
775767 1 0 0 4 5 12
775768 90 1 0 4 6 15
775769 56 1 0 4 5 11
775784 6 1 0 4 5 15
775786 4 1 0 2 6 14
775787 4 0 0 4 6 16
775788 7 1 0 4 5 19
775789 22 1 0 4 5 16
775790 12 1 0 4 5 16
775791 21 1 0 4 5 17
775792 6 1 0 4 5 17
775801 37 1 0 6 6 18
775810 2 1 0 8 5 17
775811 3 0 0 4 6 17
775813 9 1 0 4 6 16
775836 8 1 0 4 6 18
775837 16 1 0 4 6 21
775838 9 1 0 4 5 18
775839 6 1 0 4 5 16
775840 2 0 0 4 6 18
775877 19 0 0 8 6 16
775878 65 1 0 4 6 15
775879 80 1 0 8 6 22
775880 14 1 0 4 5 14
775896 1 1 0 4 5 19
775897 19 1 0 4 5 19
775899 43 1 0 2 6 13
775900 4 0 0 4 6 20
775901 8 1 0 4 5 23
775902 14 1 0 4 6 32
775922 3 1 0 4 5 16
775923 12 1 0 4 5 12
775924 16 0 0 4 5 16
775925 4 0 0 4 5 17
775926 2 0 0 1 6 16
775927 2 1 0 4 5 17
775928 5 0 0 4 6 18
775929 1 0 0 4 6 16
775930 1 0 0 4 6 15
775931 8 1 0 4 6 15
775963 1 0 0 4 6 18
775964 4 1 0 4 6 16
775965 2 1 0 8 6 16
775966 4 1 1 4 6 14
775967 15 1 0 4 6 16
775991 2 0 0 4 6 16
775992 25 1 0 6 6 30
775993 6 1 0 4 6 15
775995 9 0 0 4 6 14
775996 11 1 1 4 6 15
776018 3 0 0 4 6 16
776019 2 0 0 4 6 18
776020 43 1 1 4 6 14
776021 4 1 0 4 6 15
776022 1 0 0 3 6 17
776023 9 1 0 4 6 17
776024 7 1 0 4 6 17
776025 2 1 0 4 6 16
776026 4 1 0 4 6 17
776027 3 1 0 4 6 16
776042 13 1 0 4 6 15
776043 19 1 0 4 6 16
776045 2 1 0 4 6 18
776048 3 0 0 4 6 18
776052 24 1 0 2 6 16
776053 4 1 0 8 6 15
776054 11 1 0 4 6 16
776084 15 1 0 4 6 17
776086 19 1 0 4 6 13
776089 1 1 0 4 6 20
776090 12 1 0 8 6 16
776093 3 1 0 4 5 20
776094 2 1 0 4 5 19
776095 16 1 0 4 6 20
776099 3 1 0 4 5 16
776101 1 1 0 4 5 18
776102 2 0 0 4 5 16
776104 2 1 0 8 6 16
776105 20 1 1 2 6 17
776106 13 1 0 2 6 19
776107 2 1 0 4 6 17
776109 3 1 0 4 5 17
776132 27 1 0 4 5 21
776133 1 0 0 4 6 16
776134 1 0 0 4 5 16
776135 39 1 1 6 6 18
776136 49 1 0 8 6 15
776137 6 0 0 4 6 17
776138 10 1 0 4 5 19
776139 42 1 1 8 6 14
776141 4 1 1 8 6 10
776165 65 0 0 4 6 17
776167 6 1 1 9 5 16
776168 8 1 0 4 6 17
776169 10 1 0 4 6 18
776170 11 1 0 4 6 14
776171 2 1 0 4 6 15
776172 2 1 0 4 5 15
776173 4 1 0 4 6 18
776174 35 1 0 6 6 19
776175 42 1 0 4 6 14
776176 18 1 1 8 6 19
776177 9 1 0 4 6 18
776188 8 1 0 4 6 20
776208 1 1 0 4 5 16
776209 3 0 0 4 6 15
776210 12 1 0 8 6 12
776235 15 1 0 8 6 15
776286 20 1 0 4 6 14
776378 54 1 0 4 6 16
776411 17 0 0 1 6 22
776414 5 0 0 4 6 17
776472 77 1 0 4 6 16
776493 3 1 0 4 5 14
776526 14 1 0 4 5 16
776531 12 0 0 4 6 16
776568 14 1 0 4 5 16
776573 20 1 0 8 6 34
776760 36 1 0 4 6 16
776761 31 1 0 9 5 15
776762 1 0 0 4 5 17
776763 7 1 0 2 6 18
776820 16 1 0 4 5 17
776838 6 0 0 4 6 20
776839 27 1 0 6 5 17
776844 34 1 0 4 5 18
776845 15 1 0 4 5 18
776847 43 1 0 4 5 20
