71414
19
517
71414 529 1 1 6 6 19
15960 77 1 0 0 6 19
31854 10 1 0 0 6 19
33033 91 0 0 5 6 21
35769 44 0 0 6 6 17
39512 104 1 0 4 6 22
39593 134 1 0 9 6 18
42364 151 1 0 6 6 18
43162 211 0 0 0 6 17
43181 61 1 0 7 6 26
43736 181 1 0 6 6 18
43892 124 1 0 9 6 18
44721 117 0 0 4 6 22
45537 49 1 0 9 6 18
46455 29 0 0 6 6 20
48173 175 1 0 6 6 17
48731 111 1 0 7 6 19
49069 292 1 0 6 6 26
52713 107 0 0 3 6 21
54363 199 0 0 8 6 22
55499 97 0 0 2 6 18
56378 198 0 0 3 6 19
57196 53 0 0 6 6 21
61305 75 0 0 5 6 15
63690 54 1 0 2 6 21
63987 28 0 0 3 6 20
72296 355 1 0 4 6 16
76266 302 1 0 6 6 19
76511 50 0 0 6 6 19
79022 81 1 1 9 6 18
79372 77 1 1 9 6 13
84679 148 1 0 3 6 16
86759 30 0 0 6 6 20
88426 39 0 0 4 6 17
89930 38 0 0 4 6 19
90584 223 0 0 4 6 17
90589 52 1 0 7 6 19
90770 51 0 0 6 6 16
90852 35 1 0 6 6 17
90959 42 0 0 5 6 17
93474 86 0 0 8 6 18
93556 80 1 0 6 6 16
97696 257 1 0 8 6 20
98490 46 0 0 0 6 18
106045 105 0 0 8 6 21
107497 168 0 0 6 6 16
108197 61 1 0 6 6 20
108483 491 1 0 2 6 27
113193 18 1 0 0 6 16
115903 100 1 0 8 6 18
125431 76 1 0 8 6 22
131979 179 1 0 1 5 19
132525 194 1 0 4 6 22
132839 54 0 0 6 6 17
139883 37 0 0 1 6 23
147587 215 1 0 4 6 20
151258 45 0 0 6 6 20
152878 239 1 0 2 6 21
156761 95 0 0 6 6 21
157668 95 1 0 6 6 19
160141 30 0 0 6 6 18
164180 44 1 0 2 6 18
164845 132 1 0 8 6 19
167027 236 1 0 4 6 21
167398 83 1 0 8 6 18
168463 79 0 0 4 6 18
168986 58 1 0 6 6 18
169227 191 1 0 6 6 16
169241 278 1 0 6 6 19
169555 233 1 0 4 6 18
170898 94 1 0 6 6 18
172833 284 1 0 6 6 16
172860 245 0 0 4 6 17
174505 362 1 0 4 6 21
174520 158 1 0 1 6 27
176691 73 0 0 4 6 24
177258 168 0 0 6 6 28
177353 237 0 0 6 6 22
177497 129 1 0 4 6 30
178074 48 0 0 6 6 21
179590 84 1 0 6 6 16
179674 98 0 0 6 6 17
179675 70 1 0 6 6 18
179680 70 1 0 6 6 16
184274 42 1 0 2 6 20
187994 69 0 0 6 6 17
188118 33 1 0 0 6 24
188781 31 0 0 2 6 23
189352 14 1 0 2 6 18
195697 115 0 0 6 6 17
195700 27 0 0 6 6 17
195701 62 0 0 6 6 21
195739 109 0 0 6 6 17
196735 29 0 0 6 6 19
205139 109 0 0 4 6 15
209438 351 1 0 8 6 19
209522 84 1 0 3 6 16
209794 6 0 0 6 6 20
210432 165 0 0 6 6 18
211007 398 1 0 6 6 19
211188 220 1 0 4 6 21
211207 212 1 0 8 5 19
211314 111 0 0 8 6 25
211315 76 0 0 4 6 20
211525 20 0 0 9 6 14
211562 74 0 0 7 6 16
211677 77 0 0 3 6 22
212230 9 0 0 6 6 17
224332 2 1 0 6 5 16
225885 150 1 0 8 6 19
230859 33 0 0 2 6 23
231340 23 0 0 6 6 21
234385 5 0 0 6 6 21
242010 101 1 0 6 6 19
244391 129 0 0 2 6 17
245612 43 0 0 6 6 21
248903 86 1 0 9 6 17
253439 70 1 0 2 6 14
254814 77 1 0 4 6 17
258245 256 0 0 9 6 16
258912 77 0 0 7 6 22
260072 10 1 0 9 6 18
263391 13 1 0 6 6 19
267600 227 1 0 6 6 17
269016 106 0 0 6 6 19
269068 55 1 0 6 6 17
270728 182 0 0 8 6 19
271111 210 1 0 0 6 22
271639 122 1 0 6 6 15
271835 221 0 0 4 6 16
272028 74 0 0 6 6 19
272567 189 0 0 4 6 18
272795 95 0 0 6 6 20
276097 144 1 0 9 6 17
276168 43 0 0 4 6 21
276422 65 1 0 2 6 27
278552 58 1 0 4 6 17
279576 124 0 0 6 6 16
280275 133 0 0 9 5 15
280585 48 0 0 8 6 16
282336 89 1 0 6 6 17
282339 156 0 0 8 6 18
282420 46 1 0 4 6 17
282429 127 0 0 8 6 16
282453 106 1 0 6 6 17
282521 276 1 0 6 6 19
282575 144 1 0 6 6 19
282661 270 1 0 4 6 19
282715 131 0 0 0 6 19
282800 67 1 0 9 6 24
283701 60 1 0 1 6 31
283922 131 1 0 6 6 17
284803 106 1 0 6 6 19
285190 167 0 0 6 6 17
285891 152 1 0 6 6 20
287033 155 0 0 4 6 16
287038 206 0 0 4 5 16
287711 231 1 0 6 6 21
287724 28 1 1 8 6 17
289540 47 1 0 2 6 24
289544 22 1 0 2 6 20
289548 45 1 0 2 6 20
291555 67 0 0 6 6 19
291881 83 1 0 6 6 18
296185 47 1 0 6 6 21
296325 10 1 0 9 5 17
296417 90 1 0 2 6 22
297085 85 1 0 2 6 28
297104 31 1 0 4 6 29
297105 41 1 0 6 6 22
297147 95 1 0 2 6 22
297431 4 1 0 6 6 16
297592 62 1 0 2 6 33
297679 20 1 0 8 6 19
297705 26 1 0 1 5 28
297783 20 1 0 7 6 23
299674 33 0 0 6 6 17
302880 33 1 0 4 6 24
304600 220 0 0 8 6 17
305402 54 1 0 1 6 25
305406 49 1 0 6 6 19
305469 191 1 0 6 6 18
305472 178 0 0 6 6 18
305667 154 1 0 4 6 17
305711 163 1 0 8 6 26
305825 173 1 0 6 6 19
305893 206 1 0 6 6 17
310725 96 0 0 4 6 17
311888 80 0 0 1 6 23
312430 24 0 0 4 6 28
313270 31 1 0 6 5 19
314048 107 0 0 4 6 15
315862 75 0 0 6 6 17
318657 92 1 0 6 6 18
320225 115 0 0 8 6 16
320320 201 1 0 8 6 18
320502 233 1 0 8 6 18
320940 231 1 0 9 6 18
322609 62 1 0 6 6 19
322697 122 1 0 6 6 18
323573 18 1 0 6 6 19
325598 107 0 0 4 6 17
329229 71 0 0 4 6 19
329387 18 0 0 4 5 19
330326 60 1 0 6 6 22
330568 28 0 0 6 6 24
330959 25 0 0 6 6 23
331071 30 1 0 6 6 19
331967 69 1 0 6 6 20
332914 137 1 0 8 6 17
334889 99 1 0 6 5 16
334918 97 1 0 4 6 21
334979 187 1 0 6 6 16
335535 76 1 0 6 6 21
336517 61 1 0 4 6 22
341032 40 0 0 7 6 23
343272 67 1 0 2 6 22
345219 43 1 0 1 6 20
345298 56 0 0 6 6 23
347870 255 1 0 6 6 20
348314 51 1 0 4 6 17
348357 106 1 0 6 6 21
348399 261 1 0 4 6 16
348453 268 1 0 4 6 15
348461 98 1 0 4 6 19
348670 258 1 0 4 6 16
349261 92 1 0 6 6 16
351481 102 1 0 6 6 17
351559 212 1 0 6 6 17
352484 22 1 0 9 6 20
353166 55 1 0 6 6 21
354010 13 0 0 4 6 19
354338 31 1 0 8 6 18
354366 298 1 0 8 6 16
354729 71 0 0 4 6 22
354960 60 1 0 3 6 20
355448 73 1 0 1 6 21
356066 232 1 0 8 6 16
356790 98 1 0 1 6 18
365892 40 1 0 6 6 33
368056 99 0 1 6 6 21
371647 116 1 0 6 6 16
372247 38 0 0 2 6 18
374214 85 1 0 8 6 16
374342 48 1 0 6 6 21
375075 83 1 0 6 6 20
375265 175 1 0 4 6 17
382632 326 1 0 2 6 14
382703 329 1 0 4 6 19
383185 395 1 0 4 6 15
383768 66 0 0 4 6 18
384273 37 1 0 6 6 17
384876 50 1 0 4 6 18
384915 182 1 0 4 6 17
385488 48 0 0 6 6 18
390778 57 1 0 2 6 17
399735 23 1 1 4 6 17
400102 211 1 0 6 6 14
400603 54 1 0 2 6 21
402699 87 1 0 6 6 17
407518 78 1 1 6 6 17
410100 29 0 0 4 6 33
416788 113 1 0 6 6 20
417841 140 1 0 4 6 17
422349 30 1 0 2 6 15
427220 41 1 0 8 6 22
431009 108 0 0 6 6 16
431402 105 0 0 6 6 32
431900 37 0 0 4 6 19
431925 121 0 0 6 6 20
432496 133 1 0 8 6 23
432570 132 1 0 8 6 16
432981 140 1 0 8 6 17
433107 128 1 0 4 6 16
434733 46 1 0 6 6 20
441151 26 1 0 9 6 18
442827 23 1 0 0 6 26
444150 143 1 0 4 6 20
449028 16 0 0 3 6 17
450443 74 1 0 8 6 16
451977 10 0 0 6 6 20
453001 211 1 0 6 6 18
455722 117 0 0 8 6 18
458229 26 1 0 6 6 16
459388 77 1 0 6 6 28
459457 316 1 0 6 6 18
459659 61 0 0 6 6 17
459799 109 1 0 6 6 17
467806 172 1 0 6 6 19
467993 74 1 0 9 6 16
468203 11 0 0 1 6 22
469466 5 1 0 6 6 17
469770 76 1 0 6 6 20
469849 154 1 0 8 5 17
470367 19 1 0 4 6 17
470702 33 1 0 1 6 20
471781 30 0 0 6 6 22
473184 53 0 0 4 6 16
474226 18 1 0 6 6 21
474712 21 1 0 2 6 22
475449 70 0 0 4 6 17
476077 58 0 0 6 6 17
476245 72 0 0 2 6 19
480367 10 1 0 8 6 17
480394 23 0 0 6 6 19
482325 58 1 1 6 5 14
487803 23 1 0 6 6 18
498293 11 1 0 5 6 20
499914 94 1 0 6 6 17
501031 123 1 0 6 6 18
501094 7 1 0 6 6 17
501291 6 1 0 5 6 22
501734 11 1 0 2 6 15
506340 113 1 1 6 6 20
506553 63 1 1 6 6 18
506724 149 0 0 8 6 17
507915 36 1 0 5 6 16
508674 107 0 0 8 6 19
509069 78 0 0 4 6 18
515498 126 0 1 4 6 20
515546 248 1 0 4 5 19
516016 37 1 0 7 6 19
516107 9 1 0 4 6 18
516124 60 1 0 4 6 16
516440 105 1 0 6 6 17
516776 125 0 0 8 6 19
516816 45 1 1 6 6 19
516922 6 1 1 4 6 17
517705 62 0 0 6 6 20
517812 54 1 0 2 6 17
519859 67 0 0 6 6 21
522788 82 1 0 9 6 16
524415 42 1 1 3 6 14
526421 93 0 0 4 6 20
528926 11 1 0 6 6 17
530078 25 1 0 6 6 21
531423 181 0 1 2 6 17
531564 18 0 0 4 6 20
532092 19 1 0 2 6 25
533100 54 1 0 4 6 15
533531 155 1 0 8 6 16
533741 82 0 0 9 6 15
535258 74 1 0 6 6 19
535391 178 1 0 8 6 16
537294 116 1 0 6 6 34
538549 11 1 0 1 6 20
539440 123 1 1 4 6 17
539964 27 0 0 4 5 24
543746 77 1 0 6 6 18
544946 19 1 0 6 6 20
546928 50 0 0 6 6 20
547121 170 1 1 6 6 15
547606 131 1 0 9 6 18
556772 88 1 0 6 6 14
558159 87 1 0 6 6 19
558484 199 1 0 4 6 21
560505 35 1 0 8 6 18
560587 44 1 0 9 6 18
562175 24 1 0 6 6 19
562791 29 1 1 9 6 22
562849 23 0 0 8 6 15
563871 49 0 0 6 6 18
563911 11 1 0 6 6 19
565056 34 1 0 9 6 17
565357 3 0 0 9 6 16
565378 78 1 0 4 6 19
566305 23 1 0 6 6 17
572866 20 1 0 1 6 20
578249 48 1 0 6 6 18
599407 18 0 0 6 6 31
602578 57 0 0 6 6 24
606690 74 0 0 6 6 16
609929 35 1 0 6 6 25
616567 42 0 1 6 6 15
619526 78 1 0 8 6 34
620022 75 1 0 6 6 20
622594 29 0 0 6 6 18
624225 38 1 0 6 6 14
628144 76 1 0 4 6 18
628904 138 1 0 6 6 18
638589 100 1 0 6 6 16
640787 88 1 0 6 6 16
646938 27 1 0 6 6 17
649205 126 1 0 6 6 20
654910 48 1 0 6 6 21
655590 105 1 0 6 6 18
658145 105 1 0 6 6 17
666257 26 1 0 9 6 27
670676 23 1 0 6 6 16
690889 78 1 0 6 6 15
695420 33 0 0 3 6 16
698988 30 1 0 2 6 15
705342 13 1 0 4 6 16
707744 26 1 0 6 6 16
715305 112 1 0 6 6 20
724193 4 1 0 2 6 19
736384 20 0 0 4 6 19
741035 20 1 0 9 5 19
741163 41 0 0 6 5 19
744650 7 1 0 9 6 18
744735 34 1 0 8 6 15
744741 17 0 0 6 6 18
744858 10 1 0 4 6 21
745008 39 1 0 4 6 16
745093 1 1 0 1 6 19
745110 154 1 0 4 6 17
745111 3 1 0 4 6 22
745112 14 1 0 1 6 22
745113 5 1 0 6 6 15
745114 22 1 1 6 6 29
745255 5 1 0 4 6 19
745258 26 1 0 6 6 18
745259 15 0 0 6 6 15
745260 11 1 0 6 6 12
745261 17 1 0 6 6 11
745262 81 1 0 6 6 19
745264 19 1 1 6 6 12
745265 15 1 1 6 6 11
745267 3 1 0 4 6 19
745269 12 1 0 6 6 11
745271 14 1 0 4 6 19
745272 45 1 0 4 6 29
745297 78 1 0 6 6 17
745298 21 1 1 4 6 15
745299 13 1 1 9 6 19
745300 21 1 1 6 6 23
745301 7 1 0 4 6 21
745302 55 1 0 6 6 13
745303 19 1 0 6 6 18
745305 57 1 0 4 6 15
745320 44 1 0 2 6 12
745328 56 1 0 6 6 15
745393 87 1 0 6 6 21
745395 43 1 0 8 5 17
745396 27 1 0 6 6 16
745411 17 1 0 9 6 15
745485 74 1 0 6 6 17
745496 60 1 1 6 6 20
745514 5 1 0 6 6 27
745516 3 0 0 6 6 48
745517 9 1 0 6 6 19
745534 61 1 0 6 6 20
745535 5 1 0 9 5 18
745536 58 1 0 8 6 15
745537 82 1 0 8 6 19
745538 1 1 0 6 5 19
745539 96 0 0 6 6 29
745552 31 1 0 2 6 17
745554 29 1 0 4 6 14
745555 19 1 0 1 6 29
745573 39 1 0 3 6 15
745574 11 0 0 1 6 28
745575 87 1 0 4 6 19
745597 3 1 0 6 5 32
745598 15 1 0 6 6 20
745613 18 0 0 4 6 19
745618 15 0 0 8 6 20
745620 15 1 0 9 6 21
745660 10 0 0 6 6 18
745661 81 1 0 8 6 16
745687 7 1 0 6 6 20
745704 48 1 0 6 6 16
745743 5 1 0 1 6 18
745744 39 1 0 8 6 19
745745 11 1 0 6 6 21
745746 11 1 0 6 6 18
745748 3 1 0 6 6 20
745749 58 1 0 7 6 19
745780 7 1 0 6 6 17
745783 26 1 0 6 6 19
745784 31 1 0 4 6 16
745785 20 0 0 4 6 18
745822 1 0 0 4 6 22
745823 3 1 0 4 6 18
745825 8 0 0 4 6 16
745826 4 1 0 6 6 20
745827 2 1 0 6 6 17
745828 7 0 1 6 6 17
745829 1 0 0 5 6 17
745830 9 1 0 4 6 22
745975 6 1 0 6 6 29
745976 18 0 0 6 6 18
745977 6 1 0 6 6 19
745978 4 1 0 4 6 19
745979 12 1 0 2 6 25
746011 3 0 0 6 6 16
746012 3 1 0 4 6 16
746025 6 1 0 5 6 19
746026 114 1 0 4 6 19
746029 2 1 0 6 5 14
746030 25 1 0 6 6 18
746048 10 0 0 4 6 15
746050 39 0 0 6 6 38
746051 46 1 0 4 6 18
746052 7 1 0 2 6 20
746053 15 1 0 6 6 16
746054 36 0 0 8 6 31
746062 62 1 0 8 6 17
746064 3 1 0 2 6 29
746065 7 1 0 6 6 26
746072 21 1 0 9 6 15
746108 5 1 0 1 6 20
746111 25 1 0 2 6 1
746112 1 1 0 1 6 25
746113 16 0 0 6 6 20
746114 3 1 0 2 6 17
746115 12 1 0 4 6 29
746116 14 1 0 6 6 19
746144 6 1 0 4 6 21
746145 13 1 0 9 6 17
746146 17 0 0 6 6 19
746147 6 1 0 4 6 22
746148 11 1 0 4 6 20
746150 15 1 0 4 6 16
746175 8 1 1 6 6 22
746193 46 0 0 4 6 24
746552 71 1 0 4 6 14
746574 119 0 0 4 6 19
746575 20 0 0 6 6 20
746681 23 0 0 6 6 20
746712 26 0 0 6 6 18
746713 34 0 0 6 6 17
746720 42 1 0 6 6 18
746792 57 1 0 4 6 17
746811 12 1 0 8 6 18
746813 67 1 0 4 6 16
746903 58 1 0 6 6 21
747003 19 1 0 6 5 14
747081 52 1 0 6 6 18
747082 48 1 0 6 6 21
