77069
19
382
77069 803 1 1 8 6 21
662 64 0 0 0 6 21
3175 51 1 0 9 6 21
4766 113 1 0 5 6 21
6762 257 0 0 7 6 19
7071 28 0 0 3 6 21
9344 43 0 0 6 6 21
11451 30 0 0 7 6 22
12219 89 1 0 3 6 23
13728 46 0 0 6 6 21
13997 62 0 0 6 6 21
14750 96 0 0 4 6 19
17942 39 0 0 0 6 21
19450 76 1 0 2 6 21
19930 44 0 0 0 6 20
20516 53 1 0 0 6 22
21253 54 1 0 8 6 22
21658 47 1 0 0 6 20
23896 25 0 0 4 6 16
24177 75 0 0 0 6 22
25604 109 1 0 0 6 21
26705 152 1 0 0 6 18
26885 68 0 0 0 6 22
27411 43 1 0 3 6 22
27511 520 0 0 3 6 21
28059 136 1 0 0 6 21
30138 100 1 0 7 6 21
30431 48 1 0 5 6 26
31402 135 0 0 4 6 19
32315 185 0 0 6 6 21
35299 34 0 0 0 6 21
35313 68 0 0 2 6 17
36283 33 0 0 5 6 20
36860 75 1 0 6 6 21
38013 26 1 0 7 6 22
38760 79 1 0 7 6 23
39117 43 1 0 7 6 22
39738 56 0 0 5 6 21
39968 129 1 0 4 6 22
41283 115 1 0 7 6 22
41648 201 1 0 8 6 19
41776 45 0 0 9 6 21
42735 54 1 0 8 6 23
44262 247 1 0 0 6 21
44915 73 1 0 8 6 21
45091 9 0 0 4 6 111
46003 33 1 0 9 6 21
46436 87 1 0 0 6 21
47120 86 0 0 3 6 22
47828 45 0 0 3 6 18
47838 19 0 0 0 6 24
48675 22 0 0 3 6 23
48731 111 1 0 7 6 19
50421 26 0 0 3 6 20
50809 47 0 0 7 6 18
51894 18 0 0 2 6 20
52343 75 1 0 0 6 21
52409 63 1 0 2 6 21
52829 52 0 0 9 6 22
53144 117 1 0 8 6 18
53740 33 0 0 0 6 21
54817 62 0 0 5 6 16
55928 136 1 0 0 6 19
55958 54 0 0 2 6 22
56180 88 0 0 6 6 25
56183 74 1 0 2 6 33
56197 166 1 0 1 6 25
56475 230 1 0 8 6 15
56510 55 0 0 8 6 23
56688 325 1 0 4 6 21
57426 33 0 0 4 6 18
57736 227 0 0 2 6 18
57750 55 1 0 1 6 22
57805 52 0 0 8 6 21
57809 243 1 0 2 6 21
57811 78 1 0 8 6 19
57821 170 1 0 2 6 22
58021 81 1 0 1 6 21
58074 47 1 0 1 6 20
58273 101 1 0 7 6 22
58950 93 0 0 8 6 18
58956 97 0 0 5 5 20
59086 170 1 0 7 6 23
59094 14 0 0 9 6 28
59994 21 0 0 4 6 21
60360 26 0 0 5 6 27
61063 53 0 0 3 6 21
62111 66 0 0 4 6 17
63136 96 1 0 7 6 21
63893 21 1 0 9 6 21
64225 60 1 0 5 6 20
64582 46 1 0 5 6 21
66305 54 1 0 9 6 21
66327 53 0 0 3 6 22
66906 174 1 0 7 6 23
67141 38 0 0 4 6 21
67288 86 1 0 1 6 24
67681 94 0 0 2 6 21
69729 117 0 0 5 6 26
70289 18 1 0 9 6 23
71072 149 1 0 8 6 20
71848 32 0 0 5 6 21
73158 47 0 0 3 6 23
73329 102 1 0 3 6 21
73448 74 1 0 8 6 22
74588 68 0 0 2 6 19
75907 52 1 0 3 6 24
79493 124 1 1 8 6 21
82157 19 1 0 6 6 36
83143 14 0 0 9 6 23
83187 129 1 0 7 6 22
84859 31 1 0 8 6 18
86243 22 0 0 5 6 21
86949 31 1 0 8 6 19
87130 23 0 0 1 6 22
87356 63 0 0 8 6 21
87358 45 1 0 8 6 22
87446 33 1 0 8 6 20
89891 257 1 0 7 6 18
91833 96 1 0 5 6 18
93507 84 1 0 2 6 17
96008 36 1 0 3 6 20
96596 152 1 0 5 6 21
99005 21 0 0 7 6 21
100235 32 0 0 1 6 21
101008 32 0 0 0 6 18
101213 45 0 0 1 6 21
102317 37 0 0 7 6 24
104359 47 0 0 8 6 23
104601 63 0 0 8 6 21
105473 13 1 0 3 6 20
106276 132 1 0 8 6 20
107002 134 1 0 2 6 21
108494 16 0 0 7 6 21
108620 13 1 0 1 6 21
109062 91 0 0 8 6 19
109723 783 1 1 8 6 21
111404 55 1 0 2 6 17
112205 104 1 0 8 6 18
112360 112 0 0 4 6 21
112651 35 1 0 5 6 18
112863 54 0 0 8 6 19
113874 37 1 0 0 6 20
114962 27 0 0 2 6 21
116067 37 0 0 2 6 22
118433 32 0 0 3 6 25
118601 53 0 0 7 6 22
119694 34 0 0 8 6 24
120363 51 0 0 0 6 19
120460 148 1 0 0 6 17
120634 43 0 0 0 6 21
122642 29 0 0 8 6 23
123357 57 1 0 3 6 21
124283 45 0 0 4 6 18
124491 26 0 0 0 6 20
125486 105 1 0 3 6 23
126255 31 1 0 7 6 21
126484 99 0 0 2 6 21
127226 27 0 0 8 6 21
127415 57 0 0 9 6 21
128247 72 1 0 8 6 20
128454 17 1 0 8 6 21
128777 10 0 0 0 6 21
130048 7 0 0 1 6 17
130183 16 0 0 8 6 22
130184 39 0 0 2 6 22
131772 65 1 0 3 6 22
132266 72 1 0 9 6 22
132819 66 1 0 8 6 21
133143 43 1 0 8 6 18
134569 31 0 0 8 6 20
134976 132 1 0 8 6 22
137322 56 1 0 9 6 22
139606 202 0 0 8 6 21
140972 125 1 0 3 6 21
141750 43 1 0 5 6 21
143364 79 1 0 5 6 22
145066 22 0 0 4 6 21
145615 17 0 0 7 6 21
146536 153 1 0 2 6 15
146797 4 0 0 5 6 17
152749 76 1 0 8 6 20
152965 108 1 0 6 6 19
153844 10 0 0 7 6 21
154338 73 1 0 5 6 18
154511 31 1 0 4 6 21
154838 83 1 0 2 6 21
154981 94 1 0 6 6 21
156123 32 0 0 1 6 38
156662 100 1 0 7 5 15
157054 73 1 0 8 6 23
157567 48 1 0 6 6 21
158537 119 1 0 2 6 21
163874 42 0 0 4 6 21
164335 6 0 0 0 6 21
167660 114 1 0 8 6 22
168149 32 1 0 0 6 21
169003 82 1 0 8 6 21
171241 64 0 0 8 6 24
171303 43 0 0 0 6 16
174689 39 0 0 4 6 21
176686 89 1 0 6 6 21
177105 30 0 0 2 6 30
177148 80 0 0 0 6 23
177905 39 0 0 8 6 22
179627 30 0 0 8 6 18
179911 76 0 0 3 6 21
179978 67 1 0 8 6 17
183779 148 1 0 3 6 22
187359 41 0 0 3 6 22
188033 82 0 0 2 6 24
188561 235 1 0 7 6 21
190958 44 0 0 8 6 21
193139 58 1 0 2 6 24
194539 75 1 0 2 6 19
194727 14 0 0 8 5 20
194850 86 1 0 3 6 24
194920 106 0 0 7 6 21
195139 123 1 0 8 6 22
195194 33 0 0 8 6 21
195230 65 0 0 7 6 21
196018 29 0 0 7 6 22
197066 78 1 0 2 6 21
197671 48 0 0 2 6 23
200923 29 0 0 2 6 21
203220 104 0 0 7 6 19
203318 24 1 0 9 6 26
205750 169 1 0 8 6 20
206798 104 1 0 5 6 18
207472 56 0 0 8 6 23
207765 37 0 0 7 6 23
209243 124 1 0 8 6 16
210928 191 1 0 3 6 23
211677 77 0 0 3 6 22
211840 49 0 0 3 6 22
211995 67 0 0 4 6 21
212261 28 0 0 8 6 22
212783 83 1 0 6 6 21
214444 18 0 0 0 6 17
214496 31 1 0 4 6 19
217634 117 1 0 3 6 21
217650 62 1 0 9 6 18
219943 14 0 0 0 6 41
220608 34 1 0 3 6 21
221171 195 1 0 0 6 16
223456 49 0 0 8 6 17
225019 226 1 0 6 6 20
225897 102 1 0 4 6 22
228395 19 0 0 8 6 23
228751 47 0 0 7 6 21
229095 45 0 0 3 6 24
229102 57 1 0 8 6 22
230767 32 1 0 8 6 19
230855 139 0 0 8 6 23
230922 67 1 0 1 6 21
230980 36 1 0 1 6 22
231010 62 1 0 6 6 19
231492 45 0 0 7 6 23
233214 44 0 0 8 6 20
233375 49 0 0 8 6 21
237754 77 0 0 3 6 21
238752 18 0 0 0 6 20
239717 53 1 0 8 6 21
240464 54 0 0 8 6 21
241649 74 1 0 8 6 21
242015 38 1 0 8 6 21
242173 70 1 0 5 6 21
242656 84 1 0 7 6 22
243548 45 1 0 8 6 21
244005 46 0 0 1 6 21
244317 62 1 0 6 6 18
244751 92 1 0 5 6 21
249835 60 0 0 3 6 22
253651 57 0 0 4 6 22
256419 48 0 0 8 6 21
256654 46 1 0 8 6 21
256950 26 1 0 8 6 17
258565 12 1 0 6 6 19
259267 66 1 0 6 6 21
260768 140 1 0 3 6 21
261540 31 0 0 5 6 21
262513 71 0 0 9 6 22
263413 92 1 0 2 6 19
265396 34 0 0 8 6 23
265572 50 0 0 8 6 18
265761 10 0 0 6 6 17
267004 61 1 0 4 6 21
267044 49 0 0 8 6 21
267194 104 1 0 1 6 19
269909 42 0 0 8 6 19
269927 239 1 0 8 6 18
270128 54 0 0 9 6 21
271515 223 1 0 4 6 21
272759 55 0 0 8 6 21
272979 50 0 0 2 6 16
273331 51 0 0 1 6 21
273476 25 0 0 8 6 21
273540 38 0 0 8 6 22
274148 67 0 0 7 6 19
276093 31 0 1 8 6 21
276306 57 1 0 4 6 18
276941 64 1 0 5 6 17
277698 59 0 0 6 6 21
278544 37 1 0 4 6 21
278746 7 0 0 5 6 20
279334 32 0 0 3 6 19
279810 97 1 0 8 6 24
279916 45 0 0 8 6 21
279982 78 1 0 8 6 22
283346 64 1 0 7 6 22
283503 70 1 0 0 6 16
283665 46 1 0 1 6 21
284420 18 1 0 9 6 44
284775 93 0 0 1 6 20
285475 71 1 0 8 6 22
286172 111 1 0 8 6 21
286685 46 1 0 3 6 24
287737 37 0 0 9 6 22
288278 46 0 0 7 6 23
288385 58 1 0 8 6 21
289353 105 0 0 7 6 21
289466 76 0 0 8 6 22
289585 56 1 0 3 6 24
291488 51 0 0 7 6 22
291518 20 0 1 8 6 21
291645 20 0 0 1 6 27
291951 92 1 0 8 6 24
292191 106 1 0 8 6 22
292486 99 1 0 8 6 22
293193 26 1 0 9 6 21
293266 51 0 0 5 6 23
293999 35 0 0 3 6 24
294521 54 0 0 6 6 21
295821 90 1 0 9 6 21
295979 26 0 0 8 6 21
296946 20 1 0 8 6 21
297808 48 0 0 3 6 24
298223 107 1 0 8 6 18
300178 32 0 0 4 6 21
300516 115 1 0 3 6 21
301075 20 0 0 8 6 24
301689 46 1 0 5 6 24
301908 111 1 0 8 6 21
303145 29 1 0 1 6 20
303710 57 0 0 8 6 18
305397 56 1 0 7 6 24
306530 79 1 0 8 6 21
307599 93 1 0 8 6 21
307787 83 0 0 8 6 21
307894 31 0 0 8 6 19
307930 69 1 0 8 6 23
309977 15 1 0 9 6 22
310945 18 0 0 2 6 19
311394 51 1 0 8 6 18
312383 47 0 0 1 6 23
313025 75 1 0 1 6 16
315612 23 0 0 1 6 21
316101 140 0 0 7 6 23
317724 12 1 0 8 6 21
318217 43 1 0 0 6 21
318307 101 1 0 8 6 21
319060 43 1 0 4 6 21
320793 54 1 0 0 6 34
321375 56 1 0 8 6 25
321538 130 1 0 8 6 22
322225 69 1 0 7 6 22
324432 33 0 0 7 6 22
326505 97 0 0 8 6 17
327834 28 0 0 8 6 22
329428 95 1 0 3 6 20
329976 34 0 0 8 6 24
330351 156 0 0 1 6 26
331371 33 0 0 9 6 21
331678 48 1 0 9 6 25
331837 59 1 0 8 6 21
332257 33 0 0 9 6 22
332404 109 1 0 6 6 23
332889 23 0 0 8 6 23
334276 48 1 0 2 6 21
334323 27 0 0 8 6 22
334621 45 1 0 8 6 24
334861 19 0 0 3 6 22
337428 31 0 0 3 6 21
340081 45 1 0 8 6 22
341117 39 1 0 3 6 23
341930 51 0 0 8 6 21
341955 27 1 0 8 6 23
343290 156 1 0 8 6 19
343296 42 0 0 3 6 23
344761 93 1 0 8 6 18
344890 39 0 0 8 6 14
345718 38 0 0 8 6 20
348357 106 1 0 6 6 21
348689 52 0 0 4 6 21
348812 21 1 0 6 5 19
349178 85 1 0 1 6 20
349557 47 0 0 1 6 19
350660 100 1 0 8 6 21
351400 41 1 0 8 6 21
352432 40 0 0 8 6 23
353271 44 1 0 9 6 21
353503 113 1 0 1 6 21
353721 38 0 0 8 6 21
355547 26 0 0 1 6 21
356674 16 1 0 1 6 22
357958 61 1 0 9 6 20
360137 96 1 0 8 6 22
360294 15 1 0 9 5 18
360572 16 1 0 0 6 26
365073 55 1 0 3 6 23
365734 68 1 0 8 6 23
372029 73 1 0 8 6 24
372841 69 1 0 4 6 25
373602 143 1 0 6 6 20
373784 121 1 0 7 6 21
373979 180 1 1 6 6 18
374360 11 1 0 7 6 20
376024 90 1 0 8 6 21
377286 61 1 0 0 6 29
377724 71 1 0 9 6 19
379372 139 1 0 3 6 21
381476 17 0 0 1 6 24
384282 40 1 0 9 6 21
384447 36 0 0 8 6 23
388294 24 1 0 8 6 16
388376 88 0 0 5 6 32
390627 88 0 0 7 6 22
390673 33 0 0 8 6 21
390901 22 0 0 7 6 22
391524 63 0 0 8 6 22
392256 29 1 0 9 6 28
397298 16 0 0 4 6 15
397949 58 1 0 8 6 26
398084 66 1 0 9 6 21
398258 38 1 0 1 6 23
399380 38 0 0 2 6 38
401567 48 1 1 8 6 15
402014 126 1 0 1 6 26
402757 18 0 0 4 6 21
404018 12 1 0 8 6 22
405300 57 1 0 6 5 18
406454 89 1 0 8 6 23
407056 65 1 0 6 6 21
407724 37 1 0 8 6 22
408162 46 0 0 8 6 23
413045 17 0 0 8 6 18
417478 34 0 0 8 6 24
418529 64 1 0 8 6 19
419812 47 0 0 3 6 23
422863 72 1 0 6 6 15
424705 37 1 0 9 6 21
424835 57 1 0 3 6 24
426127 22 0 0 3 6 21
428244 117 1 0 3 6 21
428835 20 0 0 6 6 17
430286 43 1 0 8 6 22
432496 133 1 0 8 6 23
433376 46 0 0 9 6 28
433598 59 0 0 8 6 17
434637 137 1 0 8 6 20
434641 67 0 0 9 6 22
435247 179 1 0 9 6 19
435541 25 1 0 8 6 21
440778 10 0 0 3 6 26
440779 38 0 0 8 6 37
442548 23 1 0 8 6 23
445131 46 1 0 1 6 18
445825 36 0 0 6 6 28
445864 19 0 0 1 6 21
445988 38 1 0 1 6 20
446100 34 0 0 6 6 22
449151 21 0 0 1 6 22
451274 12 0 0 7 5 22
451545 65 1 0 8 6 19
454056 11 1 0 0 6 18
455966 46 0 0 8 6 22
457595 55 0 0 8 6 22
458452 5 0 0 8 6 17
459331 19 0 0 8 6 24
459458 89 1 0 5 6 18
460003 32 1 0 8 6 24
460321 52 1 0 0 6 21
461326 40 0 0 8 6 21
461654 141 1 0 8 6 19
461772 45 1 0 6 6 19
463037 23 0 0 8 6 21
463833 77 1 0 8 6 19
464721 16 0 0 3 6 21
464727 50 0 0 6 6 21
464939 51 0 0 6 6 21
465312 11 1 0 9 6 52
467120 47 0 0 1 6 20
468994 31 1 0 7 6 23
470370 67 1 0 8 6 15
472911 101 1 0 8 6 21
473097 83 1 0 8 6 17
473142 64 1 0 7 6 20
480145 55 1 0 6 6 19
480756 31 0 0 8 6 25
483190 61 0 0 2 6 21
483504 102 1 0 6 6 19
486343 22 1 0 5 6 21
489059 34 0 0 7 6 23
489298 49 1 0 8 6 17
489596 26 0 0 7 6 21
489647 80 1 0 2 6 21
491351 67 1 0 8 6 23
492161 45 1 0 8 6 23
496404 31 1 0 7 5 20
497675 103 1 0 8 6 21
499516 30 1 0 0 6 21
500251 60 1 0 8 6 23
502095 30 0 0 8 6 21
502497 36 1 0 8 5 21
505922 58 1 0 7 6 21
506347 30 0 0 8 6 22
510559 26 1 0 9 6 20
515422 11 0 0 7 6 22
516046 49 1 0 8 6 18
516047 36 0 0 9 6 21
516351 39 0 0 8 6 22
516674 35 1 0 6 6 21
517133 58 1 0 7 6 23
518509 18 1 1 0 6 20
523312 28 1 0 3 6 22
531744 85 1 0 8 6 21
531832 57 1 0 8 6 23
533218 33 1 0 0 6 11
536519 135 1 0 8 6 21
540222 10 0 0 8 6 19
540871 53 1 0 8 6 20
542917 29 0 0 4 5 21
548188 59 1 0 8 6 22
549744 60 1 0 7 6 22
550399 26 0 0 7 6 24
555685 66 1 0 8 6 20
555694 25 0 0 1 6 23
558484 199 1 0 4 6 21
558861 54 1 0 7 6 22
560428 9 1 0 2 6 19
561365 29 0 0 8 6 21
561562 12 0 0 3 6 23
561606 23 0 0 2 6 17
562682 79 1 0 8 6 21
563799 16 0 0 2 6 23
565612 33 1 1 2 6 24
565672 13 1 0 8 6 24
567118 5 0 0 3 6 22
570187 50 1 0 7 6 21
570240 42 1 0 7 6 22
572214 36 0 0 7 6 22
575429 18 0 0 3 6 22
577810 9 1 0 6 6 35
582074 31 0 0 5 6 25
584119 59 0 0 7 6 24
584472 22 1 0 4 5 17
584664 23 1 0 2 6 21
586864 17 0 0 2 6 20
591664 13 0 0 8 6 22
598565 53 1 0 7 6 25
598609 21 1 0 6 6 20
598805 7 0 0 4 6 23
599441 8 1 0 8 6 25
600295 78 1 0 6 6 21
600986 43 1 0 8 6 21
600987 78 1 0 8 6 21
601578 73 1 0 8 6 18
601580 66 0 0 8 6 21
601957 51 1 0 8 6 16
602399 69 1 0 6 6 18
602518 86 0 0 6 6 27
602696 12 0 0 1 6 21
604877 30 0 0 8 6 17
604982 37 0 0 8 6 16
605713 36 1 0 7 6 21
606528 29 0 0 1 6 27
606968 39 1 0 8 6 23
609596 35 0 0 8 6 20
613877 25 0 0 5 6 27
617220 24 1 1 2 6 24
619248 55 0 0 6 6 16
622653 43 1 0 1 6 21
623424 31 1 0 4 6 21
625720 13 0 0 7 6 23
631469 63 1 0 8 6 22
632995 39 1 1 8 6 26
633508 24 0 0 8 6 21
634573 70 1 0 8 6 22
634733 25 0 0 8 6 20
635639 74 1 0 8 6 22
637887 42 1 0 7 6 19
639669 33 0 0 6 6 24
640874 32 1 0 8 6 18
642994 53 0 0 3 6 21
643883 80 1 0 1 6 23
644705 34 0 0 2 6 21
645020 33 0 0 7 6 21
646306 9 0 0 8 6 22
647832 13 0 0 6 6 20
648045 93 1 0 7 6 23
649199 48 0 0 8 6 22
652749 4 0 0 9 6 20
654982 93 1 0 6 6 21
657492 26 0 0 8 6 22
658442 18 0 0 4 6 24
659966 58 0 0 8 6 19
661656 38 1 0 7 6 23
662500 18 0 0 1 6 22
663106 53 1 0 6 6 21
664136 30 0 0 6 6 21
664767 83 1 0 8 6 15
672054 15 0 0 8 6 18
674955 24 1 0 0 6 25
677477 39 1 0 8 6 21
679279 37 0 0 8 6 24
683113 32 0 0 8 6 21
684382 11 0 0 7 6 37
684594 40 1 0 8 6 24
691065 22 0 0 2 6 29
691101 5 1 0 9 6 23
692130 16 1 0 8 6 16
693153 21 1 0 8 6 24
693898 9 0 0 8 6 24
695015 44 1 0 8 6 17
699394 57 1 0 8 6 22
699826 22 0 0 8 6 20
699911 53 1 0 8 6 22
699938 104 1 0 8 6 23
703044 16 0 0 6 6 21
714184 25 0 0 8 6 22
718614 60 0 0 9 6 22
718933 31 1 0 9 6 24
719718 25 1 0 1 6 24
719797 43 1 0 3 6 23
720797 21 1 0 8 6 21
721350 30 1 0 8 6 22
721384 30 1 0 8 6 21
726385 42 1 0 3 6 21
732717 22 0 0 7 6 24
734058 48 1 0 8 6 23
737936 9 0 0 8 6 21
738179 6 1 0 4 6 22
738934 45 1 0 8 6 21
740882 38 0 0 8 6 21
741678 2 1 0 8 6 23
741990 27 1 0 8 6 16
741992 64 1 0 8 6 16
742749 12 1 0 4 6 25
742835 34 1 0 9 6 21
745611 7 0 1 8 6 27
749230 42 0 0 8 6 21
749648 33 0 0 8 6 18
749956 32 1 0 8 6 16
750470 34 1 0 8 6 22
752451 47 1 0 6 6 24
753394 38 1 0 8 6 18
753969 42 1 0 8 5 20
755995 17 1 0 8 6 23
760831 13 1 0 8 6 21
761519 23 1 0 2 6 21
762423 17 0 0 2 6 17
765875 31 0 0 8 6 18
769988 43 1 0 8 6 17
771308 32 0 0 8 6 21
771484 42 1 0 4 6 21
772025 5 0 0 2 6 50
772151 22 0 0 8 6 16
772799 14 1 0 8 6 23
772963 34 1 0 9 6 21
772983 16 1 0 8 6 16
772996 7 1 0 6 5 21
773012 5 1 1 4 6 32
773013 12 1 1 8 6 44
773014 47 1 0 8 6 20
773075 32 1 1 8 6 24
773076 10 0 0 7 6 21
773077 51 1 0 8 6 20
773116 4 1 0 8 6 23
773117 3 0 0 8 6 20
773127 7 0 0 5 6 46
773170 18 0 0 3 6 23
773206 34 1 0 8 6 22
773207 13 1 0 4 6 21
773234 49 1 0 8 6 21
773236 54 1 0 6 6 21
773242 17 0 0 8 6 15
773243 35 1 0 7 6 24
773244 26 1 0 6 6 21
773258 4 0 0 8 6 20
773259 7 1 0 3 6 23
773265 21 0 0 4 6 42
773287 5 1 0 2 5 21
773289 12 1 0 5 5 46
773290 5 1 0 2 5 20
773291 8 0 0 8 6 33
773292 7 1 0 4 6 39
773293 32 1 0 8 6 22
773294 6 1 0 1 5 23
773295 12 0 0 8 6 19
773296 6 0 0 8 6 22
773299 6 0 0 1 6 23
773300 32 1 1 6 6 33
773301 3 1 0 9 6 25
773302 2 1 0 2 5 23
773303 4 1 0 1 6 20
773304 16 1 0 0 5 28
773320 19 1 0 6 6 15
773321 11 1 0 8 6 23
773322 4 1 0 4 5 17
773325 2 0 0 6 6 21
773326 2 1 0 8 6 19
773335 4 1 0 8 6 21
773362 13 1 0 8 6 19
773363 10 1 0 1 5 20
773364 6 0 0 7 6 38
773365 3 1 0 1 6 33
773366 13 1 0 8 6 19
773367 2 1 0 9 5 15
773368 2 0 0 6 6 18
773369 13 1 0 1 6 22
773370 13 0 0 8 6 18
773371 1 1 0 9 6 22
773372 3 1 0 8 6 21
773373 5 1 0 8 6 21
773374 1 1 0 7 6 15
773375 1 1 0 3 6 21
773417 1 0 0 8 6 48
773419 5 0 0 8 6 22
773420 5 1 0 0 5 25
773421 6 0 0 9 6 21
773422 5 1 0 3 6 34
773424 42 1 0 6 6 18
773440 2 1 0 6 6 26
773442 3 0 0 8 6 44
773443 48 1 0 8 6 18
773445 3 1 0 1 5 20
773471 3 1 0 4 6 34
773473 24 1 0 8 6 22
773521 40 1 0 8 5 22
773522 5 1 0 8 6 22
773526 2 0 0 8 6 22
773540 11 1 1 2 6 23
773541 33 1 0 8 6 23
773555 15 1 0 8 6 23
773556 15 1 0 8 6 24
773557 5 0 0 4 6 21
773558 14 1 0 6 6 21
773559 12 0 0 3 6 21
773560 22 0 0 6 5 21
773561 21 0 0 9 6 21
773562 3 1 0 8 5 24
773573 6 1 0 8 5 23
773577 24 1 0 8 6 24
773578 43 1 0 6 6 21
773579 5 1 0 2 5 22
773580 26 1 0 8 6 21
773581 22 1 0 2 5 18
773599 3 0 0 3 6 22
773600 2 1 0 2 5 48
773601 7 1 0 8 6 22
773603 10 1 0 8 6 13
773604 10 1 0 9 6 21
773606 28 1 1 6 6 16
773625 27 1 1 9 6 20
773626 26 1 0 8 6 21
773627 17 0 0 4 6 21
773629 18 1 0 3 5 23
773701 18 0 0 1 6 21
773702 22 1 0 8 5 21
773703 66 1 0 8 6 24
773704 57 1 0 5 6 21
773717 29 0 0 8 6 21
773718 8 0 0 8 6 22
773730 62 1 0 7 6 21
773731 14 0 0 8 6 22
773751 6 0 0 8 6 23
773752 53 1 0 8 6 22
773762 23 1 0 8 6 21
773763 32 0 0 3 6 24
773778 12 0 0 3 6 23
773780 12 0 0 8 6 24
773781 17 0 0 5 6 23
773782 17 0 0 8 5 22
773848 10 0 0 1 6 46
773849 22 1 0 8 6 32
773905 26 0 0 8 6 23
773906 25 0 0 8 6 24
773907 23 0 0 8 6 21
773909 63 1 0 8 6 21
773971 12 0 0 8 6 21
774011 38 1 0 8 6 21
774012 36 1 0 8 6 18
774032 23 1 0 9 5 24
774123 6 0 0 1 6 23
774247 12 0 0 4 6 21
774250 64 1 1 8 6 26
774251 13 0 0 8 6 22
774252 13 0 0 0 6 22
774263 8 0 0 7 6 22
774264 28 1 0 8 6 22
774296 8 0 0 8 6 19
774317 12 0 0 7 6 24
774318 7 0 0 8 6 34
774319 40 1 0 8 6 22
