108211
19
2184
108211 504 1 0 1 5 20
4537 547 1 1 1 6 26
7092 61 1 1 6 6 23
12768 107 1 1 0 6 17
16545 389 1 1 2 6 29
21001 666 1 0 3 6 17
24004 108 0 1 7 6 22
27641 91 1 0 0 6 23
37253 67 1 1 8 6 16
37551 60 1 1 0 6 22
41528 474 1 1 6 6 22
41533 581 1 1 2 6 31
46770 570 1 1 2 6 37
49030 695 1 1 1 6 25
49936 10 1 1 0 6 27
50933 106 1 1 5 6 38
51530 113 1 1 0 6 17
52297 12 1 0 5 6 20
58631 14 0 1 6 6 14
72901 95 1 1 0 6 21
73663 20 1 1 6 6 15
74344 77 1 1 1 6 52
74923 295 1 0 0 6 37
81354 43 1 1 5 6 14
84611 79 1 1 2 6 15
85545 24 1 0 6 6 27
100509 41 1 0 2 6 22
108278 93 1 0 6 6 22
108449 333 1 0 1 6 21
108483 491 1 0 2 6 27
108630 16 1 0 1 6 19
108768 36 1 0 6 6 20
108800 63 1 0 6 6 20
109087 184 1 0 9 6 20
109914 141 1 1 8 6 20
111177 290 1 1 2 6 25
122705 246 1 0 2 6 29
130946 443 0 1 8 6 18
131219 182 1 1 2 6 40
135688 31 1 1 6 6 15
142462 146 1 1 1 6 17
145045 167 0 1 4 6 33
145923 555 1 1 6 6 18
145965 30 1 1 7 6 35
146661 119 1 0 2 6 16
152878 239 1 0 2 6 21
155193 42 1 1 8 6 13
155827 13 1 1 0 6 15
156606 67 1 0 5 6 17
165657 119 1 0 1 6 18
167996 73 1 1 4 6 39
168124 148 1 1 5 6 23
168188 9 1 0 9 6 18
168328 81 0 0 1 6 25
168761 103 1 0 2 6 15
171618 53 1 0 3 6 14
172546 60 1 1 0 6 17
175869 17 1 1 0 6 26
177650 27 0 0 0 6 25
178256 426 1 1 6 6 17
180620 32 1 0 2 5 18
188098 17 1 0 0 6 15
199665 786 1 0 6 6 25
200305 48 1 0 2 6 21
204591 148 0 1 8 6 43
206535 53 0 0 3 6 28
208650 99 1 1 8 6 23
214031 82 1 1 6 6 16
214079 6 1 0 5 6 17
214300 69 1 0 6 6 26
214725 349 1 1 1 6 25
216340 351 1 1 4 6 21
223256 329 1 0 4 6 28
223698 325 1 1 8 6 24
226920 62 1 0 1 6 18
226921 57 1 0 2 6 20
227116 62 0 0 3 6 14
230230 104 1 1 8 6 26
232070 88 1 0 2 6 18
234301 11 1 0 6 6 14
239545 12 1 0 2 6 14
243273 15 1 0 0 6 11
243632 46 1 0 2 6 17
245691 49 1 0 6 5 18
250574 99 1 0 2 6 22
256147 66 1 1 8 6 31
256148 295 1 1 2 6 25
256151 241 1 0 6 6 22
256160 540 1 0 1 6 20
258052 175 1 1 2 6 18
266616 41 1 1 2 6 16
268836 38 1 0 1 6 20
273638 39 1 0 7 5 16
275102 147 1 1 7 6 19
276367 200 1 0 8 6 19
276622 106 1 0 4 6 22
280764 49 1 1 8 6 26
282475 139 1 1 8 6 16
282949 160 1 1 2 6 28
291775 25 0 0 1 6 35
291845 102 0 0 5 6 17
291989 59 1 0 5 6 23
294740 4 0 0 8 6 22
296109 297 1 0 4 6 21
296498 79 1 0 8 6 22
296550 239 1 0 6 6 20
297144 10 1 0 2 6 17
297599 88 1 0 6 6 20
298472 102 0 0 1 5 19
298752 84 1 0 6 6 23
298961 31 1 1 5 6 18
300318 3 1 0 2 5 22
302042 152 1 1 0 6 21
302353 146 1 0 8 6 19
305396 45 1 0 6 6 27
305441 35 1 0 2 6 29
305442 64 1 0 7 6 19
306620 13 1 0 0 6 19
307546 23 1 0 6 6 29
309437 30 1 0 2 6 22
313765 32 1 0 0 6 21
313832 6 0 0 8 6 13
317909 65 1 0 9 6 24
328364 53 1 1 8 6 21
330284 33 1 0 8 6 21
331348 66 1 0 6 6 14
331636 54 1 1 5 6 16
332267 187 1 0 6 6 32
333735 17 1 0 8 6 21
333916 29 1 0 2 6 19
334569 26 0 0 2 6 18
335198 43 1 0 7 6 15
335202 45 1 0 6 6 19
339593 32 1 0 8 6 18
339868 37 0 0 6 6 9
339997 55 1 0 1 6 15
340002 27 1 0 7 6 12
340196 19 1 0 5 5 18
340227 9 1 0 2 6 15
340770 31 1 0 7 6 16
341785 12 1 0 0 6 14
341907 11 1 0 4 6 16
342031 23 1 0 6 6 16
342114 45 1 0 2 6 23
342170 3 1 0 5 6 18
342171 25 1 0 4 6 18
342249 5 0 0 4 6 17
342338 26 1 0 2 6 19
342433 31 1 0 2 6 18
342919 74 0 0 2 6 25
343668 38 1 0 5 6 22
343836 18 1 0 2 6 19
343935 23 1 0 4 6 11
344078 34 1 0 6 6 33
345112 79 1 1 8 6 25
347633 102 1 0 2 6 21
347937 99 1 0 3 6 19
349731 115 1 0 0 6 18
358011 30 1 0 6 6 12
360825 70 1 1 8 6 21
363616 32 1 0 1 6 22
366297 21 1 0 2 6 19
366661 56 1 0 2 6 54
367431 65 1 0 3 6 29
367797 98 1 0 2 6 19
367844 562 1 0 2 6 19
368399 86 1 1 8 6 20
368400 18 1 1 7 6 37
368510 48 0 0 8 6 22
368654 132 1 1 7 6 28
368656 19 1 0 2 6 16
368810 33 1 0 4 6 29
368850 56 1 0 2 6 19
369122 216 1 1 4 6 20
369228 267 1 0 1 6 21
369958 91 1 0 8 6 15
370156 41 1 0 9 6 27
370333 19 1 0 6 6 27
370379 18 1 0 8 6 16
370993 12 1 0 8 6 19
374113 22 1 1 5 6 25
375440 47 1 1 4 6 22
375990 271 1 1 5 6 34
376442 80 1 1 1 6 20
378991 119 0 1 6 6 14
379760 23 1 0 0 6 16
382567 92 1 1 8 6 18
385920 33 1 0 1 6 22
389718 151 1 1 8 6 17
390145 9 1 0 6 6 19
392772 32 1 0 1 6 32
393186 7 0 0 5 6 25
393211 69 1 1 5 6 24
395321 35 1 1 2 6 15
395571 56 1 1 2 6 16
397638 35 1 0 8 6 21
397806 180 1 0 2 6 18
398301 44 0 0 3 6 22
398577 287 1 1 2 6 15
399973 80 0 0 4 6 21
399985 50 0 0 4 6 22
399986 140 1 1 4 6 18
400603 54 1 0 2 6 21
401087 156 1 0 2 6 22
401169 35 1 0 1 6 17
401411 17 1 0 2 6 16
402831 111 1 1 6 6 17
403147 16 1 1 1 6 31
423239 93 1 0 2 6 18
423718 57 1 1 0 6 16
424746 35 1 1 5 6 15
425868 24 1 0 0 6 17
435905 23 1 1 4 6 19
437232 19 1 0 1 6 19
446711 52 0 0 8 6 21
453252 81 1 1 8 6 18
456075 122 1 1 7 6 22
456976 8 1 0 0 6 18
457213 23 1 0 6 6 31
457236 34 0 0 4 6 22
457444 43 0 1 8 6 18
457684 93 1 1 1 6 54
457687 21 1 0 2 6 20
457725 27 1 0 1 6 25
464291 26 0 0 1 6 25
467805 53 1 0 2 6 17
471347 10 1 0 2 6 16
471352 64 1 1 6 6 16
471410 12 1 0 1 6 22
473572 31 1 0 2 6 18
474714 16 1 0 8 6 16
481960 107 1 0 6 6 20
483782 40 1 1 5 6 36
487169 72 1 0 8 6 24
489421 102 0 1 7 6 23
491346 73 1 1 6 6 20
491871 40 1 1 0 6 37
491872 92 1 1 0 6 27
493526 165 1 1 6 6 18
504296 251 1 1 8 6 24
505304 55 1 1 8 6 23
505708 66 1 1 6 6 15
506040 51 0 1 8 6 18
508629 89 1 1 6 6 35
511160 27 1 1 4 6 12
511796 14 0 1 4 6 22
515068 22 1 0 1 6 12
518565 89 1 0 2 6 22
518739 60 1 1 8 6 23
520641 57 1 1 4 6 21
524399 25 1 1 2 6 66
525867 18 1 0 2 6 16
526002 55 1 0 2 6 19
526488 4 0 0 4 6 17
526602 93 1 0 6 6 18
528958 21 0 0 6 6 19
531483 58 1 0 5 6 31
532122 8 1 0 1 6 19
532369 13 1 0 4 6 16
533575 58 1 0 6 6 27
543302 9 1 0 4 6 18
547052 27 0 1 3 6 32
551560 99 1 1 3 6 42
556050 9 1 1 6 6 16
556875 67 0 1 2 6 26
562961 55 1 1 8 6 24
565162 14 1 0 6 6 19
565717 19 1 0 1 6 17
566007 15 1 0 7 6 17
566752 6 1 0 1 6 16
573687 17 1 1 1 6 22
576676 105 1 1 6 6 22
576760 44 1 0 8 5 15
576868 34 1 1 0 6 20
577323 34 1 1 6 6 18
581859 175 1 1 6 6 57
581866 50 1 0 2 6 40
583789 43 0 0 8 6 21
586138 38 0 0 8 6 17
586790 50 1 1 8 6 15
586905 46 1 0 2 6 26
587586 4 0 1 0 6 25
587831 30 1 0 2 6 22
587955 157 1 1 6 6 29
588017 18 1 0 2 6 20
589998 84 1 1 6 6 19
590001 40 1 0 9 6 26
590568 30 0 1 2 6 39
590666 25 1 0 4 6 26
595688 16 1 1 8 6 31
601121 19 1 0 2 6 27
601783 42 1 0 2 6 18
602838 16 1 0 1 6 26
604098 32 1 1 2 6 29
604382 35 1 0 1 6 20
605743 54 1 0 9 6 20
607264 38 1 1 8 6 15
607577 53 1 0 2 6 21
615811 32 1 1 2 6 20
617922 27 1 1 3 6 22
617998 75 1 0 6 6 23
625882 9 1 1 5 6 18
626908 89 1 0 6 6 21
635540 48 1 1 6 6 27
653190 10 1 1 8 6 21
653964 65 1 0 6 6 17
657819 15 1 0 2 6 19
660276 26 1 0 6 6 22
666166 29 1 1 5 6 15
670380 13 1 0 2 6 15
671792 42 1 1 7 6 14
678292 104 1 1 1 6 20
683110 7 1 1 5 6 48
686178 17 0 0 2 6 22
688054 9 1 0 8 6 22
689670 19 1 0 5 6 28
708651 17 1 1 1 6 30
714090 15 1 0 6 6 19
716056 6 1 0 0 6 22
725891 18 1 0 6 6 35
729462 47 1 0 2 6 20
729884 10 1 1 8 6 19
739591 98 1 0 4 6 19
739848 26 1 0 2 6 19
739895 56 1 0 3 6 15
740228 16 1 0 2 6 20
740229 13 1 0 8 6 17
740230 8 1 0 6 6 19
740233 6 1 0 6 6 13
740276 16 1 0 1 6 21
740487 18 1 0 4 6 21
740732 5 1 0 3 6 18
740917 40 1 0 3 6 20
740996 22 1 0 1 6 22
741146 5 1 0 0 6 21
741163 41 0 0 6 5 19
741225 6 1 0 2 6 16
741279 21 1 0 3 6 18
741282 26 1 0 6 6 18
741338 40 1 0 4 6 21
741445 20 1 0 1 6 17
741450 3 0 0 4 5 19
741521 14 1 0 3 6 24
745279 31 1 0 6 6 12
749318 15 1 0 6 6 18
749980 7 1 0 2 6 17
750012 10 1 0 6 6 22
754245 113 0 1 8 6 21
756042 25 1 1 7 6 23
759346 25 1 0 2 6 32
759589 63 1 0 2 6 23
764765 7 1 1 4 6 16
764781 10 1 0 2 6 18
764859 7 1 0 2 5 21
765447 48 1 0 3 6 11
767094 23 1 0 2 6 16
773161 14 1 0 3 6 25
774646 3 1 1 0 6 26
781350 23 1 1 8 6 21
798651 26 1 1 4 6 33
804259 3 1 1 1 6 53
807725 34 0 1 7 6 18
809183 17 1 1 6 6 35
809524 51 1 1 7 6 20
810086 10 1 0 2 6 22
810133 117 1 1 1 6 31
813813 48 1 0 6 6 20
816408 73 1 1 8 6 16
816915 11 1 0 3 6 19
818032 53 1 0 4 6 19
818300 8 1 0 1 6 15
823776 11 0 1 2 6 42
824417 24 0 0 0 6 14
826910 25 1 1 7 6 25
831637 72 1 1 8 6 16
839064 3 1 0 5 6 28
839728 16 1 0 2 6 19
841307 19 1 0 2 6 21
844611 9 1 0 2 6 17
866996 12 1 1 9 6 16
881374 55 1 0 6 6 34
882630 27 1 0 2 6 18
882650 18 1 0 6 6 21
882691 5 0 0 4 6 18
883101 8 1 0 4 6 27
884458 10 1 0 2 6 21
884776 64 1 0 2 6 20
885746 6 1 0 1 6 18
885805 26 1 1 6 6 16
886284 5 0 1 1 6 15
886852 71 1 1 6 6 16
887089 6 0 1 4 6 40
887161 1 0 0 4 6 16
887212 9 1 1 2 6 31
887229 5 1 0 3 5 15
887474 6 1 0 7 6 18
887632 9 1 0 1 6 17
887656 6 1 1 2 6 34
887657 21 1 0 0 6 21
887658 4 1 1 3 6 50
887659 18 1 1 8 6 15
887661 8 0 0 2 6 15
887673 15 0 1 3 6 34
887674 4 1 1 2 6 17
887699 3 1 1 2 6 21
887701 13 1 0 6 6 20
887705 12 1 1 8 6 18
887713 1 1 1 7 6 24
887715 1 1 1 2 6 22
887716 1 1 0 1 6 17
887717 4 1 0 8 6 20
887734 2 1 1 8 6 32
887735 3 1 1 6 6 29
887736 29 1 1 7 6 29
887746 1 1 0 1 6 21
887762 2 1 0 1 5 21
887787 6 0 0 5 6 21
887788 3 1 0 2 6 16
887804 25 1 1 1 6 31
887836 4 0 1 3 6 33
887839 9 1 1 1 6 29
887842 2 1 0 1 6 16
887843 2 1 0 2 6 28
887861 20 1 1 8 6 22
887862 5 1 0 6 6 29
887863 7 0 0 7 6 13
887865 55 1 1 8 6 21
887866 5 1 1 8 6 23
887877 5 0 1 7 6 41
887878 1 1 1 6 6 33
887899 1 1 1 5 6 14
887903 6 1 1 1 6 22
887925 15 1 1 5 6 51
887926 5 1 0 8 6 13
887927 12 1 0 7 6 30
887946 19 1 0 2 6 18
887950 12 1 1 8 6 41
887951 6 1 1 2 6 21
887952 7 1 1 5 6 19
887977 1 1 1 1 6 19
887979 5 0 0 2 6 24
888004 7 1 1 4 6 24
888005 6 1 0 0 6 21
888017 10 1 0 6 6 28
888021 16 0 1 6 6 22
888022 3 0 1 4 6 35
888023 2 1 0 1 6 20
888032 5 1 1 4 6 26
888034 6 1 0 4 6 15
888043 7 1 0 2 6 27
888045 15 0 1 1 6 37
888046 11 1 0 1 6 23
888061 10 1 0 0 5 20
888065 28 1 1 6 6 31
888066 3 1 0 2 6 21
888068 5 0 0 2 6 18
888070 2 1 0 4 5 18
888086 4 1 0 8 6 16
888089 3 1 0 1 6 18
888095 27 1 0 2 6 18
888096 6 1 0 2 6 19
888102 28 1 0 0 6 19
888109 6 1 0 5 6 16
888110 5 1 0 0 6 21
888124 4 1 0 3 6 16
888125 4 1 0 6 6 17
888126 8 1 0 3 6 21
888127 13 1 0 2 6 18
888128 13 1 0 1 6 18
888137 12 1 0 2 6 19
888138 7 0 0 7 6 19
888139 3 1 0 2 6 20
888140 20 1 0 2 6 15
888149 4 1 0 2 6 15
888151 5 1 0 2 6 15
888152 3 1 0 0 6 28
888201 3 1 0 8 5 18
888202 9 1 0 8 6 15
888203 10 1 0 2 6 19
888204 6 1 0 6 6 17
888205 2 1 0 4 5 19
888206 11 1 0 0 6 18
888208 13 1 0 2 6 16
888209 8 1 0 4 6 18
888210 9 1 1 0 6 20
888211 5 1 0 0 6 16
888212 3 1 0 2 6 18
888224 19 1 0 1 6 22
888235 4 1 0 8 6 17
888236 3 1 0 3 5 18
888237 3 1 0 2 6 14
888238 16 1 0 4 6 17
888252 2 1 0 2 5 21
888266 22 1 0 6 6 20
888270 10 1 0 4 6 23
888285 17 1 0 1 6 22
888286 4 1 0 1 6 22
888287 5 1 0 3 5 18
888289 17 1 0 0 6 16
888297 51 1 0 4 5 20
888323 18 1 0 6 6 12
888494 39 1 0 2 6 23
888520 14 1 0 2 6 19
888521 14 1 0 8 6 13
1196484 20 1 0 4 6 14
