73051
19
552
73051 436 1 0 9 6 17
834 24 0 1 1 6 18
3307 23 0 1 0 6 18
3556 83 0 0 0 5 20
7540 111 0 1 0 6 18
8413 1695 1 0 0 6 3
9810 32 1 1 6 6 14
11446 129 0 0 3 6 15
14128 49 1 1 0 6 18
14177 70 1 1 5 6 19
14256 50 0 1 3 6 17
14262 85 1 1 4 5 21
14837 83 0 1 7 6 20
15324 19 0 1 8 6 20
17906 79 1 1 0 6 22
19087 94 1 0 2 6 20
23722 47 0 1 0 6 19
24637 69 1 1 4 6 18
25897 187 1 0 0 6 19
26195 72 1 1 8 6 19
26347 82 1 1 0 6 18
26845 59 0 1 0 6 18
27872 38 0 1 5 6 21
28475 140 1 0 9 6 17
29149 82 0 0 0 6 17
32713 50 1 1 3 6 17
33195 49 0 1 0 6 18
33870 50 1 1 2 6 22
34203 390 1 1 2 6 22
36221 57 0 1 6 6 18
37075 61 1 1 6 6 21
40451 95 1 1 9 6 18
41285 173 0 0 3 6 19
47824 114 1 0 5 6 22
50032 161 0 0 6 6 16
51655 141 1 0 2 6 18
52085 121 1 0 4 6 19
52430 25 0 1 6 6 19
55601 100 1 0 6 6 16
55868 118 1 0 1 6 17
57359 48 0 1 6 6 18
58218 56 1 1 6 6 20
58334 106 1 1 6 6 17
60510 20 0 1 6 6 20
63395 566 1 0 2 6 18
65085 69 1 0 2 6 20
66853 44 1 1 6 6 19
67353 47 1 1 3 6 20
68074 115 0 0 6 6 20
69852 116 1 1 6 6 20
70733 90 0 1 6 6 22
70755 57 1 1 8 6 22
71362 111 0 1 6 6 21
72339 52 0 0 2 6 17
74208 63 1 1 6 6 19
75088 32 0 1 1 6 21
77231 447 0 1 6 6 23
77247 95 1 1 9 6 15
77259 196 1 1 2 6 17
77610 67 1 1 9 6 18
78753 21 0 0 4 6 15
80421 26 0 1 0 6 20
81215 36 0 1 4 6 19
81511 82 1 1 6 6 21
84278 143 0 1 8 6 17
84788 11 0 1 4 6 19
85099 57 0 1 0 5 18
85131 66 1 1 6 6 18
86306 680 1 1 6 5 25
89927 59 0 0 7 6 21
92240 72 1 1 2 6 17
92413 100 1 1 2 6 19
93617 98 1 1 6 5 21
94257 23 1 1 5 5 18
94346 78 0 0 5 6 15
95513 57 1 1 4 5 18
97053 51 0 0 4 6 17
97481 33 0 1 6 6 16
97629 80 0 1 5 6 20
97693 99 1 1 6 6 19
99455 130 1 1 2 6 17
100675 15 1 1 2 6 13
100935 6 0 1 6 6 15
101058 64 1 0 4 6 16
101516 21 0 1 6 6 17
102891 27 0 1 2 6 17
104910 49 1 1 2 6 18
105132 35 1 1 9 5 20
106706 45 0 0 6 6 18
106959 46 1 0 3 6 17
108926 32 0 1 0 6 22
109522 61 1 0 2 6 24
114936 23 0 1 0 6 21
115680 64 1 1 0 6 17
116150 32 1 1 3 6 19
117712 28 0 1 1 6 20
119083 73 1 1 6 6 18
120460 148 1 0 0 6 17
121393 33 1 1 5 6 18
122065 155 1 1 7 6 20
122297 63 1 1 4 6 17
122387 65 1 1 6 6 18
123562 92 0 0 6 6 16
123655 186 1 0 6 6 20
124529 66 1 1 2 6 16
125104 58 1 1 5 6 20
125286 133 1 1 6 6 19
126416 32 0 0 6 6 18
128081 151 1 1 8 6 24
128760 54 1 1 7 6 18
129608 146 0 0 8 6 19
132924 54 1 0 4 6 15
135367 139 1 1 6 6 20
136889 60 0 1 0 6 17
142493 88 0 1 1 6 20
142532 186 1 0 8 6 17
143069 41 0 0 1 6 17
143602 17 0 1 1 6 19
144305 43 0 1 6 6 20
144334 82 1 1 3 6 18
145100 46 0 1 6 6 19
146776 38 1 1 3 6 22
148026 26 0 0 7 6 20
151768 79 0 1 4 6 17
154112 6 0 0 1 5 19
154369 45 0 1 6 6 15
160525 85 1 1 7 6 18
166027 30 1 1 6 6 21
166204 111 1 1 0 6 19
171694 62 0 1 6 6 19
171706 81 0 1 9 5 20
172021 200 1 1 3 6 21
172050 29 1 1 6 6 18
172096 61 1 1 3 6 17
172168 137 1 0 6 6 20
172394 31 0 0 6 6 16
172768 119 0 1 3 6 17
174076 115 1 1 8 6 20
174372 92 1 1 7 6 18
175338 85 1 1 5 6 17
175428 82 0 0 6 6 16
175495 71 1 1 6 6 11
176426 75 0 0 7 5 21
176598 44 0 1 8 6 16
177752 56 0 1 6 6 20
183765 71 0 1 8 6 20
186612 30 0 0 6 6 26
186639 16 0 1 6 6 18
187682 72 1 1 8 6 18
187768 43 1 1 7 6 17
189752 17 0 1 6 6 21
193819 2 1 0 6 6 35
196202 34 0 1 4 6 19
202959 59 1 1 6 6 17
202974 25 0 1 3 6 18
205102 57 0 1 6 6 20
205779 130 1 1 8 6 20
207110 18 0 1 0 6 16
207404 149 0 1 4 6 18
209003 33 1 1 6 6 13
209006 32 1 0 6 6 15
209014 12 1 1 0 5 19
209074 24 0 1 6 6 16
209254 59 1 1 6 6 17
210804 35 0 1 8 6 19
218584 27 0 1 8 6 19
219617 101 1 1 4 6 18
223513 47 1 0 7 6 18
224619 162 1 0 4 6 15
225069 29 0 1 6 6 20
225343 84 1 1 6 6 19
226326 61 1 1 7 6 15
227317 75 0 0 8 6 17
227931 21 1 1 9 6 18
229139 60 1 1 6 6 15
229382 81 1 1 8 6 20
231978 11 0 1 4 6 18
233191 80 1 0 7 6 19
235062 6 0 1 9 6 21
239697 11 1 1 7 5 19
239798 200 1 1 3 6 18
242970 197 1 1 6 6 21
245453 26 0 1 5 6 20
249885 119 0 0 2 6 16
254021 31 1 1 6 6 16
254190 107 1 1 6 5 24
254202 21 0 0 7 5 21
254247 54 0 1 6 6 19
254251 70 1 1 6 6 19
254255 54 0 0 7 6 21
254285 45 1 1 6 6 19
254325 17 1 1 6 6 15
254326 105 1 1 8 6 20
256001 56 0 1 8 6 18
258540 72 1 1 3 6 19
259858 29 1 1 4 6 18
261379 120 1 0 2 6 16
262001 147 1 0 6 6 19
264288 45 0 0 7 6 19
265462 37 0 1 6 6 19
265555 56 1 0 6 6 19
265931 61 1 1 4 6 18
269129 44 0 1 6 6 18
269850 56 1 1 0 6 16
271788 120 1 1 6 6 18
272795 95 0 0 6 6 20
273391 33 0 1 6 6 19
273867 36 0 1 4 5 17
276278 22 1 0 6 6 17
279549 51 1 0 5 6 17
280807 83 0 1 2 6 19
281146 79 1 1 5 6 16
282038 53 0 1 8 6 17
282883 86 1 1 2 6 19
283081 199 1 1 6 6 21
284248 15 1 0 6 6 48
285526 121 0 1 6 6 17
285738 131 1 0 7 6 17
288201 75 1 0 6 6 19
294953 33 0 0 6 6 19
295238 25 0 1 6 6 21
297858 69 0 0 4 6 17
298241 24 1 1 7 6 17
299253 18 0 1 3 6 19
300443 12 0 1 4 6 17
306456 31 0 0 6 6 16
306815 38 0 1 3 6 17
311696 54 1 1 4 6 15
312104 113 1 1 0 6 20
314925 135 1 1 6 6 17
315256 18 0 1 6 6 20
318171 95 1 0 6 6 21
318657 92 1 0 6 6 18
321711 37 1 1 6 6 25
325941 36 0 0 1 6 14
327336 60 0 1 6 6 19
328393 149 1 1 3 6 20
332010 48 1 1 8 6 19
335931 22 0 1 7 6 17
336159 46 1 1 8 6 20
338085 99 1 1 6 6 20
345121 48 1 1 6 6 15
346015 91 1 1 6 6 19
347659 160 1 1 8 6 21
350823 10 1 1 1 6 17
352012 58 0 1 8 6 19
352335 105 1 1 6 6 19
353809 110 1 0 6 6 20
356061 57 1 0 8 6 18
361581 90 1 1 3 6 17
362924 70 0 0 6 6 17
363429 90 1 1 6 6 19
366732 70 1 1 8 6 18
369620 51 0 1 3 6 20
371033 75 0 0 6 6 16
372562 95 1 1 3 6 22
373637 30 1 1 0 6 17
377393 35 0 1 5 6 21
379989 111 1 1 6 6 22
382258 56 0 1 6 6 16
388052 17 0 1 2 6 18
388698 78 1 1 6 6 19
389266 34 0 1 8 6 13
390483 117 1 0 7 6 19
393360 44 1 1 6 6 18
396785 26 0 1 8 6 17
402314 43 0 1 0 6 11
402683 32 0 0 8 6 18
403700 68 1 1 6 6 17
403763 47 0 1 2 6 17
404564 4 0 1 4 6 16
406299 87 1 0 2 6 18
407155 38 0 1 6 6 17
410781 69 1 1 7 6 17
411084 27 1 1 3 6 19
413724 75 0 1 6 6 17
414815 27 1 1 2 6 16
415005 52 0 0 4 6 19
415193 28 0 1 4 6 101
417061 45 1 1 2 6 17
419174 61 1 1 3 6 18
419553 42 1 1 2 6 19
420993 27 1 1 3 6 22
424481 128 1 1 6 6 19
425913 47 0 1 8 6 18
427622 33 0 1 3 5 19
431148 4 0 1 5 5 17
436395 11 0 1 5 5 20
444645 99 1 1 6 6 20
446818 61 1 1 6 6 20
450139 75 0 1 4 6 20
451083 36 0 1 8 6 19
461022 34 0 1 8 6 19
464159 81 1 1 6 6 16
467944 92 1 0 4 6 16
468356 83 1 0 6 6 18
468972 6 0 0 1 6 18
470130 22 1 0 4 6 25
470196 25 1 1 4 6 17
470368 55 1 0 6 6 20
470433 129 0 0 6 6 17
470491 67 1 1 6 6 17
470892 16 1 0 6 5 17
480341 23 0 1 6 6 21
484173 100 1 0 6 6 19
486015 21 1 1 1 5 21
486908 72 0 1 6 6 22
488165 3 0 1 6 6 19
497238 71 0 0 4 6 19
500801 16 0 1 0 6 23
505495 26 1 1 6 6 18
510060 44 1 1 4 6 61
510472 118 1 1 6 6 22
516009 98 1 1 6 6 19
516985 148 1 0 2 6 16
518358 41 1 1 2 6 17
518359 41 0 1 4 6 17
518955 38 0 0 6 6 21
527886 11 1 1 6 5 16
533270 28 0 1 3 6 17
536521 54 1 1 6 6 22
536718 26 1 1 6 6 18
537413 118 1 0 8 6 22
540494 16 0 1 6 6 19
541237 70 1 1 6 6 19
544391 66 1 0 4 6 17
545919 54 1 1 2 6 18
548800 90 1 1 6 6 22
553050 40 1 1 4 6 19
553970 55 1 1 6 6 17
558463 75 1 1 8 6 20
563936 58 0 1 6 6 20
567046 61 1 1 6 6 15
570865 52 1 1 0 6 17
571022 35 0 1 1 6 19
572842 18 0 1 2 6 9
575235 43 0 0 6 6 17
578580 30 0 1 8 6 18
581997 22 0 1 2 6 18
583673 65 0 0 6 6 15
583739 94 1 0 6 6 17
583849 81 1 1 6 6 14
588286 61 1 0 6 6 18
588922 52 0 1 6 6 20
592169 30 0 0 8 6 20
606568 44 1 1 6 6 18
606578 50 1 0 6 6 17
606585 94 1 1 6 6 20
607377 35 0 0 6 6 18
611062 46 1 1 8 6 19
611085 53 1 1 6 6 22
611089 15 1 0 8 6 19
611178 44 1 1 6 5 18
611451 66 1 1 6 6 21
638966 47 1 1 8 6 17
641903 7 0 1 1 6 27
642045 46 1 0 6 6 16
642536 27 0 0 6 6 19
649270 76 1 1 8 6 18
650308 28 1 1 6 5 20
650364 9 0 1 6 6 18
652057 63 1 0 6 6 17
652205 137 1 1 8 6 22
654118 72 1 1 6 6 18
664723 94 1 0 6 6 16
669876 15 1 1 8 6 14
675596 18 0 1 6 6 17
682279 112 1 1 8 6 21
682531 14 1 1 9 6 24
682988 36 0 1 4 6 20
685922 10 1 1 9 6 19
686898 38 1 1 6 6 13
693106 18 1 1 9 6 16
699171 83 1 1 6 6 17
706047 86 1 0 6 6 19
713497 31 0 1 6 6 15
714085 70 1 1 6 6 18
722961 15 0 1 6 6 14
726038 26 0 0 5 6 15
743218 50 0 1 4 6 22
744020 42 1 1 8 5 18
744654 83 1 1 4 6 19
752844 62 1 1 6 6 22
753466 25 1 0 6 6 15
754539 6 0 1 6 6 19
754898 11 1 0 8 6 20
754899 18 1 0 6 6 16
754900 38 1 1 6 6 18
754901 2 1 1 9 6 21
754902 8 1 1 6 6 12
754903 10 1 0 6 6 10
754904 65 1 1 9 6 18
754906 5 1 1 6 5 22
754907 14 1 0 6 6 20
754920 2 1 1 9 5 16
754921 4 0 0 6 5 20
754922 1 1 1 6 5 30
754923 5 1 1 6 6 21
754924 1 1 1 9 5 19
754991 22 0 1 6 6 17
754993 11 1 0 8 6 10
755030 26 1 0 8 6 13
755068 3 1 1 6 6 27
755108 18 0 1 2 6 18
755189 28 1 1 6 6 20
755190 9 1 0 9 5 23
755191 6 0 0 8 6 19
755194 22 1 0 8 6 11
755202 11 0 1 6 6 16
755210 27 1 1 6 6 17
755368 24 1 1 6 6 15
755369 46 0 1 6 6 19
755413 25 1 1 3 6 14
755442 10 0 1 8 6 19
755445 41 1 0 8 6 18
755468 6 1 1 6 6 27
755469 24 1 1 6 6 15
755498 2 0 1 6 5 25
755502 31 1 1 6 6 20
755516 24 1 1 6 6 28
755520 18 0 0 6 6 16
755588 61 1 1 6 6 19
755589 11 1 0 6 5 21
755619 13 0 1 6 6 18
755654 30 1 1 7 6 22
755655 36 1 1 8 6 21
755682 2 1 0 6 6 17
755699 23 0 1 6 6 16
755705 20 1 1 6 6 21
755736 8 0 0 6 5 21
755810 7 1 1 6 6 21
756060 32 0 1 1 6 21
756437 20 1 0 6 6 10
756489 19 1 0 6 6 21
756513 13 1 1 1 6 18
756514 19 1 1 6 6 12
756541 12 0 1 6 6 18
