146959
19
2159
146959 763 1 0 7 6 20
7104 40 1 0 4 6 14
22924 77 1 0 0 5 18
24086 9 1 0 0 6 21
32388 16 0 0 7 5 19
38282 504 1 1 7 6 22
44278 82 1 0 6 6 16
48176 61 1 0 4 6 17
48979 558 1 0 4 6 26
49115 15 1 0 4 5 18
60440 37 0 0 4 6 18
62087 165 0 0 9 6 27
62768 379 1 0 6 6 18
63276 33 0 0 2 6 19
68596 508 1 0 4 6 21
72018 105 1 0 7 6 15
72472 23 1 0 0 6 19
76467 478 1 1 7 6 24
83397 35 1 0 0 6 16
83528 188 1 0 4 6 21
85482 28 0 0 7 6 22
85552 15 0 0 4 6 20
85653 30 0 0 1 6 19
87950 42 1 0 4 5 16
88130 128 0 0 8 6 20
88284 29 1 0 2 5 16
88427 8 1 0 2 5 21
91063 5 0 0 4 5 18
91712 99 1 0 6 6 17
92820 24 0 0 3 6 18
93063 38 1 0 2 6 19
95337 86 1 0 4 6 17
97371 98 1 0 2 6 18
97733 14 1 0 4 6 16
106922 32 1 0 0 6 17
107186 129 1 0 4 6 16
108285 20 1 0 6 6 23
108348 67 1 0 4 6 17
113066 56 1 0 3 6 23
113089 31 0 0 4 6 20
113092 15 0 0 9 5 17
113185 19 1 0 2 6 14
113193 18 1 0 0 6 16
113232 55 1 0 2 6 20
113315 168 1 0 2 6 21
113316 37 1 0 2 6 22
113321 102 1 0 7 6 25
114220 18 1 1 2 6 20
114680 11 0 0 8 5 17
120502 7 1 0 6 6 18
121003 8 1 0 0 6 27
122256 97 1 0 2 5 21
129435 53 0 0 4 5 18
130163 23 1 0 4 6 18
130597 16 1 0 6 5 21
141086 312 1 0 9 6 19
143658 29 1 0 1 6 23
144706 14 1 0 2 6 19
145560 16 1 0 7 5 20
146963 453 1 0 4 6 15
147081 48 1 0 4 5 20
147123 52 1 0 4 6 17
147335 64 1 0 1 6 17
147404 30 1 0 4 6 16
147565 23 0 0 4 6 16
147656 6 1 0 2 5 17
147688 30 1 0 2 5 19
147708 21 1 0 5 5 20
147851 21 1 0 4 5 18
148675 40 1 0 6 6 18
149046 51 0 1 4 6 18
149050 8 0 0 4 5 17
153211 6 1 0 2 6 21
153416 19 1 0 2 6 20
153417 18 1 0 2 6 19
153422 9 0 0 2 6 20
154528 37 1 0 1 6 21
154529 18 0 0 1 5 22
154536 19 1 0 4 6 19
154975 22 0 0 8 5 17
157853 87 1 0 9 6 19
157855 119 1 0 3 6 15
158010 34 0 0 7 6 16
158013 44 1 0 8 5 17
158018 23 1 0 6 5 18
159752 20 1 0 2 5 14
162371 427 1 1 7 6 23
163331 298 1 0 8 6 15
163440 76 1 0 2 6 16
163767 24 1 0 6 5 18
164878 84 0 0 4 6 16
165300 17 0 0 8 6 18
166951 58 1 0 6 6 13
168053 197 1 0 4 6 29
171312 62 1 0 4 6 17
179680 70 1 0 6 6 16
186711 37 0 0 5 6 14
194530 33 1 0 0 5 16
194556 13 0 0 0 5 18
195044 9 1 0 2 6 20
195057 8 1 0 2 5 19
195902 14 1 0 4 6 18
199837 29 1 0 4 6 16
202183 14 0 0 6 6 26
203862 10 1 0 2 6 22
205248 27 0 0 4 6 18
208516 11 1 0 4 6 17
211405 14 0 0 8 5 18
211583 148 1 0 9 6 1
212118 28 1 0 0 6 15
212309 13 0 0 3 6 16
213544 39 1 0 4 6 17
214729 32 1 0 4 5 16
214732 644 1 0 4 6 16
214893 39 0 0 7 6 20
222033 155 1 1 6 6 25
225897 102 1 0 4 6 22
230523 20 1 0 6 5 18
243058 39 1 0 4 5 20
250337 33 1 0 1 5 19
254482 26 0 0 4 6 20
256123 72 0 0 2 6 17
256466 33 1 0 2 6 16
256565 4 1 0 2 5 15
256648 77 1 0 2 6 15
256649 35 1 0 2 6 15
257106 139 1 0 6 6 17
257886 81 0 0 5 6 16
259653 17 1 0 3 6 18
259796 46 0 0 5 6 27
262776 34 0 0 6 6 22
266196 6 0 0 2 5 19
266563 20 0 0 2 5 17
267985 35 1 0 2 5 16
268020 13 1 0 9 5 16
270471 108 1 0 3 6 18
272423 15 1 0 4 6 23
272858 19 1 0 4 5 16
275993 148 1 0 1 6 25
276216 45 1 0 4 5 23
276273 11 0 0 4 6 18
276363 24 0 0 4 6 28
276477 41 1 0 1 6 20
277217 8 0 0 1 6 22
277419 28 0 0 3 6 20
277463 59 1 0 4 5 21
280440 33 1 0 1 6 20
280590 37 1 0 9 6 18
284094 43 0 0 8 6 17
284124 26 1 0 8 5 17
284204 11 0 0 0 6 18
285077 89 1 0 1 6 19
285250 46 0 1 3 6 20
285293 33 1 0 0 6 17
287147 38 1 0 7 6 19
287149 76 1 0 7 6 18
289447 81 1 0 2 6 22
290030 9 0 0 4 6 26
290146 28 1 0 4 5 22
290226 25 1 0 4 6 17
290235 26 0 0 4 6 22
290695 5 0 0 2 5 20
290827 115 1 0 4 6 18
296176 47 1 0 8 6 17
296403 23 0 0 4 6 19
296531 23 1 0 1 6 17
297016 55 1 0 4 6 19
297598 14 1 0 6 5 17
305406 49 1 0 6 6 19
305708 26 0 0 4 6 20
305778 112 1 0 6 6 25
310468 10 1 0 4 5 19
311542 69 1 0 4 6 16
314437 70 1 0 4 5 18
317762 10 1 0 5 6 18
317878 55 1 0 7 6 23
318249 19 1 0 6 6 19
318251 50 1 0 4 6 25
318297 37 0 0 7 6 21
319227 4 1 0 4 5 19
331071 30 1 0 6 6 19
331359 41 1 0 8 6 20
331432 78 1 0 0 6 18
331469 128 1 0 3 6 20
334606 11 1 0 7 5 17
338470 36 1 0 1 6 19
342043 54 0 0 5 6 23
345857 29 0 0 2 6 19
347086 107 1 0 8 5 18
347736 19 1 0 5 6 20
349320 30 1 0 4 6 16
350372 51 1 0 7 5 20
350427 37 1 0 9 5 19
350565 25 1 0 6 5 19
350620 85 1 0 2 6 21
351947 14 0 0 4 6 18
353240 33 1 0 1 6 21
354008 48 1 0 1 6 21
355465 25 0 0 4 6 18
355476 59 1 0 3 6 16
359040 29 1 0 2 6 20
360146 6 0 0 9 6 18
360515 17 0 0 5 6 20
360787 15 0 0 9 6 18
361705 19 0 0 4 5 18
364475 17 1 0 1 5 18
365874 89 1 0 6 6 21
365875 53 1 0 4 6 18
367011 46 0 0 8 6 18
367683 61 0 0 7 6 15
367688 26 1 0 1 6 26
367811 18 0 0 9 5 20
368155 21 0 0 1 5 20
369498 25 0 0 6 5 18
370470 18 1 0 4 6 25
371156 3 1 0 2 6 27
372804 9 1 0 0 6 30
373469 22 1 0 2 6 27
374032 61 0 0 7 6 26
380469 7 1 0 4 5 16
382737 7 0 0 1 6 18
384300 15 1 0 7 5 19
384755 34 0 0 4 6 21
384807 19 1 0 4 6 20
384810 20 0 0 7 6 16
384834 26 1 0 9 5 19
384838 17 1 0 2 5 19
384840 32 1 0 2 5 20
384867 20 1 0 2 5 19
384886 26 1 0 6 6 16
385010 11 0 0 5 5 18
386163 28 1 0 2 5 15
386164 43 1 0 1 5 17
386211 16 1 0 2 6 14
386215 6 1 0 7 6 17
386216 7 0 0 4 6 16
386218 19 1 0 2 5 16
386273 5 0 0 4 5 18
386274 12 1 0 4 5 18
386921 11 1 0 9 6 20
386999 23 0 0 4 6 24
387040 28 0 0 4 6 18
387078 12 1 0 0 6 19
387156 15 0 0 4 5 18
387203 8 1 0 3 5 18
387223 22 1 0 6 6 16
387289 12 0 0 4 5 16
387324 13 0 0 6 6 18
387389 8 1 0 9 5 18
387418 44 1 0 2 6 16
387746 58 1 0 1 6 16
387812 25 0 0 0 6 18
388721 36 1 0 7 5 17
389081 61 1 0 1 6 16
389455 16 1 0 1 6 16
391382 12 0 0 7 5 17
392926 23 1 0 4 6 17
404938 74 1 1 7 6 22
415233 76 0 1 7 6 22
416072 15 1 1 6 6 17
418588 39 1 0 7 6 20
420936 55 1 0 5 6 19
421223 11 1 1 2 5 21
422028 9 0 0 1 6 16
424366 18 1 0 6 6 16
427352 21 1 0 0 5 17
427516 15 1 0 1 6 17
429558 8 1 0 6 5 18
429618 9 1 0 4 6 18
430458 57 1 0 2 6 17
430560 22 1 0 2 6 17
430578 16 1 0 0 6 21
430682 18 1 0 7 6 17
431011 15 1 0 6 5 19
431680 12 1 0 4 6 20
432244 11 1 0 6 5 22
432247 19 1 0 4 6 20
432368 36 0 0 4 6 18
433793 45 0 0 4 5 16
435039 28 0 0 2 6 14
435254 9 1 0 0 6 18
442988 6 0 0 1 6 19
443954 36 1 0 4 6 22
444102 24 1 0 6 6 27
444276 28 0 0 2 6 21
444413 17 0 0 7 5 17
444473 35 0 0 2 6 41
445146 16 1 0 7 6 10
445825 36 0 0 6 6 28
445978 47 1 0 2 6 19
447513 46 1 0 1 5 16
452712 127 1 1 6 6 19
454735 9 0 0 1 5 17
455104 21 1 0 4 5 19
455525 31 1 0 8 6 18
456639 39 1 0 6 6 18
457162 12 0 0 2 5 18
457187 14 1 0 3 5 19
457749 11 1 0 6 6 18
458713 16 1 0 4 6 18
458763 24 1 0 6 5 16
460250 14 1 0 6 6 18
463256 3 1 0 4 6 15
463377 18 1 0 4 6 28
464933 27 1 0 8 6 20
467546 6 0 0 4 6 18
468600 10 1 0 6 5 20
469484 22 0 0 0 6 17
469820 13 1 0 1 6 18
469933 19 1 0 4 6 19
471343 19 1 0 8 6 17
471511 5 1 0 1 5 17
471657 6 1 0 7 5 18
472274 17 1 0 1 5 17
473691 39 1 0 1 6 15
474178 12 1 0 2 6 20
474379 7 1 0 2 6 20
478883 27 0 0 4 6 17
479710 6 1 0 8 6 18
480080 133 1 0 7 6 15
482320 8 1 0 2 6 18
482406 6 0 0 2 6 16
482592 18 1 0 2 6 18
482659 272 1 1 7 6 19
482781 4 1 0 2 5 19
483884 14 1 0 1 6 21
483947 44 0 0 7 6 32
484254 39 1 0 4 6 16
484883 18 1 0 5 6 20
485310 5 1 0 5 6 17
485448 22 1 0 5 6 17
485462 26 0 0 5 6 18
485517 16 1 0 5 5 18
485523 4 1 0 5 5 23
485977 19 0 0 5 6 26
486451 57 0 0 6 6 19
486572 18 1 0 4 5 25
487125 4 1 0 5 6 24
487216 11 1 0 7 6 27
487397 13 0 0 7 6 22
487398 14 1 0 7 5 22
487517 5 1 0 2 6 29
487520 18 0 0 7 6 27
487803 23 1 0 6 6 18
488234 11 1 0 2 5 18
488250 23 1 0 6 5 24
488449 52 1 0 7 6 25
488451 19 1 0 4 6 27
488532 28 1 0 7 6 23
488924 15 0 0 2 5 18
488994 13 1 0 2 6 22
489036 10 1 0 2 5 21
489219 28 1 0 1 5 17
489719 20 1 0 6 6 22
490346 146 1 0 6 6 17
491067 12 1 0 6 6 29
492029 38 1 0 7 5 20
494457 9 0 0 2 6 18
495595 39 1 0 5 6 20
495598 31 1 0 2 5 17
500262 15 1 1 7 6 21
501029 102 1 0 7 6 23
501297 16 1 0 7 6 18
501952 88 1 1 2 6 17
502165 19 1 0 0 5 18
506709 22 1 0 5 5 16
507195 27 1 0 1 6 19
507421 9 1 1 7 6 23
517668 51 1 0 8 5 19
517969 11 1 0 8 5 19
519748 8 0 0 4 5 18
523588 24 1 0 6 6 17
524653 26 1 0 6 5 20
524704 36 1 0 4 5 19
524749 12 1 0 1 5 18
524754 9 0 0 6 5 16
524807 11 1 0 0 5 16
525126 17 1 0 0 6 20
528688 9 1 0 6 6 26
528903 15 1 0 6 6 22
528966 2 1 0 6 6 19
530440 4 0 0 1 6 24
533703 29 1 0 7 5 16
542878 15 0 0 4 6 17
542917 29 0 0 4 5 21
544794 15 1 0 2 6 15
550772 37 0 0 1 6 23
555775 11 1 0 2 5 19
561176 20 1 0 1 6 13
562299 22 1 0 2 6 17
562475 12 0 0 6 6 19
562792 23 1 0 7 6 16
571620 36 1 0 2 5 18
571621 30 1 0 4 5 15
571743 20 1 0 2 5 18
574939 59 1 0 5 6 18
577009 96 1 0 7 6 18
583987 5 0 0 1 6 19
587176 13 1 0 2 6 20
590178 53 1 0 2 6 21
591823 7 1 0 5 6 20
597185 45 1 0 2 6 13
598662 12 1 0 1 6 24
602895 13 0 0 6 6 18
606826 10 0 0 8 6 16
612028 30 1 0 9 6 18
620298 77 0 1 7 6 36
643604 19 1 0 2 5 20
645806 10 0 0 4 6 19
645853 27 1 0 2 5 23
647716 23 1 0 4 5 21
652932 62 1 0 2 6 17
661449 61 0 0 4 6 17
667500 9 1 0 4 6 20
667918 11 1 0 7 6 14
670119 11 1 0 0 5 16
673226 16 0 0 1 5 19
675514 13 1 0 4 5 19
675515 30 1 0 4 5 18
677113 17 1 0 7 5 15
680207 40 1 0 6 6 16
688693 17 1 0 4 5 17
694937 18 0 0 6 5 17
694939 6 1 0 7 6 19
694940 21 0 0 9 6 20
695731 30 1 0 1 6 17
696636 8 0 0 2 6 21
701661 38 1 0 7 6 18
708003 15 1 0 4 6 20
708210 20 1 0 1 6 17
714060 12 1 0 1 6 21
715594 13 0 0 4 6 21
716248 6 1 0 2 5 18
722038 3 0 0 4 6 18
724492 8 1 0 1 6 13
725831 11 1 0 1 5 18
727056 40 1 0 6 6 16
727314 10 1 0 2 6 26
729301 8 1 0 3 6 29
731136 7 1 0 2 5 16
732104 16 1 0 5 6 21
736702 16 1 0 5 6 21
736983 38 1 0 5 6 21
737044 9 0 0 4 6 24
741539 13 0 0 4 6 22
741717 3 1 0 4 6 27
745990 16 1 0 7 6 23
747893 6 0 0 4 6 17
750773 42 1 0 8 5 17
751707 40 1 0 4 5 17
753767 10 1 0 2 6 18
753830 17 1 0 6 5 18
756544 7 0 0 1 6 22
757521 22 1 0 2 6 18
757596 19 1 0 1 6 18
758084 13 0 0 1 6 22
758191 32 1 0 2 6 16
758276 31 1 0 2 5 19
760551 6 1 0 1 5 18
760997 10 1 0 1 5 22
762662 9 1 0 1 6 22
765031 4 1 0 7 5 25
766962 5 1 0 7 6 17
767645 6 0 0 4 6 19
767819 4 1 0 0 6 32
770481 2 1 0 5 5 20
770504 33 1 0 7 6 17
770519 19 1 0 4 6 20
770575 13 1 0 2 6 20
770745 7 0 0 2 5 18
772952 10 1 0 4 5 19
773320 19 1 0 6 6 15
774778 15 1 0 6 5 17
775108 17 1 0 2 6 13
775669 11 1 0 4 5 16
777551 6 1 0 2 5 18
778090 7 1 0 7 6 15
778113 27 1 0 2 5 15
778627 15 1 0 2 6 21
779016 11 1 0 7 6 23
779453 10 1 0 2 5 17
779460 7 1 0 7 5 25
779831 23 1 0 4 6 16
781014 10 0 0 4 5 17
781946 19 1 0 6 6 18
782374 6 1 0 4 5 19
782523 4 1 0 6 5 18
783053 21 0 0 4 5 17
783155 18 1 0 4 5 19
783168 14 1 0 4 5 18
783368 12 1 0 0 5 18
783369 8 1 0 6 5 18
783664 11 1 0 0 6 16
783681 18 1 0 4 5 18
785693 28 0 0 7 5 17
785745 5 0 0 4 5 18
785945 12 1 0 6 6 20
786551 5 1 0 6 6 23
793565 23 1 0 2 6 18
793698 2 0 0 1 5 16
793702 22 1 0 2 6 16
795267 5 0 0 6 5 16
797409 2 1 0 4 6 16
800143 58 1 0 4 6 19
800792 24 1 0 2 6 17
804913 5 1 0 4 6 17
805697 88 1 1 7 6 24
805768 8 0 0 1 5 15
807299 10 0 0 3 6 17
807611 16 1 0 4 6 19
807655 12 1 0 4 5 18
807665 6 1 0 4 6 17
807945 4 0 0 9 6 16
809486 16 1 0 1 6 19
809882 8 1 0 4 5 16
810406 9 1 0 4 6 19
813463 30 1 0 3 6 23
816560 12 1 0 4 6 19
819898 15 1 0 6 5 15
820001 17 0 0 4 6 17
820896 31 1 0 5 5 16
820977 12 0 0 4 5 17
822665 17 1 0 6 5 19
830241 13 1 0 1 5 19
832326 17 1 0 7 6 26
832487 3 0 0 4 6 19
834122 7 1 0 7 6 18
835579 11 1 0 3 5 19
843026 8 0 0 1 5 20
843560 9 1 0 7 5 19
844147 5 1 0 7 6 21
846153 10 1 0 4 6 26
853125 10 0 0 4 5 16
853384 4 0 0 4 6 19
861972 9 1 0 7 6 17
862054 7 0 0 4 6 17
862685 23 1 0 2 6 19
867996 22 1 0 4 5 19
869138 19 1 0 7 6 30
869308 5 1 0 7 5 18
869972 9 1 0 3 6 22
871862 9 1 0 2 6 18
884025 7 1 0 9 6 17
892346 6 0 0 1 6 16
896513 16 1 0 2 5 15
897380 11 1 0 2 5 15
898000 22 1 0 1 6 22
902087 72 1 0 2 6 23
902796 19 1 0 7 6 20
903082 15 1 0 2 5 14
903141 13 1 1 2 6 19
903340 22 1 0 4 6 17
903348 18 1 0 2 5 19
903511 46 1 0 2 5 18
903716 33 1 0 6 5 17
903816 37 1 1 7 6 33
905797 31 1 0 7 6 12
919381 20 1 0 6 5 17
919382 29 1 0 6 6 17
919383 26 1 0 6 6 18
924312 6 1 0 4 5 20
928915 11 1 0 6 5 18
930355 2 0 0 6 5 21
936125 19 1 0 6 6 18
938994 8 0 0 4 6 20
941629 13 1 0 6 6 20
942681 15 1 0 7 6 20
946397 9 1 0 8 6 19
946703 11 0 1 4 6 25
949930 19 1 0 4 6 19
954269 9 1 0 4 5 18
954432 12 1 0 4 5 17
959415 8 1 0 6 5 21
961286 16 1 0 1 6 18
964251 22 1 0 6 5 17
964985 7 1 0 4 5 16
964988 7 1 0 6 5 19
964992 5 0 0 6 5 16
965011 12 1 0 2 5 18
965088 9 1 0 2 5 18
968874 2 0 0 6 5 24
971565 27 1 0 5 6 24
972333 27 1 0 7 6 26
972712 2 0 0 7 6 17
973998 32 1 0 6 6 19
974218 7 0 0 2 6 19
979435 8 1 0 8 5 20
980869 8 1 0 5 6 16
980870 15 1 0 1 6 18
980910 5 1 0 4 6 19
984162 11 1 0 2 6 17
984632 1 0 0 1 6 23
985181 2 1 0 6 5 17
985394 6 0 0 2 5 24
985518 10 1 0 2 6 21
985638 9 0 1 4 6 18
985663 3 1 0 2 5 17
985789 4 0 0 7 5 22
985947 5 1 0 0 5 15
985981 4 1 0 5 6 20
986178 16 1 0 6 5 19
986187 8 1 0 7 6 16
986281 5 1 0 4 6 15
986420 4 1 1 4 6 43
986421 17 1 1 4 6 20
986450 8 1 1 7 6 34
986451 6 1 0 9 6 20
986467 3 1 0 7 6 25
986468 8 1 0 5 5 18
986469 3 0 0 2 5 16
986486 6 1 0 4 5 29
986487 15 1 0 7 5 19
986488 8 0 0 4 6 18
986490 12 0 0 1 5 16
986491 4 1 0 6 5 15
986492 12 1 0 1 5 17
986518 1 0 0 7 5 23
986519 8 1 0 0 6 16
986520 2 1 0 7 5 19
986521 3 1 0 6 5 20
986536 11 1 0 3 5 18
986537 6 0 0 6 6 19
986539 5 1 0 4 6 23
986540 4 1 0 2 5 20
986541 20 1 0 8 6 29
986557 4 0 0 8 6 18
986558 1 0 0 8 5 19
986561 9 1 0 1 5 17
986566 2 1 0 1 5 24
986576 5 1 0 2 5 17
986577 5 1 0 2 5 22
986578 2 1 0 2 5 18
986579 1 0 0 2 6 19
986614 12 1 0 1 6 17
986615 2 1 1 5 6 39
986616 9 0 0 4 5 15
986617 11 1 0 6 5 17
986638 9 1 0 7 6 17
986639 4 0 0 1 6 19
986640 4 1 0 2 5 29
986641 2 1 0 6 5 26
986654 14 1 0 2 5 18
986655 4 1 1 1 5 39
986656 6 1 0 9 5 19
986675 18 1 0 2 6 36
986677 2 1 0 5 5 24
986678 6 1 0 0 5 16
986680 8 1 0 6 5 19
986683 9 1 0 2 6 18
986685 1 1 0 1 5 19
986686 15 1 0 6 6 19
986701 1 1 0 2 5 18
986702 3 1 1 4 5 41
986710 10 1 0 7 6 19
986714 4 0 0 9 5 16
986716 6 1 0 3 5 20
986717 6 1 0 4 6 21
986718 4 1 0 4 6 10
986730 5 1 0 2 6 14
986732 2 1 0 4 6 19
986733 6 1 0 7 6 18
986734 10 1 0 7 6 17
986736 2 0 0 4 6 16
986755 9 0 0 4 6 25
986757 1 1 0 2 5 18
986758 2 0 0 4 6 16
986759 2 0 0 4 6 21
986789 6 1 0 6 6 12
986791 1 1 0 6 6 18
986792 9 1 0 5 6 14
986793 4 0 0 4 6 18
986794 7 1 0 4 6 17
986795 2 0 0 7 6 24
986796 10 1 0 1 6 17
986817 3 1 0 2 6 19
986818 1 1 0 1 6 28
986819 1 0 0 1 6 25
986821 11 1 0 2 6 17
986822 6 1 0 2 6 22
986823 4 1 0 2 6 17
986824 1 0 0 6 6 24
986825 6 0 0 8 6 26
986826 10 1 0 4 6 19
986827 1 1 0 2 6 17
986828 14 1 0 2 6 22
986829 1 1 0 0 6 29
986830 1 1 1 1 6 35
986831 3 0 0 4 6 18
986832 1 1 0 4 6 17
986838 1 1 0 2 6 21
986839 6 1 0 7 6 20
986841 11 1 0 2 6 18
986848 3 1 0 6 5 21
986851 13 1 0 1 6 20
986852 12 1 0 2 6 15
986853 1 1 0 1 6 16
986854 8 1 0 8 6 20
986855 5 0 0 4 5 18
986856 2 1 0 9 5 17
986857 6 0 0 7 5 16
986864 9 1 0 8 5 20
986865 5 1 0 1 5 19
986871 13 1 0 4 5 19
986873 5 1 0 2 5 16
986875 4 1 0 2 6 18
986877 4 1 0 9 5 20
986881 8 1 0 7 5 18
986888 2 1 1 6 6 41
986894 19 1 0 3 6 19
986898 18 1 0 4 6 20
986900 8 1 0 8 5 19
986901 1 1 0 6 5 21
986902 3 0 0 4 6 18
986903 6 0 0 2 5 17
986917 8 1 0 2 6 17
986918 5 1 0 2 5 22
986919 5 1 0 7 6 16
986920 5 1 0 2 6 19
986922 7 1 0 4 5 20
986924 3 0 1 7 6 42
986926 1 1 1 2 5 26
986927 2 1 0 1 6 16
986928 5 0 0 4 6 18
986929 16 1 0 2 6 18
986931 12 1 0 6 5 18
986969 6 1 0 4 5 15
986970 9 1 0 4 6 16
986972 5 0 0 3 5 16
986974 5 1 0 4 6 18
986985 8 1 0 7 6 32
986991 13 1 0 7 5 27
986992 23 1 0 4 6 17
986993 7 1 0 2 6 15
986994 5 0 0 8 6 20
987030 4 0 0 4 6 18
987040 6 1 0 4 5 19
987042 5 0 0 1 6 17
987043 3 1 0 4 5 21
987044 5 1 0 1 6 26
987053 7 1 0 2 6 34
987054 13 1 0 2 6 19
987055 17 1 0 6 6 17
987115 11 1 0 6 6 22
987116 20 0 1 5 6 30
987118 2 1 0 5 6 31
987146 7 1 0 8 6 16
987164 1 1 1 2 6 26
987187 3 0 0 4 6 18
987194 12 0 1 5 6 38
987198 7 1 0 8 5 16
987199 4 1 0 2 6 1
987200 10 1 0 9 6 15
987212 42 1 0 2 6 33
987219 7 1 0 1 5 22
987246 13 1 0 6 6 17
987247 6 0 0 4 6 18
987257 2 1 0 0 6 26
987258 2 0 0 4 5 25
987259 7 1 0 6 5 27
987260 6 1 0 4 6 17
987271 6 1 0 1 6 18
987281 9 1 0 7 5 39
987282 7 1 0 2 6 33
1559939 3 1 0 2 5 18
