471418
19
546
471418 441 1 0 8 6 19
4673 220 0 0 9 6 20
21001 666 1 0 3 6 17
35279 85 1 0 1 6 27
49025 29 1 0 6 6 22
87340 58 1 0 7 6 23
87940 138 1 0 2 6 20
91337 9 0 0 0 6 17
109087 184 1 0 9 6 20
109120 98 1 0 6 6 19
132508 14 1 0 2 6 16
146661 119 1 0 2 6 16
157420 132 1 1 3 6 16
172756 35 1 0 8 6 25
174316 119 1 0 3 6 24
174566 27 0 0 1 6 22
175453 12 1 0 2 6 22
176020 14 1 0 0 6 39
177168 133 0 0 1 6 28
177650 27 0 0 0 6 25
178469 141 1 0 2 6 22
180040 11 1 0 6 6 24
206550 54 1 0 7 6 23
211188 220 1 0 4 6 21
214046 162 1 0 2 6 26
214302 47 1 0 2 6 26
214308 190 1 0 5 6 25
215337 51 0 1 8 6 23
225655 110 1 0 3 6 19
226930 8 1 0 6 6 15
230916 4 1 0 1 6 19
249755 12 1 0 3 6 19
256149 211 1 0 7 6 15
256191 87 1 0 1 6 22
267517 36 0 0 3 6 19
267518 230 1 0 4 6 29
267612 62 1 0 3 6 21
273435 8 1 0 1 6 21
273443 18 1 0 6 6 16
273487 15 1 1 2 6 13
273609 99 1 0 8 6 18
276519 25 0 0 1 6 25
276526 64 1 0 0 6 20
277088 42 1 0 7 6 18
278539 66 1 0 0 6 24
283700 19 1 0 2 6 26
284681 166 0 1 6 6 14
285314 19 1 0 1 6 18
287220 97 1 0 8 6 40
290263 21 0 0 1 6 23
294706 7 0 0 1 6 21
296863 48 1 0 6 6 20
297183 34 1 0 1 6 25
297227 12 1 0 0 6 20
297599 88 1 0 6 6 20
298430 64 0 0 4 6 21
298603 157 1 0 4 6 28
298671 79 1 0 1 6 17
298869 65 1 0 6 6 23
300592 19 0 0 7 6 20
305400 32 1 0 2 6 26
305401 35 1 0 3 6 19
305453 46 1 0 8 6 26
309263 15 1 0 2 5 28
310446 14 1 0 0 6 22
313149 12 1 0 0 6 16
313982 16 1 0 3 6 13
315861 94 1 0 2 6 29
316913 30 0 0 4 6 27
317790 41 1 0 2 6 16
317911 13 1 0 2 6 20
320883 29 1 0 8 6 17
327545 80 1 0 8 6 20
329341 25 1 0 4 6 23
330291 6 1 0 6 6 22
330905 69 1 0 5 6 31
331348 66 1 0 6 6 14
331409 29 1 0 2 6 22
332099 164 1 0 3 6 21
332628 29 1 0 2 6 22
333526 119 1 0 1 6 22
333880 92 1 0 4 6 42
333979 76 1 0 1 6 32
334033 105 1 0 2 6 18
334103 17 1 0 6 6 26
334217 78 1 0 6 6 21
334995 58 1 0 2 6 29
334996 21 1 0 4 6 18
334998 5 1 0 1 6 32
335202 45 1 0 6 6 19
336165 9 1 0 6 6 19
336375 65 1 0 2 6 22
336385 12 1 0 9 6 21
339938 5 1 0 1 6 17
340061 21 1 0 7 6 19
340148 40 1 0 4 6 18
340340 36 1 0 1 6 22
340470 17 1 0 8 6 22
340474 14 1 0 2 6 21
340643 7 1 0 2 6 18
341721 8 1 0 2 6 17
341785 12 1 0 0 6 14
341866 23 1 0 2 6 18
341906 3 1 0 8 6 17
342036 4 1 0 8 6 16
342237 8 1 0 2 6 14
342247 18 1 0 0 6 14
342377 4 1 0 1 6 26
344010 68 1 0 8 6 16
344275 32 1 0 2 6 19
346039 70 1 0 1 6 23
347034 56 1 0 2 6 22
348284 60 1 0 6 6 23
351443 26 0 0 6 6 18
353507 102 1 0 1 6 26
354073 15 1 0 2 6 23
354978 31 1 0 1 6 20
355713 29 1 0 6 6 19
355964 34 0 0 1 6 31
356045 51 1 0 1 6 22
360201 33 1 0 3 6 23
366097 90 1 0 2 6 21
368655 72 1 0 1 6 17
369669 66 1 0 7 6 27
370083 51 0 0 7 6 22
370332 15 0 0 3 6 16
370407 39 1 0 4 5 19
371019 41 1 0 2 5 25
396340 14 1 0 0 6 33
396794 48 1 0 0 6 27
397275 17 1 0 2 5 19
397589 7 1 0 5 6 31
399521 24 1 0 2 6 23
399604 8 1 0 2 6 20
400683 32 1 0 2 6 24
401172 199 1 0 6 6 23
402784 41 1 0 8 6 17
402913 18 1 0 0 6 23
403570 31 1 0 6 6 22
405194 62 1 0 6 6 11
412707 32 1 0 6 6 28
425868 24 1 0 0 6 17
429086 57 1 0 0 6 20
443797 58 1 0 0 6 26
445328 36 1 0 4 6 17
446711 52 0 0 8 6 21
446850 7 0 0 6 6 15
457201 83 1 0 1 6 19
457209 11 1 0 6 6 19
457239 32 1 0 2 6 17
457684 93 1 1 1 6 54
457690 8 1 0 2 6 15
469670 17 1 0 0 6 26
469759 8 1 0 1 6 17
471211 15 1 0 4 6 22
471613 87 1 0 8 6 18
471826 37 1 0 1 6 21
474717 40 1 0 4 6 23
485710 43 1 0 5 6 20
487419 223 1 0 2 6 27
488206 10 1 0 2 6 23
490660 14 1 0 8 6 28
501261 18 1 0 2 6 15
502308 22 1 0 2 6 22
508808 31 1 0 2 6 21
518565 89 1 0 2 6 22
525873 62 1 0 2 6 14
525975 30 1 0 2 6 17
525996 16 1 0 4 5 19
529408 15 1 0 6 6 23
530322 23 1 0 3 6 22
530492 34 1 0 2 6 23
530720 19 1 0 1 6 26
531526 39 1 0 4 6 17
531581 27 0 0 4 6 19
532063 71 1 0 4 6 22
532125 19 1 0 2 6 27
532230 26 1 0 4 6 20
532258 24 1 0 4 6 22
532272 31 1 0 3 6 23
533575 58 1 0 6 6 27
533711 79 1 0 4 6 20
537634 42 1 0 0 6 22
541678 37 1 0 6 6 16
555773 6 1 0 1 6 15
563638 33 1 0 7 6 19
565103 76 1 0 1 6 20
565105 6 1 0 2 6 20
565143 19 1 0 4 6 17
565234 30 1 0 2 6 23
565238 46 1 0 5 6 23
565242 13 1 0 5 6 19
565322 8 1 0 8 6 19
565327 38 1 0 0 6 22
565362 7 1 0 3 6 20
565366 18 1 0 3 6 20
565391 66 1 0 2 6 16
565618 33 1 0 2 6 14
565856 15 1 0 8 6 22
565928 29 1 0 8 6 18
566927 11 1 0 2 6 25
577381 16 1 0 2 6 20
577490 10 1 0 1 6 24
577616 2 0 0 2 6 31
577644 52 1 0 4 6 37
582050 45 1 0 4 6 25
586795 11 1 0 0 6 46
586800 14 1 0 3 6 29
589539 68 1 0 3 6 32
589961 33 1 0 6 6 24
590282 22 1 0 1 6 20
590598 4 1 0 6 5 27
590666 25 1 0 4 6 26
590837 26 1 0 1 6 24
593088 11 1 0 1 6 23
595478 12 1 0 1 6 19
599062 79 1 0 8 6 15
600548 37 1 0 8 6 23
600602 14 1 0 6 6 27
601831 24 1 0 1 6 22
625046 12 1 0 0 6 26
626906 16 1 0 7 6 23
627151 20 1 0 2 6 18
628661 8 1 0 0 6 29
653826 50 1 0 2 6 20
670710 11 1 1 7 6 26
672656 62 1 0 6 6 28
673493 22 1 0 1 6 20
673574 4 1 0 1 6 18
674688 33 1 0 0 6 26
676291 27 1 0 4 6 21
680874 35 1 1 1 6 21
683668 36 1 0 4 6 24
683728 16 1 0 7 6 21
684283 73 1 0 6 6 33
684743 14 1 0 1 5 54
685899 8 0 0 6 6 21
705334 26 1 0 3 6 22
705345 14 1 0 3 6 31
705892 13 1 0 6 6 26
715660 19 1 0 8 6 22
720841 15 0 0 0 6 34
728905 15 1 0 0 6 21
733175 33 1 0 5 6 23
735973 26 1 0 2 6 18
737690 10 1 0 3 6 15
738120 19 1 0 9 6 31
738135 12 0 0 6 6 23
738336 4 1 0 1 6 25
738338 20 1 0 6 6 29
739037 23 1 0 1 6 20
739489 22 1 0 2 5 33
739621 6 1 0 4 6 18
740487 18 1 0 4 6 21
740492 18 1 0 2 6 111
740498 9 1 0 2 6 17
740523 5 1 0 0 6 21
740996 22 1 0 1 6 22
744273 9 1 0 3 6 18
750271 49 1 0 4 6 27
751986 28 1 0 1 6 26
755403 9 1 0 6 6 25
759589 63 1 0 2 6 23
768494 5 1 0 4 6 26
768656 17 1 0 8 6 18
786346 23 1 0 6 6 17
805956 22 1 0 7 5 11
806407 10 1 0 3 6 24
806642 7 1 0 2 6 21
806657 15 1 0 2 6 20
810202 6 1 0 1 6 30
815212 26 1 0 1 6 37
815214 21 1 0 8 6 41
815264 26 1 0 2 6 32
817823 12 1 0 5 6 18
817983 11 1 0 2 6 23
819973 30 0 0 2 6 29
820738 28 1 0 1 6 18
823506 9 0 0 1 6 27
826722 9 1 0 5 6 20
826737 15 1 0 2 6 23
829963 3 1 0 0 5 19
835287 10 0 0 1 6 31
851126 15 1 0 2 6 17
865704 25 1 0 8 6 18
869944 10 1 0 3 6 21
883262 6 1 0 8 6 21
883938 16 1 0 2 6 20
884047 18 1 1 7 6 26
884149 20 0 0 4 6 24
884207 73 0 0 4 6 23
884229 35 1 0 0 6 20
884269 13 1 0 0 6 31
884292 9 1 0 8 6 28
884314 38 1 0 7 6 29
884776 64 1 0 2 6 20
884941 7 1 0 1 5 25
885771 41 1 0 6 6 17
886670 12 1 0 5 6 22
887480 4 1 0 2 6 27
887701 13 1 0 6 6 20
887846 10 1 0 7 6 21
888005 6 1 0 0 6 21
888128 13 1 0 1 6 18
888149 4 1 0 2 6 15
889033 10 1 0 1 6 18
889673 11 1 0 4 6 23
889723 21 1 0 2 6 19
901046 13 1 0 5 6 18
916905 9 1 0 4 6 23
921027 15 0 0 1 6 26
923205 3 0 0 8 6 23
927802 14 1 0 4 6 19
928020 11 1 0 2 6 23
945532 82 1 0 8 6 32
950535 7 0 0 8 6 23
958060 23 1 0 2 6 30
960051 41 1 0 3 6 27
963817 4 1 0 2 6 20
988176 8 1 0 1 5 25
1000120 11 0 0 3 6 20
1014589 5 1 0 2 6 18
1023536 18 0 0 0 6 33
1025088 11 1 0 2 6 15
1025618 7 1 0 1 6 14
1028896 7 1 0 2 6 19
1034304 11 1 0 8 6 24
1034452 11 1 0 8 6 19
1039585 18 1 0 2 6 22
1043946 20 1 0 4 6 22
1050704 7 1 0 2 6 19
1053710 39 1 0 2 6 19
1054678 8 1 0 2 6 43
1055229 5 0 0 8 6 30
1055263 2 1 0 2 5 17
1061396 19 1 0 8 6 25
1061776 23 1 0 8 6 17
1075992 11 1 0 2 6 23
1083181 10 1 0 5 6 20
1091167 4 1 0 5 6 19
1094725 14 1 0 2 6 22
1095111 10 1 0 7 6 19
1112229 9 1 0 2 5 22
1117920 10 1 0 8 6 18
1118919 10 1 0 2 6 20
1119030 17 1 0 1 6 25
1120542 12 1 0 4 6 21
1129673 3 1 0 1 6 27
1130949 5 1 0 2 6 25
1132163 16 1 0 6 6 20
1132715 4 0 0 8 6 33
1135549 26 1 0 2 6 19
1141345 4 1 0 6 6 19
1142246 4 0 0 7 6 23
1142458 4 1 0 2 6 25
1146929 6 1 0 6 6 17
1167046 11 1 0 1 6 17
1168730 16 1 0 6 6 19
1169317 7 0 0 6 6 33
1169382 6 1 0 3 6 16
1175055 4 1 0 1 6 19
1175318 12 1 0 2 6 23
1175457 15 1 0 2 6 24
1176980 35 1 0 7 6 19
1186761 6 1 0 1 5 17
1188574 1 0 0 2 6 16
1188644 6 0 0 7 6 15
1193196 8 1 0 2 6 27
1196943 12 1 0 3 6 21
1197325 5 1 0 8 6 28
1197396 4 0 0 4 6 27
1202850 5 1 0 2 6 21
1204499 12 1 0 1 6 22
1205091 11 1 1 7 6 22
1207431 10 1 0 8 6 21
1212849 12 1 0 3 6 27
1218193 8 1 0 2 6 22
1218269 17 1 0 2 6 17
1218633 5 1 0 9 6 21
1218994 4 1 0 1 6 17
1219270 9 1 0 2 6 18
1220149 6 1 0 2 6 21
1225808 11 0 0 4 6 23
1233616 3 1 0 1 6 19
1234168 3 1 0 4 6 19
1247571 2 1 0 4 6 22
1251416 6 1 0 6 6 21
1252192 5 1 0 0 6 16
1253105 7 1 0 0 6 34
1253351 6 1 0 2 6 19
1253844 5 1 0 2 6 25
1254505 19 1 0 2 6 21
1254606 4 1 0 7 5 22
1260609 4 1 0 6 6 14
1261512 6 1 0 5 6 22
1262908 1 1 0 9 6 20
1268113 5 1 0 2 6 27
1278023 2 1 0 3 6 22
1281310 2 1 0 0 6 21
1284602 5 1 0 2 6 24
1284714 6 1 0 4 6 22
1284792 4 1 0 1 6 17
1286076 5 1 0 2 6 18
1307057 5 1 0 7 6 20
1307664 2 1 0 4 6 23
1310740 16 1 0 6 6 27
1311012 3 1 0 2 5 20
1313375 1 1 0 2 6 26
1313730 2 1 0 2 6 14
1314021 4 1 0 5 6 31
1325015 7 1 0 7 6 21
1330322 4 1 0 7 6 18
1346262 3 1 0 4 6 39
1353792 6 1 0 5 6 24
1353899 2 1 0 1 6 22
1354192 6 1 0 7 6 33
1354203 2 1 0 9 5 30
1354205 1 1 0 2 5 22
1354220 1 1 0 3 6 21
1354229 6 1 0 1 6 28
1354247 1 1 0 2 6 21
1354249 1 1 0 3 5 18
1354255 5 1 0 4 5 24
1354257 1 1 0 1 6 16
1354258 2 1 0 6 6 23
1354295 4 1 0 7 6 20
1354317 3 1 0 5 6 16
1354318 2 1 0 1 6 17
1354321 1 1 0 3 6 23
1354324 2 1 0 2 6 18
1354333 2 1 0 5 6 21
1354334 1 0 0 8 6 21
1354345 1 1 0 3 6 28
1354352 1 1 0 2 6 20
1354355 2 1 0 2 6 18
1354360 1 1 0 2 6 20
1354388 2 1 0 1 6 18
1354401 2 1 0 4 6 17
1354443 1 0 0 2 6 27
1354485 2 1 0 1 6 25
1354501 1 1 0 6 6 15
1354518 5 1 0 2 6 15
