241592
19
469
241592 563 1 0 6 6 22
17537 87 1 1 8 6 17
19720 415 1 1 0 6 22
20369 354 0 1 4 6 22
22614 200 1 1 8 6 23
26365 428 0 1 4 6 20
31146 106 1 1 7 6 25
35322 516 1 1 6 6 24
35324 242 0 1 1 6 18
40087 287 1 1 8 6 18
41748 77 1 1 0 6 18
46794 496 1 1 6 6 20
47145 61 1 1 8 6 27
49029 138 1 1 4 6 18
56485 495 0 1 7 6 37
58720 236 0 0 8 6 18
60215 33 1 1 4 5 35
62243 20 1 1 0 6 20
72287 181 1 1 6 6 26
72745 145 1 1 6 6 18
74065 98 1 0 4 6 13
75013 177 1 1 2 6 17
76582 58 1 1 6 6 20
77177 377 1 1 1 6 45
79090 113 1 1 6 5 20
79226 670 1 0 8 6 11
84587 128 1 1 2 6 21
84784 50 1 1 8 6 18
85225 61 1 1 2 6 26
85897 343 0 1 6 6 28
86386 45 1 1 8 6 14
88477 76 1 1 6 6 21
93629 98 1 1 8 6 14
107601 123 0 0 6 6 16
122578 29 1 1 6 5 18
122645 60 1 1 6 6 21
126631 89 1 0 6 6 22
126787 62 1 0 6 6 22
129437 12 0 0 6 5 23
130856 275 1 1 4 6 22
130943 61 1 1 8 6 24
130946 443 0 1 8 6 18
133080 75 1 0 2 6 17
133288 171 0 0 6 5 16
135465 83 1 1 5 6 33
138537 159 1 1 6 6 21
139134 160 1 1 6 6 21
140462 54 1 1 8 6 21
141204 79 1 1 2 6 23
145923 555 1 1 6 6 18
146812 37 1 1 4 6 21
152604 196 1 1 2 6 20
155023 50 0 1 4 6 19
156139 108 1 1 8 6 16
156527 410 0 1 4 6 41
166631 233 1 1 8 6 22
168519 122 1 1 8 6 15
170776 58 1 0 6 6 23
170846 35 0 1 1 6 28
172426 232 1 1 4 6 18
172835 191 1 0 6 6 29
178256 426 1 1 6 6 17
184107 250 0 1 8 6 25
184108 413 1 1 4 6 22
184133 252 1 1 8 6 21
184424 69 1 1 8 6 16
196177 155 1 1 7 6 29
203014 130 1 1 4 6 20
204703 323 0 1 2 6 19
206728 33 1 1 2 6 18
209901 52 0 0 4 6 17
210553 53 1 1 8 6 19
210944 92 1 1 6 6 16
211826 582 1 1 6 6 28
211874 141 1 1 8 6 17
212090 220 1 1 6 6 18
212152 129 1 1 6 5 24
212377 202 1 1 8 6 18
212378 219 1 1 6 6 14
212933 286 1 1 8 6 19
213016 81 1 1 0 6 22
213089 147 1 1 6 6 34
213463 81 1 1 4 6 24
214876 399 1 1 8 6 16
215750 389 1 1 6 5 28
218316 69 1 1 8 6 25
219632 190 1 1 8 6 25
224538 281 1 1 6 6 15
230254 204 1 1 6 6 14
235430 125 1 0 8 6 7
240849 163 0 1 7 6 33
241519 60 1 1 2 6 29
254136 66 1 1 6 6 17
255651 72 0 1 8 6 21
261968 102 0 1 6 6 22
265079 141 1 1 6 6 24
266574 38 1 1 8 6 23
267406 195 1 1 8 6 17
269357 83 1 1 8 6 13
277529 71 1 1 6 5 15
279011 63 1 1 6 6 18
279074 86 1 1 2 6 18
283860 23 1 1 9 6 20
293827 97 1 1 6 6 19
302042 152 1 1 0 6 21
306070 66 1 1 7 6 19
309092 60 1 1 8 5 18
311134 97 1 1 4 6 22
320939 77 0 0 6 6 24
323574 346 1 1 6 6 18
325170 151 0 1 4 6 22
331107 77 1 1 6 6 21
332691 178 1 1 8 6 15
333623 169 1 1 9 6 26
334029 136 1 1 8 6 19
335016 88 0 1 6 6 24
335075 263 1 1 4 6 22
335430 8 1 1 6 5 19
338180 30 0 1 6 6 29
340396 99 1 1 8 6 18
346328 42 1 1 6 6 22
347422 51 0 1 6 6 19
347424 54 1 1 6 6 32
356076 56 1 1 6 6 29
359157 60 1 0 6 6 10
359342 9 0 1 7 6 34
360554 33 0 0 4 6 21
368509 194 1 1 8 6 21
369922 22 1 0 2 5 25
369931 252 1 1 8 6 15
369950 68 1 1 8 5 18
370645 110 0 1 6 6 18
371420 169 1 1 6 6 19
371596 209 1 1 8 6 18
372764 82 1 1 4 6 25
372947 77 1 0 6 6 17
373002 318 1 1 4 6 20
373840 32 1 1 9 6 22
373843 60 1 1 8 6 16
374068 422 1 1 6 6 20
374208 98 1 1 8 6 18
374213 19 1 1 8 5 19
374538 54 1 1 9 6 22
374671 27 1 1 8 5 18
374782 292 1 1 6 6 27
374847 94 1 1 8 6 20
374921 81 1 1 8 6 16
375140 48 0 1 8 6 20
375994 79 1 1 4 5 22
376753 22 1 1 6 6 26
376836 264 1 1 8 6 17
376919 68 1 1 8 6 19
376953 64 1 1 0 6 20
377038 195 0 1 6 6 23
377124 50 1 1 6 6 24
377943 55 1 1 2 6 22
378052 25 1 1 8 6 24
378452 117 1 1 8 6 13
378750 71 1 1 5 6 16
378991 119 0 1 6 6 14
380592 83 1 1 8 5 18
381528 120 1 1 2 6 39
388624 138 0 1 6 6 18
389180 42 1 0 6 6 27
389682 63 1 1 4 6 26
389890 36 1 0 8 6 24
392536 49 1 1 6 6 21
393596 38 1 1 4 6 31
393671 274 1 1 8 5 26
393876 45 1 1 8 6 17
397430 224 1 1 9 6 20
398031 86 1 1 4 6 27
399129 7 1 1 4 5 3
399564 54 0 1 6 6 18
399644 81 1 1 4 5 29
399867 117 1 1 4 6 21
399931 108 1 1 6 6 23
400080 69 1 1 8 6 16
400081 86 1 1 8 6 23
400601 117 1 1 6 6 40
401284 102 1 1 4 6 24
402833 89 1 1 8 6 23
402931 90 1 1 4 6 22
406314 136 1 1 6 6 26
406946 16 1 1 8 5 18
410159 129 1 1 8 6 22
413994 61 1 1 1 5 18
418804 146 0 1 6 6 24
424113 79 1 1 0 6 19
425282 75 1 1 4 6 24
425739 75 1 0 8 6 12
432359 72 1 1 2 6 23
432554 127 1 1 6 5 26
432606 32 1 1 6 6 26
433937 94 1 1 4 6 39
434279 59 1 1 8 6 33
434280 51 1 1 8 6 10
434904 422 1 1 6 6 34
435212 5 1 0 4 6 28
435295 122 1 1 6 6 28
435496 172 1 0 5 5 20
435543 26 0 1 8 6 25
437924 110 1 1 6 6 28
438139 25 1 1 7 5 16
449663 71 1 1 6 6 24
453946 80 1 1 8 6 15
460286 30 0 1 4 6 27
462699 219 1 1 8 6 18
463047 142 1 1 8 6 21
463181 155 1 1 8 6 24
470657 50 1 1 0 5 18
471579 245 1 0 6 6 60
472219 21 1 1 6 6 29
474092 81 0 0 6 6 16
476946 77 1 1 8 6 13
480360 13 1 1 8 5 19
481880 2 1 1 6 5 35
491472 23 0 1 9 6 23
496906 31 1 1 8 5 23
497022 149 1 1 8 5 14
497024 123 1 1 4 6 21
497091 143 1 1 8 5 18
500953 27 1 1 2 6 14
503986 119 1 1 2 6 22
504102 42 1 1 6 6 19
504108 43 1 1 8 6 23
504296 251 1 1 8 6 24
504649 54 1 1 8 6 14
504717 76 1 1 8 6 12
504832 33 1 1 8 5 17
504954 79 0 1 8 6 25
504969 54 1 0 6 6 24
505498 171 1 1 6 6 18
505563 103 1 1 9 6 34
505642 52 1 1 6 6 15
505874 51 1 1 6 6 25
506379 57 1 1 8 6 19
506465 136 1 1 6 6 27
506905 68 1 1 8 6 22
508269 140 1 0 8 6 39
508273 8 1 0 8 6 16
508274 6 1 1 6 6 20
508327 35 1 1 8 5 23
508863 17 1 1 8 5 20
509319 98 1 1 4 6 15
509546 81 1 1 6 6 31
509590 34 1 1 6 6 19
509592 144 1 1 6 6 19
509596 254 1 1 8 6 19
509669 16 1 1 2 6 22
510078 166 1 1 6 6 22
510082 30 1 1 9 5 30
510167 12 1 1 8 6 23
510555 8 0 1 2 6 23
510873 99 1 1 6 6 22
510874 154 1 1 6 6 18
510891 69 1 1 6 6 13
511023 22 1 1 6 5 17
511192 66 1 1 6 6 25
511607 108 0 1 4 6 18
512035 34 1 1 1 6 16
512053 104 1 1 6 6 21
512085 49 1 1 8 6 20
512269 69 1 1 6 5 24
512294 25 1 1 8 5 17
512324 26 1 1 1 6 14
512376 108 1 1 6 6 25
512518 80 0 1 6 6 20
512630 93 1 1 1 6 17
512988 149 1 1 6 6 19
513003 53 1 1 8 6 31
513071 2 1 1 6 6 21
513109 20 1 0 6 6 14
513111 47 1 1 4 6 28
513210 39 1 1 6 6 35
513731 121 1 1 8 6 24
513837 238 1 1 6 6 19
513955 41 1 1 4 6 27
514199 147 1 1 6 6 21
515184 150 1 1 6 6 22
515529 64 1 1 4 6 21
516113 38 1 1 8 6 22
516718 59 1 1 9 6 16
517336 113 1 1 6 6 17
517782 75 1 1 6 6 20
518071 42 0 1 2 6 1
518121 53 1 1 8 6 23
518677 122 0 0 8 6 16
518983 15 1 1 6 5 16
519466 79 1 1 6 6 23
519475 91 1 1 6 6 19
519962 86 1 1 6 5 28
520546 84 1 1 8 6 13
520552 61 0 1 6 6 26
520854 25 1 1 8 5 19
520858 23 1 1 2 5 28
520886 103 0 0 6 6 16
520941 91 1 1 6 6 23
521162 145 1 1 7 5 14
521642 80 1 1 8 6 25
521883 165 1 1 6 6 24
521996 11 1 1 8 6 18
522584 137 1 1 6 6 21
523030 93 1 1 6 6 33
523195 65 1 0 8 6 38
523213 7 1 1 6 6 29
523376 10 1 1 3 6 22
523780 50 0 1 6 6 25
525553 140 0 1 2 6 19
525875 108 1 1 5 6 15
527714 139 1 1 6 6 22
527986 47 1 1 6 6 21
530083 113 1 1 6 6 17
532341 41 1 1 4 6 26
534814 23 1 1 8 6 22
534995 31 1 1 6 5 19
537778 91 0 1 6 6 23
538357 7 1 1 7 5 29
538638 31 1 1 2 6 15
538815 47 1 1 2 6 21
538827 48 1 1 6 6 33
539087 162 1 1 6 6 21
542825 13 1 1 6 5 19
543674 38 0 1 6 6 26
544065 81 1 1 6 6 20
544224 68 1 1 8 6 22
544669 27 0 1 6 6 26
545300 193 1 1 6 6 21
546294 55 1 1 6 6 23
546918 60 1 1 6 6 24
548454 52 1 1 8 6 16
549849 48 1 1 6 6 22
552893 111 1 1 6 6 23
553705 17 1 1 4 5 24
554991 65 1 1 4 6 23
555982 89 1 1 2 6 24
556728 46 1 1 6 6 21
557241 46 1 0 6 6 22
557744 68 1 1 2 5 29
557841 45 0 1 6 6 18
557986 15 1 1 6 6 20
558045 67 1 1 6 6 22
558629 32 1 1 4 5 24
560198 40 1 0 4 6 16
563560 124 1 1 6 6 17
563786 8 1 1 4 6 23
564040 33 1 1 6 5 16
564059 104 1 0 6 6 36
566048 10 0 1 6 5 23
566949 17 1 1 5 6 27
567752 88 1 1 8 6 20
574589 80 1 1 6 6 23
575453 118 1 1 8 6 14
576617 51 1 0 8 6 16
577364 70 0 0 6 6 18
577505 36 1 1 9 6 14
581488 190 1 0 6 6 25
581537 10 1 1 6 6 31
588000 117 1 1 4 6 14
588074 21 0 1 4 6 22
588242 29 0 1 4 6 26
593827 20 0 1 6 6 16
601499 64 1 1 9 6 29
601861 161 1 1 4 6 31
601986 19 1 1 8 6 33
602103 37 1 1 6 6 18
603397 40 1 1 3 6 24
604343 7 1 1 2 5 16
606215 31 1 0 5 6 16
607074 21 1 1 6 6 30
607387 37 1 1 6 6 31
608429 20 1 1 4 6 27
611988 45 1 1 6 6 20
618237 42 1 1 4 6 29
620223 124 1 0 4 6 14
621759 24 1 1 9 6 24
625848 17 0 1 6 6 24
626630 90 1 1 6 6 23
626820 30 1 0 2 6 20
627123 103 1 1 6 6 22
629500 17 1 1 6 5 25
632017 45 1 1 4 6 21
635024 55 1 1 6 5 22
636541 93 1 1 7 6 19
638432 70 1 1 6 6 26
638499 37 0 1 8 6 24
641234 47 1 1 4 6 42
641346 63 1 1 6 6 18
642279 18 1 1 5 6 20
643135 54 1 1 8 6 20
643384 4 0 1 2 5 29
643466 57 1 1 2 6 42
644206 35 1 1 2 6 38
651972 41 1 1 6 6 22
655522 25 1 1 6 6 17
655960 17 0 1 6 6 25
656578 17 1 1 6 6 23
670239 52 0 1 6 6 22
670262 22 1 0 6 6 33
670313 63 1 1 6 6 16
671655 42 1 1 9 6 29
673979 41 1 1 6 6 34
675047 65 1 1 6 6 19
675475 52 1 0 6 6 23
675517 36 1 1 6 6 35
676902 15 1 1 6 6 20
677747 36 1 1 8 6 26
710901 16 1 1 6 6 35
715323 67 1 0 6 5 19
715379 24 1 1 6 6 40
719647 32 0 0 6 6 24
724443 31 0 0 4 6 25
730629 13 1 1 4 6 27
739847 22 1 1 6 6 22
743599 6 1 1 6 5 39
743866 94 1 1 4 6 22
745485 74 1 0 6 6 17
748052 17 1 1 6 6 31
748367 40 1 0 0 6 17
749122 62 1 1 6 6 20
749992 48 1 1 6 6 16
753001 69 1 0 8 6 15
753080 33 0 1 4 6 24
764779 63 0 0 6 6 21
772173 37 1 1 4 6 22
773244 26 1 0 6 6 21
807512 28 1 1 2 5 23
812026 35 1 1 2 6 21
812239 43 1 1 6 6 23
819893 14 1 1 6 6 27
821452 5 1 1 6 6 30
821784 61 1 1 8 6 28
823167 53 1 1 2 6 19
823688 47 1 0 8 6 21
823758 29 1 1 8 6 11
825134 16 1 1 4 6 16
827646 52 1 0 6 6 8
827852 16 1 1 9 6 35
828120 7 1 1 2 6 15
828664 67 1 1 6 5 20
840330 34 1 1 6 6 35
840905 28 1 1 4 6 22
841264 18 1 0 2 6 22
843773 10 1 1 2 5 29
843951 13 1 1 2 5 53
845104 17 1 1 1 6 19
856364 43 1 1 8 6 22
867766 8 1 1 2 5 19
883625 9 1 0 6 6 17
883714 17 1 1 2 6 15
883945 38 1 1 6 5 17
884387 8 1 1 4 6 19
884461 52 1 0 9 6 10
885197 22 1 1 9 5 22
885857 52 1 1 6 6 28
887246 30 1 1 8 6 18
888873 40 1 1 6 6 17
889292 73 1 1 4 6 22
892722 7 1 1 6 6 24
894179 61 1 1 6 6 21
894403 36 1 1 6 5 29
895586 37 1 1 6 6 19
896089 67 1 1 8 5 15
898994 26 1 1 9 5 22
899651 14 1 1 6 6 19
899652 8 0 1 4 6 21
899666 43 1 1 4 6 31
899694 5 1 1 8 5 18
902790 10 1 1 8 5 22
921434 47 1 1 6 6 21
922780 16 0 1 4 6 41
928054 2 1 1 2 5 20
929175 13 1 1 6 6 19
933355 63 1 1 9 6 25
933970 95 1 1 8 6 29
937517 26 1 1 6 6 31
938393 97 1 0 6 6 22
938546 15 1 0 1 5 12
938563 27 1 0 6 6 29
938577 14 1 0 6 6 22
939672 34 1 0 6 5 34
939675 23 1 0 6 5 34
939706 51 1 0 6 6 34
945219 20 1 1 6 6 23
945479 66 1 1 4 5 19
946534 58 1 1 8 6 17
947357 27 1 1 8 6 24
949149 6 1 1 6 6 20
953079 25 1 1 6 6 27
955049 27 1 1 6 6 17
962768 15 0 1 2 6 18
971877 8 1 1 6 5 23
978604 25 1 1 2 5 14
984709 45 1 0 8 5 18
991141 18 1 1 6 6 29
992853 27 1 1 6 6 21
993176 30 1 1 6 6 29
994197 14 1 1 6 5 19
1004800 29 1 1 7 6 26
1007181 91 1 0 0 6 13
1015117 17 1 1 6 6 22
1017161 32 1 1 6 6 24
1027528 23 1 1 4 6 21
1029041 37 1 1 6 5 27
1029306 31 1 1 6 6 27
1030341 29 1 1 8 6 16
1031833 44 1 1 7 6 22
1032198 7 1 1 8 6 27
1038048 10 1 1 5 5 19
1053087 5 1 1 9 6 27
1053226 31 1 1 8 6 33
1057827 5 1 0 4 6 19
1062525 7 1 0 4 5 29
1064931 32 1 1 4 6 22
1068405 20 1 1 8 6 18
1071142 33 1 1 6 6 21
1113695 8 1 1 6 5 28
1114971 10 1 1 6 6 23
1132579 11 0 1 6 6 26
1137075 41 1 1 6 6 17
1139583 5 1 0 6 6 30
1141519 6 1 1 4 5 25
1155397 13 1 1 4 6 30
1156004 7 1 1 6 6 25
1156012 38 1 0 6 5 34
1156495 10 1 1 8 6 30
1156571 3 1 1 6 6 31
1156617 4 1 1 9 5 1
1156625 5 1 1 6 5 20
1156678 1 1 1 8 6 19
1156701 2 1 1 8 6 8
1156702 9 1 1 6 6 20
1156703 10 1 1 6 6 28
1156709 3 1 1 9 6 23
1156714 4 1 1 6 6 22
1156715 10 1 1 6 6 25
1156716 7 1 1 2 6 13
1156717 4 1 1 8 6 12
1156725 7 1 0 4 6 25
1156747 16 1 1 6 6 29
1156761 2 1 1 8 5 21
1156762 2 1 1 9 5 30
1156763 6 1 1 6 6 10
1156764 11 1 1 6 6 24
1156805 5 1 1 4 5 35
1156806 2 1 1 4 5 35
1156807 8 1 1 1 5 22
1156843 3 0 1 6 5 33
1156844 1 1 1 9 5 24
1156861 11 1 1 6 6 33
1156863 4 1 1 6 5 31
1156880 11 1 1 8 6 27
1156881 3 1 1 6 5 38
1156882 3 0 1 6 6 24
1156898 1 0 1 6 5 28
1156899 2 1 1 2 5 15
1156916 3 1 1 4 6 24
1156932 1 1 1 4 5 31
1156933 6 1 0 6 6 25
1156956 7 1 1 8 6 28
1156958 3 1 1 6 5 28
1156959 6 0 1 4 6 34
1156994 1 1 1 6 5 28
1157044 1 1 1 6 6 21
