63003
19
549
63003 458 1 0 8 6 20
2486 84 1 1 0 6 22
20337 67 1 1 4 6 22
21157 62 1 1 8 6 24
23132 55 0 1 0 6 25
23390 89 1 1 8 6 19
25251 81 0 0 1 6 16
31235 81 1 1 8 6 19
31428 769 1 1 9 6 42
31791 134 0 1 6 6 18
31887 42 0 1 0 6 20
32762 33 0 1 8 6 21
33540 103 1 1 0 6 23
35333 18 1 1 1 6 17
38968 59 0 1 2 6 19
40451 95 1 1 9 6 18
41852 13 0 1 0 6 17
43260 147 1 0 8 6 19
49709 49 0 1 0 6 23
49764 72 1 1 2 6 18
53183 147 1 1 1 6 29
60090 36 0 1 8 6 19
60376 32 0 1 8 6 23
60654 130 1 1 0 6 24
63573 23 0 1 8 6 23
64356 66 0 1 2 6 33
68782 108 1 1 5 6 20
70272 91 1 1 8 6 24
70799 113 0 1 6 6 17
71646 41 0 1 8 6 23
72351 41 0 1 6 6 18
73492 51 0 1 8 6 16
73973 64 1 1 1 6 21
74856 66 1 1 8 6 22
75951 37 1 1 2 6 18
76040 98 0 1 6 6 20
76515 80 1 1 2 6 23
77119 89 1 1 8 6 19
78141 61 0 1 8 6 18
78407 53 0 1 2 6 22
79917 59 1 1 6 6 16
84617 31 1 1 9 6 20
86210 40 1 1 8 6 21
89500 99 0 0 3 6 16
100400 41 1 1 2 6 25
109914 141 1 1 8 6 20
120194 80 1 1 8 6 20
122748 76 1 1 8 6 20
130861 134 1 1 9 6 17
132921 44 1 1 0 6 21
134798 11 1 1 8 6 13
136404 219 1 1 8 6 19
139146 13 1 1 8 6 17
141524 74 1 1 5 6 17
146359 29 1 0 8 6 15
146898 78 0 1 8 6 19
149888 82 1 1 6 6 22
149960 398 1 1 8 6 20
150039 80 1 1 8 6 17
150676 38 1 1 8 6 18
153220 49 0 1 8 6 16
155200 124 1 1 8 6 22
155288 76 1 1 8 6 23
155367 92 1 1 8 6 24
155575 215 0 1 8 6 16
158628 22 0 0 8 6 21
164071 147 1 1 8 6 18
164917 76 1 1 5 6 21
165923 98 1 1 8 6 25
166025 51 1 0 8 6 18
168436 22 1 1 8 6 22
169544 41 0 1 8 6 18
169816 52 1 1 8 6 15
171201 35 1 1 8 6 18
171612 117 1 1 8 6 26
172004 49 0 1 7 6 23
172936 130 1 0 2 6 17
175320 199 1 0 4 6 26
175759 92 0 1 8 6 19
176153 81 1 1 8 6 19
176564 109 1 1 6 6 26
176566 64 0 1 0 6 19
176728 8 1 0 8 6 23
180573 200 1 1 1 6 33
180778 60 1 0 8 6 16
180931 302 1 1 1 6 18
187066 20 1 0 8 6 16
188283 111 1 0 8 6 16
188285 68 1 0 8 6 16
191685 21 1 1 6 6 20
201001 31 1 1 4 6 19
209040 19 0 1 8 6 21
209483 119 1 1 3 6 21
210371 42 1 0 8 6 18
210627 126 1 0 2 5 16
212483 37 1 1 8 6 19
213441 83 1 0 9 6 23
214868 58 0 1 8 6 24
218603 23 0 1 8 6 16
218738 97 0 1 8 6 17
221974 16 1 0 2 6 16
223758 69 1 1 8 6 18
225205 181 1 0 8 6 18
230650 20 1 0 8 6 19
231188 46 1 1 8 6 19
235312 95 0 1 7 6 28
241499 146 1 1 8 6 22
242508 63 1 1 8 6 20
244706 66 1 1 5 6 19
246356 80 1 1 8 6 21
249885 119 0 0 2 6 16
250884 47 1 1 0 6 30
258546 74 1 1 2 6 25
260162 88 1 0 8 6 20
263439 42 0 1 8 6 16
266919 35 1 1 0 6 24
268260 17 0 1 4 6 21
271961 128 0 1 4 6 20
273805 71 1 0 8 6 17
277271 94 1 0 4 6 19
279050 252 1 1 8 6 17
280428 115 1 1 6 6 17
280441 124 1 0 8 6 17
281655 54 0 0 8 6 29
282535 439 1 1 2 6 20
282619 248 1 0 8 6 17
283054 54 0 1 0 6 19
283923 156 0 1 8 6 19
284751 49 1 1 8 6 19
285726 53 0 0 8 6 18
287526 87 1 0 2 6 17
287959 35 0 1 8 6 22
299308 6 1 1 5 6 17
299502 134 1 0 8 6 17
299659 35 1 0 8 6 16
299661 49 1 0 8 6 16
302128 79 1 1 2 6 20
305022 56 0 1 8 6 19
305623 178 1 1 8 5 20
308844 51 1 1 8 6 21
310644 46 1 1 5 6 23
311641 184 1 1 8 6 15
313253 119 0 0 4 6 19
319162 67 1 1 3 6 29
320530 152 1 0 8 6 17
325110 14 1 1 0 6 32
326122 19 0 1 4 6 27
326480 64 1 1 0 6 19
326557 25 0 1 3 6 26
332237 34 0 1 8 6 19
333742 7 0 1 5 6 25
334104 102 1 1 6 6 23
337150 65 1 1 2 6 18
337153 12 0 1 6 6 21
337198 4 0 1 6 6 24
337204 23 0 1 6 6 20
337218 23 1 1 7 6 20
337497 66 1 1 3 6 20
337498 59 1 1 4 6 21
337738 29 0 1 6 6 21
337807 23 0 1 6 6 22
338604 44 1 1 5 6 25
338608 52 1 1 4 6 21
338609 35 1 1 3 6 20
339292 103 0 1 8 6 19
339409 10 0 1 1 6 21
340204 60 0 1 8 6 37
341349 85 1 1 8 6 22
342908 91 0 1 8 6 19
345278 84 0 1 8 6 19
345734 89 0 1 8 6 25
346011 83 1 1 8 6 18
349075 35 1 1 2 6 17
351264 298 1 0 1 6 14
353237 78 1 0 8 6 20
361247 43 0 1 8 6 16
362399 39 0 1 4 6 21
362847 56 0 0 8 6 17
365231 25 1 1 8 6 16
368121 147 1 1 8 6 19
368315 360 1 1 4 6 18
369931 252 1 1 8 6 15
370646 55 0 1 4 5 19
370772 111 1 1 8 6 18
370783 175 1 1 8 6 18
371147 132 1 1 3 6 19
372764 82 1 1 4 6 25
372780 56 0 1 4 6 19
374562 223 1 1 8 6 18
375709 25 1 1 0 6 26
376630 38 1 1 9 6 21
380976 54 0 1 8 6 27
381662 9 0 1 6 6 25
381987 29 1 1 6 6 18
382451 21 1 1 7 6 25
382552 24 0 1 5 6 23
382567 92 1 1 8 6 18
382729 55 1 1 2 6 21
383251 74 0 1 1 6 25
385610 68 1 1 8 6 18
389439 20 1 1 8 6 18
389729 192 1 1 9 6 20
392516 74 1 1 8 6 18
394480 33 1 1 1 6 33
398879 21 1 1 0 6 20
399069 30 1 1 0 6 26
399223 168 1 1 5 6 19
399865 31 1 1 6 6 16
402111 13 1 1 5 6 22
406365 257 1 0 8 6 13
406449 53 1 1 8 6 24
407794 29 1 0 8 6 17
408639 217 1 1 8 6 20
408784 20 0 1 8 6 19
409610 156 1 1 8 6 20
410555 96 1 1 8 6 17
410814 57 0 1 2 6 17
411049 127 1 1 8 6 20
412537 92 1 1 8 6 17
412773 33 1 1 7 6 17
416042 68 0 1 8 6 20
421054 67 1 1 8 6 13
424645 58 1 1 8 6 20
425463 50 1 0 8 6 26
425913 47 0 1 8 6 18
426609 111 1 1 8 6 23
426872 16 1 1 8 6 35
427635 40 0 0 8 6 17
429129 24 0 1 2 6 26
430010 56 1 1 8 6 24
431079 5 0 1 7 6 25
431080 12 1 1 2 6 18
431081 4 0 1 4 6 19
431084 11 0 1 6 6 20
431322 29 0 1 9 6 19
431324 32 1 1 1 6 17
431327 12 0 1 7 6 18
431406 33 1 1 0 6 22
431411 36 0 1 6 6 20
431467 17 1 1 9 5 20
431469 41 0 1 2 6 19
431507 30 0 1 8 6 25
431525 82 1 0 2 6 16
431674 13 0 1 7 6 22
431726 13 0 1 7 6 17
431763 7 0 1 1 6 21
431764 7 1 1 2 6 25
431846 9 0 1 1 5 21
431847 26 1 1 7 6 22
431894 18 0 1 9 6 19
431896 30 1 1 9 6 22
431999 102 1 1 4 6 18
432002 14 1 1 0 6 22
432006 6 0 1 0 6 22
432010 23 1 1 1 6 18
432017 25 0 1 1 6 20
432126 10 0 1 6 6 23
432196 6 0 1 4 6 24
432338 9 0 1 6 6 24
432689 21 1 1 6 6 23
432737 7 1 1 6 6 26
433314 45 1 1 8 6 23
433494 13 0 1 6 6 21
433707 13 1 1 1 6 26
433862 85 1 0 8 6 18
434334 8 0 1 1 6 22
435412 74 1 1 8 6 23
436336 66 1 1 8 6 19
439609 57 1 1 6 6 19
440122 62 0 0 5 6 16
443154 48 0 1 6 6 18
444371 43 1 1 2 6 16
452352 13 1 1 8 6 17
453865 67 1 0 8 6 13
453866 193 1 1 8 6 17
454002 52 1 0 8 6 15
454068 124 1 0 8 6 18
454094 42 1 0 8 6 23
454216 50 1 1 1 6 17
454221 4 1 1 0 6 21
455146 95 0 1 8 6 17
456899 54 1 1 8 6 18
462602 103 1 1 8 6 22
482737 145 1 1 8 6 19
482953 66 1 1 8 6 19
488198 70 1 1 8 6 18
490332 100 1 1 8 6 21
500323 78 1 1 8 6 18
502348 65 1 1 2 6 27
505879 47 0 1 1 6 26
508495 7 0 1 8 6 33
508573 88 1 1 8 6 23
508679 30 1 1 8 6 20
509287 90 1 0 8 6 16
510022 49 1 1 9 6 18
511663 118 1 1 8 6 19
512268 52 1 0 6 6 20
512619 21 1 1 6 6 29
512673 55 1 1 8 6 22
514047 64 1 1 2 6 23
514057 21 1 1 6 6 16
514533 49 1 1 8 6 20
515105 56 0 1 4 6 19
515784 72 1 1 8 5 16
516931 44 1 1 8 6 22
517813 48 1 1 8 6 31
518149 46 1 0 4 6 17
518485 252 0 0 8 6 17
518489 25 1 0 8 6 16
518491 16 1 0 8 6 29
519465 112 1 1 6 6 18
521052 92 1 1 8 6 21
524681 62 1 1 6 5 18
529014 76 1 0 4 6 16
532976 19 1 1 8 6 27
535161 49 0 1 8 6 27
535391 178 1 0 8 6 16
548599 63 1 1 8 6 21
555340 35 1 1 8 6 25
558674 91 1 1 8 6 20
562673 61 1 1 8 6 25
565382 18 0 1 4 6 21
565438 56 0 1 6 6 14
568753 16 0 1 8 6 23
582462 28 1 1 4 6 19
587889 64 1 1 8 6 21
588841 10 1 1 0 6 22
612894 15 1 1 5 6 25
620280 7 1 0 5 5 19
622960 8 1 1 8 6 23
625577 1 1 1 1 6 21
635277 77 1 1 8 6 22
638126 11 1 1 8 6 22
638236 45 1 1 8 6 22
639452 44 1 1 8 6 20
641523 18 1 1 8 6 24
641580 38 1 1 8 6 26
647402 29 1 1 8 6 22
647709 23 0 1 8 6 22
649861 26 0 1 8 6 18
652594 39 0 1 8 6 19
658853 28 1 1 8 6 22
673006 90 1 1 7 6 24
674998 47 1 1 8 6 17
681641 30 1 1 2 6 20
694564 50 1 0 8 6 14
694693 26 0 1 1 6 30
695193 1 1 0 7 6 20
695231 49 0 0 8 6 17
695232 10 1 0 8 6 13
695233 32 1 1 6 6 16
695234 26 0 1 4 6 27
695235 27 1 1 8 6 19
695236 1 1 1 8 6 19
695237 1 1 1 8 6 13
695238 1 1 1 8 6 16
695239 1 1 1 5 6 13
695240 3 1 1 6 6 29
695241 29 1 0 8 6 15
695242 5 1 0 8 6 29
695243 1 1 1 8 6 15
695288 1 1 1 0 6 19
695289 1 1 1 3 6 17
695290 1 0 1 8 6 21
695291 1 1 1 6 6 17
695292 51 1 0 8 6 14
695293 2 1 1 5 6 17
695294 3 1 1 8 6 16
695295 1 1 1 2 6 17
695296 1 1 1 8 6 29
695297 38 1 0 8 6 16
695298 1 1 1 6 6 14
695299 1 1 0 8 6 16
695300 2 1 1 1 6 20
695301 15 1 0 8 6 29
695302 3 1 1 8 6 16
695317 3 1 1 3 6 29
695318 1 1 0 2 6 20
695319 2 1 1 6 6 17
695320 1 1 1 8 6 20
695321 1 1 1 2 6 20
695322 3 1 1 8 6 23
695323 10 1 1 8 6 16
695324 1 1 1 8 6 14
695325 1 1 1 8 6 14
695326 2 1 1 8 6 17
695348 18 1 0 8 6 13
695350 1 1 1 8 6 13
695351 1 1 1 8 6 17
695352 3 1 1 8 6 17
695353 9 1 1 8 6 18
695724 2 1 0 5 6 21
695725 5 0 0 8 5 16
695726 24 1 1 6 6 42
695727 78 1 0 8 6 19
695790 34 1 1 2 6 28
695836 35 0 0 0 6 12
695888 19 1 1 1 6 18
695889 11 1 0 8 6 15
695935 84 1 0 8 6 16
695938 5 1 1 8 6 22
695941 8 1 1 8 6 17
695942 3 0 1 7 5 19
695954 18 1 1 1 6 20
695955 62 1 1 8 6 23
695966 34 1 1 2 6 21
695967 31 1 1 5 6 39
695968 39 1 1 8 6 18
695969 9 1 1 1 6 26
695970 53 1 1 8 6 18
695971 32 0 1 9 6 29
695972 3 1 1 8 6 17
695973 2 0 1 6 6 23
695974 25 1 1 6 6 32
696015 2 1 1 7 6 12
696016 3 1 1 6 6 27
696019 16 1 1 8 6 15
696020 31 1 0 8 6 14
696021 10 1 0 8 6 17
696022 24 1 0 8 6 15
696023 11 1 1 1 6 31
696048 4 1 1 2 6 17
696058 7 0 1 0 5 14
696059 89 1 1 8 6 19
696060 8 1 1 8 6 25
696194 6 1 1 8 6 21
696195 6 1 1 0 6 26
696196 31 1 1 7 6 29
696197 4 1 1 8 6 21
696198 2 1 1 6 6 21
696199 5 1 1 8 5 29
696235 31 1 1 1 6 21
696236 9 1 1 8 6 18
696237 2 1 1 2 6 22
696239 1 1 1 5 6 24
696265 7 1 1 8 6 22
696266 2 1 1 8 6 23
696289 31 0 1 8 6 25
696382 29 0 1 8 6 22
696383 19 1 1 8 6 43
696412 38 1 1 8 6 22
696413 47 1 1 1 6 35
696415 22 1 1 8 6 24
696416 81 1 1 8 6 24
696461 12 0 1 1 6 38
696482 68 1 1 1 6 23
696493 27 0 1 8 6 22
696495 18 0 1 3 6 51
696497 75 1 1 1 6 32
696592 36 1 0 8 6 18
696595 74 0 1 6 6 18
696664 17 0 1 8 6 32
696666 77 1 1 8 6 18
696696 136 1 1 8 6 21
696697 14 0 1 8 6 22
696699 40 0 1 8 6 21
696735 6 0 1 2 6 21
696736 15 1 1 4 6 30
696737 12 1 1 5 6 24
