15268
19
2158
15268 764 1 1 5 6 20
531 84 1 0 0 6 21
779 51 0 0 4 6 20
1679 55 0 0 0 6 20
2318 71 1 0 6 6 21
2334 39 0 0 0 6 19
2754 122 1 0 0 6 22
3154 130 1 0 0 6 20
4621 82 1 0 0 6 22
4673 220 0 0 9 6 20
4916 51 0 0 6 6 22
4987 100 1 0 5 6 19
6820 88 1 0 5 6 21
9285 12 0 0 2 6 23
10471 49 0 0 0 6 21
11434 6 0 0 5 6 20
12012 64 0 0 1 6 20
12013 11 0 0 4 6 23
12188 68 1 0 0 6 20
14059 27 0 0 7 6 21
20221 220 1 0 0 6 20
20273 119 0 0 0 6 27
22506 122 0 0 0 6 19
23624 46 1 0 9 6 20
24177 75 0 0 0 6 22
27721 38 1 0 0 6 21
27803 16 1 0 0 5 23
28592 82 0 0 1 6 20
28835 75 0 0 0 6 24
31084 160 1 0 3 6 21
31763 40 0 0 4 6 55
32138 87 0 0 0 6 26
32625 133 0 0 8 6 22
32744 51 1 0 0 6 23
35083 28 1 0 4 6 19
36015 31 0 0 0 6 21
37192 38 0 0 0 6 19
42233 103 1 0 0 6 19
42358 77 0 0 6 6 23
42522 39 0 0 0 6 22
42582 233 0 0 8 5 19
42737 57 1 0 4 6 20
42998 33 1 0 4 5 20
43478 28 1 0 2 5 20
43518 34 1 0 4 6 22
43741 108 1 0 8 6 23
44258 4 0 0 7 6 22
44336 183 1 0 8 6 21
44500 81 1 0 3 6 20
44893 72 1 0 5 5 21
44895 122 0 0 2 6 20
46047 131 1 0 1 6 19
46297 191 0 0 7 6 20
46980 498 1 0 1 6 20
47776 88 0 0 0 6 33
48660 35 0 0 6 6 22
48979 558 1 0 4 6 26
49069 292 1 0 6 6 26
49100 53 0 0 1 6 23
49274 12 0 0 0 6 18
49338 130 1 0 6 6 29
50263 16 0 0 4 5 21
51013 34 0 0 0 6 21
51591 61 0 0 5 6 20
52044 34 0 0 0 6 25
52085 121 1 0 4 6 19
52273 20 0 0 1 6 29
52362 147 0 0 6 6 23
52420 15 0 0 0 6 22
52822 18 0 0 6 6 28
53049 94 1 0 7 6 19
53749 196 0 0 6 6 20
54552 38 0 0 5 6 35
54916 24 0 0 7 6 23
55442 83 1 0 1 6 21
56442 107 0 0 8 5 21
57201 68 1 0 5 5 22
57377 49 0 0 8 6 21
57583 53 0 0 3 6 23
57817 63 1 0 1 6 20
57823 19 0 0 1 6 29
58273 101 1 0 7 6 22
58539 74 1 0 5 6 24
59096 117 0 0 3 6 21
59359 29 0 0 1 6 20
59434 34 1 0 1 6 20
59776 112 1 0 3 6 21
60227 137 1 0 4 6 20
60727 74 1 0 5 6 22
61479 99 0 0 6 6 20
62074 34 1 0 0 6 20
62144 93 1 0 5 6 26
63962 76 1 0 2 6 21
64189 139 1 0 2 6 19
64943 106 0 0 3 6 23
64995 33 1 0 1 6 21
65817 53 1 0 5 6 22
66906 174 1 0 7 6 23
68165 128 1 0 2 6 22
68629 13 0 0 5 6 24
68886 74 1 0 5 6 22
69095 40 1 0 5 6 24
70435 313 0 0 1 5 23
70439 50 1 0 1 6 22
73750 69 1 0 5 6 22
75922 6 0 0 5 6 23
78135 26 0 0 4 6 19
79864 119 1 0 1 6 20
80878 72 0 0 7 4 20
81281 92 1 0 5 6 20
81571 20 0 0 8 6 22
81816 201 1 0 3 6 20
84055 149 1 0 1 6 21
84280 125 0 0 8 6 21
84334 88 0 0 7 6 23
85368 36 0 0 0 6 21
86676 52 0 0 1 6 21
87598 14 0 0 6 6 21
87691 31 1 0 4 6 20
87927 36 1 0 1 6 26
88117 27 1 0 2 5 18
88130 128 0 0 8 6 20
88566 62 0 0 0 6 23
88570 253 1 0 7 6 22
88757 34 1 0 5 6 21
88827 83 0 0 7 6 20
89458 18 1 0 5 6 21
90010 176 1 0 7 6 20
90332 79 0 0 2 6 24
90345 20 0 0 7 6 20
90841 122 1 0 8 6 24
91680 53 1 1 5 6 19
91840 52 1 0 0 6 19
93541 90 1 0 7 6 20
95566 82 1 0 4 6 21
95581 122 1 0 6 6 21
96210 43 0 0 7 6 22
98748 277 1 0 6 6 25
101524 67 0 0 7 6 22
102823 40 0 0 0 6 24
103736 55 1 0 7 6 20
107369 271 1 0 1 6 23
107775 67 0 0 2 6 20
107912 105 0 0 6 6 23
108212 114 1 0 1 6 19
108471 58 1 0 8 6 21
108900 30 1 0 3 6 19
109853 29 0 0 4 6 22
111288 30 1 0 1 6 30
113696 108 0 0 4 6 37
114321 24 0 0 0 5 20
115328 102 0 0 1 6 22
115812 49 0 0 3 6 20
116384 48 0 0 3 6 24
118932 116 1 0 6 6 20
119226 12 1 0 4 5 23
122256 97 1 0 2 5 21
123344 72 1 0 4 6 19
123429 57 1 0 4 6 24
123927 56 0 0 1 6 23
124037 13 1 0 9 5 20
124092 39 1 0 1 6 23
124175 59 0 0 1 6 29
124634 22 0 0 9 6 21
125125 90 0 0 6 6 23
125431 76 1 0 8 6 22
125483 59 1 0 2 6 21
126017 78 1 0 2 6 23
126207 54 1 0 0 6 23
126336 115 0 0 6 5 22
126408 77 1 0 1 6 20
129065 49 0 0 8 6 24
131086 27 1 0 2 6 22
131173 17 1 0 4 6 21
132122 74 0 0 4 6 18
132391 41 0 0 1 5 31
132525 194 1 0 4 6 22
133234 70 1 0 5 6 24
135231 26 0 0 6 6 24
136828 77 0 0 5 6 19
138364 44 1 0 8 5 23
138532 61 0 0 4 6 21
140030 234 1 0 2 6 19
140636 18 0 0 6 5 32
141934 45 0 0 0 6 18
144704 17 0 0 2 6 29
144766 65 0 0 2 6 22
151290 116 1 0 2 6 20
153808 88 1 0 6 6 20
154152 97 1 0 2 6 20
157651 16 0 0 7 6 23
161617 19 0 0 1 5 21
161641 83 0 0 1 6 26
164847 99 1 0 8 6 20
164926 82 1 0 4 6 20
166589 118 1 0 4 6 23
166738 107 0 0 6 6 22
166838 60 0 0 6 6 21
167996 73 1 1 4 6 39
169006 53 1 0 8 6 22
169080 25 0 0 4 5 23
171524 82 0 0 7 6 21
172168 137 1 0 6 6 20
172641 82 0 0 7 6 25
172758 496 1 0 8 6 20
173918 78 0 0 8 6 20
175055 9 1 0 2 6 22
175159 45 0 0 7 6 24
175173 81 1 0 9 6 29
177069 99 1 0 2 6 21
177119 66 1 0 1 6 29
178043 73 0 0 2 6 19
178074 48 0 0 6 6 21
178171 18 1 0 1 6 22
178175 222 1 0 1 6 20
181249 48 0 0 6 6 20
184542 81 1 0 2 6 22
185830 157 1 0 1 6 24
186905 171 1 0 2 6 21
188879 136 1 0 1 6 20
188983 45 0 0 2 6 20
192290 46 1 0 8 6 23
198060 30 0 0 7 6 22
198513 50 1 0 3 5 24
201688 62 0 0 1 6 21
203522 75 1 0 2 6 32
205839 108 1 0 0 6 23
205904 69 0 0 6 6 24
206208 17 0 0 7 6 24
209520 10 0 0 4 6 20
210169 125 1 0 6 6 19
210855 36 0 0 4 6 22
211315 76 0 0 4 6 20
211774 26 0 0 8 6 23
211840 49 0 0 3 6 22
211898 51 1 0 0 6 22
211928 39 1 0 6 6 21
211995 67 0 0 4 6 21
214105 307 0 0 6 6 28
214300 69 1 0 6 6 26
215330 55 1 0 7 6 22
216724 64 0 0 7 6 20
217290 31 0 0 1 6 24
217848 20 0 0 7 6 23
217968 52 1 0 4 6 22
222543 104 1 0 4 6 20
222665 17 0 0 6 6 24
223607 209 1 0 8 6 20
224041 69 0 0 4 6 20
224043 141 1 0 1 6 20
224348 19 1 0 1 6 20
227023 67 0 0 2 6 19
228148 97 0 0 1 6 27
228520 5 0 0 4 6 23
229694 22 1 0 2 5 25
230683 28 1 0 8 5 21
230995 69 1 0 2 6 21
231055 9 1 0 1 6 20
231335 32 1 0 7 6 22
231337 61 0 0 7 6 20
238948 109 1 0 1 6 22
240148 124 1 0 1 6 24
240979 246 1 0 4 6 20
241535 46 1 0 3 6 23
244902 17 1 0 8 6 15
246044 50 1 0 8 6 21
246679 61 0 0 1 6 21
247801 94 1 0 1 5 22
247849 13 0 0 1 6 23
249527 33 0 0 0 6 22
250003 69 0 0 4 6 23
250262 84 1 0 9 6 17
251199 188 1 0 4 6 19
252575 87 0 0 1 6 25
253061 37 1 0 4 6 20
254342 136 1 0 6 6 21
254661 161 0 0 5 6 33
255792 37 0 0 4 6 22
256151 241 1 0 6 6 22
258768 19 1 0 4 5 23
261444 56 1 0 1 6 19
262661 26 1 0 1 6 20
263063 76 1 0 7 6 25
269445 83 0 0 7 6 18
269577 119 1 0 6 6 17
271111 210 1 0 0 6 22
272028 74 0 0 6 6 19
272182 126 1 0 8 6 20
273427 15 0 0 6 6 24
274131 102 1 0 5 6 21
274143 22 1 0 0 6 25
274418 49 1 0 5 6 20
274481 77 1 0 8 6 20
274571 191 1 0 2 6 18
275639 23 1 0 4 6 21
275640 30 0 0 4 5 19
275641 49 1 0 4 6 20
275643 10 0 1 5 6 39
275657 51 1 0 2 5 26
275711 6 0 0 0 6 22
275713 10 0 0 1 6 21
275714 15 0 0 6 6 25
275715 19 0 0 2 5 21
275724 11 0 0 2 6 24
275756 15 1 0 1 6 20
275757 32 0 0 6 6 29
275758 43 1 0 2 6 24
275759 32 1 0 1 6 26
275760 4 0 0 9 6 23
275763 31 0 0 2 6 19
275764 58 1 0 4 6 21
275765 29 1 0 4 6 22
275766 23 0 0 2 6 20
275767 1 0 0 1 6 21
275768 38 1 0 9 6 22
275769 8 0 0 8 6 22
275770 24 0 0 8 6 20
275820 27 0 0 3 6 18
275822 119 0 0 4 6 22
275824 46 0 0 4 6 22
275825 25 0 0 4 6 20
275826 7 1 0 1 5 20
275827 45 1 0 8 6 25
275828 10 0 0 7 5 25
275857 23 1 0 3 5 24
275858 3 0 0 4 6 23
275859 1 1 0 4 5 24
275862 48 1 0 1 5 25
275863 42 1 0 6 6 23
275864 4 1 0 1 5 31
275865 3 0 0 7 6 24
275866 20 1 0 0 5 22
275868 53 1 0 1 6 24
275920 29 1 0 4 6 28
275922 6 1 0 4 5 20
275923 43 1 0 7 6 21
275924 11 0 0 1 5 22
275925 9 1 0 1 6 26
275927 16 1 0 1 6 29
275928 9 1 0 3 6 41
275929 31 0 0 1 6 26
275986 8 1 0 7 6 22
275987 32 1 0 4 5 20
275988 8 1 0 4 6 23
275989 2 0 0 2 5 21
275990 24 1 0 2 6 19
275991 12 1 0 5 5 24
275992 50 1 0 6 6 21
275993 148 1 0 1 6 25
275994 31 1 0 9 6 24
275995 5 0 0 8 5 22
275997 18 1 0 1 6 23
276051 122 1 0 4 6 19
276052 8 0 0 1 6 23
276053 7 0 0 1 6 26
276054 5 1 0 2 5 20
276056 52 0 0 4 5 23
276057 15 1 0 1 6 21
276058 29 1 0 6 6 21
276059 25 1 0 1 6 24
276061 14 1 0 4 5 22
276062 10 0 0 7 6 22
276063 30 1 0 4 6 24
276065 23 1 0 4 6 22
276067 11 0 0 7 6 23
276132 5 0 0 1 6 26
276148 170 1 0 6 6 29
276149 68 1 0 5 6 21
276151 3 0 0 1 6 21
276152 12 1 0 1 5 24
276153 8 0 0 1 6 21
276154 12 1 0 1 5 25
276157 70 0 0 1 6 19
276212 53 1 0 4 6 21
276213 21 1 0 6 6 21
276214 36 1 0 2 6 23
276216 45 1 0 4 5 23
276220 47 1 0 1 5 14
276221 37 1 0 9 5 21
276222 100 1 0 7 6 22
276223 17 0 0 1 6 37
276224 18 0 0 4 6 23
276225 20 0 0 6 6 21
276226 19 0 0 4 6 22
276308 48 0 0 7 6 20
276341 2 0 0 6 6 21
276345 45 1 0 8 5 21
276347 62 1 0 8 6 23
276348 13 1 0 4 6 21
276350 24 0 0 7 6 19
276357 43 1 0 7 6 27
276358 31 1 0 6 5 22
276360 40 1 0 2 6 31
276361 34 1 0 3 6 22
276363 24 0 0 4 6 28
276367 200 1 0 8 6 19
276372 36 1 0 4 6 19
276411 20 0 0 6 6 21
276413 46 0 0 3 6 21
276415 31 0 0 6 6 24
276422 65 1 0 2 6 27
276425 117 0 0 2 6 21
276426 134 1 0 4 5 21
276429 17 1 0 6 6 20
276468 72 1 0 4 6 22
276469 14 1 0 4 6 22
276473 16 1 0 1 5 20
276475 23 1 0 3 6 21
276476 16 1 0 7 6 36
276477 41 1 0 1 6 20
276478 30 0 0 1 5 20
276479 34 1 0 0 6 30
276515 11 1 0 2 6 20
276517 54 1 0 6 6 20
276518 70 1 0 1 6 23
276519 25 0 0 1 6 25
276520 14 1 0 8 6 20
276521 14 1 0 6 6 23
276522 40 0 0 4 6 21
276614 3 1 0 1 5 22
276615 67 1 0 1 6 27
276616 14 0 0 4 6 22
276618 63 1 0 4 6 21
276619 11 0 0 5 6 25
276620 30 1 0 3 6 22
276621 52 0 0 8 6 22
276622 106 1 0 4 6 22
276623 2 1 0 2 5 23
276624 39 1 0 6 6 20
276625 4 1 0 1 5 22
276732 19 1 0 7 6 20
276769 31 1 0 1 6 22
276770 1 1 0 8 5 23
276771 5 1 0 1 6 21
276772 37 1 0 7 6 20
276773 11 1 0 3 6 20
276774 3 1 0 1 5 22
276775 13 1 0 5 6 20
276777 38 0 0 6 6 21
276778 3 1 0 0 6 18
276779 11 1 0 1 6 20
276780 64 0 0 8 6 19
276781 99 1 0 7 6 22
276782 25 1 0 1 6 19
276783 3 1 0 1 5 26
276784 5 1 0 1 5 24
276800 136 1 0 2 6 22
276801 66 1 0 1 6 33
276803 20 1 0 7 5 22
276804 62 1 0 1 6 21
276805 3 0 0 7 6 19
276806 13 1 0 6 6 23
276807 8 0 0 4 6 21
276808 18 1 0 1 5 20
276809 28 1 0 1 6 21
276810 32 1 0 8 5 23
276811 39 1 0 1 6 22
276822 20 1 0 7 6 24
276825 37 0 0 2 5 21
276947 13 1 0 1 6 22
276948 8 0 0 9 5 21
276949 7 0 0 7 6 22
276950 11 0 0 6 6 19
276951 1 1 0 4 6 26
276952 46 1 0 1 6 23
276953 23 0 0 4 6 18
276954 4 0 0 6 6 19
277039 58 1 0 2 6 23
277040 52 1 0 0 6 22
277041 50 1 0 7 6 20
277042 33 1 0 2 6 21
277044 5 1 0 1 6 20
277046 2 0 0 1 6 22
277047 14 1 0 4 6 19
277048 17 1 0 1 6 20
277050 4 0 0 1 6 18
277052 9 1 0 1 6 22
277054 6 1 0 1 6 29
277056 6 0 0 1 6 19
277058 10 1 1 0 6 21
277078 22 1 0 1 6 18
277079 63 0 0 8 6 22
277080 1 1 0 2 6 19
277081 50 0 0 7 6 22
277083 34 1 0 7 6 23
277084 38 1 0 2 6 20
277085 9 1 0 2 6 21
277086 18 0 0 4 6 21
277087 15 1 0 2 6 18
277088 42 1 0 7 6 18
277089 32 0 0 6 6 21
277090 1 0 0 1 6 37
277091 8 0 0 1 6 23
277127 56 1 0 2 6 20
277129 30 1 0 1 6 22
277130 14 0 0 1 6 22
277131 3 1 0 7 6 22
277132 5 0 0 3 6 22
277133 58 1 0 2 6 19
277134 2 1 0 6 6 25
277135 34 1 0 1 6 19
277168 186 1 0 1 6 24
277169 51 0 0 1 6 20
277171 2 0 0 1 6 22
277172 70 0 0 3 6 39
277173 51 1 0 6 6 21
277174 27 1 0 6 6 21
277175 5 0 0 4 5 23
277176 7 1 0 4 5 20
277178 6 1 0 6 5 19
277181 30 1 0 1 6 21
277184 10 1 0 6 6 20
277216 73 1 0 4 5 19
277217 8 0 0 1 6 22
277218 6 1 0 4 6 19
277219 29 0 0 4 5 21
277220 54 1 0 6 6 21
277221 10 1 0 4 6 27
277222 2 1 0 2 5 21
277223 13 1 0 4 6 22
277224 4 0 0 4 5 22
277225 19 0 0 2 5 28
277227 10 0 0 7 6 19
277228 14 0 0 5 5 20
277229 32 0 0 4 5 20
277270 16 0 0 6 6 18
277271 94 1 0 4 6 19
277272 33 1 0 8 6 21
277273 12 0 0 4 6 21
277274 10 0 0 5 6 19
277275 15 1 0 2 5 19
277276 12 0 0 4 5 19
277278 14 1 0 9 5 19
277281 58 1 0 2 6 27
277282 30 1 0 2 6 21
277283 13 1 0 2 6 23
277284 50 1 0 9 6 22
277294 216 1 0 6 6 20
277299 21 1 0 8 5 28
277349 73 1 0 2 6 19
277354 9 0 0 6 6 22
277356 19 1 0 7 6 22
277358 9 0 0 1 5 29
277359 29 1 0 7 5 22
277360 8 1 0 6 5 31
277361 5 1 0 6 6 18
277362 3 0 0 4 6 21
277363 3 1 0 1 6 18
277364 65 1 0 7 6 28
277410 26 1 0 4 6 20
277411 43 1 0 6 6 22
277413 79 0 0 6 6 23
277414 107 1 0 6 6 26
277415 29 1 0 1 6 26
277416 17 0 0 4 5 19
277417 61 1 0 6 6 28
277418 1 1 0 4 5 22
277419 28 0 0 3 6 20
277420 15 1 0 7 6 20
277421 24 1 0 4 6 20
277456 27 1 0 5 6 35
277457 11 1 0 6 5 20
277458 47 1 0 7 5 21
277459 5 1 0 4 5 19
277461 32 1 0 6 6 23
277462 104 1 0 4 6 22
277463 59 1 0 4 5 21
277464 27 1 0 1 6 22
277465 28 1 0 0 6 22
277501 38 0 0 7 6 20
277573 7 0 0 4 6 22
277574 59 0 0 7 6 22
277575 38 1 0 1 6 18
277576 32 1 0 0 6 25
277579 14 0 0 3 6 21
277580 128 1 0 6 6 20
277581 73 0 0 4 6 26
277582 123 1 0 2 6 20
277602 124 1 0 6 6 20
277603 49 0 0 5 6 20
277604 10 1 0 4 5 20
277605 91 1 0 7 6 20
277606 28 0 0 2 6 22
277610 104 0 0 5 6 21
277611 30 1 0 6 6 22
277694 59 0 0 6 6 23
277695 40 0 0 7 6 21
277696 39 0 0 7 6 20
277698 59 0 0 6 6 21
277806 44 0 0 8 6 20
277807 50 0 0 4 6 19
277810 56 0 1 3 6 49
277812 7 0 0 6 6 18
277813 78 0 0 5 6 25
277814 25 0 0 8 6 22
277816 24 0 0 8 6 25
277817 2 0 0 8 6 23
277818 28 1 0 4 6 21
277964 98 1 0 8 6 23
277969 84 0 0 1 6 19
277972 44 0 0 6 6 21
277973 10 1 0 1 6 23
277978 42 0 0 2 6 21
278016 65 1 0 3 6 20
278017 171 1 0 8 6 19
278097 18 0 0 5 6 22
278098 67 0 0 7 6 22
278099 42 0 0 6 6 22
278100 86 1 0 8 6 21
278101 131 1 0 8 6 21
278102 53 1 0 7 6 22
278103 11 1 0 0 6 23
278104 93 1 0 8 6 23
278105 42 1 0 5 5 23
278106 12 0 0 6 6 21
278107 131 1 0 4 6 21
278108 100 0 0 3 6 18
278110 129 0 0 4 6 17
278160 146 1 0 8 6 20
278161 71 1 0 3 6 22
278162 41 1 0 5 6 22
278163 9 0 0 4 6 24
278164 60 0 0 3 6 23
278165 42 1 0 1 6 23
278166 32 0 0 8 6 21
278168 71 0 0 6 6 21
278227 103 1 0 1 6 22
278228 13 0 0 6 6 31
278229 155 1 0 6 6 22
278230 31 0 0 2 6 22
278231 61 1 0 1 6 21
278232 39 0 0 7 6 23
278234 61 0 0 7 6 22
278235 111 1 0 6 6 22
278237 35 0 0 4 6 22
278239 44 0 0 7 6 23
278271 42 0 0 1 6 23
278274 54 1 0 6 6 22
278275 25 0 0 6 6 23
278277 59 1 0 3 6 22
278278 6 1 0 4 6 22
278279 130 1 0 6 5 22
278304 54 1 0 3 6 23
278306 70 1 0 7 6 19
278307 83 1 0 1 6 23
278308 90 1 0 7 6 23
278310 60 1 0 6 6 22
278312 63 0 0 5 6 23
278352 19 0 0 7 6 23
278353 59 1 0 1 6 22
278354 101 1 0 7 6 21
278355 36 0 0 1 6 21
278356 48 0 0 7 6 20
278357 4 1 0 4 5 20
278358 59 1 0 1 6 20
278432 45 0 0 4 6 22
278433 38 1 0 3 6 23
278434 44 0 0 2 6 20
278436 27 0 0 7 6 21
278437 30 0 0 7 6 24
278438 66 1 0 2 6 23
278439 17 1 0 4 6 23
278469 42 1 0 1 6 22
278470 5 0 0 8 6 23
278471 109 1 0 1 6 24
278472 4 1 1 1 5 22
278474 12 0 0 3 6 23
278475 24 1 0 4 6 22
278477 31 0 0 9 6 22
278478 183 0 0 6 6 21
278499 44 1 0 6 6 22
278500 67 0 0 4 6 22
278502 51 0 0 6 6 22
278504 39 0 0 6 6 24
278505 49 0 0 6 6 20
278506 114 1 0 8 6 20
278537 4 0 0 1 6 23
278538 8 0 0 3 5 23
278539 66 1 0 0 6 24
278541 28 0 0 6 6 25
278542 28 0 0 1 6 24
278543 27 1 0 5 6 23
278544 37 1 0 4 6 21
278545 43 1 0 5 6 20
278546 7 0 0 4 6 21
278547 14 1 0 4 6 24
278613 33 1 0 8 6 21
278614 30 1 0 1 6 41
278616 7 0 0 0 6 21
278617 67 1 0 4 6 21
278618 83 1 0 8 6 28
278619 14 0 0 4 6 38
278620 54 1 0 7 5 25
278621 44 0 0 1 6 18
278622 14 0 0 1 6 27
278623 48 1 0 3 6 19
278624 24 0 0 1 6 21
278645 2 0 0 8 5 24
278646 151 0 0 6 6 19
278647 13 0 0 7 6 22
278648 19 1 0 2 6 24
278649 18 0 0 2 6 20
278650 39 1 0 6 6 19
278651 11 1 0 1 6 21
278652 31 0 0 1 6 26
278704 50 1 0 8 6 21
278705 258 1 0 4 6 20
278706 31 0 0 6 6 21
278708 6 0 0 5 6 22
278710 127 1 0 6 6 25
278712 14 1 0 0 6 22
278713 28 1 0 4 6 22
278736 19 0 0 9 5 25
278737 10 1 0 6 6 27
278738 28 0 0 7 6 22
278741 13 1 0 7 6 24
278742 101 1 0 7 6 18
278743 27 1 0 2 6 23
278744 4 0 0 6 6 28
278746 7 0 0 5 6 20
278747 14 0 0 6 6 27
278748 100 1 0 7 6 23
278778 65 0 0 6 6 28
278779 50 0 0 6 6 27
278780 41 1 0 6 6 20
278781 28 1 0 1 6 30
278782 65 0 0 7 6 20
278783 53 0 0 7 6 21
278793 154 1 0 6 6 20
278794 71 1 0 8 6 23
278795 115 1 0 3 6 21
278796 45 1 0 9 6 21
278797 4 0 0 8 5 24
278798 24 1 0 3 6 25
278800 17 1 0 7 6 18
278860 59 0 0 3 6 29
278861 7 1 0 1 6 20
278862 46 0 0 3 5 20
278863 113 1 0 6 6 27
278864 9 0 0 1 6 22
278866 73 1 0 0 6 20
278867 24 0 0 5 6 22
278868 25 1 0 8 6 22
278870 75 1 0 8 6 26
278871 76 1 0 4 6 20
278873 44 0 0 0 6 20
278935 17 1 0 4 6 25
278936 46 0 0 4 6 26
278937 18 0 0 4 5 22
278938 6 0 0 6 6 27
278939 47 0 0 2 6 19
278941 28 0 0 8 6 20
278989 15 0 0 2 6 22
278991 41 1 0 0 6 23
278992 30 0 0 7 6 24
278993 36 0 0 8 6 23
278995 7 0 0 1 6 22
278996 66 1 0 6 6 20
278997 19 0 0 0 6 23
278999 43 0 0 1 6 22
279000 12 0 0 3 6 23
279037 18 1 0 7 6 23
279038 6 0 0 0 5 18
279040 17 0 0 1 6 19
279041 18 0 0 2 6 23
