35322
19
385
35322 516 1 1 6 6 24
657 99 0 0 6 6 18
1138 90 1 0 1 6 16
4673 220 0 0 9 6 20
11451 30 0 0 7 6 22
21005 90 1 0 6 6 22
25635 45 1 0 9 6 28
31909 141 1 0 8 6 23
33654 34 0 0 8 6 24
37535 65 1 0 8 5 24
39500 81 1 0 8 6 17
40146 49 1 0 4 6 19
40289 403 1 0 6 6 21
40425 25 0 0 5 6 20
41295 144 1 0 9 6 21
42384 218 1 0 6 6 26
42582 233 0 0 8 5 19
43230 133 1 0 4 6 24
43260 147 1 0 8 6 19
44723 176 1 0 6 6 20
46456 51 0 0 2 6 21
48284 110 1 0 1 6 15
48826 170 1 0 6 6 25
48979 558 1 0 4 6 26
49069 292 1 0 6 6 26
50419 17 1 0 9 5 20
51026 26 0 0 7 6 23
51905 194 1 0 5 6 20
53349 17 0 0 0 6 20
53565 81 1 0 6 6 28
55684 43 1 0 6 6 30
56442 107 0 0 8 5 21
57811 78 1 0 8 6 19
59230 30 0 0 8 6 21
60702 118 1 0 8 6 19
63757 103 1 0 2 6 22
68678 35 1 0 7 6 25
70435 313 0 0 1 5 23
71487 195 1 0 5 6 18
72354 145 0 0 6 6 16
73448 74 1 0 8 6 22
79493 124 1 1 8 6 21
81959 103 1 0 3 6 21
85667 82 1 0 5 6 24
88130 128 0 0 8 6 20
88280 635 1 0 1 6 19
89111 77 0 0 6 6 22
89184 301 1 0 8 6 16
90841 122 1 0 8 6 24
91024 13 0 0 3 5 23
91426 632 1 0 4 6 20
102648 148 0 0 6 6 25
105643 430 1 0 6 6 17
106422 143 1 0 7 6 21
107028 79 1 0 9 6 20
107494 112 0 0 4 6 28
107663 55 1 0 9 6 29
108116 93 0 0 6 6 23
108126 35 1 0 9 6 20
108483 491 1 0 2 6 27
108809 214 0 0 6 6 19
108953 101 0 0 3 6 27
108986 82 1 0 9 6 25
109534 118 1 1 8 6 20
110042 62 0 0 4 6 27
111562 167 1 0 9 6 24
112375 165 1 0 2 6 19
120426 51 0 0 5 6 24
122113 33 1 0 6 6 26
125167 142 1 0 8 5 16
126631 89 1 0 6 6 22
129204 77 1 0 9 6 17
133288 171 0 0 6 5 16
147371 41 1 0 0 6 20
149509 39 0 0 4 6 18
150645 21 0 0 7 5 22
154571 31 1 0 8 6 16
155450 44 1 0 1 6 20
164079 249 1 0 8 6 19
164167 129 1 0 6 6 24
165959 147 1 0 4 6 17
166389 149 0 0 4 5 17
166767 80 0 0 4 6 18
168382 177 1 0 4 6 18
169241 278 1 0 6 6 19
169555 233 1 0 4 6 18
171339 204 1 0 6 6 17
171459 68 0 0 4 6 17
171826 61 1 0 5 6 21
172758 496 1 0 8 6 20
172784 50 1 0 2 6 34
172860 245 0 0 4 6 17
174894 143 1 0 4 6 21
174974 74 1 0 4 6 28
176955 203 1 0 6 6 19
176976 43 1 0 4 6 19
178418 8 0 0 1 6 21
180273 41 1 0 2 6 39
184143 121 1 0 8 6 18
188561 235 1 0 7 6 21
188818 43 1 0 8 6 19
188981 108 1 0 3 6 19
191807 66 1 0 7 6 18
194202 48 1 0 2 6 25
195506 21 0 0 7 6 21
205686 95 0 0 8 6 23
209428 22 1 0 9 6 19
210189 233 1 0 6 6 22
210385 125 1 0 9 5 16
210704 18 1 0 6 6 18
210959 69 1 0 6 6 20
211166 32 0 0 6 6 20
211315 76 0 0 4 6 20
211465 13 1 0 2 6 20
211470 19 1 0 4 6 18
213348 105 0 0 8 6 17
214105 307 0 0 6 6 28
214113 338 1 0 1 5 32
214465 78 1 0 1 6 27
217218 96 0 0 4 6 17
225297 101 1 0 8 6 19
227716 50 0 0 4 6 23
230011 158 1 0 8 5 18
230681 38 1 0 4 6 19
235554 68 1 0 2 6 20
241405 12 0 0 3 6 22
241588 145 1 0 4 6 20
241592 563 1 0 6 6 22
243515 38 1 0 8 6 19
244391 129 0 0 2 6 17
244900 71 0 0 1 6 21
245256 43 0 0 5 6 24
246489 73 1 0 8 6 23
246618 114 0 0 1 6 19
248324 96 1 0 2 6 19
248905 161 1 0 7 6 21
249707 161 1 0 2 6 18
250331 150 1 0 2 5 18
250585 338 1 0 8 6 17
259340 441 1 0 8 6 16
261021 41 1 0 2 6 21
264306 33 1 0 8 6 27
264684 88 1 0 6 6 18
268458 39 0 0 7 6 18
269185 99 0 0 6 6 22
271112 96 0 0 9 6 37
272335 311 0 0 6 6 19
273699 69 0 0 4 6 18
276634 35 1 0 4 6 23
277415 29 1 0 1 6 26
278705 258 1 0 4 6 20
279075 31 1 1 7 6 20
280434 54 1 0 6 6 23
280510 94 0 0 4 6 19
280527 32 1 0 6 6 16
280591 52 1 0 6 6 17
282505 143 0 0 8 6 18
282612 150 0 0 6 6 19
282623 228 0 0 6 6 17
282664 74 1 0 6 6 18
283713 33 1 0 2 6 28
285696 14 1 0 9 5 22
289816 207 0 0 6 6 18
292694 21 1 0 9 5 16
296555 32 1 0 9 6 19
297425 236 1 0 1 6 28
297451 100 1 0 4 6 23
297998 28 0 0 8 6 20
298432 129 1 0 4 6 19
299806 96 1 0 8 6 16
302954 49 1 0 1 6 22
305771 107 1 0 4 6 27
305897 136 1 0 6 6 20
310488 19 0 0 6 6 23
313238 75 0 0 8 6 27
313253 119 0 0 4 6 19
313270 31 1 0 6 5 19
313317 138 0 0 8 6 18
317320 62 1 0 6 6 17
317363 77 1 0 4 6 23
319936 126 0 0 2 6 18
320170 94 1 0 8 5 20
320497 155 0 0 7 6 21
320687 165 1 0 8 6 17
320696 92 1 0 6 6 24
321232 24 0 0 2 6 37
321337 161 1 0 8 5 19
321413 95 0 0 4 6 21
321449 286 1 0 8 6 20
321945 132 1 0 8 6 21
323757 84 1 0 4 6 20
327202 32 0 0 4 6 20
328627 117 0 0 6 6 21
330706 102 1 0 1 6 26
331274 62 0 0 6 6 19
331362 74 1 0 4 5 22
331546 31 1 0 9 6 15
333740 63 1 1 6 6 18
335212 44 0 0 1 6 19
341195 105 0 0 7 6 22
345631 68 1 0 6 6 24
345685 41 1 0 6 6 22
349261 92 1 0 6 6 16
350115 34 0 0 4 5 18
350181 12 1 0 6 6 24
351488 129 1 0 2 6 27
352964 150 1 0 1 6 20
352977 125 1 0 8 6 18
353071 10 0 0 4 6 22
353172 20 1 0 9 6 22
353472 41 0 0 6 6 23
353668 182 1 0 8 5 17
354090 154 1 0 4 6 16
355525 106 1 0 4 6 26
356067 149 1 0 8 6 18
356683 34 1 0 9 6 17
366327 85 1 0 8 6 24
366555 142 1 0 4 6 18
368883 25 0 0 5 6 21
369874 120 1 0 8 6 23
369955 111 1 0 4 6 15
370992 61 1 0 4 5 28
371055 56 1 0 7 6 23
371467 99 1 0 6 6 21
371474 121 1 0 6 5 20
371480 132 1 0 8 6 20
371617 251 1 0 9 6 31
371618 51 0 0 8 6 17
371707 19 1 0 8 5 16
371915 92 1 0 8 6 21
372921 198 1 0 8 6 20
374839 98 1 0 8 5 19
375623 29 0 0 9 6 24
376761 55 1 0 4 6 21
377421 74 0 0 6 6 23
378925 124 1 0 6 5 16
378997 113 1 0 6 6 17
381825 91 1 0 9 6 15
384735 38 0 0 5 6 21
386029 26 1 0 6 6 21
387421 47 1 0 4 6 20
389424 59 1 0 7 6 22
389580 308 1 0 6 6 17
390093 51 1 0 9 6 16
398109 56 1 0 1 5 19
411030 9 0 0 4 6 34
416042 68 0 1 8 6 20
416788 113 1 0 6 6 20
424968 56 1 0 9 6 29
431273 106 0 0 4 6 17
431402 105 0 0 6 6 32
432655 35 1 0 6 5 21
432831 56 1 0 8 5 19
432833 87 1 0 8 6 19
432991 22 1 0 1 6 20
433033 181 1 0 8 6 20
433948 72 0 0 9 6 19
434626 64 1 0 6 6 21
434637 137 1 0 8 6 20
434896 73 1 0 4 6 22
434949 24 1 0 8 6 22
435436 55 1 0 6 6 24
437988 52 1 0 8 6 24
442744 70 1 0 7 5 21
444150 143 1 0 4 6 20
457846 58 0 0 6 6 20
458166 50 1 0 6 6 21
458917 243 1 0 4 6 16
459524 199 1 0 4 6 18
459578 124 0 0 9 5 20
465035 45 1 0 2 6 20
466315 97 1 0 6 6 20
467423 50 1 0 2 6 17
467425 32 1 0 6 6 20
467651 43 0 0 0 6 35
468281 64 1 0 1 6 30
468297 21 0 0 6 6 16
468567 56 1 0 8 6 25
469330 18 1 0 9 5 21
469441 108 1 0 6 6 17
469476 115 1 0 8 6 19
469477 31 0 0 2 6 59
469478 13 0 0 2 6 30
469480 18 1 0 9 6 19
469503 95 1 0 9 6 21
469504 28 0 0 2 6 19
469507 15 1 0 1 6 21
469571 20 1 0 6 5 23
469572 35 1 0 8 6 23
469575 20 1 0 3 6 15
469576 6 1 0 5 6 40
469578 11 1 0 9 5 21
469949 115 1 0 6 6 18
469963 135 0 0 4 6 15
469964 29 1 0 3 6 29
469965 16 1 1 2 6 21
469967 165 1 0 8 6 18
469969 87 1 0 6 5 20
470034 82 1 0 6 5 18
470035 59 1 0 2 6 21
470036 48 1 0 8 5 23
470037 12 1 0 6 6 20
470038 3 1 0 9 6 34
470040 12 1 0 8 5 18
470042 53 1 0 9 6 24
470095 32 1 0 4 6 21
470096 15 1 0 8 5 21
470098 6 1 0 4 5 20
470105 111 0 0 6 6 16
470173 10 1 0 1 5 16
470174 257 1 0 8 6 17
470176 38 1 0 2 6 19
470177 25 0 0 6 6 19
470178 40 1 0 6 6 18
470179 19 1 0 6 5 20
470180 153 1 0 8 6 18
470216 17 1 0 8 6 18
470217 17 1 0 6 6 23
470218 151 1 0 6 6 21
470219 37 1 0 6 5 22
470221 56 0 0 6 6 18
470222 38 1 0 9 6 26
470270 54 0 0 9 6 24
470271 18 1 0 9 6 26
470272 53 1 0 6 6 17
470273 61 1 0 8 6 17
470274 56 1 0 8 6 31
470283 30 0 0 2 6 25
470304 45 1 0 8 6 28
470305 51 1 0 6 5 16
470306 43 1 0 6 5 22
470307 65 1 0 8 5 19
470308 25 0 0 5 6 20
470309 33 1 0 4 6 19
470312 44 1 0 8 6 30
470360 7 1 0 6 5 11
470363 38 0 0 8 6 26
470365 11 1 0 9 5 21
470366 41 1 0 6 6 17
470367 19 1 0 4 6 17
470368 55 1 0 6 6 20
470370 67 1 0 8 6 15
470371 22 1 0 8 6 37
470372 23 0 0 4 6 25
470373 19 0 0 3 6 15
470375 199 1 0 8 6 21
470419 19 1 0 8 5 19
470420 101 1 0 1 6 53
470421 26 1 0 0 6 21
470423 3 1 0 9 5 18
470424 13 0 0 2 6 20
470425 49 1 0 6 5 14
470473 30 1 0 8 5 26
470475 57 1 0 6 6 13
470476 7 1 0 9 5 30
470477 30 1 0 7 6 20
470479 12 1 0 6 5 22
470480 184 1 0 8 5 15
470481 23 1 0 9 6 22
470482 5 0 0 9 5 18
470483 47 1 0 6 6 18
470484 39 1 0 4 5 17
470555 44 1 0 6 6 22
470556 201 1 0 6 6 20
470557 13 1 0 9 5 23
470559 12 1 0 6 6 24
470560 28 1 0 0 6 21
470561 1 1 0 1 5 22
470562 19 1 0 9 6 16
470563 11 0 0 4 6 21
470564 17 1 0 6 6 14
470565 49 0 0 6 6 21
470566 52 1 0 6 6 24
470630 31 1 0 6 6 22
470632 51 1 1 6 6 23
470633 56 1 0 6 6 14
470634 39 1 0 5 6 15
470635 7 1 0 7 6 25
470636 73 1 0 4 6 23
470637 45 1 0 8 6 16
470638 4 1 0 2 6 21
470640 26 1 0 8 6 21
470702 33 1 0 1 6 20
470703 24 1 0 6 6 29
470706 10 1 0 9 5 29
470734 43 1 0 8 6 16
470735 62 1 0 8 6 17
470753 20 1 1 4 6 21
470755 29 1 0 2 6 19
470757 76 1 0 8 6 19
470758 33 1 0 9 6 19
470784 24 1 0 8 6 23
470794 21 1 0 1 6 21
470796 18 1 0 8 5 16
470797 17 1 0 7 5 24
470799 165 1 0 6 6 15
470800 4 1 0 4 5 25
470801 8 1 0 1 6 24
470803 8 1 0 4 5 19
470804 8 1 0 9 6 19
470805 58 1 0 4 5 32
470806 28 1 0 4 6 30
470888 34 1 0 8 6 23
470889 3 1 0 8 6 15
470890 47 1 0 9 6 22
470892 16 1 0 6 5 17
470893 17 1 0 6 6 21
470894 1 0 0 5 6 22
470895 80 1 1 8 6 19
470896 54 1 0 6 6 26
470897 54 1 0 4 6 18
470938 39 0 0 6 6 21
470939 62 1 0 6 6 19
470940 36 1 0 8 5 24
470941 34 1 0 8 5 14
470942 25 1 0 6 6 23
470943 49 1 0 9 6 27
470944 40 1 0 8 5 19
470945 33 1 0 8 6 24
470946 70 1 0 6 6 22
470947 18 1 0 2 6 21
470949 110 1 0 4 6 18
470950 105 1 0 6 6 17
471004 13 1 0 9 6 21
471006 81 1 0 8 6 19
471007 11 1 0 4 6 31
471008 107 0 0 4 6 22
471011 50 0 0 6 6 22
471291 45 1 0 8 6 19
471293 53 0 0 4 6 25
471402 11 0 0 8 6 37
471403 37 1 0 4 6 29
471536 40 1 0 9 6 20
471539 31 0 0 6 6 20
471540 19 1 0 9 6 35
471576 40 1 0 9 6 32
471578 107 0 0 6 6 21
471579 245 1 0 6 6 60
471582 73 0 0 6 6 18
471583 8 0 0 6 6 26
471584 13 0 0 4 6 21
471586 74 1 0 6 6 19
471668 91 0 0 8 6 19
471672 57 1 0 4 6 21
471674 27 0 0 3 6 17
471707 30 0 0 5 6 22
471708 59 0 0 3 6 35
471709 35 0 0 1 6 21
471711 27 0 0 6 6 22
471712 197 1 0 8 6 21
471714 39 0 0 8 6 24
471772 45 1 0 5 6 38
471773 7 1 0 2 6 24
471774 82 1 0 4 6 22
471775 17 0 0 6 6 25
471776 6 1 0 4 6 34
471777 45 0 0 6 6 20
471780 110 1 0 6 6 24
471781 30 0 0 6 6 22
471782 43 1 0 8 5 22
471840 63 1 0 6 6 21
471841 30 1 0 5 6 20
471842 18 0 0 6 6 21
471844 41 0 0 4 6 26
471845 99 1 0 7 6 19
471882 24 0 0 5 6 18
471885 85 1 0 6 6 19
472658 20 1 0 1 6 29
472659 32 0 0 3 6 24
472663 44 1 0 6 6 32
472664 164 1 0 8 6 19
472666 52 1 0 5 6 19
472668 27 1 0 1 6 24
472708 30 1 0 4 5 23
472712 45 1 0 6 6 20
472753 53 1 0 4 6 31
472755 59 0 0 4 6 16
472756 43 1 0 6 6 18
472805 89 1 0 9 6 28
472806 8 0 0 4 6 30
472809 7 1 0 6 6 19
472842 16 0 0 7 6 35
472864 50 1 0 6 6 20
472865 72 1 0 4 6 21
472867 94 1 0 9 6 19
472868 80 1 0 9 6 25
472869 84 0 0 2 6 39
472871 100 0 0 6 6 16
472873 65 1 0 6 6 25
472911 101 1 0 8 6 21
472915 47 1 0 0 6 26
472917 82 1 0 8 6 21
472918 76 1 0 4 6 18
472919 130 1 0 6 6 22
472948 71 1 0 6 6 17
472955 18 1 0 6 6 24
472958 124 1 0 6 6 18
472984 87 1 0 6 5 21
472985 63 1 0 8 6 21
472986 40 1 0 4 6 25
472987 6 1 0 8 6 30
473002 32 1 0 4 6 35
473007 104 1 0 4 6 21
473008 32 1 0 8 5 17
473089 65 1 0 8 5 20
473090 82 0 0 8 6 18
473095 98 1 0 8 5 26
473096 36 0 0 8 6 17
473097 83 1 0 8 6 17
473098 102 0 0 8 6 20
473099 230 1 0 6 6 20
473116 4 0 0 6 6 21
623471 5 1 1 6 6 34
649201 134 1 1 6 6 10
780595 53 1 0 6 6 29
780621 121 1 0 5 6 27
1007181 91 1 0 0 6 13
