47652
19
342
47652 625 1 1 0 6 35
1874 84 1 0 0 6 21
5284 17 0 1 0 6 22
9708 5 0 0 0 6 31
10579 65 0 0 7 6 30
11703 51 0 0 0 6 27
15611 118 1 0 0 6 23
19772 16 0 0 0 6 45
22301 21 0 0 0 6 41
24776 37 1 0 3 6 56
25282 22 0 0 0 6 31
28107 18 0 0 7 6 44
28507 101 1 0 4 6 23
29525 73 1 0 7 6 32
30589 23 0 0 5 6 38
35996 29 0 0 4 6 20
36147 121 1 0 0 6 19
39007 40 0 0 0 6 24
42888 20 1 0 0 6 25
46921 23 0 0 1 6 21
47104 53 1 0 0 6 22
47839 21 0 0 0 6 25
49324 59 1 0 0 6 47
50083 164 1 0 4 6 32
50862 130 1 0 4 6 18
52908 100 1 0 4 6 37
53233 174 0 0 3 6 28
53437 10 0 0 0 6 53
55209 45 0 0 6 6 24
55742 63 0 0 6 6 23
55858 39 0 0 7 6 54
56007 33 0 0 5 6 30
56807 41 0 1 0 6 41
57865 142 1 0 1 6 23
58637 44 1 0 0 6 25
59018 12 0 0 8 6 23
60380 25 0 0 0 6 33
62204 64 1 1 2 6 22
63560 117 1 0 6 6 24
64281 5 0 0 0 6 42
66903 12 0 0 5 6 26
70435 313 0 0 1 5 23
79912 12 1 0 0 6 25
82251 55 0 0 1 6 21
87848 89 1 0 2 6 25
88224 71 0 1 0 6 24
88407 13 0 0 0 6 31
88983 177 1 0 1 6 41
92604 30 0 0 5 6 49
98748 277 1 0 6 6 25
99193 38 0 0 7 6 25
100526 27 0 0 5 6 31
103599 9 0 0 1 6 37
103875 62 1 0 8 6 26
105287 78 0 0 2 6 27
105634 51 1 0 0 6 23
106081 20 0 0 0 6 37
107862 98 1 0 7 6 21
108740 46 1 0 1 6 27
110339 370 1 0 3 6 23
111841 25 0 1 0 6 33
112083 53 1 0 0 6 48
113938 109 1 0 0 6 18
119225 12 0 0 0 6 38
119460 13 0 0 0 6 36
119792 47 0 0 0 6 32
122420 12 0 0 0 6 30
122429 22 0 0 0 6 22
122879 27 0 0 0 6 32
124437 31 0 0 1 6 48
125675 33 1 0 2 6 26
126363 28 0 0 4 6 26
127297 20 1 0 0 6 27
127400 7 0 0 4 5 22
128169 14 0 0 0 6 26
129024 37 0 0 0 6 20
131066 55 1 0 0 6 25
131467 59 1 0 0 6 31
139328 13 0 0 2 6 27
139494 39 0 0 2 6 34
141799 25 1 0 0 6 28
146182 15 1 0 4 6 19
149349 20 0 0 3 6 28
150382 14 0 0 2 6 23
152913 46 1 0 0 6 24
153779 11 0 0 0 6 33
160728 31 0 0 2 6 31
163839 60 0 0 2 6 55
165259 55 1 0 2 6 52
165992 102 0 0 6 6 37
166727 34 1 0 1 6 29
173009 10 0 0 4 6 32
174522 72 1 0 2 6 23
175063 79 1 0 9 6 29
177366 91 1 0 0 6 48
177433 60 1 0 4 6 24
178499 25 0 0 0 6 34
179685 6 0 0 2 6 30
185996 113 1 0 0 6 23
186512 17 1 0 0 6 30
187114 37 0 0 1 6 52
187694 68 0 0 0 6 20
190079 16 0 0 8 6 41
190242 25 0 0 0 6 37
191009 60 1 0 7 6 43
192210 13 1 0 0 6 40
196515 52 0 0 2 6 35
199671 301 1 0 7 6 41
201711 15 0 0 4 6 33
202561 14 0 0 0 6 45
204875 28 0 0 2 6 42
208720 50 0 1 4 6 26
209974 8 0 0 7 6 40
210789 31 0 0 2 6 32
211314 111 0 0 8 6 25
214022 11 0 0 2 6 40
217160 94 1 0 0 6 22
219535 62 0 0 0 6 37
221262 29 1 0 0 6 24
225575 18 0 0 0 6 38
225837 34 1 0 1 6 36
228202 6 0 0 0 6 39
228528 41 0 0 0 6 18
228705 49 1 0 5 6 40
229491 27 0 0 1 6 36
232319 32 1 0 0 6 27
234964 24 0 0 9 6 25
234965 28 1 0 0 6 37
244112 43 0 0 7 6 40
244122 102 1 0 3 6 20
244935 25 0 0 5 6 25
247680 72 1 0 0 6 40
248135 16 1 0 2 6 29
248206 7 0 0 8 6 27
250107 42 1 0 0 6 29
251125 22 1 0 0 5 26
254039 133 0 0 5 6 38
254600 41 0 0 1 6 42
254836 22 0 0 2 6 36
255061 39 0 0 2 6 38
257484 11 0 0 0 6 37
257640 41 1 0 0 6 29
259738 15 0 0 2 6 29
263619 29 0 0 4 6 49
266551 56 1 0 0 6 34
269971 66 1 0 4 6 23
271387 28 1 0 4 6 52
273853 17 0 0 4 6 28
275317 129 1 0 3 6 21
275758 43 1 0 2 6 24
277172 70 0 0 3 6 39
279996 14 0 0 0 6 27
281730 31 0 0 6 6 37
282565 23 0 0 0 6 26
282735 52 1 0 2 6 46
282805 33 0 0 1 6 46
283191 45 1 0 0 6 25
283936 13 0 0 2 6 43
284254 142 1 0 2 6 41
284729 17 0 0 0 6 33
285147 19 0 0 0 6 33
286995 15 0 0 4 6 37
287220 97 1 0 8 6 40
288964 44 0 0 5 6 34
291646 12 0 0 1 6 34
292377 16 0 0 2 6 41
294878 16 1 0 0 6 45
297204 37 0 0 1 6 38
297601 54 1 0 3 6 22
297851 54 1 0 0 6 25
298708 2 1 0 0 6 28
298813 190 1 0 8 6 21
298973 63 1 0 0 6 44
299058 12 0 0 0 6 26
299810 62 1 0 7 6 42
300564 10 0 0 0 6 25
301192 10 1 0 0 6 41
301327 39 0 0 0 6 42
305727 14 0 0 0 6 33
308522 48 0 0 0 6 19
309883 120 1 1 0 6 18
309928 28 0 1 0 6 18
311188 7 1 0 0 6 39
312809 43 0 0 1 6 32
314031 21 1 0 4 6 25
314043 34 1 0 0 6 25
318336 144 1 0 4 6 43
318874 56 1 0 2 6 28
319973 49 1 0 0 6 41
320095 111 1 0 0 6 16
321332 52 0 0 0 6 24
321491 148 1 0 0 6 28
321680 23 0 0 4 6 27
323214 55 0 0 5 6 22
323236 114 0 0 4 6 25
323469 22 1 0 4 6 28
324576 17 0 0 1 6 37
324987 27 0 0 0 6 59
325751 25 0 0 2 6 50
328254 51 0 0 0 6 48
329991 59 1 0 2 6 44
331462 47 1 0 0 6 40
332745 38 1 0 6 6 26
334101 11 0 0 0 6 26
342015 24 0 0 8 6 46
343789 10 0 0 0 6 40
344153 28 0 0 0 6 46
345618 25 0 0 6 6 50
347965 37 0 0 4 6 47
348542 52 0 0 4 6 31
349012 51 1 0 4 6 32
352537 16 1 0 4 5 24
353677 73 0 0 5 6 38
355450 17 0 0 1 6 44
356087 42 1 0 7 6 35
363927 13 0 0 2 6 39
364599 33 1 0 4 6 32
367798 30 1 0 2 6 26
368492 22 0 0 0 6 19
368956 10 0 0 0 6 38
369645 26 0 0 2 6 30
370110 35 1 0 1 6 20
370655 40 1 0 1 5 31
371267 13 0 0 0 6 35
371493 10 1 0 0 6 39
371862 5 0 0 0 6 36
373718 124 1 1 6 6 49
374139 26 0 0 5 5 33
374215 96 0 0 8 6 25
375333 53 0 0 0 6 32
378098 18 0 0 0 6 38
383044 21 0 0 7 6 55
390545 38 1 0 7 6 42
390678 57 1 0 2 6 47
391736 23 0 0 8 6 30
394578 20 0 0 3 6 33
397519 47 0 0 0 5 20
397986 45 0 0 4 6 39
399277 46 1 0 2 6 49
402253 36 0 0 7 6 24
406079 13 0 0 0 6 23
409034 55 1 0 0 6 34
409660 7 0 0 0 6 31
412987 30 0 0 0 6 32
418100 17 0 0 6 6 42
419363 8 0 0 6 6 41
419777 27 0 0 3 6 33
423099 46 0 0 5 6 30
432945 95 1 0 8 6 26
439266 29 0 0 6 6 36
441462 61 0 0 3 6 24
443106 14 0 0 6 6 41
448878 83 1 0 8 6 40
449157 14 0 0 0 6 33
449315 14 1 0 0 6 27
454073 9 1 0 6 6 37
458165 29 0 0 6 6 35
459680 3 1 0 0 6 37
460694 25 0 0 0 6 19
464995 30 1 0 3 6 23
465932 18 0 0 0 6 48
468036 10 1 0 3 6 34
468120 8 0 1 7 6 31
468334 48 0 0 1 6 40
468354 25 0 1 5 6 31
469804 23 0 0 0 6 35
469805 10 1 0 0 6 41
469969 87 1 0 6 5 20
471708 59 0 0 3 6 35
472805 89 1 0 9 6 28
476239 77 0 1 8 6 44
477301 24 0 0 0 6 35
478637 25 0 0 1 6 44
478873 14 0 0 8 6 47
479282 55 0 0 7 6 28
479450 16 0 0 2 6 50
479919 35 0 0 8 6 23
480100 28 0 0 6 6 34
480723 8 0 0 7 6 39
481843 8 0 0 8 6 47
482752 12 0 0 8 6 40
484151 19 0 0 7 6 29
484309 38 0 0 0 6 49
484654 13 0 0 3 6 45
485500 7 0 0 6 6 47
488409 46 0 0 3 6 33
489133 54 0 0 7 6 37
490656 46 1 0 8 6 34
491777 23 0 0 3 6 29
491968 35 0 0 7 6 36
492254 6 0 0 0 6 34
492546 76 1 0 2 6 32
495818 8 0 0 3 6 32
498173 26 0 0 0 6 38
498862 99 1 0 0 6 46
499697 9 0 0 0 6 42
499789 20 1 0 2 6 49
507436 13 0 0 1 6 49
511129 76 0 0 6 6 43
511349 43 0 0 2 6 37
516847 96 1 0 8 6 44
525767 16 0 0 0 6 42
527872 37 1 0 0 6 28
528531 34 1 0 0 6 27
529787 24 0 0 0 6 32
530494 26 1 0 6 6 25
530877 31 1 0 9 6 28
531056 30 1 0 1 6 26
532692 107 1 0 3 6 50
534754 9 0 0 4 6 43
535475 12 0 0 6 6 38
547359 11 0 0 7 6 48
548486 10 0 1 0 6 30
550815 24 1 0 0 6 28
551957 59 0 0 7 6 45
554260 33 0 0 2 6 27
554609 9 0 0 0 6 44
561658 18 1 0 1 6 45
562675 65 1 0 0 6 21
564392 49 0 0 0 6 23
564613 48 0 1 0 6 36
564662 24 1 1 0 6 34
566516 59 1 0 6 6 52
567331 30 0 0 8 6 45
571380 10 0 0 0 5 29
573561 37 0 0 3 6 41
576775 23 0 0 0 6 41
577329 26 1 0 4 6 30
578074 19 1 0 0 6 42
578259 16 0 0 2 6 46
578439 16 0 0 1 6 41
578523 19 0 0 6 6 37
579515 54 1 0 7 6 48
579546 4 0 0 1 6 34
579796 23 1 0 0 6 25
580023 14 1 0 3 6 40
580038 20 1 0 5 6 27
580100 25 0 0 8 6 30
580101 29 0 0 1 6 45
580159 13 1 0 6 6 38
580163 33 0 0 7 6 34
580164 9 1 0 0 5 30
580165 23 1 0 0 6 43
580168 9 0 0 7 6 38
580170 11 1 0 1 6 39
580171 19 1 0 0 6 42
580212 25 1 0 7 6 50
580213 41 0 0 4 6 26
580214 4 0 0 5 6 48
580215 4 0 0 9 6 99
580217 21 1 0 0 6 31
580218 81 1 0 8 6 40
580219 8 0 0 7 6 42
580221 30 1 0 1 6 38
580222 43 1 0 0 6 34
580290 36 1 0 4 6 50
580295 4 1 0 0 6 61
580298 34 1 0 6 6 34
580299 6 0 0 7 6 41
580302 7 1 0 0 6 39
580304 21 1 0 8 6 46
580306 9 0 0 7 6 54
580361 14 0 0 1 6 46
580362 13 0 0 8 6 54
580363 9 0 0 4 6 54
580365 54 1 0 7 6 53
580390 8 1 0 0 6 35
580394 7 0 0 7 6 45
580395 79 1 0 1 6 32
580396 7 0 0 8 6 43
580398 7 1 0 0 5 36
580438 8 0 0 0 6 40
580439 7 0 0 0 6 33
580440 14 0 0 1 6 50
580441 8 0 0 7 6 33
580443 11 1 0 2 6 31
580447 19 0 0 4 6 26
580449 10 0 0 1 6 48
580494 25 0 0 7 6 29
580496 54 1 0 8 6 31
580497 8 0 0 1 6 30
580499 9 0 0 4 6 47
580500 7 0 0 0 6 29
580501 9 0 0 6 6 53
580626 8 1 1 5 6 26
580659 5 0 1 5 6 35
580660 19 0 0 8 6 48
580661 41 1 0 2 6 37
580662 7 0 0 4 6 30
580664 18 0 1 1 6 36
580665 10 1 0 3 5 44
580667 17 1 0 3 6 32
580668 29 0 0 6 6 37
580729 11 1 0 2 5 39
580731 30 0 0 6 6 54
580733 18 1 1 7 6 39
580734 71 1 0 4 6 40
580735 3 0 0 0 6 36
580736 16 0 0 2 6 51
580773 23 0 1 3 6 41
580775 6 1 0 1 6 46
580776 23 0 0 5 6 44
580777 12 0 0 1 6 34
580778 22 0 0 0 6 34
580779 22 0 0 2 6 34
580781 53 1 0 4 6 38
580809 10 0 0 7 6 34
580845 24 1 0 6 6 44
580847 110 1 0 6 6 40
580853 56 1 0 3 6 30
580854 15 0 0 6 6 52
580855 33 1 1 0 6 26
580857 47 1 0 8 6 27
580858 8 1 0 1 6 21
580907 12 1 0 8 5 39
580908 30 1 0 2 6 42
580910 3 0 0 0 6 46
580911 23 0 0 7 6 43
580913 26 1 0 7 6 37
580915 13 1 0 5 6 42
580917 29 0 0 8 6 33
580962 9 1 0 0 6 53
580964 10 0 0 0 6 37
580965 3 0 0 0 6 51
580966 17 0 0 5 6 38
580967 1 1 0 1 6 20
580968 70 1 0 8 6 37
580969 12 0 0 1 6 38
581606 27 0 0 7 6 44
581607 8 0 0 0 6 45
581609 8 0 0 0 6 41
581610 31 1 0 0 6 48
581612 16 0 0 2 6 45
581613 14 0 0 0 5 37
581652 24 0 0 4 6 28
581678 2 1 0 1 6 18
581681 80 1 0 6 6 18
581683 48 1 0 2 6 41
581684 19 1 0 5 6 35
581685 5 0 0 2 6 27
581686 15 0 0 9 6 27
581687 17 1 0 7 6 48
581688 16 1 0 0 5 16
581690 59 1 0 8 6 34
581750 32 1 0 4 6 34
581751 1 1 0 6 5 59
581752 24 1 0 8 6 40
581753 22 1 0 1 6 26
581754 1 1 0 2 6 33
581756 6 0 0 1 6 44
581757 3 1 0 0 6 28
581758 14 1 0 0 6 28
581759 6 1 1 9 6 30
581760 22 1 0 5 6 40
581842 29 1 0 6 6 32
581859 175 1 1 6 6 57
581863 9 1 0 0 6 46
581865 2 1 1 6 6 48
581866 50 1 0 2 6 40
581867 8 1 0 2 5 35
581869 2 0 0 2 6 49
581870 13 1 0 1 6 32
581896 2 1 0 0 5 26
581897 31 1 0 4 6 41
581898 26 1 0 1 6 46
581899 10 1 0 4 6 26
581900 13 1 0 4 6 47
581901 3 0 0 0 6 29
581902 22 1 0 8 6 38
581903 1 1 1 2 6 62
581904 5 1 0 1 6 53
581905 10 1 0 4 6 25
581906 19 0 0 7 6 36
581924 17 0 0 1 6 36
581925 7 0 0 8 6 41
581927 10 1 0 5 5 45
581928 36 0 0 8 6 43
581929 15 1 0 1 6 45
581932 20 0 1 4 6 41
581966 13 0 0 1 6 56
581968 4 1 0 4 5 27
581969 11 0 0 2 6 54
581973 7 0 0 3 6 60
581974 10 0 0 0 6 41
581975 3 0 0 0 5 34
581979 10 0 0 5 6 35
582045 13 0 0 7 6 41
582046 20 1 0 7 6 59
582047 2 0 1 0 6 43
582049 47 1 0 0 6 38
582050 45 1 0 4 6 25
582051 27 1 0 1 6 31
582052 12 1 0 0 5 47
582054 7 0 0 2 6 43
582079 3 0 1 2 6 55
582080 2 0 0 0 6 24
582081 28 1 0 1 6 41
582082 34 1 0 8 6 29
582083 27 1 0 4 5 47
582084 7 0 0 0 6 31
582085 12 0 0 5 6 34
582086 6 0 0 3 6 33
582087 11 1 0 0 6 26
582088 7 0 0 3 6 47
582120 15 0 0 7 6 34
582123 15 0 0 7 6 39
582125 21 0 0 7 6 46
582126 7 1 0 4 6 48
582127 4 0 0 0 6 43
582148 12 1 0 4 5 40
582149 18 0 0 0 6 44
582152 4 0 0 1 6 44
582155 8 0 0 3 6 33
582157 16 1 0 6 6 50
582158 25 0 1 0 6 35
582179 13 0 0 3 6 50
582180 7 0 1 0 6 45
582181 37 1 0 5 6 43
582185 27 1 0 2 6 31
582223 36 1 0 7 6 38
582225 19 0 0 4 6 47
582228 2 0 0 4 6 52
582247 13 0 0 8 6 31
582249 16 0 0 7 6 44
582250 19 0 0 0 6 33
582251 10 1 0 1 6 44
582254 42 0 0 2 6 55
582256 3 0 0 0 6 27
582266 41 0 0 6 6 50
582267 16 0 0 7 6 44
582269 3 1 0 1 6 44
582271 18 0 0 6 6 43
582273 25 0 0 6 6 44
582276 33 1 0 3 6 33
582277 13 0 0 0 6 45
582278 20 1 0 6 6 30
582293 19 0 0 8 6 20
582295 14 0 0 0 6 49
582300 87 1 0 3 6 31
582309 10 0 0 1 6 32
582310 9 0 0 8 6 40
582311 20 0 0 8 6 29
582312 9 0 0 0 6 39
582314 4 0 0 2 6 44
582337 6 0 0 0 6 48
582339 36 0 0 1 6 30
582340 43 1 0 1 6 41
582384 53 0 0 1 6 23
582385 8 0 0 0 6 34
582386 19 1 0 3 6 28
582387 18 0 0 0 6 34
582389 18 1 0 1 6 46
582390 13 0 1 2 5 34
582393 13 1 0 0 6 43
582433 19 0 0 1 6 35
582435 18 1 0 6 6 31
582436 37 0 0 2 6 38
582437 24 0 0 2 6 33
582441 24 0 0 1 6 38
582444 56 1 0 7 6 44
582445 14 1 0 1 6 37
582472 4 0 0 2 6 41
582473 10 0 0 8 6 49
582504 11 0 0 4 6 47
582505 16 0 0 2 6 43
582506 2 0 0 2 6 47
582508 18 0 0 7 6 35
582509 2 0 0 3 6 43
582510 11 0 0 1 6 37
582512 24 0 0 8 6 24
582513 24 0 0 0 6 46
582557 12 0 0 6 6 47
582558 9 0 0 0 6 40
582576 26 1 0 6 6 47
582577 10 1 0 2 6 40
582579 19 0 0 7 6 38
582580 6 0 0 0 6 45
582581 9 1 0 0 6 42
582582 22 1 1 0 5 22
582583 51 1 0 6 6 32
582646 21 1 0 6 6 42
582648 26 1 0 8 6 43
582650 25 0 0 5 6 45
582671 23 0 0 7 6 29
582672 23 1 0 8 6 53
582675 12 0 0 0 5 48
582676 15 1 1 4 6 60
582677 13 1 0 5 6 25
582740 45 1 0 6 6 30
582742 26 1 0 3 6 45
582744 6 0 0 7 6 45
582745 9 1 1 0 6 27
582746 13 0 0 8 6 45
582768 28 1 0 8 6 41
582769 18 1 0 1 6 26
582771 53 1 0 5 6 38
582772 6 0 0 0 6 42
582774 8 0 0 3 6 54
582776 8 1 0 0 6 44
582805 6 0 0 0 6 53
582810 37 1 0 5 6 46
582813 16 0 0 3 6 43
582860 10 0 0 0 6 49
582861 20 1 0 0 6 34
582862 44 1 0 0 6 50
582863 3 1 0 3 6 52
582886 15 0 0 0 6 35
582888 12 0 0 2 6 35
582946 15 0 0 1 6 38
582967 2 0 0 2 6 41
582969 3 0 0 0 6 43
582974 6 0 0 0 6 39
583012 13 0 0 3 6 44
583014 20 1 0 6 6 41
583017 31 1 0 4 6 50
583018 22 1 0 6 6 39
583079 16 0 0 5 6 45
583080 13 1 0 0 6 33
583081 20 0 0 0 6 42
583094 25 1 0 3 6 42
583095 13 1 0 6 6 32
583096 19 0 0 3 6 30
583097 2 1 0 0 6 33
583098 15 0 0 5 6 36
583099 15 0 0 1 6 50
1303964 16 1 0 3 6 39
