56485
19
400
56485 495 0 1 7 6 37
10589 41 1 0 7 6 22
23890 91 1 0 8 6 24
29667 103 1 0 7 6 22
29670 109 1 0 7 6 19
29936 78 1 0 7 6 20
33461 296 1 0 6 6 21
37882 113 1 0 7 6 15
37894 179 1 0 6 6 19
38012 64 1 0 7 6 23
38053 72 1 0 7 6 21
38527 59 1 0 7 6 21
39694 274 1 0 6 6 17
40384 26 1 1 0 6 20
40525 37 1 0 6 6 24
43888 114 1 0 8 6 19
46980 498 1 0 1 6 20
48042 51 1 0 5 6 20
48282 131 1 0 1 6 20
48286 76 1 0 2 6 19
48826 170 1 0 6 6 25
48979 558 1 0 4 6 26
50340 215 1 0 7 6 17
51655 141 1 0 2 6 18
53101 28 1 0 5 6 19
58397 84 1 0 2 6 19
59146 225 1 0 1 6 20
61355 88 1 0 6 6 19
63962 76 1 0 2 6 21
64306 66 1 0 6 6 18
64535 102 1 0 6 6 20
64995 33 1 0 1 6 21
67705 201 1 0 6 6 19
69551 50 1 0 6 6 18
71434 65 1 0 6 6 22
76965 33 1 0 3 6 26
77450 103 1 0 2 5 15
85546 141 1 0 5 6 27
85760 30 1 0 2 5 21
87125 6 1 0 2 5 20
87340 58 1 0 7 6 23
88280 635 1 0 1 6 19
88281 36 1 0 4 6 19
88290 89 1 0 4 6 19
88425 28 1 0 1 6 28
89458 18 1 0 5 6 21
89564 36 1 0 9 6 23
90831 72 1 0 2 6 22
90841 122 1 0 8 6 24
92797 161 1 0 6 6 20
93062 30 1 0 1 6 21
94403 47 1 0 3 6 24
96199 177 1 0 2 6 18
97625 157 1 0 2 6 18
103925 64 1 0 8 6 19
106920 131 1 0 3 6 20
107369 271 1 0 1 6 23
107920 70 1 0 7 6 22
108212 114 1 0 1 6 19
108225 10 1 0 7 5 29
108278 93 1 0 6 6 22
108483 491 1 0 2 6 27
108607 83 1 0 2 6 38
108768 36 1 0 6 6 20
108959 113 1 0 5 5 25
120752 79 1 0 7 6 17
123429 57 1 0 4 6 24
124980 275 1 0 1 6 36
133285 96 1 0 2 6 21
143918 94 1 0 5 6 27
149282 91 1 0 7 6 22
152646 21 1 0 7 5 20
153198 19 1 0 2 6 20
153327 12 1 0 2 5 21
153409 133 1 0 6 6 20
154365 113 1 0 2 6 20
155847 97 1 0 2 6 21
159683 21 1 0 6 6 20
161691 210 1 0 6 6 21
162536 125 1 0 2 6 27
163331 298 1 0 8 6 15
164353 85 1 0 2 6 19
166608 280 1 0 8 6 19
166665 42 1 0 8 6 18
168370 74 1 0 8 6 19
168509 63 1 0 8 6 26
171149 102 1 0 7 6 15
172758 496 1 0 8 6 20
173108 36 1 0 2 6 20
173206 97 1 0 6 6 17
173570 56 1 0 1 6 12
175390 350 1 0 1 6 29
175673 88 1 0 2 6 23
195043 26 1 0 2 6 18
203961 29 1 0 2 5 21
204569 25 1 0 8 6 16
211188 220 1 0 4 6 21
211898 51 1 0 0 6 22
213295 78 1 0 6 6 19
214104 50 1 0 3 6 27
214182 33 1 0 0 6 29
214491 23 1 0 4 6 24
218493 53 1 0 7 6 17
220640 8 1 0 8 6 21
221749 26 1 0 2 6 22
223256 329 1 0 4 6 28
225205 181 1 0 8 6 18
233191 80 1 0 7 6 19
238452 21 1 0 9 6 21
239137 77 1 0 0 6 25
241518 110 1 0 4 6 22
241592 563 1 0 6 6 22
242287 81 1 0 2 5 18
243515 38 1 0 8 6 19
246714 35 1 0 1 6 18
246752 118 1 0 2 6 24
249343 194 1 0 6 6 20
250561 156 1 0 6 5 19
250817 32 1 0 0 6 19
251199 188 1 0 4 6 19
252026 88 1 0 4 6 19
259392 140 1 0 4 6 21
267518 230 1 0 4 6 29
267612 62 1 0 3 6 21
268795 14 1 0 6 6 21
268838 24 1 0 1 6 18
268982 17 1 0 0 6 17
271029 41 1 0 1 6 26
271180 56 1 0 7 6 19
272494 128 1 0 6 6 18
273448 77 1 0 1 6 21
273609 99 1 0 8 6 18
275239 23 1 0 7 6 21
275863 42 1 0 6 6 23
275993 148 1 0 1 6 25
276057 15 1 0 1 6 21
276063 30 1 0 4 6 24
276347 62 1 0 8 6 23
276518 70 1 0 1 6 23
276615 67 1 0 1 6 27
276618 63 1 0 4 6 21
276769 31 1 0 1 6 22
277168 186 1 0 1 6 24
278063 103 1 0 5 6 19
278471 109 1 0 1 6 24
278547 14 1 0 4 6 24
278713 28 1 0 4 6 22
280282 3 1 0 4 6 22
283701 60 1 0 1 6 31
286905 236 1 0 8 6 26
288726 99 1 0 7 6 19
289296 15 1 0 4 6 16
289419 75 1 0 6 6 22
289545 67 1 0 2 6 20
289739 102 1 0 2 6 20
289819 181 1 0 1 6 26
290146 28 1 0 4 5 22
290340 13 1 0 4 6 25
290813 22 1 0 4 5 26
290974 17 1 0 1 6 21
292202 31 1 0 9 6 28
296109 297 1 0 4 6 21
296110 47 1 0 1 6 23
296256 59 1 0 7 6 22
296326 36 1 0 2 6 27
296402 118 1 0 1 6 30
296496 78 1 0 0 6 22
296544 63 1 0 4 6 20
296866 51 1 0 9 6 26
296870 69 1 0 2 6 22
297103 52 1 0 8 6 20
297324 205 1 0 2 6 22
297425 236 1 0 1 6 28
297451 100 1 0 4 6 23
297664 21 1 0 1 5 19
297669 33 1 0 0 5 21
298321 26 1 0 6 6 22
298387 53 1 0 7 5 22
298603 157 1 0 4 6 28
298671 79 1 0 1 6 17
298812 40 1 0 8 5 22
298813 190 1 0 8 6 21
305404 38 1 0 5 6 21
305440 192 1 0 6 6 27
305449 68 1 0 1 6 24
305453 46 1 0 8 6 26
305548 138 1 0 6 6 22
305726 53 1 0 2 6 19
308809 73 1 0 6 6 17
310268 110 1 0 7 6 20
313035 12 1 0 6 5 21
313250 87 1 0 6 6 16
313830 45 1 0 4 6 21
314848 26 1 0 2 6 28
316457 70 1 0 7 6 17
317363 77 1 0 4 6 23
317486 26 1 0 1 6 32
317754 20 1 0 1 6 24
318050 55 1 0 5 6 20
318079 4 1 0 1 6 24
318153 56 1 0 2 5 20
318294 25 1 0 2 6 20
319030 47 1 0 4 6 20
327778 79 1 0 4 6 19
329977 18 1 0 1 5 21
330314 60 1 0 1 6 21
330381 32 1 0 8 6 19
330398 32 1 0 4 6 26
330561 49 1 0 2 6 22
330567 145 1 0 8 6 22
330698 85 1 0 7 6 24
330701 158 1 0 4 6 26
330703 62 1 0 7 6 21
330706 102 1 0 1 6 26
330754 40 1 0 2 6 23
330831 31 1 0 2 6 27
331148 106 1 0 0 5 20
331153 42 1 0 9 6 21
331345 63 1 0 4 6 21
331347 29 1 0 2 6 20
331362 74 1 0 4 5 22
331431 30 1 0 3 5 19
331432 78 1 0 0 6 18
331475 25 1 0 2 6 18
331624 9 1 0 4 6 23
331625 24 1 0 4 5 24
331627 55 1 0 4 6 30
331985 31 1 0 2 6 23
332171 15 1 0 1 5 21
332978 75 1 0 2 6 27
333526 119 1 0 1 6 22
335198 43 1 0 7 6 15
335202 45 1 0 6 6 19
336166 49 1 0 2 6 21
336173 62 1 0 2 6 19
336177 46 1 0 9 6 26
336517 61 1 0 4 6 22
336585 38 1 0 1 6 22
336858 33 1 0 7 6 29
339939 102 1 0 1 5 19
339940 41 1 0 4 6 15
340520 105 1 0 7 6 21
340696 125 1 0 7 6 26
341139 59 1 0 3 6 21
341724 60 1 0 4 6 22
342342 48 1 0 4 6 16
343272 67 1 0 2 6 22
343929 18 1 0 1 6 21
345054 71 1 0 3 6 20
345260 83 1 0 8 6 21
347933 54 1 0 1 6 19
348284 60 1 0 6 6 23
349145 66 1 0 2 6 27
350256 93 1 0 9 6 26
350471 28 1 0 4 6 23
350585 45 1 0 4 6 24
350816 15 1 0 8 6 22
351163 22 1 0 0 5 29
351488 129 1 0 2 6 27
351745 18 1 0 0 6 22
351799 22 1 0 4 5 20
351801 31 1 0 1 6 24
351825 18 1 0 0 5 22
352025 16 1 0 1 6 25
353092 21 1 0 6 6 21
353140 30 1 0 4 6 27
353170 8 1 0 6 6 27
353223 16 1 0 1 6 21
353238 14 1 0 2 6 22
353276 32 1 0 0 6 26
353345 10 1 0 4 5 25
354002 21 1 0 1 6 21
354157 46 1 0 6 5 22
354978 31 1 0 1 6 20
355711 101 1 0 4 6 25
355717 35 1 0 1 6 24
360207 50 1 0 0 6 21
363273 31 1 0 2 6 22
365874 89 1 0 6 6 21
367632 136 1 0 2 6 31
367800 32 1 0 0 6 18
368284 41 1 0 8 5 18
368367 13 1 0 6 6 21
368463 26 1 0 6 6 21
368850 56 1 0 2 6 19
369121 47 1 0 2 6 21
369496 6 1 0 1 6 24
369708 13 1 0 6 5 20
369918 44 1 0 2 6 21
370283 17 1 0 9 5 20
370524 28 1 0 2 6 21
370586 23 1 0 7 6 22
370655 40 1 0 1 5 31
370714 69 1 0 0 6 20
370787 81 1 0 7 6 21
372176 11 1 0 9 5 27
372304 31 1 0 1 6 19
372363 46 1 0 1 6 21
372364 28 1 0 6 6 24
385077 17 1 0 7 6 24
386031 29 1 0 4 5 20
389752 68 1 0 7 6 21
395223 19 1 0 4 5 24
395871 46 1 0 8 5 13
397033 60 1 0 6 6 17
398731 102 1 0 4 6 31
401172 199 1 0 6 6 23
401178 18 1 0 3 6 20
405314 63 1 0 5 6 14
414997 60 1 0 1 6 16
417664 34 1 0 2 6 21
418203 21 1 0 2 6 41
419472 88 1 0 2 6 21
419589 29 1 0 2 6 18
420041 47 1 0 7 6 22
420415 37 1 0 7 6 19
426756 37 1 0 6 5 15
440961 42 1 0 1 6 22
441719 133 1 0 9 6 27
442829 34 1 0 5 6 22
443384 26 1 0 1 6 23
447623 39 1 0 1 6 18
451895 59 1 0 8 6 11
454999 27 1 0 2 6 22
456632 29 1 0 1 6 23
457200 18 1 0 6 6 22
457831 19 1 0 6 6 17
457881 53 1 0 3 6 22
467452 64 1 0 1 6 20
468373 73 1 0 6 6 17
468440 51 1 0 2 6 20
469860 37 1 0 6 5 23
471499 21 1 0 1 6 30
471767 35 1 0 7 6 23
474121 32 1 0 8 6 29
474564 11 1 0 1 6 19
484444 40 1 0 7 6 38
492409 14 1 0 6 6 19
500745 35 1 0 7 6 28
501099 23 1 0 2 6 17
501522 24 1 0 3 6 20
505133 43 1 0 4 6 21
508221 138 1 0 6 6 18
516707 22 1 0 5 6 28
517246 111 1 0 1 6 25
523588 24 1 0 6 6 17
526002 55 1 0 2 6 19
526550 7 1 0 4 6 21
526602 93 1 0 6 6 18
528421 65 1 0 6 6 17
528502 14 1 0 1 5 18
529338 21 1 0 6 5 19
530024 57 1 0 6 6 21
530354 69 1 0 9 6 19
530701 63 1 0 6 6 17
531658 46 1 0 3 6 26
532063 71 1 0 4 6 22
532265 39 1 0 2 6 28
532269 25 1 0 1 5 19
532270 18 1 0 1 5 20
532407 27 1 0 1 6 24
535390 13 1 0 7 6 19
558021 17 1 0 1 5 25
560507 149 1 0 6 6 17
560809 29 1 0 2 6 27
564189 3 1 0 1 5 22
566927 11 1 0 2 6 25
579408 32 1 0 2 5 25
580523 43 1 0 3 6 24
581866 50 1 0 2 6 40
587500 46 1 0 2 6 21
590139 26 1 0 6 6 25
593394 27 1 0 1 6 23
599062 79 1 0 8 6 15
600445 8 1 0 6 6 22
621297 32 1 0 1 6 20
625132 21 1 0 4 6 21
630856 78 1 0 6 6 18
631137 61 1 0 8 6 22
632337 41 1 0 8 6 24
636154 99 1 0 7 6 20
636985 24 1 0 7 5 22
641075 7 1 0 7 6 20
653111 3 1 0 6 6 18
655981 5 1 0 7 5 19
656371 23 1 1 6 6 17
656535 19 1 0 1 5 26
659717 44 1 0 2 6 21
660276 26 1 0 6 6 22
670446 18 1 0 8 5 23
672086 20 1 0 6 6 26
672603 41 1 0 1 6 21
684064 40 1 0 2 6 17
686963 15 1 0 2 5 27
688402 36 1 0 4 6 16
694882 66 1 0 6 5 17
699262 38 1 0 7 6 24
700435 12 1 0 6 6 16
708766 15 1 0 2 6 21
710423 23 1 0 0 6 15
718332 53 1 0 6 6 25
729907 21 1 0 1 6 33
732092 18 1 0 1 6 21
732488 21 1 0 3 6 19
732494 13 1 0 7 6 29
735467 63 1 1 8 6 22
738720 20 1 0 7 6 22
740136 6 1 0 7 5 24
748867 5 1 0 1 5 21
753514 41 1 0 2 6 21
753577 12 1 0 1 5 20
758058 25 1 0 6 6 20
764780 53 1 0 8 6 22
769374 30 1 0 7 6 34
769880 12 1 0 1 6 20
772987 17 1 0 2 6 20
775219 68 1 0 8 6 20
777294 11 1 0 2 6 18
785231 8 1 0 6 5 19
797697 52 1 0 5 6 19
797753 6 1 0 1 6 20
799237 62 1 0 7 5 24
808349 13 1 0 4 6 19
808672 8 1 0 5 5 20
809012 19 1 0 4 6 22
809634 2 1 0 7 5 19
815935 29 1 0 2 6 25
820310 18 1 0 8 6 21
821965 11 1 0 0 5 19
821967 45 1 0 2 6 18
822560 12 1 0 0 6 21
822591 22 1 0 2 6 18
825603 45 1 0 8 5 17
829924 14 1 0 4 6 19
835270 18 1 0 8 6 20
836123 39 1 0 7 6 29
860653 16 1 0 7 6 22
882650 18 1 0 6 6 21
883058 6 1 0 8 6 21
887418 24 1 0 7 6 20
889624 7 1 0 9 6 21
890029 11 1 0 1 6 22
890144 8 1 0 1 5 20
890333 10 1 0 5 6 23
899538 16 1 0 1 6 29
925362 13 1 0 2 6 20
930929 14 1 0 1 6 21
948963 6 1 0 4 6 23
955022 11 1 0 4 6 20
959558 4 1 0 4 5 21
959772 17 1 0 3 6 24
961606 7 1 0 2 6 18
969622 11 1 0 5 5 25
969669 3 1 0 2 6 17
969713 7 1 0 6 6 20
971149 6 1 0 5 5 18
974515 18 1 0 9 6 28
975647 21 1 0 7 6 20
984174 11 1 0 6 5 22
984194 9 1 0 6 5 20
986985 8 1 0 7 6 32
1006001 7 1 0 4 6 17
1031340 21 1 0 8 5 12
1032885 16 1 0 8 5 12
1060346 19 1 1 2 6 19
1061530 9 1 1 4 6 29
1077031 4 1 0 2 6 37
1095127 17 1 0 2 6 21
1095410 10 1 0 0 6 20
1095750 5 1 0 2 6 47
1098558 18 1 0 2 6 31
1101863 4 1 0 3 5 21
1118665 5 1 0 1 5 24
1118792 14 1 0 6 6 14
1130283 8 1 0 8 5 22
1131550 10 1 0 0 5 23
1141376 4 1 0 2 5 22
1162477 24 1 0 7 6 28
1165475 7 1 0 2 5 24
1168137 11 1 0 2 6 19
1175029 6 1 0 0 6 18
1195871 11 1 0 6 6 27
1216143 4 1 1 6 6 57
1219545 19 1 0 1 6 42
1230591 8 1 0 6 6 19
1243650 6 1 0 7 6 34
1283837 4 1 0 2 5 21
1283921 6 1 0 1 6 21
1284288 7 1 0 6 5 21
1284311 5 1 0 4 6 22
1284322 6 1 0 1 6 20
1343089 5 1 0 7 6 21
1353145 17 1 0 7 6 25
1361967 10 1 0 7 6 40
1483122 4 1 0 7 5 22
1496866 3 1 0 8 6 18
