47138
19
330
47138 87 1 1 0 6 24
2045 148 1 0 0 6 22
2098 88 0 0 0 6 22
15567 87 1 1 1 6 19
18048 128 1 0 0 6 19
29005 30 1 1 2 6 23
31160 51 1 0 0 6 23
47507 50 0 1 2 6 24
48895 58 0 1 7 6 22
77939 70 1 1 2 6 23
78407 53 0 1 2 6 22
81509 66 1 1 2 6 20
90816 105 0 0 7 5 17
96184 74 1 1 2 6 22
99760 55 1 0 2 6 19
111725 57 1 1 2 6 20
113454 59 0 0 2 6 19
116789 123 1 1 2 6 25
119699 82 1 0 2 6 20
119702 37 1 1 2 6 24
119825 173 1 0 2 6 20
123381 108 0 1 5 6 34
125854 30 0 0 0 6 19
131787 91 1 1 2 6 21
136849 51 0 0 2 6 20
143208 87 1 1 2 6 22
153812 139 1 0 2 6 20
157267 134 1 0 2 6 24
162190 72 1 1 2 6 25
164659 52 1 1 2 6 66
169662 94 1 1 2 6 26
171888 33 0 1 3 6 23
176069 131 1 1 2 6 19
181920 94 1 1 4 6 21
186906 38 0 0 2 6 23
188326 143 1 0 4 6 21
193560 74 0 1 2 6 23
194119 53 1 1 2 6 21
194943 43 0 0 6 6 23
197833 85 1 1 1 6 22
198185 57 1 1 6 6 22
205897 68 1 1 2 6 21
206355 62 1 0 2 6 27
210023 12 0 1 2 6 20
210320 66 0 0 2 6 19
210409 67 1 1 0 6 19
210520 67 1 1 2 6 19
211337 138 1 0 2 6 19
212236 74 1 1 8 6 21
212347 37 0 1 4 6 21
212489 44 0 1 2 6 21
216685 35 1 0 2 6 23
220281 46 1 1 4 6 21
230131 78 0 1 4 6 19
251723 22 1 1 2 6 21
259408 27 0 0 2 6 20
259489 63 1 0 2 6 21
261808 46 0 1 1 6 25
263333 205 1 0 3 6 19
273661 72 1 0 1 6 23
299358 30 0 0 2 6 20
299403 183 1 1 2 6 21
328198 87 1 1 5 6 21
352414 77 1 1 2 6 23
373070 74 1 0 2 6 18
416160 52 0 1 4 6 21
440557 65 1 0 3 5 21
467749 44 1 0 2 6 20
468344 39 0 1 2 6 20
506623 11 0 0 2 6 24
519806 43 1 0 2 6 18
542508 48 1 1 2 6 21
544467 121 1 0 2 6 20
555652 23 1 1 2 6 22
577354 22 0 1 2 6 25
577355 53 1 1 2 6 22
577357 49 0 0 2 6 21
577372 25 1 1 2 6 23
577373 5 1 1 2 5 52
577374 22 1 0 3 6 26
577375 29 1 1 9 6 20
577376 7 0 1 2 6 52
577405 48 1 1 2 6 19
577446 12 0 0 2 6 39
577569 3 1 1 0 6 29
577611 22 1 1 2 6 22
577637 4 0 1 2 6 34
577638 15 1 1 4 6 28
