194064
19
375
194064 538 1 0 6 6 14
2525 32 0 1 0 6 19
9125 108 1 1 8 6 17
14778 83 0 1 6 6 18
16845 16 0 1 3 6 17
22985 104 1 1 6 6 11
33985 98 1 1 0 6 19
34124 45 0 1 6 6 17
39573 25 0 1 0 6 15
45834 40 1 1 6 6 15
52430 25 0 1 6 6 19
62377 38 0 1 3 6 15
63855 292 1 1 6 6 18
64905 157 1 1 6 6 14
69045 95 1 1 0 6 16
69930 35 0 0 4 6 14
71425 35 0 1 6 6 17
74351 88 1 1 2 6 20
75334 125 0 1 0 6 16
75524 21 0 1 6 6 15
75529 383 1 1 6 6 20
75558 58 0 1 2 6 18
75750 231 1 1 0 6 17
76375 32 0 1 8 6 16
78619 8 1 1 2 6 15
78631 71 1 1 2 6 14
79226 670 1 0 8 6 11
79231 60 1 1 9 6 17
79608 72 1 1 2 6 16
82034 56 1 1 6 6 16
84798 40 1 1 1 6 17
85846 50 1 1 8 6 15
86325 52 0 1 6 6 19
89290 139 1 0 8 6 11
92246 43 0 1 4 6 16
93207 50 0 1 2 6 16
96519 45 0 1 2 6 18
102790 19 1 1 6 6 13
108344 36 1 1 0 6 18
110294 131 1 1 5 6 19
111363 86 1 1 6 6 16
117522 75 1 1 5 6 17
121267 23 1 1 0 6 15
123291 33 0 1 6 5 17
128610 117 1 1 2 6 14
130281 109 1 1 0 6 16
130285 8 1 1 1 6 17
134051 297 1 1 6 6 18
135101 85 0 1 2 6 14
136258 134 0 1 3 6 17
137459 45 1 1 6 6 15
137870 40 0 1 3 6 16
138935 17 1 1 5 6 14
146873 107 1 1 6 6 20
147504 13 1 1 0 6 13
147735 49 1 1 0 6 15
149892 56 0 1 6 6 17
150977 77 1 1 6 6 16
151661 35 0 1 6 6 14
156683 27 0 1 8 6 17
160530 63 1 1 8 6 15
160574 41 0 1 6 6 18
160577 130 1 1 6 6 16
161008 76 0 1 0 6 16
164099 221 1 1 9 6 16
164804 14 0 1 6 6 15
165881 36 1 1 6 6 19
165938 113 1 1 6 6 18
168394 75 1 1 1 6 16
168651 47 1 1 8 6 15
169592 45 1 1 6 6 17
171406 259 1 1 2 6 14
171409 59 1 1 6 6 14
172183 9 1 1 4 6 18
173145 65 0 1 7 6 16
188820 129 1 1 3 6 17
190767 105 1 1 8 6 19
202582 31 0 1 6 6 16
203504 29 1 1 6 6 14
203611 57 0 1 6 6 12
204134 31 0 1 6 6 15
207404 149 0 1 4 6 18
208793 86 0 1 4 6 11
209206 56 1 1 6 6 13
213968 46 1 1 8 6 16
217469 111 1 1 2 6 17
222093 38 0 1 6 6 18
223674 56 1 1 1 6 14
232830 19 1 1 4 6 19
233316 30 1 1 8 6 17
233761 56 0 1 0 6 18
235084 25 1 1 6 6 19
235811 17 0 1 6 6 15
239798 200 1 1 3 6 18
246571 31 0 1 6 6 21
252079 61 1 1 8 6 11
252849 84 0 1 0 6 17
255084 30 1 1 7 6 15
257855 87 0 1 6 6 17
264491 14 1 1 0 6 16
265592 19 1 1 0 6 15
266393 54 0 1 6 6 16
270666 144 1 0 6 6 30
275353 59 1 1 0 6 14
275540 46 1 1 5 6 19
286542 71 0 1 8 6 15
290369 25 1 1 4 6 14
290807 8 0 1 9 6 17
290872 25 0 1 4 6 17
291560 38 0 1 6 6 13
295269 215 1 1 6 6 18
297641 75 1 1 7 6 14
302082 18 0 1 8 6 16
303669 31 0 1 6 6 18
306815 38 0 1 3 6 17
307871 29 1 1 6 6 14
308525 28 1 1 4 6 15
308574 72 0 1 4 6 14
309300 40 1 1 8 6 16
311298 49 0 1 3 6 17
311752 88 0 1 6 6 18
312014 16 0 1 6 6 15
313761 19 0 1 6 6 18
313923 29 1 1 7 6 17
315263 62 1 1 6 6 15
316667 31 0 1 0 5 15
316956 43 1 1 8 6 17
319609 44 0 1 6 6 20
325643 46 0 1 6 6 20
332060 59 1 1 4 6 17
332454 57 1 0 2 6 10
334136 18 1 1 8 6 14
335488 42 0 1 0 6 17
338018 49 1 1 6 6 15
338020 16 0 1 6 6 17
338034 51 1 1 6 6 14
338727 51 0 1 6 6 17
344415 42 1 1 8 6 15
344795 38 0 1 2 6 15
348947 15 1 1 4 6 14
349038 6 1 1 1 6 17
352012 58 0 1 8 6 19
352276 28 0 1 6 6 17
356062 100 1 1 6 6 12
356064 76 1 1 6 6 14
357066 17 1 1 1 6 16
357127 32 0 1 6 6 10
360812 58 0 0 6 6 14
366954 35 0 1 8 6 15
368405 116 1 1 6 6 14
377585 74 0 1 6 6 14
377610 40 0 1 6 6 18
377827 38 0 1 8 6 17
378772 8 1 1 1 6 15
379462 57 0 1 6 6 18
380899 54 0 1 4 6 16
381633 62 1 1 5 6 15
382229 64 1 1 6 6 19
382502 92 1 1 6 6 15
382770 99 1 1 4 6 13
385873 87 1 1 2 6 13
386555 39 0 1 4 6 17
387513 125 1 1 6 6 15
390220 36 0 1 6 6 17
390393 59 1 1 9 6 14
390512 33 0 1 6 6 15
390703 60 0 1 6 6 15
390723 13 1 1 6 6 14
391777 22 0 1 8 6 18
392150 49 0 1 7 6 18
394953 31 0 0 5 6 16
398151 20 0 0 4 6 17
399698 8 1 1 2 6 15
399769 30 1 1 6 6 15
400121 7 0 1 1 6 16
400123 36 1 1 9 6 17
400187 9 0 1 1 6 16
400192 35 0 1 7 6 15
400200 5 1 1 1 6 18
400272 5 0 1 1 6 17
400978 72 1 1 0 6 18
401074 43 1 1 8 6 15
401076 107 1 1 6 6 17
401464 92 1 1 1 6 15
401466 18 1 1 1 6 16
401524 37 0 1 6 6 16
401581 18 1 1 7 6 15
401584 10 1 1 9 6 16
401808 13 1 1 8 6 16
401866 28 0 1 7 6 17
401870 32 0 1 2 6 16
401881 18 0 1 6 6 15
401946 28 1 1 4 6 18
402041 14 1 1 4 6 16
402159 33 0 1 6 6 16
402163 6 0 1 4 6 17
402728 9 1 1 6 6 19
402806 28 0 1 6 6 18
402959 14 0 1 7 6 17
403019 21 1 1 0 6 18
403133 25 1 1 8 6 17
403135 5 0 1 6 6 16
403140 26 1 1 4 6 15
403234 3 1 1 2 6 17
403336 8 1 1 8 6 17
403339 30 0 1 6 6 17
403340 23 1 1 2 6 15
403380 58 1 1 6 6 15
403460 3 1 1 6 6 17
403504 54 1 1 8 6 15
403698 26 0 1 6 6 16
403699 22 0 1 6 6 17
403837 16 1 1 6 6 16
403899 48 1 1 6 6 17
403977 47 1 1 6 6 15
403983 90 1 1 6 6 16
404069 53 0 1 6 6 17
404292 12 0 1 2 6 18
404329 75 1 1 6 6 18
404369 30 1 1 4 6 16
404461 17 1 1 3 6 14
405286 58 0 1 4 6 17
408173 94 1 1 6 6 16
410625 65 1 1 6 6 16
412534 55 0 1 6 6 19
412906 18 0 1 7 6 18
413680 33 1 1 0 6 14
413682 6 1 1 1 6 19
416668 19 0 1 4 6 16
424992 53 1 1 7 6 18
425147 27 1 1 3 6 15
427294 57 1 1 6 5 14
428505 27 1 1 8 6 15
428713 14 0 1 6 6 15
429262 26 1 1 2 6 23
429560 5 0 1 6 6 18
430713 48 1 1 6 6 16
432808 7 1 1 6 5 18
434170 6 1 1 4 6 19
435421 207 1 0 6 6 12
435511 34 1 1 6 6 15
435908 9 0 1 6 6 18
440724 88 1 1 6 6 18
447539 75 0 1 6 6 17
450104 15 1 1 6 6 16
450749 41 0 1 6 6 18
456462 87 1 1 0 6 14
460056 64 1 1 6 6 15
461381 26 1 1 8 6 15
476005 16 0 1 4 6 16
477554 7 1 1 6 6 13
482092 73 1 1 9 6 16
482381 14 1 1 6 6 16
484120 51 1 0 7 6 14
484623 40 0 1 4 6 16
484669 43 1 1 8 6 17
489919 65 1 1 6 6 16
492093 9 1 1 6 6 21
495231 63 1 0 6 6 12
497470 4 1 1 8 6 15
502379 61 1 1 6 6 13
503535 7 0 1 4 6 15
507605 72 1 1 1 6 14
508463 21 1 1 6 6 17
511947 79 1 1 6 6 14
511976 63 1 1 7 6 15
515999 73 1 1 8 6 17
516409 21 1 1 6 6 16
519515 19 1 1 9 5 16
519619 37 1 1 1 6 18
523589 25 1 1 6 6 17
524758 38 0 1 3 6 16
529901 41 0 1 6 6 28
533954 23 1 1 2 6 15
544203 2 0 1 6 5 17
544229 2 0 1 6 6 17
544231 1 0 1 6 5 18
544234 7 1 1 6 5 15
544456 68 1 1 8 6 18
544493 3 0 1 4 6 16
549301 83 1 1 6 6 11
556012 6 0 1 6 6 17
559529 21 0 1 6 6 17
560369 110 1 1 6 6 15
561392 127 1 1 6 6 14
573146 12 0 1 6 6 18
575169 44 1 1 4 6 15
578557 8 1 1 6 6 12
578784 26 1 1 8 6 21
578925 13 0 1 3 6 17
579430 31 0 1 6 6 14
581103 59 0 1 6 6 20
584340 39 1 1 6 6 15
585199 53 1 1 6 6 17
590020 36 1 1 3 6 16
591140 42 1 1 6 6 16
593724 81 1 1 6 6 16
595526 16 1 1 5 6 14
599558 12 0 1 3 6 15
599879 39 1 1 8 6 15
600191 19 0 0 6 6 17
602201 29 0 1 6 6 19
603745 5 1 1 4 6 12
604374 57 1 1 8 6 18
604651 31 1 1 9 6 15
609275 4 0 1 6 6 18
610689 55 1 1 6 6 18
610946 46 1 1 6 6 11
612781 13 1 1 8 6 16
616310 41 1 1 6 6 16
619704 52 1 1 6 6 16
621475 39 1 1 3 6 16
621770 112 1 1 6 6 16
624179 43 1 1 3 6 16
629597 18 1 1 9 6 14
638034 2 0 1 0 6 15
638502 74 1 1 6 6 17
640002 5 1 1 9 5 15
641085 5 1 1 4 6 16
646855 48 1 1 6 6 17
647138 18 0 1 6 6 14
647206 16 1 1 6 6 15
648594 13 1 1 8 6 14
648768 7 1 1 8 6 15
648908 9 1 1 0 6 12
649353 16 1 1 1 6 18
649383 16 1 1 8 6 13
649611 34 1 1 6 6 15
653315 1 0 1 9 6 15
653352 20 0 1 6 6 19
654359 14 1 1 2 5 16
657552 37 1 1 4 6 16
664908 44 1 1 6 6 15
669102 44 1 1 6 6 17
688135 31 0 0 6 6 15
690276 43 1 1 6 6 12
693338 6 1 1 4 6 17
693963 14 1 1 1 6 14
702415 16 1 1 6 6 18
705562 49 1 1 6 6 17
707449 25 1 0 6 6 15
707998 49 1 0 2 6 11
715018 53 1 1 6 6 15
715428 28 0 1 6 6 14
716890 13 1 1 7 6 15
717477 38 0 1 6 6 19
717664 81 1 1 4 6 19
718916 18 0 1 7 6 16
723499 54 1 1 6 6 18
724234 6 0 1 4 6 15
729085 15 1 1 9 6 16
729629 24 1 1 6 6 17
734028 7 0 1 4 6 18
740347 6 1 1 6 6 15
744447 21 1 1 6 6 16
749115 20 1 1 6 6 15
749116 25 1 1 6 6 14
753596 9 1 1 0 6 15
755162 25 1 1 9 6 15
759571 16 1 1 6 6 17
759804 8 1 1 6 6 13
762932 24 0 1 6 6 13
763874 22 0 1 6 6 17
770975 51 1 1 6 6 15
777383 10 1 1 6 6 14
782730 20 1 1 6 6 16
783086 35 0 1 6 6 17
786292 23 0 1 6 6 15
796021 31 1 1 6 6 16
796898 39 1 1 2 6 12
798949 17 1 1 6 6 14
800289 6 0 1 3 6 16
800417 4 1 1 6 6 17
801366 22 0 1 6 6 17
803333 40 1 1 8 6 18
806307 10 0 1 6 6 18
809564 15 1 1 6 6 16
810473 43 0 1 6 6 17
810905 10 0 1 6 6 19
811319 15 0 1 6 6 16
814586 55 1 1 5 6 16
818246 14 1 1 8 6 17
828463 29 1 1 4 6 18
833127 33 1 1 5 6 15
833283 7 0 1 4 6 17
834732 51 1 0 6 6 29
843062 60 1 1 0 6 28
849193 47 1 1 6 6 22
850962 14 0 1 6 6 16
851773 12 1 1 6 6 17
855751 10 1 1 9 5 16
856190 31 1 1 6 6 14
858745 35 1 1 6 6 18
858952 31 1 1 6 6 14
860379 11 0 1 6 6 17
872160 6 1 1 3 6 17
881316 10 0 1 6 6 15
884593 22 1 1 4 6 16
894763 11 0 1 4 6 15
896486 4 1 1 9 6 15
897514 22 0 1 6 6 16
913302 13 0 1 6 6 15
918524 10 1 1 2 6 18
930949 6 1 1 9 6 14
932841 7 1 1 6 6 21
935753 41 1 1 6 6 17
944063 9 1 1 2 6 16
950136 4 1 1 9 6 16
950348 37 1 1 6 6 16
951343 15 0 1 6 6 15
953696 3 0 1 8 6 16
953794 62 1 1 6 6 14
954357 6 1 1 6 5 14
954766 46 1 1 6 6 13
957758 8 1 1 4 6 16
958343 10 1 1 6 6 14
962454 9 1 1 6 6 15
964439 16 1 1 1 6 17
975681 11 1 1 4 6 19
976385 7 1 1 6 5 17
979731 21 1 1 6 6 16
989649 1 1 1 6 6 18
990743 13 1 1 3 6 16
991059 17 1 1 6 6 15
1000069 27 1 1 6 6 19
1006283 10 0 1 6 6 19
1006750 11 0 1 6 6 14
1010534 24 1 1 6 6 14
1012887 24 1 1 6 6 14
1013026 10 1 1 6 6 17
1014779 9 0 1 6 6 16
1014970 7 1 1 6 6 18
1018587 12 1 1 6 5 18
1024997 12 1 0 6 6 16
1025064 5 1 1 1 6 15
1030630 7 1 1 8 6 16
1041476 4 1 1 1 6 17
1047369 4 1 1 7 6 17
1049407 10 1 1 2 6 16
1050566 32 1 1 1 6 13
1052484 6 1 0 6 6 29
1059523 25 1 1 6 6 15
1062501 10 1 1 6 6 12
1062502 12 1 0 6 6 13
1065664 2 0 1 4 6 15
1068578 3 1 1 4 5 18
1070058 12 1 1 6 6 14
1078453 22 1 1 6 6 12
1082023 3 0 1 1 6 18
1084932 18 1 1 6 6 14
1085743 3 1 1 6 6 18
1085778 6 1 1 7 6 18
1085837 3 1 1 0 6 15
1085839 6 1 1 6 5 16
1086088 5 1 1 6 6 14
1086145 1 0 1 6 6 17
1086148 1 0 1 3 6 17
1086186 6 1 1 6 5 16
1086196 12 1 1 6 6 18
1086243 2 0 1 6 5 15
1086273 3 0 1 9 5 16
1086285 3 0 1 6 6 16
1086287 5 1 0 6 6 12
1086288 8 1 0 6 6 12
1086289 14 1 1 6 6 15
1086297 2 1 1 6 6 17
1086301 9 1 1 6 6 10
1086306 1 1 1 6 6 17
1086307 1 1 1 6 6 17
1086310 10 1 1 6 6 11
1086321 12 1 1 6 6 13
1086328 2 1 1 6 5 11
1086357 2 1 1 6 5 17
1086358 7 1 1 4 5 16
1086359 1 0 1 5 6 18
1086379 1 1 1 6 5 15
1086381 2 0 1 6 5 15
1086385 4 1 1 2 6 13
1086387 1 0 1 6 5 18
1086420 3 1 1 6 6 16
1086427 4 0 1 9 5 16
1086428 4 1 1 0 6 15
1086429 3 1 1 0 6 20
1086430 1 1 1 6 5 18
1086437 15 1 1 6 5 13
1086439 9 1 1 9 6 16
1086453 6 1 1 6 5 18
1086454 3 0 1 1 6 19
1086468 4 1 1 6 5 14
1086470 3 1 1 6 5 17
1086474 2 1 1 6 5 17
1086479 8 1 1 2 6 16
1086480 1 1 1 6 6 14
1086481 9 1 0 6 6 16
1086482 15 1 1 9 6 16
1086483 1 0 1 7 6 15
1086484 2 0 1 1 6 16
1086485 2 1 1 6 6 17
1086492 7 0 1 8 6 16
1086493 3 1 1 6 6 16
1086504 2 1 1 5 6 18
1086505 2 1 1 3 6 19
1086509 2 0 1 4 6 16
1086510 1 1 1 5 6 17
1086511 2 0 1 0 6 17
1086512 3 1 1 4 6 17
1086513 2 1 1 2 6 18
1086515 1 1 1 8 6 15
1086516 7 1 1 4 6 15
1086518 6 1 1 1 6 15
1086533 7 1 1 2 6 17
1086534 1 1 1 5 6 18
1086540 8 1 1 6 6 18
1086546 1 1 1 4 6 19
1086547 4 0 1 6 6 19
1086548 3 0 1 9 5 15
1086555 5 1 1 6 6 14
1086556 4 1 1 9 6 16
1086557 8 1 1 1 6 18
1086564 2 1 1 6 5 16
1086572 15 1 1 2 6 14
1086583 1 1 1 6 5 18
1086586 2 1 1 2 6 10
1086612 1 1 1 6 6 16
1086615 6 1 1 6 6 17
1086620 5 1 1 6 6 18
1086622 1 1 1 6 5 18
1086637 4 1 1 8 6 17
1086641 4 0 1 6 6 12
1086650 9 1 1 2 6 15
1086720 11 1 1 7 6 16
1086877 2 0 1 6 5 17
1086901 2 0 1 6 6 14
1086902 8 1 1 6 6 13
1086951 25 1 1 6 6 15
1086973 2 1 1 1 6 15
1208937 3 1 1 6 6 16
1208939 4 1 1 0 6 15
1477860 9 1 1 7 6 17
