3232
19
349
3232 599 1 0 2 6 18
1210 207 1 1 0 6 21
2451 33 1 1 0 6 19
2710 26 1 1 0 6 19
3952 133 1 1 2 6 20
4020 144 1 1 3 6 20
4241 170 1 1 2 6 18
6800 112 1 1 0 6 23
7032 161 1 1 2 6 19
7584 101 1 1 2 6 20
7626 98 1 1 0 6 19
8203 71 1 1 2 6 21
8463 141 1 1 0 6 19
8741 92 1 1 2 6 18
14235 151 1 1 1 6 25
14482 96 0 1 2 6 22
15105 83 0 1 2 6 20
16013 18 0 1 0 6 20
16412 159 1 1 2 6 19
18178 22 1 1 2 6 22
18253 65 0 1 0 6 19
20172 83 1 1 0 6 23
22616 163 0 1 2 6 26
26846 59 0 1 2 6 18
28513 19 1 1 0 6 22
29181 17 0 1 0 6 34
29986 76 0 1 0 6 21
30027 111 0 1 6 6 22
30369 187 1 1 5 6 19
32552 42 0 1 6 6 26
33010 127 1 1 2 6 21
33094 52 1 1 1 6 24
33225 49 1 1 2 6 22
34015 224 1 1 6 6 21
34149 40 0 1 2 6 21
35000 88 0 1 0 6 25
36936 89 0 1 8 6 19
38968 59 0 1 2 6 19
40254 38 1 1 6 6 21
40434 48 1 1 1 6 22
40506 116 1 1 0 6 19
42068 24 1 1 4 6 22
43215 79 1 1 5 6 21
43546 131 1 1 2 6 20
43824 109 1 1 2 6 20
44908 13 0 1 2 6 24
45132 56 0 0 2 6 21
45539 907 1 1 1 6 21
45732 64 0 1 2 6 22
46162 44 0 1 2 6 19
46266 77 1 1 2 6 23
47314 55 1 1 0 6 21
49593 45 1 1 2 6 14
49953 35 0 1 2 6 19
50885 202 0 1 2 6 20
51538 540 1 1 1 6 21
51579 13 0 1 5 6 19
52073 83 1 1 2 6 24
52222 58 0 1 2 6 21
53185 181 0 1 7 6 23
53715 53 1 1 0 6 21
54644 27 0 1 3 5 23
55302 144 1 1 8 6 21
56209 64 0 1 3 6 22
56458 105 1 1 2 6 20
56685 64 1 1 2 5 20
57258 171 1 1 4 6 18
58460 61 0 1 1 6 22
60870 13 0 1 2 6 23
61227 110 1 1 0 6 20
61285 157 1 1 6 6 21
62552 87 1 1 6 6 21
62890 98 1 0 2 6 17
63395 566 1 0 2 6 18
63820 139 1 1 2 6 21
65975 33 0 1 2 6 21
67349 98 0 1 3 6 18
67641 41 1 1 1 6 29
67712 232 0 1 8 6 22
67878 10 0 1 3 6 21
67881 16 1 1 2 6 19
67997 91 1 1 5 6 25
68179 86 0 1 0 6 19
68386 58 1 1 2 6 21
68790 30 0 1 2 6 23
69188 131 1 1 2 5 17
69468 122 1 1 5 6 24
70412 119 1 1 6 6 21
71597 40 0 1 0 6 20
73107 146 1 1 2 6 20
73820 2 0 1 2 6 24
73861 41 1 0 2 6 20
73954 6 0 1 8 6 20
74130 7 1 1 2 6 23
74331 36 0 1 2 6 19
74333 13 1 1 2 6 17
74339 2 1 1 2 6 51
74341 16 1 0 2 6 29
74343 26 1 0 1 6 25
74344 77 1 1 1 6 52
74345 76 1 1 2 6 20
74346 20 0 1 8 6 17
74348 50 1 0 2 6 16
74349 20 0 1 2 6 20
74350 44 1 1 2 6 21
74351 88 1 1 2 6 20
74423 110 1 1 2 6 16
74424 20 0 0 2 6 20
74425 92 1 1 2 6 19
74426 112 1 0 2 6 20
74427 27 1 1 1 6 20
74428 41 0 1 2 6 18
74429 60 1 1 2 6 22
74432 32 1 0 2 6 19
74433 10 0 1 1 6 19
74436 34 1 1 2 6 19
74437 80 1 1 6 6 21
74438 4 1 1 2 5 19
74439 34 1 1 2 6 24
74512 1 0 1 2 6 19
74513 42 1 1 0 6 15
74514 21 1 0 2 6 18
74516 66 0 1 6 6 25
74517 10 1 0 2 6 12
74521 161 0 1 2 6 23
74522 88 1 1 2 6 24
74523 229 1 1 3 6 25
74524 74 1 1 8 6 19
74526 65 1 0 2 6 30
74527 8 0 1 5 6 28
74583 75 1 1 2 6 19
74584 105 0 1 9 6 16
74585 16 0 1 2 6 16
74586 66 1 0 2 6 19
74587 42 1 1 2 6 18
74588 68 0 0 2 6 19
74589 49 1 0 0 6 13
74591 19 1 0 2 5 19
74592 17 1 0 2 6 18
74594 45 0 0 2 6 17
74595 26 1 0 2 6 19
74596 28 1 0 2 6 19
74662 49 1 1 2 6 19
74663 29 1 0 2 6 18
74667 128 1 0 2 6 20
74669 21 0 0 2 6 21
74672 31 0 1 2 6 18
74674 34 0 0 2 6 18
74676 7 0 0 2 6 18
74776 50 1 1 6 6 20
75045 54 0 1 2 6 20
75047 20 0 1 2 6 25
75048 93 0 1 2 6 22
75081 54 1 1 4 6 23
75083 73 0 1 8 6 22
75085 22 0 1 2 6 19
75086 42 0 1 2 6 20
75088 32 0 1 1 6 21
75089 91 1 1 2 6 22
75151 74 1 1 2 6 22
75152 14 0 1 0 6 20
75153 54 1 1 2 6 16
75154 41 1 1 2 6 18
75155 29 0 1 1 6 22
75158 15 1 1 2 5 22
75165 10 0 1 6 6 18
75166 39 0 1 9 6 18
75167 65 1 1 2 6 18
75168 52 0 1 4 6 19
75169 30 1 1 2 6 19
75202 211 1 1 2 6 20
75204 38 1 1 2 6 20
75268 25 0 1 7 6 17
75269 17 0 1 3 6 19
75270 46 1 1 2 6 18
75271 51 1 1 2 6 18
75272 41 0 1 7 6 19
75273 28 0 1 2 6 19
75274 41 0 1 5 6 19
75275 7 1 1 2 6 19
75277 37 1 1 2 6 19
75279 21 0 1 2 6 24
75280 30 1 1 2 6 21
75346 8 1 1 2 6 20
75348 146 1 1 1 6 23
75381 110 1 1 2 6 21
75382 68 1 1 3 6 20
75383 147 1 1 8 6 20
75384 29 1 1 2 6 20
75385 48 0 1 2 6 19
75387 64 1 1 2 6 19
75390 96 1 1 2 6 19
75395 22 1 1 2 6 20
75396 3 0 1 2 6 24
75397 5 0 1 3 6 31
75399 3 0 1 0 6 22
75490 66 0 0 4 6 18
75493 88 1 1 2 6 20
75494 43 1 1 2 5 19
75495 319 1 1 9 6 19
75496 186 1 0 2 6 17
75497 41 0 1 8 6 20
75499 58 0 1 4 6 18
75501 3 0 1 2 6 25
75502 43 1 1 5 6 26
75503 73 1 1 2 5 21
75551 41 1 1 2 6 18
75552 89 1 1 6 6 20
75555 48 1 1 2 6 21
75557 52 1 1 2 5 18
75558 58 0 1 2 6 18
75559 79 1 1 6 6 18
75561 29 0 1 7 6 22
75563 15 1 1 0 6 22
75564 26 1 1 2 6 17
75565 39 0 1 0 6 19
75566 78 0 1 2 6 18
75567 67 1 1 2 6 18
75568 39 0 1 2 6 17
75571 37 1 1 8 6 17
75725 36 0 1 3 6 19
75727 52 0 1 8 6 20
75730 45 0 1 2 6 21
75731 20 0 1 2 6 21
75733 19 0 0 1 6 18
75734 19 0 1 3 5 19
75735 108 1 1 2 6 20
75736 43 1 1 2 6 19
75737 41 1 1 2 6 21
75741 38 1 1 2 6 19
75743 81 1 1 2 5 20
75797 107 0 1 2 6 18
75798 10 0 1 0 6 20
75799 80 1 1 2 6 20
75800 33 1 1 1 6 22
75802 32 0 1 6 6 18
75804 42 1 1 3 6 19
75805 63 1 1 2 6 19
75806 123 0 1 2 6 17
75808 75 1 1 8 6 21
75812 14 1 1 2 6 23
75814 1 1 1 2 6 23
75815 26 1 1 5 6 16
75817 4 1 1 2 6 20
75939 1 0 1 2 5 18
75940 3 1 1 6 5 21
75941 26 1 1 5 6 24
75942 16 0 1 2 6 100
75943 12 0 1 3 6 19
75944 3 0 1 2 5 22
75945 7 0 1 2 6 19
75946 42 1 0 2 6 17
75948 8 1 1 2 5 20
75949 25 0 1 2 6 18
75950 16 1 1 2 6 20
75951 37 1 1 2 6 18
75952 12 1 1 2 6 19
75954 20 1 1 8 6 19
76019 74 1 1 4 6 21
76026 2 1 1 2 6 20
76027 41 0 1 2 6 19
76028 2 1 1 7 6 20
76030 17 1 1 2 6 17
76032 45 1 1 2 6 21
76036 9 1 1 2 5 21
76037 7 1 1 2 6 29
76038 22 1 1 3 6 16
76039 5 0 1 2 6 19
76040 98 0 1 6 6 20
76041 1 1 1 0 5 23
76042 6 1 1 4 6 20
76044 2 1 1 2 5 17
76133 2 0 1 2 6 25
76134 1 1 1 2 6 19
76135 3 0 1 2 6 26
76136 15 0 1 1 6 18
76137 20 0 1 1 6 28
76138 5 1 1 2 6 24
76139 4 1 1 2 6 20
76140 3 1 1 2 6 21
76141 15 1 1 2 6 19
76142 1 0 1 2 6 20
76143 2 0 1 2 6 24
76144 24 1 0 2 6 17
76145 3 1 1 2 6 21
76146 18 1 1 2 6 22
76147 2 0 1 2 6 21
76148 3 1 0 2 6 14
76149 3 1 1 2 6 24
76151 10 0 1 2 5 26
76232 1 0 1 3 6 19
76233 2 0 1 2 5 21
76235 4 1 1 2 5 20
76238 3 0 1 2 6 19
76240 3 0 1 2 6 19
76245 14 1 1 2 6 19
76247 8 0 1 2 6 21
76251 3 0 1 2 6 21
76253 9 0 1 2 6 24
76254 2 1 1 8 6 20
76256 11 1 1 2 6 23
76258 5 1 1 0 6 23
76260 3 0 1 9 6 19
76262 2 0 1 2 5 19
76263 7 0 1 3 6 19
76264 14 0 1 6 6 20
76297 23 1 1 2 6 15
76298 32 1 1 2 6 20
76300 62 1 1 3 6 18
76302 15 0 1 2 6 18
76303 92 1 1 6 6 21
76305 111 1 1 9 6 20
76306 4 1 1 2 6 23
76307 27 0 1 2 6 17
76308 27 1 1 8 6 19
76309 54 1 1 8 6 20
76311 78 1 1 4 6 18
76312 3 1 1 2 5 21
76313 3 1 1 2 6 24
76371 58 0 1 2 5 25
76373 93 1 1 2 6 17
76375 32 0 1 8 6 16
76377 40 1 1 2 6 18
76379 16 1 1 2 6 17
76381 81 1 0 2 6 18
76383 79 1 1 2 6 18
76384 19 1 1 6 6 19
76386 4 1 1 7 6 21
76387 113 1 1 2 6 20
76388 3 0 1 1 6 18
76389 41 1 1 1 6 19
76390 41 1 0 2 6 18
76391 45 0 1 0 6 19
76392 71 1 1 2 6 18
76393 37 1 1 2 6 20
76456 67 0 1 2 6 22
76463 6 0 1 2 6 19
76465 2 0 1 2 5 24
76466 18 1 1 2 6 22
76467 478 1 1 7 6 24
76468 84 1 1 2 6 19
76469 4 0 1 0 6 19
76471 1 0 1 3 6 20
76473 2 1 1 2 5 20
76475 5 1 1 2 5 19
76476 18 1 1 6 6 21
76479 90 1 0 2 6 18
76480 12 1 1 7 6 19
76481 15 1 1 2 6 18
76482 5 1 1 2 6 20
76483 14 0 1 0 6 23
76484 21 0 1 4 6 17
76515 80 1 1 2 6 23
76518 12 1 1 4 6 21
76523 20 0 1 7 6 20
76524 27 0 1 6 6 18
76526 48 1 1 5 6 21
76528 12 1 1 2 6 18
76530 40 1 1 2 6 24
76532 44 0 1 6 6 20
76534 5 0 1 7 6 19
76536 7 0 1 2 5 20
76537 93 1 1 7 6 20
76538 17 0 1 7 6 23
76539 69 1 1 4 6 21
76540 8 0 1 2 6 22
76541 7 1 1 1 6 30
76543 72 0 1 2 5 20
76587 8 0 1 2 6 21
76588 16 0 1 0 5 20
76589 8 1 1 3 5 19
76590 17 1 1 3 5 18
76591 87 1 1 2 6 22
76594 77 1 1 8 6 21
76595 146 1 1 3 6 23
76598 32 0 1 3 6 26
76599 89 1 1 2 6 19
76601 46 0 1 2 6 19
76602 82 0 1 2 6 21
76603 64 1 1 2 6 22
76808 22 1 1 1 6 26
76809 58 1 1 6 6 18
76810 32 1 1 2 6 21
76811 83 1 1 2 6 18
76813 98 1 1 2 6 19
76814 15 0 1 2 6 19
76815 41 1 1 2 6 20
76816 51 0 1 2 6 18
76817 24 0 1 7 6 16
76818 86 1 1 1 6 23
76820 59 1 1 5 6 18
76821 65 1 1 7 6 20
76824 37 1 1 2 5 18
76886 111 1 0 2 6 18
76888 138 1 1 2 6 22
76889 27 1 1 2 6 24
76890 117 1 1 2 6 21
76891 16 0 1 3 6 24
76892 29 0 1 2 6 24
76893 34 0 1 1 6 23
76894 61 1 1 2 6 19
76896 12 0 1 2 6 24
76898 70 1 1 2 6 22
76901 11 1 1 2 6 25
76902 68 0 1 2 6 19
76903 9 0 1 2 6 24
76931 45 1 1 9 6 23
77006 12 0 1 2 6 20
77007 54 0 1 8 6 19
77008 86 1 1 4 6 18
77009 40 1 1 2 6 17
77010 63 1 1 2 6 23
77011 87 1 1 2 6 19
77012 82 1 1 2 6 20
77013 58 1 1 2 6 19
77014 65 1 1 2 6 20
77015 64 1 1 2 6 21
77017 37 0 1 2 6 19
77019 99 0 1 2 6 23
77020 182 1 1 6 6 19
77022 112 1 1 2 6 20
77023 176 0 1 2 6 20
77048 22 1 1 4 6 20
77049 26 0 1 2 5 21
77051 39 0 1 5 6 25
77052 68 1 1 2 6 17
77053 31 0 1 0 6 19
77054 49 1 1 7 6 20
77055 30 1 1 2 6 19
77056 42 1 0 2 6 21
77057 72 1 0 2 6 20
77058 69 1 1 2 6 20
77059 42 0 1 6 6 21
77060 82 1 1 2 6 20
77062 73 1 1 2 6 19
77108 45 1 1 2 6 19
77110 39 0 1 1 6 23
77153 22 0 1 8 6 24
77154 116 1 1 1 6 23
77155 107 0 1 2 6 20
77157 58 0 1 2 6 23
77158 29 1 1 8 6 23
77159 67 1 1 2 6 22
77160 16 1 1 2 6 20
77161 131 1 1 2 6 22
77162 6 0 1 5 6 24
77163 54 0 1 1 6 28
77164 68 0 1 2 6 21
77166 84 1 1 2 5 22
77167 67 1 1 0 6 23
77168 32 0 1 2 6 23
77170 39 0 1 2 6 20
77222 15 0 1 2 6 21
77223 100 0 1 2 6 18
77224 175 1 1 2 6 20
77225 41 0 1 3 6 23
77226 28 0 1 2 6 22
77227 7 0 1 1 6 21
77229 51 0 1 5 6 22
77231 447 0 1 6 6 23
77235 89 1 1 2 6 21
77237 63 1 1 2 6 22
77238 78 1 1 6 6 19
77326 57 0 1 2 6 22
77329 62 1 1 5 6 22
77330 256 1 1 2 6 20
77333 51 1 1 2 6 23
77335 16 0 1 1 6 23
77337 35 0 1 2 6 19
77338 28 0 1 2 6 23
77372 86 1 1 2 6 20
77373 26 1 1 2 6 18
77374 10 0 1 0 6 22
77375 96 1 1 7 6 21
77376 11 0 1 9 6 23
77377 116 0 1 4 6 22
77378 71 1 1 6 6 23
77379 48 0 1 2 6 21
77380 69 1 1 2 6 22
77381 53 0 1 2 6 22
77382 27 0 1 2 6 22
77383 117 1 1 2 6 20
77384 61 0 1 2 6 22
77385 16 0 1 1 6 24
77386 71 1 1 2 6 21
77646 2 0 1 2 6 23
77647 123 1 1 2 6 17
77649 16 0 1 2 6 20
77651 56 1 1 2 6 21
77653 44 1 1 2 6 20
77655 108 1 1 2 6 21
77657 91 1 1 2 6 20
77661 4 0 1 2 6 17
77663 73 1 1 2 6 27
77665 111 1 1 2 6 20
77667 50 1 1 5 6 19
77669 29 0 1 2 6 18
77672 38 0 1 2 6 18
77674 40 1 1 2 6 19
77764 52 1 1 3 6 20
77765 59 0 1 7 6 20
77766 50 1 1 3 6 20
77767 37 1 1 2 6 24
77769 124 1 1 8 6 19
77770 41 1 0 2 6 22
77771 50 1 1 2 6 18
77772 68 0 1 4 6 23
77773 12 1 1 2 4 22
77775 127 0 1 8 6 21
77776 99 1 1 0 6 19
77919 154 1 1 6 6 22
77920 35 1 1 2 6 20
77921 91 1 1 2 6 20
77922 42 0 1 2 6 20
77923 34 1 1 2 6 20
77924 39 1 1 5 6 16
77926 39 1 1 2 6 19
77927 38 1 0 2 6 18
77928 18 0 1 0 6 22
77929 75 1 1 8 6 19
77930 70 1 1 2 6 18
77932 168 1 1 2 6 21
77935 106 1 1 1 6 21
78010 72 1 1 2 6 20
78012 120 1 1 2 6 19
78014 43 1 1 6 6 21
78016 44 1 1 2 6 18
78018 41 1 1 1 6 26
78024 22 0 1 3 6 21
78026 31 1 1 0 6 21
78027 53 0 1 0 6 21
78029 71 1 1 2 6 19
78031 15 0 1 2 6 21
78032 57 0 1 2 6 20
78034 90 1 1 2 6 17
78035 40 0 1 1 6 25
78036 97 1 1 2 6 19
78038 116 1 1 2 6 19
78137 26 0 0 2 6 17
78139 176 1 1 2 6 20
78141 61 0 1 8 6 18
78143 77 1 1 2 6 18
78145 68 1 0 2 6 17
78146 116 1 1 8 6 21
78147 35 1 1 7 6 24
78149 78 1 0 2 6 18
78150 46 0 0 2 6 18
78152 30 0 1 2 6 17
78155 35 1 1 2 6 18
78156 200 1 1 6 6 19
78157 11 1 1 2 6 21
78159 50 1 0 2 6 18
78306 33 0 1 2 6 18
78307 66 0 1 2 6 19
78308 71 1 1 2 6 19
78309 149 1 1 6 6 19
78310 3 0 1 4 6 20
78312 13 0 1 2 6 24
78313 74 1 0 2 6 18
78314 52 1 1 2 6 23
78315 7 0 1 9 6 20
78317 116 0 1 2 6 19
78318 87 1 1 2 6 23
78320 85 0 1 6 6 20
78404 46 0 1 2 6 17
78406 110 1 1 7 6 21
78407 53 0 1 2 6 22
78408 20 1 1 6 6 20
78409 105 1 1 8 6 21
78410 107 1 1 6 6 21
78411 92 1 1 2 6 18
78413 126 1 1 8 6 24
78414 123 1 1 2 6 20
78415 49 1 1 2 5 18
78449 81 1 1 3 6 23
78454 161 1 1 2 6 19
78456 21 0 1 7 6 20
78457 62 1 1 1 6 21
78458 29 1 1 2 6 21
78459 83 1 1 2 6 22
78461 48 1 1 2 6 20
78463 191 1 1 2 6 18
78465 82 1 1 3 6 19
78466 40 0 1 6 6 19
78467 11 0 1 8 6 19
78517 47 0 1 2 6 17
78520 125 1 1 7 5 37
78524 29 0 0 2 5 18
78526 108 1 1 2 6 19
78527 21 0 1 7 6 22
78528 58 0 1 2 6 19
78529 79 1 1 6 6 18
78530 83 1 1 3 6 22
78569 51 1 1 2 6 18
78573 21 0 0 2 6 18
78575 127 1 1 2 6 20
78577 13 0 1 2 6 20
78578 58 1 1 2 6 21
78580 79 1 1 3 6 22
78581 19 1 1 2 6 19
