91146
19
551
91146 437 1 1 7 6 24
3905 148 1 0 2 6 16
4848 69 1 0 1 6 20
6741 55 0 0 6 6 15
10847 14 0 0 2 6 21
20221 220 1 0 0 6 20
24000 26 1 0 7 6 20
24862 199 1 0 9 6 20
27293 7 1 0 0 6 22
29183 34 1 0 5 6 14
31515 37 1 0 0 6 20
31788 9 0 0 0 5 18
34026 53 1 0 1 6 19
39460 211 0 0 3 6 15
42929 39 1 0 4 6 19
43096 86 1 0 0 6 15
45537 49 1 0 9 6 18
47212 192 1 0 7 6 17
47845 60 1 0 7 6 19
48609 25 1 0 4 6 34
51775 153 1 0 0 6 13
52301 82 1 0 7 6 13
54526 98 0 0 7 6 18
54666 140 1 0 7 6 14
54971 80 0 0 7 6 18
55157 32 1 0 7 6 17
55158 71 0 0 7 6 18
65818 91 1 0 6 6 24
68803 18 1 1 7 6 14
74722 86 0 0 7 6 20
76629 367 1 0 7 6 17
80481 158 1 0 7 6 17
85546 141 1 0 5 6 27
89024 96 1 0 7 6 16
90010 176 1 0 7 6 20
90478 87 1 0 7 6 17
91218 20 1 0 2 6 18
93715 181 1 0 0 6 19
97261 55 1 0 5 6 16
99315 445 1 1 7 6 16
99547 33 1 0 7 5 17
102648 148 0 0 6 6 25
104180 50 0 0 8 6 19
107257 32 0 0 1 6 16
108453 170 1 0 1 6 19
121048 66 1 0 6 6 20
123024 14 0 0 3 6 23
124980 275 1 0 1 6 36
131968 10 0 0 7 6 15
133294 23 0 0 6 6 19
133341 34 0 0 5 6 21
136074 91 0 0 4 6 14
136994 8 0 0 1 6 15
143101 113 1 0 7 6 20
145560 16 1 0 7 5 20
146360 47 0 0 5 6 16
147138 185 1 0 4 5 16
153409 133 1 0 6 6 20
153786 49 1 0 4 6 16
153884 163 1 0 1 6 15
156718 39 1 0 7 6 13
156901 82 1 0 7 6 18
160276 24 1 0 2 6 19
163033 68 0 0 7 6 19
163449 77 1 0 7 6 24
167233 34 0 0 4 6 26
167683 26 0 0 4 6 19
169233 161 1 0 9 6 20
172420 131 1 0 4 6 15
174158 33 1 0 7 6 17
174250 78 1 0 7 6 19
174517 265 1 0 6 6 20
175063 79 1 0 9 6 29
176732 128 1 0 7 6 15
179621 223 1 0 6 6 18
183821 81 0 0 7 6 14
184310 68 1 0 7 6 20
184316 80 0 0 2 6 18
185409 80 1 0 7 6 16
187847 27 0 0 4 6 15
189089 39 0 0 7 6 15
193267 147 1 0 1 6 16
208042 31 0 0 7 6 18
208354 212 1 0 6 6 15
211737 169 1 0 4 6 9
211898 51 1 0 0 6 22
223363 25 1 0 7 6 17
223364 102 1 0 7 6 18
223380 154 1 0 7 6 15
224217 108 0 0 7 6 23
224842 108 1 0 7 6 19
225584 31 0 0 7 6 16
226981 56 0 0 7 6 15
227276 193 1 0 7 6 15
228909 28 1 0 7 6 13
234981 44 1 0 0 6 15
244114 33 0 0 4 6 18
244269 21 1 0 7 6 18
245578 84 1 0 7 6 17
249059 14 0 0 7 6 17
253084 86 0 0 4 6 19
256192 81 0 0 8 6 21
258457 66 1 0 2 6 15
258515 8 1 0 4 6 17
258568 49 1 0 2 6 16
259717 43 1 1 7 6 20
259888 44 1 0 7 6 17
260454 122 1 0 7 6 18
261622 140 1 0 6 6 24
268063 289 0 0 8 6 16
269066 203 1 0 6 6 16
270569 20 1 0 4 6 13
270600 22 0 0 6 6 21
270699 49 0 0 8 6 18
272511 98 1 0 7 6 17
273685 90 1 0 7 6 17
275657 51 1 0 2 5 26
275769 8 0 0 8 6 22
276772 37 1 0 7 6 20
278618 83 1 0 8 6 28
278713 28 1 0 4 6 22
278870 75 1 0 8 6 26
280280 24 1 0 4 6 19
283197 273 1 0 9 6 23
285840 66 1 0 7 6 17
285895 51 1 1 7 6 19
286070 116 0 0 7 6 17
286074 55 1 0 7 6 19
286820 19 0 1 7 6 18
287033 155 0 0 4 6 16
287038 206 0 0 4 5 16
287044 271 1 0 1 6 18
289114 34 1 0 7 6 15
289328 28 0 0 6 6 20
290144 49 0 0 4 6 20
292921 35 0 1 4 6 20
296885 15 0 0 9 6 17
296933 7 1 0 4 5 20
297118 83 1 0 1 6 15
297425 236 1 0 1 6 28
298385 66 0 0 4 6 22
298603 157 1 0 4 6 28
300587 38 1 0 7 6 16
305965 78 1 0 2 6 29
308695 29 1 0 2 6 21
311151 89 1 0 6 6 16
317100 163 1 0 8 6 15
317428 141 1 0 8 6 23
318080 26 0 0 8 6 21
318462 542 1 1 6 6 38
318921 17 1 0 7 6 17
320225 115 0 0 8 6 16
320874 70 0 0 7 5 18
322495 41 1 0 5 6 19
327778 79 1 0 4 6 19
328530 15 0 0 0 6 22
329250 11 1 0 1 6 21
330398 32 1 0 4 6 26
330758 20 1 0 5 5 19
331075 27 1 0 1 6 21
331600 5 0 0 3 6 22
332629 42 1 0 6 6 19
335541 67 1 0 1 6 16
336376 60 1 0 1 6 20
337269 93 1 0 7 6 16
337279 63 1 0 7 6 15
337772 29 0 0 7 6 15
337862 149 1 0 7 6 16
341210 107 1 0 7 6 20
344370 103 1 0 8 6 18
346039 70 1 0 1 6 23
347937 99 1 0 3 6 19
349266 81 1 0 4 6 16
351411 137 1 0 6 6 13
351800 61 1 0 4 5 22
352025 16 1 0 1 6 25
352101 38 1 0 8 6 20
354370 283 1 0 2 6 18
355526 278 0 0 4 6 20
356070 258 1 0 8 6 16
356232 62 0 0 7 6 22
358025 95 0 0 7 6 20
360917 38 1 0 9 6 29
363271 18 1 0 2 6 25
365667 121 1 0 7 6 16
366905 36 1 0 7 6 21
367699 63 1 0 0 6 20
367848 46 0 0 1 6 19
367886 24 1 0 7 6 15
367887 40 1 1 2 6 15
367891 17 1 1 7 6 15
372356 145 0 0 7 6 16
372925 169 1 0 8 6 18
374568 100 1 0 4 6 19
382088 73 1 0 4 6 18
383319 91 0 0 4 6 16
386132 50 0 0 7 6 17
386667 47 0 0 7 6 15
389573 62 1 0 7 6 14
389752 68 1 0 7 6 21
390377 45 1 0 9 6 1
391337 31 1 1 7 6 19
394077 35 1 1 7 6 16
394193 113 1 0 7 6 14
401063 73 0 0 7 6 16
405196 180 1 0 8 6 20
409318 17 1 0 1 6 21
416853 20 0 1 7 6 16
419255 53 1 0 7 6 16
423511 91 1 0 8 6 15
424663 146 1 0 4 6 16
425942 54 1 0 9 6 18
427688 45 1 0 1 6 16
437544 73 1 0 7 6 14
438950 42 0 0 8 6 18
441373 12 1 0 2 6 14
441535 160 1 0 7 6 18
442524 68 0 0 2 6 26
442747 71 1 0 7 6 20
444220 11 1 0 6 6 12
445389 75 1 0 7 6 17
445920 81 1 0 6 6 17
446498 89 1 0 6 6 17
454996 52 0 0 5 6 15
456632 29 1 0 1 6 23
457213 23 1 0 6 6 31
459410 44 1 0 8 6 20
462663 318 0 0 4 6 16
467026 87 1 0 1 6 14
467452 64 1 0 1 6 20
467480 18 1 0 4 6 22
468440 51 1 0 2 6 20
468698 56 1 0 7 6 17
469511 144 1 0 6 6 19
470703 24 1 0 6 6 29
471791 49 1 0 9 6 29
472768 16 1 0 7 6 14
473047 71 1 0 7 6 12
476126 32 1 0 6 6 19
481961 85 1 0 7 6 13
483726 86 1 0 7 6 19
483886 110 1 0 7 5 20
484368 43 1 0 7 6 16
484993 48 1 0 7 6 16
487520 18 0 0 7 6 27
487825 82 1 0 7 6 14
489832 30 1 0 8 6 13
496013 34 0 0 7 6 16
498129 69 1 0 7 6 17
498347 27 0 0 7 6 17
505701 18 1 1 7 6 14
506404 129 1 0 8 6 15
507195 27 1 0 1 6 19
507620 22 1 0 7 6 16
508444 78 1 0 8 6 17
509036 74 1 0 6 6 13
511159 26 1 0 6 6 13
511271 87 1 0 6 6 16
522406 183 1 0 4 6 17
522866 128 1 0 4 6 17
523588 24 1 0 6 6 17
525337 24 1 0 1 6 24
525706 39 1 0 6 6 23
530374 80 1 0 7 6 16
531449 4 1 0 1 6 21
531993 15 1 0 9 6 16
531996 11 1 0 8 6 12
533561 17 1 0 9 6 17
533571 105 1 0 8 6 18
538817 32 1 0 9 6 15
540389 41 1 0 7 6 15
542917 29 0 0 4 5 21
553643 11 1 0 4 6 28
559387 19 0 0 7 6 19
565097 32 1 0 6 6 21
565397 64 1 0 9 6 17
566713 77 1 0 9 6 24
570778 40 1 0 2 6 23
575843 50 1 0 7 6 12
587216 32 0 0 7 6 20
606864 16 1 1 7 6 17
611920 50 1 0 7 6 26
614532 81 1 0 9 6 13
614983 89 1 0 4 6 12
615598 61 1 1 7 6 18
615779 30 1 0 4 6 15
620018 11 1 0 4 5 18
624093 71 1 0 7 6 14
627072 11 0 0 8 6 22
633966 16 1 1 7 6 19
634043 18 1 1 7 6 14
634046 32 1 1 4 6 14
635047 15 1 1 7 6 13
635438 48 1 1 7 6 16
635677 10 1 0 7 6 17
636190 32 1 0 7 6 24
639531 66 1 0 6 6 22
642930 38 1 0 8 6 17
642946 148 1 0 6 6 14
655011 48 1 0 6 6 12
661783 16 1 1 7 6 14
664561 3 0 0 1 6 23
671439 66 1 0 6 6 14
672244 130 0 0 8 6 16
672603 41 1 0 1 6 21
675664 54 1 0 7 6 18
676427 28 0 0 7 6 15
681971 28 1 0 2 6 14
686310 38 1 0 7 6 16
688402 36 1 0 4 6 16
693288 55 0 0 6 6 22
694885 54 1 0 2 6 17
695489 43 1 0 7 6 17
706404 9 1 0 9 6 15
707819 18 1 1 7 6 17
711410 38 1 0 5 6 13
712731 20 0 0 7 6 19
713015 9 1 0 8 6 21
715363 20 0 0 1 6 22
718315 11 1 0 9 6 22
721251 10 1 0 7 6 25
724890 6 1 0 4 6 15
728468 34 1 0 4 6 27
734148 7 1 0 2 6 23
736091 12 0 0 5 6 23
739238 29 1 0 6 6 17
744342 11 1 0 8 6 18
748275 19 1 0 0 6 15
750240 73 1 0 2 6 17
754187 27 1 0 8 6 13
754879 56 1 0 8 6 15
758632 15 0 0 8 6 25
760089 69 1 0 7 6 15
768270 17 0 0 9 6 19
769031 89 1 0 7 6 15
771798 38 1 0 1 6 21
774442 52 0 0 7 6 26
775481 60 1 0 4 6 31
779207 7 0 0 7 5 18
779227 1 1 0 7 6 15
779235 24 1 0 7 6 16
779277 20 0 0 7 6 19
781426 14 0 0 6 6 15
781955 18 1 0 5 6 14
783491 69 1 0 8 6 13
788006 40 1 0 7 6 21
795545 5 0 0 7 5 21
806991 47 1 0 7 6 15
807001 44 1 0 7 6 16
818843 119 1 0 4 5 20
819641 1 0 0 0 6 16
819701 2 1 1 7 6 16
828221 32 1 0 2 6 14
829952 47 1 0 7 6 17
832596 14 1 0 7 6 13
834938 5 1 0 4 5 20
834944 9 1 1 7 6 26
834946 4 1 1 7 6 26
835163 11 1 1 9 6 17
835209 4 1 0 8 6 15
835210 22 1 1 8 6 8
835211 4 1 1 4 6 28
835212 16 1 0 8 6 17
835213 45 1 0 2 6 19
835218 12 1 0 6 6 22
835219 9 1 0 2 6 13
835241 1 1 0 1 6 12
835242 20 1 0 2 6 12
835243 13 1 1 7 6 25
835245 13 1 0 7 6 16
835246 34 1 0 7 6 17
835264 34 1 1 7 6 18
835266 8 1 0 7 6 11
835267 4 1 1 1 6 24
835283 22 1 0 1 6 23
835284 14 1 0 7 6 13
835285 27 1 0 7 6 12
835286 9 1 0 7 6 18
835370 12 1 0 8 6 18
835371 4 1 0 4 5 21
835376 5 1 0 7 5 23
835382 2 0 1 2 6 15
835393 36 1 0 7 6 14
835394 6 1 0 7 5 18
835396 7 1 0 1 6 16
835427 8 1 1 7 6 15
835428 1 1 0 2 5 29
835429 8 1 0 1 6 21
835444 30 1 0 9 6 20
835445 5 1 0 7 6 14
835447 24 1 0 4 6 18
835452 57 1 0 7 6 19
835465 8 0 1 7 6 41
835466 3 1 0 2 5 29
835492 20 1 1 7 6 28
835493 11 1 0 6 5 16
835494 9 1 0 2 5 19
835498 17 1 0 6 6 16
835499 11 1 1 7 6 14
835500 33 1 0 6 6 17
835528 13 1 0 7 6 15
835529 7 1 0 2 6 22
835559 8 1 0 6 6 29
835560 3 1 0 7 6 21
835561 46 1 0 6 6 17
835562 14 1 0 9 6 13
835563 1 1 0 6 6 18
835564 2 1 1 1 6 25
835565 2 1 1 7 6 25
835566 6 1 1 7 6 26
835567 1 1 0 8 6 16
835606 17 1 0 2 6 25
835607 3 1 1 7 6 22
835609 2 0 0 8 6 14
835610 16 1 0 6 6 12
835611 1 1 0 4 6 17
835612 21 1 0 7 6 20
835627 2 1 0 7 5 21
835628 15 1 0 7 6 30
835629 12 1 0 9 6 17
835630 72 1 0 7 6 18
835631 13 1 1 7 6 28
835648 7 1 0 2 6 16
835649 19 1 0 6 5 23
835650 10 1 0 8 6 23
835668 2 1 0 1 5 22
835894 19 1 0 2 6 12
835951 5 0 0 0 6 18
835953 14 0 0 7 6 30
835973 4 0 1 7 6 22
835989 27 0 0 7 6 23
836001 24 0 0 7 6 23
836030 9 0 0 4 6 17
836083 23 1 0 2 6 28
836085 24 0 0 7 6 14
836122 34 0 0 7 6 13
836136 4 1 1 7 6 16
836149 11 0 1 7 6 26
