282535
19
548
282535 439 1 1 2 6 20
15359 60 0 0 4 6 19
17549 32 1 0 0 6 13
19330 119 1 0 0 6 15
20342 104 0 0 4 6 16
22973 20 1 0 2 5 12
25101 196 0 0 5 6 19
25385 26 0 0 0 6 15
27737 124 1 0 0 6 17
29896 373 1 1 5 6 12
32849 139 1 0 4 6 16
38843 59 1 0 0 6 13
39767 125 0 1 2 6 13
39769 227 1 0 2 6 16
39983 25 1 0 2 6 12
40873 50 1 0 4 6 16
42388 35 1 0 3 6 13
43591 32 0 0 7 6 15
44223 24 1 0 0 6 12
45589 12 1 0 0 6 13
46047 131 1 0 1 6 19
47849 128 1 0 8 6 17
53805 96 1 0 3 6 16
56266 208 1 0 7 6 13
56502 38 0 0 4 6 14
59852 276 1 0 6 6 13
61853 74 1 0 7 6 12
62124 42 1 0 5 6 12
62446 36 0 0 7 6 13
62717 203 1 0 2 6 16
63003 458 1 0 8 6 20
69498 12 1 0 5 6 12
71434 65 1 0 6 6 22
73489 115 1 0 2 6 18
73834 11 1 0 0 5 12
80491 31 1 0 3 6 12
80861 84 1 0 0 6 18
82539 54 1 0 0 5 12
84397 46 0 0 4 5 17
85918 25 1 0 1 5 12
88512 61 1 0 8 6 19
90164 39 0 1 2 6 13
90809 94 1 0 3 6 12
90987 133 1 0 2 6 18
92796 173 1 0 5 6 18
93354 302 0 0 6 6 18
93616 31 0 0 2 6 13
93711 30 0 0 8 6 18
93783 89 1 0 0 6 20
98703 32 0 0 0 6 18
100090 480 1 0 3 6 13
111394 153 1 0 2 6 19
111495 68 1 0 2 6 19
113212 85 0 0 2 6 17
114113 49 0 0 0 6 19
114303 38 0 0 6 5 17
114638 45 1 0 0 6 12
119219 79 1 0 2 6 24
120720 13 1 0 0 6 12
120877 63 1 0 2 6 12
127780 20 1 0 0 5 13
127890 26 1 0 0 5 14
127959 78 1 0 0 6 13
133110 64 0 0 5 6 13
134687 32 0 0 1 6 17
135110 26 0 0 0 6 14
141945 50 1 1 2 5 112
143569 89 1 0 6 6 17
147297 101 0 0 1 6 16
148229 27 1 0 2 6 13
151709 22 0 0 0 5 12
153344 50 1 0 2 6 12
154539 10 1 0 2 5 17
154664 18 1 0 9 5 16
157071 51 1 1 5 6 9
161405 143 0 0 8 6 18
161680 80 0 0 5 6 17
162873 144 1 1 2 6 21
166716 25 1 0 2 6 16
170824 95 1 0 2 6 13
170862 12 0 0 8 6 12
171315 12 0 0 2 6 12
172618 57 1 0 3 6 13
175901 11 1 0 2 6 18
176107 61 0 0 2 6 24
181936 43 1 0 2 6 12
181956 158 1 0 8 6 14
183178 18 0 0 0 6 16
185506 32 1 0 1 6 13
188472 64 1 0 0 6 18
190168 27 1 0 2 6 13
190269 132 1 0 7 6 19
194389 46 1 0 2 6 13
194828 71 1 0 1 6 15
203430 17 1 1 9 6 13
205112 127 1 0 1 6 15
212043 37 1 0 0 6 13
212108 48 1 0 2 6 13
215165 207 1 0 0 6 19
217533 24 1 0 5 6 12
219248 15 1 0 3 6 12
221206 91 1 0 3 6 16
224998 109 1 0 2 6 14
227116 62 0 0 3 6 14
227612 34 0 0 2 6 13
228843 39 1 0 7 6 12
228909 28 1 0 7 6 13
231528 46 1 0 0 6 12
232012 19 1 0 0 6 12
233522 10 1 0 2 5 12
241379 47 0 0 0 6 16
245818 31 1 0 6 6 13
252802 16 1 0 2 5 12
255406 14 1 0 0 5 12
255526 51 1 0 2 6 13
256333 84 0 0 4 6 16
256553 110 1 0 2 6 13
256556 43 1 0 3 6 16
257085 35 1 0 6 6 15
258567 21 1 0 1 6 12
258661 48 1 0 2 6 12
263813 15 1 0 0 6 13
265346 79 0 0 9 6 20
270265 5 1 0 0 6 12
272426 68 1 0 6 6 17
280303 125 1 0 0 6 12
281778 114 1 0 1 6 19
282429 127 0 0 8 6 16
283357 67 1 0 3 6 16
283944 31 1 0 2 5 18
285954 69 1 0 2 6 13
286065 124 1 0 7 6 17
290991 80 1 0 8 6 17
291661 102 1 0 5 6 12
298525 106 0 0 0 6 12
300574 162 1 0 3 6 13
300681 89 1 0 3 6 12
310263 66 1 0 5 6 14
312935 79 0 0 1 6 13
313741 56 1 0 0 6 14
317883 9 1 0 9 5 17
318017 21 1 0 2 5 12
326930 111 1 0 4 6 18
339997 55 1 0 1 6 15
341597 48 1 0 4 5 16
343925 24 1 0 2 6 12
346078 29 1 0 6 6 13
348126 12 1 0 5 6 13
349916 51 1 0 8 6 19
349953 44 0 0 8 6 17
355794 8 1 0 2 6 12
366521 27 1 0 7 6 13
369580 19 1 0 0 6 13
369869 3 1 1 5 5 9
372693 31 1 0 7 6 12
374207 37 1 0 6 6 13
375956 66 1 0 2 5 11
376303 67 1 0 2 6 14
378457 139 1 0 4 5 14
383944 47 0 0 4 6 16
388413 44 0 0 4 6 17
389871 45 1 0 6 6 19
393992 36 1 0 8 6 12
395083 11 0 0 4 6 17
397264 28 1 0 6 6 13
401050 44 1 0 2 5 29
402717 30 1 0 2 5 12
404572 24 1 0 3 6 13
404867 5 1 0 0 6 12
417677 33 1 0 2 6 14
419654 88 1 0 7 6 14
420837 32 1 0 3 6 12
421675 23 1 0 5 6 13
423433 17 1 0 0 6 12
434188 60 1 1 2 6 17
438116 24 0 0 6 6 13
441075 86 1 0 6 6 13
445554 35 1 1 2 6 13
448143 114 1 0 2 6 17
450188 18 0 0 6 6 15
450316 14 1 0 6 6 12
454395 64 0 0 7 5 12
459938 11 0 0 2 6 12
467556 29 1 1 2 6 15
467663 37 1 0 2 5 13
467782 46 1 0 1 6 15
467941 17 1 1 2 6 22
469085 46 1 0 3 5 15
470115 75 1 0 6 6 16
471385 13 0 1 8 5 14
472041 32 1 0 0 6 12
472091 42 1 0 0 6 16
473391 18 1 0 2 6 12
475193 35 1 0 9 6 13
476668 40 0 0 0 6 13
480707 23 1 0 5 6 13
482776 5 1 0 0 6 13
489219 28 1 0 1 5 17
495499 33 1 0 0 6 13
496995 81 1 0 6 6 12
504674 8 0 1 2 5 12
504891 26 1 0 2 6 13
508381 10 1 0 7 6 13
509202 57 1 0 1 6 13
510669 97 1 0 4 6 13
510782 184 1 0 6 6 12
514609 6 1 0 0 6 22
517892 47 1 0 9 6 17
518114 74 1 0 9 6 12
518171 19 1 0 5 6 12
518634 142 1 0 9 6 16
519160 22 1 0 8 6 13
521578 49 1 0 6 6 12
521921 84 1 0 0 5 10
522084 42 1 0 1 5 12
523170 6 1 0 2 5 13
523269 17 0 0 3 6 12
529504 13 1 0 2 6 12
532668 4 1 0 6 5 13
533681 31 0 0 2 6 13
533935 43 1 0 3 6 16
535056 17 1 0 7 6 12
536860 2 1 0 0 5 13
538231 13 1 0 5 6 12
539371 17 1 0 0 6 13
540305 22 1 0 7 6 16
549643 53 1 0 6 5 13
550388 6 1 0 0 6 13
564874 49 1 0 8 6 13
564931 27 0 0 2 6 13
572662 28 1 0 0 6 12
573817 95 1 0 0 6 12
574218 23 1 0 0 6 13
582780 34 1 1 2 6 24
583127 6 1 1 2 5 12
584681 6 1 0 2 6 13
586652 27 1 0 6 6 13
592196 34 1 0 6 6 12
596983 3 0 0 7 5 12
597252 48 1 0 2 6 11
601111 15 1 0 3 6 13
608542 8 1 0 2 6 16
611586 51 1 0 8 6 18
616361 23 1 0 7 6 19
620179 49 1 0 6 6 18
621692 59 1 0 2 6 12
624344 7 1 0 1 6 13
630059 36 1 0 7 6 12
633654 17 1 0 3 6 11
634603 34 1 0 7 6 12
635887 51 1 0 0 6 12
635967 3 0 0 2 5 12
637672 26 1 0 6 6 12
641194 10 1 0 2 6 12
642944 59 1 0 2 6 15
644612 35 1 0 2 6 13
650237 66 0 1 8 6 19
653774 27 1 0 2 6 13
653889 10 1 0 2 6 16
653982 7 0 1 2 5 13
660362 3 0 0 5 5 13
666880 18 1 0 3 6 12
668158 43 1 0 2 6 12
668184 30 1 0 2 6 12
670425 41 1 0 2 6 12
678885 21 1 0 3 6 11
688337 15 1 0 2 5 13
688724 21 1 0 2 6 12
692144 26 1 0 7 6 16
700905 141 0 0 6 6 13
700998 21 1 0 2 5 24
701315 19 1 0 2 6 12
702276 21 1 0 2 6 12
705827 78 0 0 2 6 12
706307 45 1 0 2 6 13
706950 39 1 0 8 6 13
707500 24 1 0 2 6 18
713486 27 1 0 6 6 13
715016 16 1 0 2 6 12
715039 20 1 0 2 6 13
718652 56 1 0 8 6 12
721049 17 1 0 6 6 12
721074 24 1 0 4 6 14
721562 26 1 0 2 6 9
721639 53 1 0 2 6 26
721662 70 1 1 2 6 32
738782 61 1 0 2 6 12
740932 11 1 0 0 6 13
748882 21 1 0 0 5 13
748915 19 1 0 7 6 12
750442 30 1 0 2 5 12
752670 23 0 0 2 5 15
755646 33 1 0 8 6 13
757602 46 1 0 7 6 13
765741 2 0 0 0 6 19
766622 16 1 0 3 6 15
767328 27 1 0 2 5 12
770659 1 1 0 2 5 13
774271 38 1 0 2 6 13
775384 31 1 0 2 6 19
775385 45 1 0 2 6 12
779910 17 0 0 8 6 12
783278 6 1 0 6 5 13
789872 28 0 0 5 6 18
790167 32 1 0 3 6 12
793245 57 1 0 5 6 12
796210 23 1 1 2 6 14
797367 34 1 0 0 6 12
797623 45 1 0 6 6 13
802624 26 1 0 4 5 12
803550 24 0 0 6 6 18
804078 6 1 0 4 5 13
804696 17 1 0 3 6 13
806654 19 1 0 2 6 12
808091 9 1 0 5 6 13
808852 16 1 1 5 5 10
811401 13 1 0 7 6 13
811566 7 1 0 2 5 14
813215 51 1 0 5 5 12
815855 7 1 0 2 5 12
819942 72 1 0 2 6 16
825155 12 1 0 1 6 20
828614 16 1 1 7 6 20
828932 5 1 0 2 6 13
830853 7 1 0 2 6 12
832831 28 1 0 2 6 12
834556 4 1 0 6 5 12
834808 8 1 0 2 6 14
835294 20 1 1 2 6 15
835452 57 1 0 7 6 19
837994 7 1 0 2 6 13
839532 36 1 0 8 6 13
844114 24 1 0 2 5 1
851601 10 1 0 0 6 19
852477 12 1 0 3 6 12
853586 35 0 0 0 6 13
854847 21 1 0 7 6 13
872974 33 1 0 2 6 13
878787 99 1 0 2 6 13
882366 8 1 0 2 5 13
886447 22 1 0 8 6 13
902584 14 1 0 2 5 12
902791 33 1 0 6 5 19
906893 8 1 0 7 5 12
906923 8 1 0 0 6 12
909273 28 1 0 8 6 13
917168 8 1 0 1 6 15
918183 12 1 0 2 5 8
918190 15 1 0 2 6 5
919293 35 1 0 2 6 13
942991 21 1 0 0 5 12
946763 4 1 0 4 5 12
947509 73 1 0 2 6 12
948352 19 1 0 7 5 13
952600 9 0 0 7 6 15
956396 23 1 0 6 6 12
956737 20 1 0 2 6 13
961281 11 1 0 2 6 18
966347 2 1 0 2 5 14
967393 47 1 0 8 6 13
969515 8 1 0 7 5 12
971455 10 1 0 8 6 13
973608 9 1 0 2 6 12
983218 4 1 0 0 6 13
985115 6 1 0 6 5 12
988755 40 1 0 8 6 10
996100 11 1 0 8 6 12
996943 58 1 0 2 6 12
1002696 21 1 0 7 6 12
1003739 43 1 0 2 6 15
1007531 18 1 0 2 6 12
1011431 19 1 1 1 6 15
1015684 6 1 0 2 5 14
1018827 11 1 0 2 6 12
1020625 9 1 0 2 6 12
1025492 36 1 1 6 6 13
1028966 18 1 0 1 6 12
1040450 9 1 1 2 5 10
1042725 29 1 0 8 6 13
1063823 12 1 0 0 6 12
1066945 15 1 0 6 6 13
1069800 6 1 0 7 6 14
1070330 7 1 0 2 6 14
1092939 3 1 0 5 6 14
1099523 7 1 0 0 6 12
1101541 6 1 0 8 6 13
1112139 12 1 0 6 5 12
1116460 22 1 0 2 5 12
1123056 2 0 0 3 6 13
1132022 8 1 1 2 5 16
1134408 10 1 0 6 6 12
1140951 4 1 0 7 5 12
1144300 5 1 0 3 6 14
1188262 10 1 0 8 5 13
1191367 13 1 0 2 5 13
1198447 7 1 0 3 6 12
1200542 25 1 0 6 5 13
1203086 5 1 0 2 6 13
1203402 1 1 0 2 6 13
1203422 5 1 0 0 6 12
1203464 5 1 1 2 5 18
1203468 18 1 0 8 5 12
1203470 1 1 0 2 6 18
1203471 6 1 0 2 6 29
1203472 15 1 1 2 6 10
1203483 1 1 0 2 5 15
1203491 1 1 0 2 5 18
1203492 1 1 0 2 5 15
1203493 1 1 0 2 5 14
1203494 10 1 0 1 6 12
1203497 5 1 0 5 5 12
1203498 6 1 0 7 5 15
1203502 2 0 0 3 5 13
1203509 1 1 0 2 5 12
1203510 7 1 0 5 5 13
1203513 1 1 0 2 5 14
1203516 1 1 0 2 5 15
1203517 2 1 0 2 5 15
1203519 11 1 1 5 5 11
1203562 8 1 0 8 6 12
1203579 14 0 0 6 6 13
1203603 3 1 0 2 6 13
1203604 1 1 1 2 5 13
1203615 6 1 0 9 5 13
1203628 1 1 1 9 5 13
1203629 1 1 0 1 5 16
1203630 13 1 0 7 6 12
1203631 14 1 0 4 5 12
1203678 2 1 0 9 5 13
1203679 2 1 0 0 5 13
1203680 2 1 1 2 6 15
1203681 1 1 0 3 5 13
1203703 1 1 0 8 5 13
1203704 1 1 0 6 5 12
1203714 2 1 0 2 6 11
1203716 3 1 0 2 5 13
1203717 1 1 0 2 5 12
1203718 1 1 0 8 5 12
1203731 10 1 0 3 6 12
1203757 1 1 0 2 5 14
