259340
19
547
259340 441 1 0 8 6 16
24440 379 1 0 8 5 19
31791 134 0 1 6 6 18
35322 516 1 1 6 6 24
39508 20 0 1 8 6 23
43260 147 1 0 8 6 19
45535 90 1 1 6 6 22
46403 449 1 1 1 6 29
59122 24 1 1 4 5 16
61712 15 1 1 8 6 12
62431 38 1 1 8 6 16
72352 91 0 1 8 6 15
72733 177 1 1 6 6 20
72738 122 1 1 6 6 18
75495 319 1 1 9 6 19
77312 205 1 1 6 6 16
79735 47 1 1 8 6 18
79742 24 1 1 8 6 17
79803 290 0 1 8 6 19
81118 36 1 1 8 6 17
83591 66 0 1 8 6 18
85144 140 1 1 7 6 15
85771 69 1 1 6 6 17
85987 73 1 1 6 5 17
87802 100 0 1 8 6 22
87859 237 1 1 8 6 18
88953 172 1 1 8 6 16
88956 173 1 1 8 6 15
89059 51 0 1 8 6 16
89185 70 1 1 8 6 16
91426 632 1 0 4 6 20
91687 146 1 1 8 6 16
91749 52 1 1 2 6 17
92044 61 0 1 7 6 17
92825 96 0 1 6 6 22
109534 118 1 1 8 6 20
121482 66 0 1 4 6 18
121762 21 1 1 8 6 17
125167 142 1 0 8 5 16
125252 42 1 0 6 6 18
130946 443 0 1 8 6 18
133973 61 0 1 6 6 22
137956 577 1 1 6 6 16
140462 54 1 1 8 6 21
143282 47 1 1 8 6 15
144570 180 1 1 8 6 14
149642 115 1 1 8 6 20
149992 166 1 1 8 6 17
150021 231 0 1 6 6 20
154379 119 1 1 8 5 16
155141 90 1 0 8 5 19
155575 215 0 1 8 6 16
156073 172 1 1 4 6 17
156075 127 0 1 8 6 18
156422 227 1 1 8 6 19
164069 156 1 0 8 6 18
164071 147 1 1 8 6 18
164627 126 1 0 8 5 17
164802 109 0 1 8 6 28
165378 228 1 1 4 6 18
166496 62 1 0 8 6 16
166631 233 1 1 8 6 22
172142 139 1 1 8 6 17
172860 245 0 0 4 6 17
175456 54 1 0 4 6 29
175519 60 1 0 8 6 21
177602 271 1 1 8 6 16
177948 118 0 1 8 6 16
185384 332 1 1 4 6 19
208650 99 1 1 8 6 23
211808 88 1 1 8 5 17
212857 182 0 1 8 6 21
212933 286 1 1 8 6 19
214126 180 1 1 4 6 17
215261 60 0 1 4 6 17
222867 57 0 1 8 6 15
229148 44 1 0 8 6 16
234356 71 1 0 2 6 20
239196 59 1 1 8 6 18
239693 74 0 1 4 6 19
240974 179 1 1 6 6 16
241057 293 1 1 8 6 21
241499 146 1 1 8 6 22
246489 73 1 0 8 6 23
255593 91 1 1 8 6 19
255651 72 0 1 8 6 21
255656 140 1 0 8 6 18
264020 67 1 1 8 6 19
275745 126 1 0 4 6 22
279050 252 1 1 8 6 17
282475 139 1 1 8 6 16
282531 137 1 1 4 6 20
282569 68 1 0 8 6 23
283923 156 0 1 8 6 19
285387 202 1 0 8 6 15
288060 45 1 0 4 5 20
288763 124 0 0 8 5 19
289390 83 1 1 8 6 17
295696 131 1 0 8 6 21
298297 149 1 0 4 5 19
299785 260 1 0 8 6 20
313317 138 0 0 8 6 18
313570 124 1 0 6 5 19
319549 203 1 1 6 6 19
321337 161 1 0 8 5 19
323144 186 1 1 4 6 19
334029 136 1 1 8 6 19
334840 50 0 0 6 6 20
335067 100 0 1 8 6 20
335075 263 1 1 4 6 22
335146 50 0 1 6 6 31
335374 18 1 0 7 5 19
335412 16 0 1 8 6 28
335598 190 1 1 8 6 18
335760 62 0 1 6 6 19
336897 204 1 1 6 6 19
340396 99 1 1 8 6 18
352151 155 1 1 8 6 20
352486 37 0 1 8 6 20
355381 4 1 1 8 6 16
355470 88 1 1 8 6 18
356394 104 1 0 8 6 16
363799 153 1 1 4 6 17
366817 85 1 0 8 6 18
368315 360 1 1 4 6 18
368803 78 1 1 8 6 18
369721 95 1 1 8 6 16
369724 111 1 0 8 6 17
369727 71 1 0 8 5 20
369728 90 1 0 8 6 17
369872 171 0 0 8 6 17
369874 120 1 0 8 6 23
369876 112 1 1 8 6 16
369920 71 1 0 8 6 17
369923 36 0 1 8 5 16
369925 75 1 0 8 6 16
369951 49 1 1 4 6 22
369956 64 1 1 8 6 18
370038 129 1 0 8 6 27
370039 148 0 0 4 6 21
370040 69 1 0 8 6 26
370505 27 1 0 2 6 20
370508 51 1 0 8 5 19
370646 55 0 1 4 5 19
371164 55 1 1 2 6 19
371420 169 1 1 6 6 19
371427 71 1 1 4 6 20
371468 9 0 0 8 6 18
371528 25 1 0 8 6 15
371596 209 1 1 8 6 18
371607 60 1 0 6 6 16
371609 15 0 0 8 6 18
371707 19 1 0 8 5 16
371808 49 1 1 8 6 20
372134 272 1 1 8 6 16
372137 167 1 1 8 5 15
372713 117 1 1 8 6 19
372721 108 1 0 8 6 30
372780 56 0 1 4 6 19
372781 49 1 1 8 6 19
372914 42 1 1 8 6 17
372921 198 1 0 8 6 20
372945 30 0 1 8 6 17
372955 131 1 1 8 6 20
372973 48 1 1 8 6 21
372974 51 1 0 8 5 19
373003 93 1 1 8 6 18
374208 98 1 1 8 6 18
374213 19 1 1 8 5 19
374250 40 1 1 8 5 20
374586 91 1 1 6 6 21
375479 66 1 1 8 6 16
375483 96 1 1 8 6 17
375989 120 1 1 8 6 16
379115 67 1 0 2 6 19
381888 89 1 1 4 5 21
382504 68 1 1 8 6 19
383702 50 1 1 6 6 22
386201 76 1 0 4 6 15
390666 40 0 1 8 6 22
395688 25 1 1 8 6 16
397245 67 1 0 8 6 15
397665 97 0 1 8 6 15
397687 352 1 1 8 6 15
399411 70 1 1 7 6 19
399798 31 1 1 8 6 25
399871 55 1 1 8 5 19
401524 37 0 1 6 6 16
402501 96 1 1 8 6 17
402781 61 1 1 6 6 16
407017 119 1 1 6 6 24
408128 106 1 1 8 6 16
408602 127 0 1 4 6 19
409856 27 0 1 6 6 40
413725 102 0 1 8 6 15
416043 15 0 0 8 6 21
420299 18 1 1 1 5 19
424191 211 1 1 8 6 20
426391 28 1 0 8 6 18
426694 20 1 1 8 6 17
429116 53 0 1 8 6 21
430642 106 1 0 8 6 16
430699 156 1 0 4 6 16
430861 51 1 1 8 6 19
432159 68 1 0 8 6 17
432460 54 1 0 9 6 17
432796 52 1 0 8 6 22
432800 27 1 0 8 6 18
432976 113 1 0 8 6 15
432980 146 1 0 8 6 18
432990 113 1 0 8 6 16
433107 128 1 0 4 6 16
434869 58 1 0 8 6 19
435073 38 1 0 8 5 27
435543 26 0 1 8 6 25
435723 126 1 0 8 5 16
437613 100 1 0 8 6 15
448878 83 1 0 8 6 40
452327 23 0 0 8 6 22
457674 43 1 1 8 6 17
459013 162 1 0 8 6 16
459124 137 0 1 4 6 21
459580 47 1 1 8 6 24
461095 94 0 0 4 6 20
462619 114 1 0 4 6 23
462701 54 1 1 8 5 16
469967 165 1 0 8 6 18
470895 80 1 1 8 6 19
482737 145 1 1 8 6 19
483311 113 1 1 8 6 18
491351 67 1 0 8 6 23
496905 60 1 1 6 5 18
503540 19 1 1 2 6 21
503575 25 1 1 2 6 18
505238 78 1 1 6 6 16
505289 117 0 1 6 6 19
506379 57 1 1 8 6 19
507236 119 1 1 7 6 19
507700 28 1 1 8 6 17
507703 33 1 1 8 6 18
508082 64 1 1 8 6 17
509119 213 1 1 8 6 17
509321 19 1 1 6 5 18
510660 170 1 0 4 6 21
510984 52 0 1 4 6 29
510989 137 1 1 8 6 20
511883 83 1 1 6 5 17
512296 64 1 1 6 6 30
512323 67 1 1 8 6 14
512551 89 0 1 8 6 15
512880 171 1 0 8 6 17
513225 230 1 1 4 6 17
514001 62 1 1 8 6 19
514199 147 1 1 6 6 21
514600 132 1 1 6 6 19
517688 86 1 1 8 5 18
517901 30 1 1 6 6 20
517931 27 1 1 8 5 20
517972 24 1 1 8 5 16
518215 34 1 1 8 6 18
518971 72 0 1 6 5 24
519007 114 1 1 6 5 18
519208 150 1 1 6 6 20
519370 112 1 1 4 6 19
519605 16 1 1 8 6 16
520227 35 1 1 8 6 26
520278 52 1 1 6 5 20
521118 61 0 1 6 6 20
521530 156 1 1 6 6 19
521614 22 0 1 8 6 16
521658 94 1 0 6 6 19
522423 32 1 1 8 6 19
523513 68 1 1 2 6 18
523739 34 0 1 1 6 20
523786 79 1 1 8 6 19
524075 96 1 0 4 6 27
525214 48 1 0 4 6 23
526185 77 1 1 8 5 18
530909 49 1 0 8 5 20
532722 19 1 0 6 5 16
533851 115 1 1 6 6 21
538542 91 1 1 8 6 19
544096 11 1 0 8 6 16
544224 68 1 1 8 6 22
544432 17 1 1 6 6 19
544520 23 1 0 8 6 20
544523 22 1 1 8 6 21
552393 21 1 1 8 6 21
563254 64 1 1 6 5 17
564333 105 1 1 8 6 32
564635 19 1 1 8 6 30
564920 83 1 1 6 6 19
572456 25 1 0 5 6 17
576146 25 1 1 4 6 15
576760 44 1 0 8 5 15
577209 44 1 0 8 5 28
582333 101 1 0 2 6 38
582756 64 1 0 6 6 20
585740 25 1 0 8 6 12
589649 23 0 0 8 6 112
601409 40 1 1 8 6 16
602676 57 0 0 4 6 16
607103 84 1 1 8 6 16
608199 99 1 1 8 6 21
612915 15 1 1 8 6 28
615161 9 1 1 8 6 17
615187 12 1 1 8 5 24
617282 47 1 1 8 5 9
627196 36 0 1 4 6 20
627842 60 1 1 8 6 18
627954 43 1 0 8 6 20
628636 26 0 1 4 5 19
633518 13 1 0 8 5 17
633585 8 1 1 8 5 17
633627 10 1 1 8 6 17
644488 76 1 0 4 5 14
645064 62 1 1 8 6 35
662683 39 1 0 8 6 8
667780 45 1 1 8 6 17
670690 15 1 0 8 6 28
676448 52 1 1 6 6 20
679330 12 1 0 8 6 27
679406 36 1 1 7 6 42
679592 34 1 1 8 6 17
679790 80 1 1 8 6 19
680003 23 1 1 8 6 20
682770 58 1 1 4 6 30
686261 46 0 1 6 6 23
695691 51 1 1 8 6 17
699285 38 0 0 6 6 20
705583 19 1 1 8 6 34
705849 10 0 1 8 5 23
711422 84 1 1 8 6 22
712110 58 1 0 8 6 32
715559 25 1 1 8 6 23
726686 71 1 0 8 6 15
726744 67 0 0 8 6 22
728529 41 1 1 8 6 18
732987 22 1 1 8 6 17
732992 24 1 1 8 6 22
733162 20 1 0 8 6 16
733163 22 1 1 6 5 20
738537 14 1 1 8 6 24
739087 20 1 0 8 6 25
742845 7 0 1 8 6 22
746891 68 1 1 6 5 13
749974 30 1 1 8 6 17
751811 7 1 0 8 6 22
773084 17 0 0 4 6 20
777119 40 1 1 8 6 19
777991 64 1 1 7 6 18
779656 18 1 1 8 6 16
785210 84 1 0 8 6 18
785534 29 1 0 9 6 17
786797 9 0 1 8 6 18
787880 48 1 1 8 6 8
795439 12 1 1 6 6 22
811936 71 1 0 8 6 24
816496 38 1 1 4 6 24
817964 38 1 1 8 6 25
818549 35 1 0 4 6 17
819407 53 1 1 6 6 18
820623 55 1 1 6 6 16
821115 22 1 1 4 6 17
821544 1 1 1 6 5 1
824499 62 1 1 8 6 21
826351 22 0 1 8 6 17
828119 3 1 1 8 6 21
828683 42 1 1 6 6 16
837628 24 1 1 8 5 15
849225 8 1 1 4 5 15
883614 23 1 1 6 6 21
889030 41 1 1 4 5 17
890519 6 0 1 8 6 21
891219 33 1 1 6 6 18
908229 49 1 1 8 6 19
918255 17 1 0 8 6 21
922705 22 1 0 8 6 20
926749 43 1 1 8 6 25
932767 38 1 1 6 6 21
935135 23 1 1 8 6 30
946669 25 1 1 8 6 23
949568 29 1 1 8 6 18
967047 15 1 0 6 5 11
969396 45 1 1 6 6 28
972031 7 1 0 8 6 15
973115 29 1 0 6 6 17
979329 18 1 1 4 6 28
984679 26 0 0 8 6 23
991028 6 0 0 8 6 21
992508 13 1 0 8 6 15
1003757 60 1 1 8 6 19
1008184 9 1 1 8 6 16
1024035 27 1 1 4 6 17
1024136 8 1 0 8 6 15
1024244 6 0 1 8 6 21
1029293 23 1 1 8 6 21
1030115 22 1 1 2 6 22
1037432 17 1 1 8 6 16
1048184 23 1 1 6 6 19
1053461 9 1 0 8 6 23
1053464 7 1 1 8 6 24
1056670 8 1 1 4 6 31
1057979 9 1 0 6 6 22
1059152 5 1 0 8 6 15
1072726 3 1 1 4 6 24
1075759 9 1 0 1 5 14
1075979 7 0 1 8 5 40
1105567 48 1 1 8 6 24
1111250 28 1 1 6 5 21
1135821 13 0 1 6 6 21
1141051 4 1 1 8 5 15
1155874 11 1 1 4 6 18
1164925 16 0 1 8 6 20
1174437 2 1 0 8 6 18
1174497 23 1 1 8 6 20
1177907 3 1 1 8 6 18
1177961 10 1 0 8 6 27
1178199 3 1 0 8 6 21
1178227 30 1 0 6 6 28
1178229 6 1 1 9 5 20
1178242 3 0 0 8 6 23
1178251 4 1 1 8 6 32
1178266 5 1 0 8 6 15
1178271 13 1 1 8 6 16
1178288 1 1 0 8 5 16
1178342 4 1 1 8 5 16
1178362 1 0 1 8 6 25
1178364 6 1 1 8 6 11
1178367 1 1 1 8 6 22
1178387 3 1 1 1 6 21
1178393 3 0 1 8 5 20
1178434 2 1 0 8 5 18
1178437 2 1 1 8 5 16
1178467 16 1 1 8 6 17
1178485 9 1 0 8 6 16
1178491 2 1 0 8 6 18
1178495 1 1 0 8 6 19
1178510 2 1 1 8 6 9
1178523 3 1 1 4 5 5
1178540 2 1 1 4 5 22
1178548 1 1 1 1 5 13
