41689
19
418
41689 457 1 1 0 6 15
910 47 0 0 0 6 20
1848 174 1 0 0 5 19
2528 33 0 0 0 6 19
3465 116 0 0 0 6 16
4133 50 0 0 0 6 16
4778 19 0 0 4 6 15
7037 38 0 0 2 6 17
7638 51 0 0 0 6 19
7837 192 0 0 0 6 18
8074 66 0 0 0 6 19
8255 181 0 0 5 6 19
9362 55 1 0 2 6 21
9785 97 1 0 0 6 19
11432 137 1 0 0 6 18
11820 72 0 0 0 6 19
13460 98 0 0 1 6 20
18808 115 0 0 0 6 16
19066 27 1 0 0 5 18
20119 40 1 0 0 6 18
21927 55 0 0 0 6 15
23180 32 0 0 0 6 20
25098 59 1 0 0 6 18
25983 105 1 0 4 6 19
26671 56 0 0 0 6 16
26854 105 1 0 0 6 19
27095 58 0 0 0 6 21
27232 210 1 0 4 6 24
27313 160 1 0 0 6 18
28063 48 1 0 0 6 15
28945 47 0 0 0 6 19
29065 32 0 0 7 6 17
29327 236 1 0 8 6 18
29580 32 0 0 0 6 22
29837 60 0 0 7 6 19
31837 61 1 0 5 6 17
32802 133 1 0 7 6 19
36240 65 0 0 0 6 22
36754 208 1 0 7 6 15
37804 108 1 0 4 6 15
39012 90 1 0 0 6 21
40031 30 1 0 7 5 19
42098 40 1 1 0 5 16
42291 137 1 0 0 5 17
42358 77 0 0 6 6 23
43071 58 0 0 5 6 22
43096 86 1 0 0 6 15
43264 38 1 0 0 6 19
44979 5 1 0 1 6 22
45091 9 0 0 4 6 111
45696 495 1 0 3 6 18
47047 78 0 0 0 6 19
48213 80 0 0 4 6 18
49563 16 0 0 0 6 16
49679 159 1 0 1 6 14
50566 74 0 0 7 6 26
50628 224 1 0 7 6 17
52284 67 1 0 1 6 16
52465 79 1 0 0 6 18
52583 71 0 0 0 6 20
52784 106 1 0 5 6 20
53709 78 1 0 5 6 17
53875 260 0 0 1 6 18
54464 9 1 0 0 6 17
55628 84 0 0 4 6 17
56154 56 1 0 7 6 23
56377 56 0 0 3 6 19
56436 53 0 0 8 6 17
57003 100 1 0 5 6 16
58066 112 0 0 2 6 15
59279 63 0 0 5 6 16
59853 90 1 0 1 6 14
60748 76 0 0 5 6 20
60979 74 1 0 4 6 16
61161 49 0 0 2 6 17
61846 36 0 0 0 6 16
61919 133 0 0 8 6 15
63700 42 0 0 2 6 20
66240 27 0 0 0 6 17
68601 272 1 0 2 6 19
68608 119 0 0 5 6 18
68912 155 0 0 2 6 17
72472 23 1 0 0 6 19
76487 56 0 0 0 6 20
83397 35 1 0 0 6 16
83470 37 1 0 0 6 15
83528 188 1 0 4 6 21
83764 44 0 0 4 6 18
84997 27 0 0 3 6 19
85406 112 0 0 7 6 19
85745 136 1 0 5 6 19
86862 83 1 0 7 5 16
87521 270 1 0 5 6 19
90816 105 0 0 7 5 17
91053 98 1 0 0 6 16
92524 11 0 0 5 6 18
92873 36 1 0 6 6 27
93319 92 0 0 0 6 19
93328 37 0 0 0 6 19
94946 105 0 0 5 5 16
97371 98 1 0 2 6 18
97899 50 0 0 6 6 17
98756 104 1 0 0 6 17
98822 47 0 0 4 6 20
99698 70 0 0 7 6 22
100090 480 1 0 3 6 13
101538 92 1 0 0 6 18
102993 67 0 0 2 6 21
103717 22 1 0 2 6 18
104014 119 0 0 6 6 18
104084 66 0 0 5 6 18
108981 71 1 0 4 6 19
111234 66 0 0 6 6 22
111497 123 1 0 0 6 25
113201 30 1 0 0 6 15
114113 49 0 0 0 6 19
115223 17 0 0 7 6 17
115518 72 1 0 0 6 20
115764 15 0 0 0 6 17
118860 57 0 0 7 6 16
119335 42 0 0 7 6 21
120799 31 0 0 3 6 18
121951 145 1 0 9 6 21
123738 240 1 0 8 6 19
124471 79 0 0 0 6 15
129439 106 0 0 0 6 17
131608 25 0 0 3 6 19
133407 33 1 0 0 6 16
133735 101 1 0 4 6 17
135176 76 1 0 3 6 20
137748 94 1 0 2 6 20
142128 18 1 0 0 6 24
142407 54 1 0 4 6 15
144406 56 0 0 7 6 17
149630 30 0 0 7 6 17
149639 42 1 0 2 6 18
152651 13 1 0 3 5 21
152668 85 1 0 5 6 16
153449 115 1 0 7 6 20
153468 48 0 0 0 6 16
153986 40 0 0 7 6 21
157265 160 0 0 7 6 18
158023 8 1 0 4 6 24
160528 139 1 1 0 5 63
161005 237 1 0 2 6 20
164246 69 1 0 4 6 18
166067 77 1 0 0 6 16
172346 107 1 0 3 6 15
173095 22 1 0 6 5 21
175396 69 1 0 0 6 20
176222 39 1 0 0 6 17
177899 19 0 0 0 6 21
178570 115 1 0 2 6 18
182240 158 1 0 5 6 21
182427 21 1 0 0 5 17
185393 179 1 0 7 6 16
186513 22 0 0 8 6 21
188657 76 1 0 8 6 17
188810 72 0 0 8 6 15
193995 103 1 0 3 6 17
194222 23 0 0 0 6 16
195043 26 1 0 2 6 18
195160 69 1 0 7 6 15
198441 140 1 0 6 6 18
201897 48 1 0 0 6 15
204042 45 1 0 2 6 22
204343 26 0 0 4 6 17
205139 109 0 0 4 6 15
205840 205 1 0 0 6 18
206041 39 1 0 0 6 18
206437 41 0 0 0 6 22
208349 10 1 0 4 6 16
209313 68 1 0 5 6 10
211467 113 1 0 1 6 16
211677 77 0 0 3 6 22
211679 91 0 0 8 6 17
214506 131 1 0 7 6 21
214893 39 0 0 7 6 20
216277 56 0 0 3 6 21
221159 39 0 0 3 6 15
224886 205 1 0 9 6 20
226160 60 0 0 8 6 15
226707 48 1 0 0 6 15
228208 53 0 0 7 6 15
228921 249 1 0 3 6 17
230359 82 0 0 7 6 18
230679 42 0 0 4 6 16
233032 102 0 0 8 6 16
244340 21 1 0 0 5 12
248843 32 0 0 3 6 18
249165 72 1 0 0 5 19
250646 296 1 0 1 6 15
253150 23 0 0 0 6 15
255341 42 0 0 0 6 17
258476 45 0 0 4 6 18
258934 54 0 0 8 6 17
260454 122 1 0 7 6 18
264900 9 1 0 8 6 16
268866 70 1 0 7 6 17
268871 54 0 0 7 5 16
273280 6 1 0 5 6 18
273438 48 1 0 1 6 20
273838 12 1 0 1 6 18
274139 60 0 0 8 6 15
276413 46 0 0 3 6 21
277359 29 1 0 7 5 22
278039 70 1 0 2 6 21
278225 13 1 0 6 6 23
278356 48 0 0 7 6 20
278963 125 1 0 1 6 17
279574 29 0 0 1 6 18
279832 22 0 0 0 6 17
280171 29 1 0 0 6 14
280522 86 1 0 6 6 15
280640 241 1 0 2 6 19
282656 218 1 0 0 6 17
282858 11 0 0 0 6 17
283267 9 0 0 0 6 22
283564 8 1 0 4 6 17
284203 14 0 0 3 6 16
285515 43 0 0 0 6 15
289072 26 0 0 6 6 15
290909 5 0 0 3 6 15
291978 192 1 0 7 6 20
295062 33 0 0 0 6 21
296051 17 0 0 4 6 16
297429 47 1 0 2 6 17
300662 128 1 0 8 6 21
303948 131 0 0 3 6 20
309688 30 0 0 3 6 18
309739 84 1 0 7 6 17
312375 40 0 0 0 6 15
313687 3 0 0 7 6 16
313688 19 1 0 2 6 18
315701 8 0 0 0 6 19
316942 30 0 0 0 6 17
317225 10 0 0 4 6 17
323904 98 0 0 1 6 14
331469 128 1 0 3 6 20
336439 21 1 0 4 6 20
336517 61 1 0 4 6 22
338426 56 1 0 8 6 21
338641 7 0 0 1 6 18
338799 123 1 0 9 6 20
339356 45 0 0 5 6 19
340642 65 1 0 0 6 21
341226 126 0 0 3 6 18
341977 47 1 0 8 6 16
342314 70 0 0 4 6 17
343150 47 0 0 3 6 17
343666 22 1 0 1 6 17
345048 134 1 0 8 6 19
345306 29 1 0 4 6 17
348466 39 1 0 4 6 16
348667 8 0 0 4 6 19
348980 87 1 0 4 6 19
349648 47 0 0 4 6 17
352640 10 1 0 2 6 21
355214 43 1 0 3 6 21
355296 76 0 0 7 6 16
355386 9 0 0 1 6 23
355463 35 0 0 4 6 18
357041 12 1 0 8 6 29
360411 70 1 0 5 6 14
360512 74 0 0 1 6 15
360572 16 1 0 0 6 26
360787 15 0 0 9 6 18
364357 43 1 0 1 6 15
365026 74 1 0 3 6 22
365875 53 1 0 4 6 18
367439 22 1 0 0 5 15
367683 61 0 0 7 6 15
375325 80 1 0 0 6 17
375802 9 0 0 0 6 16
377499 41 1 1 0 6 13
380263 50 0 0 2 6 22
384841 13 0 0 4 5 15
385305 8 0 0 4 6 18
387365 47 1 0 2 6 13
387570 102 1 0 0 6 15
387812 25 0 0 0 6 18
389497 7 1 0 3 6 18
389625 5 1 0 0 6 15
389789 8 0 0 6 6 16
391069 15 0 0 1 6 21
395224 8 1 0 0 6 18
395363 43 0 0 0 6 18
406108 28 0 0 0 6 17
422863 72 1 0 6 6 15
425877 21 0 0 0 6 19
426862 97 1 0 7 6 18
431598 66 1 0 4 6 22
436140 40 1 0 0 5 16
436537 38 1 0 0 6 12
438127 59 0 0 8 6 23
443569 1 1 0 2 6 22
444405 3 1 0 1 5 18
445322 25 0 0 4 6 22
446431 11 0 0 5 6 21
454981 11 0 0 1 6 19
457449 44 0 0 7 6 17
457790 19 0 0 2 6 17
460197 7 1 0 8 6 19
464922 20 0 0 2 6 16
466896 65 1 0 1 6 20
467078 8 1 0 2 5 22
467116 3 1 0 1 6 29
467422 22 1 0 8 6 16
467804 17 1 0 2 6 22
468828 45 0 0 8 6 15
472723 3 0 0 4 6 21
473300 19 0 0 8 6 16
487757 7 1 0 7 5 18
489466 6 1 0 2 6 17
490925 6 1 0 2 5 21
493066 73 1 0 0 6 13
496635 22 1 0 0 6 13
511022 23 1 0 6 6 18
519627 34 1 0 3 6 17
520654 5 0 0 0 6 16
521943 28 0 0 3 6 21
526504 24 0 0 4 5 21
526925 5 1 0 1 5 19
527995 18 1 0 0 6 39
528704 8 1 0 6 6 18
528706 9 0 1 0 6 17
528707 9 1 1 0 6 36
528771 5 1 1 0 6 17
528772 20 0 0 8 6 17
528858 12 1 0 8 6 17
528862 1 0 0 4 5 19
528863 16 1 0 0 6 27
528864 9 0 0 8 5 18
528922 17 1 0 1 6 27
528923 2 0 0 4 5 17
528924 24 1 0 7 6 15
528925 45 1 0 0 6 16
528926 11 1 0 6 6 17
529247 6 1 0 1 5 18
529248 14 0 0 6 5 16
529249 2 1 0 1 5 17
529250 1 1 0 2 5 18
529251 3 1 0 0 5 17
529336 8 0 0 4 6 18
529338 21 1 0 6 5 19
529339 1 0 0 3 5 24
529341 1 1 0 9 5 17
529342 4 0 0 4 6 23
529343 6 1 0 0 6 16
529391 7 1 0 6 6 19
529393 13 0 0 4 6 20
529425 5 1 0 0 6 19
529429 2 1 0 1 5 15
529531 131 1 0 8 6 19
529532 9 1 0 8 6 17
529533 4 0 0 3 5 19
529617 13 1 0 9 6 22
529618 5 0 0 2 6 19
529644 4 0 0 2 6 17
529645 2 1 0 2 6 20
529646 1 0 0 1 6 23
529647 13 0 0 1 6 18
529649 5 1 0 2 6 17
529650 35 0 0 4 6 17
529651 25 1 0 4 6 17
529652 28 1 0 9 6 16
529653 1 1 0 6 6 19
529654 3 1 0 3 6 15
529655 5 1 0 6 6 18
529687 24 0 0 7 6 18
529688 22 1 0 4 6 19
529689 6 0 0 1 6 18
529690 15 0 0 2 6 16
529692 9 1 0 1 6 20
529693 3 1 0 4 6 19
529694 1 1 0 2 6 16
529695 2 0 0 6 6 23
529696 6 1 0 1 6 20
529697 9 1 0 1 6 20
529730 10 1 0 4 6 51
529731 4 1 0 2 6 21
529732 4 1 0 2 6 20
529733 2 0 0 2 6 15
529734 2 1 0 6 6 15
529735 1 1 0 2 6 17
529736 3 1 0 2 6 22
529737 2 0 0 6 6 18
529738 4 1 0 0 6 19
529739 2 1 0 4 6 15
529740 1 1 0 1 6 15
529743 1 1 0 2 6 16
529967 1 1 0 2 6 18
529968 10 1 0 4 6 15
529970 1 1 0 1 6 17
529971 1 1 1 0 6 20
529973 1 0 0 0 6 25
529974 2 1 0 1 6 16
529976 1 1 0 1 6 18
530052 11 1 0 2 6 20
530054 2 1 0 1 6 17
530056 1 1 0 2 6 21
530059 2 1 0 2 6 16
530064 1 1 0 2 6 19
530065 7 1 0 6 6 15
530066 5 1 0 2 6 22
530068 20 1 0 6 6 15
530071 11 1 0 6 6 16
530072 2 1 0 3 5 20
530157 7 1 0 2 6 21
530158 20 1 0 9 6 16
530161 96 1 0 8 6 17
530163 38 1 0 2 6 19
530164 6 1 0 1 6 17
530214 13 0 0 3 5 24
530215 1 1 0 2 5 22
530216 2 1 0 1 6 16
530217 3 0 0 2 6 21
530257 8 0 0 4 6 18
530258 1 0 0 7 6 21
530259 1 1 1 2 6 32
530260 1 1 1 2 6 32
530264 12 1 0 5 6 17
530265 2 1 0 2 6 16
530266 8 0 0 0 6 20
530268 3 0 0 4 6 18
530269 11 1 0 4 6 17
530270 10 1 0 0 6 20
530314 12 1 0 6 6 20
530315 3 1 0 2 6 18
530317 10 0 1 8 6 22
530320 52 1 0 3 6 17
530321 56 1 0 7 6 22
530322 23 1 0 3 6 22
530347 11 1 0 4 6 29
530350 22 1 0 3 6 17
530352 25 1 1 0 6 16
530503 5 0 0 4 6 19
530588 22 0 0 0 6 21
530589 37 0 0 5 6 21
530729 31 1 0 0 6 17
531469 9 0 0 0 6 16
531474 19 0 0 7 6 18
531540 15 1 0 0 6 15
531543 12 0 0 0 6 15
531569 11 1 0 4 5 17
531591 8 1 0 4 6 21
531592 1 1 0 2 6 21
531594 7 0 0 5 6 19
531595 9 0 0 4 6 17
531596 11 0 0 6 6 17
531646 19 1 0 0 6 15
531669 15 0 0 8 6 17
531744 85 1 0 8 6 21
531782 2 0 0 1 6 23
531784 18 1 0 1 6 16
531855 19 1 0 5 6 13
1280662 4 1 0 1 6 19
1628576 3 1 0 2 6 20
