22255
19
395
22255 731 1 1 7 5 22
654 64 0 0 0 6 19
746 153 1 0 0 6 20
1416 52 0 0 0 6 18
2050 73 0 0 0 6 17
2544 75 0 0 3 6 19
2850 112 1 0 0 5 17
3159 130 0 0 7 6 17
3465 116 0 0 0 6 16
3937 38 0 0 0 6 17
3984 150 1 0 0 6 17
4564 96 1 0 5 6 18
4676 91 1 0 0 6 20
6288 55 0 0 8 6 19
7637 102 1 0 0 6 19
7638 51 0 0 0 6 19
8615 72 0 0 0 6 17
8755 124 0 0 6 6 19
9230 42 0 0 2 6 18
9950 128 0 0 0 6 19
10471 49 0 0 0 6 21
10488 61 0 0 0 6 18
11438 135 0 0 7 6 21
11951 158 0 0 4 6 16
12145 161 1 0 5 6 21
12154 204 0 0 2 6 18
12971 28 0 0 0 6 20
14743 113 1 0 2 6 17
15057 77 0 0 8 6 19
16146 76 1 0 0 6 17
19405 121 1 0 0 6 18
20221 220 1 0 0 6 20
20273 119 0 0 0 6 27
20340 68 0 0 0 6 19
20415 68 0 0 0 6 17
22057 100 1 0 7 6 18
22103 94 0 0 7 6 17
22146 320 1 0 0 6 20
24293 41 0 0 4 6 17
25117 147 0 0 0 6 19
26184 24 0 0 0 6 20
26431 81 1 0 0 6 18
26433 139 0 0 0 6 17
26598 108 0 0 0 6 17
27428 170 1 0 2 6 14
27776 76 0 0 0 6 17
28138 54 1 0 8 6 16
28552 102 1 0 5 6 18
29077 179 1 0 2 6 17
29151 44 0 0 4 6 16
29247 169 1 0 0 6 17
29385 80 0 0 9 6 17
29570 153 1 0 7 6 18
31317 137 0 0 8 6 17
31433 90 0 0 3 6 19
31484 54 1 0 5 6 16
31872 102 1 0 3 6 20
32332 132 1 0 0 6 16
32763 69 1 0 3 6 23
32778 151 1 0 0 6 19
34641 28 0 0 0 6 17
35424 131 1 0 3 6 20
36166 73 0 0 3 6 22
36754 208 1 0 7 6 15
36896 100 1 0 5 6 17
37894 179 1 0 6 6 19
38635 27 0 0 2 6 17
38703 84 0 0 5 6 20
39189 175 1 0 0 6 19
39897 78 1 0 7 6 19
40048 65 0 0 3 6 22
41189 117 0 0 6 6 19
41213 67 1 0 5 6 16
41437 63 0 0 0 6 19
41464 101 1 0 2 6 25
41600 191 1 0 7 5 19
42233 103 1 0 0 6 19
42258 166 1 0 3 6 17
42265 193 1 0 7 6 17
42364 151 1 0 6 6 18
42399 60 1 0 5 6 17
43024 96 0 0 2 6 20
43087 85 0 0 0 6 17
44173 165 0 0 5 6 21
44452 3 1 0 4 6 26
44625 214 1 0 7 6 19
46297 191 0 0 7 6 20
46417 78 0 0 0 6 17
46439 49 1 0 0 6 17
46488 71 1 0 0 6 17
46627 60 1 0 5 6 15
46980 498 1 0 1 6 20
47238 81 1 0 1 6 20
48209 181 1 0 2 5 18
48328 31 0 0 0 6 16
48643 143 1 0 3 6 18
49104 177 0 0 3 6 25
50606 51 1 0 0 6 15
50669 136 0 0 7 6 16
52164 115 0 0 0 6 18
52364 48 0 0 6 6 18
52405 90 0 0 0 6 16
52417 29 0 0 0 6 21
52756 185 1 0 0 6 18
53229 102 0 0 2 6 16
53873 32 0 0 5 6 16
54542 207 0 0 7 6 19
54893 38 0 0 3 6 16
54914 34 0 0 0 6 26
55003 94 0 0 0 6 17
55120 156 1 0 7 6 17
55620 5 1 0 2 5 25
55880 83 0 0 3 6 22
56013 69 1 0 1 6 17
56370 30 0 0 7 6 17
56704 70 1 0 1 6 32
57254 43 0 0 6 6 17
57757 140 0 0 6 6 29
58279 210 1 0 8 6 20
58694 51 0 0 5 6 21
58792 221 1 0 5 6 18
59434 34 1 0 1 6 20
59502 54 1 0 5 6 16
60227 137 1 0 4 6 20
60340 40 0 0 5 6 20
60979 74 1 0 4 6 16
61154 59 0 0 3 6 18
61306 58 1 0 7 6 16
61338 56 0 0 7 6 17
61846 36 0 0 0 6 16
62689 79 0 0 4 6 18
62839 96 1 0 4 6 17
62891 49 0 0 2 6 15
63793 226 0 0 2 6 18
66906 174 1 0 7 6 23
68165 128 1 0 2 6 22
68217 11 1 0 0 6 23
68608 119 0 0 5 6 18
69983 62 1 0 5 6 17
74109 101 1 0 5 6 20
74815 21 0 0 9 6 18
74850 88 1 0 2 6 15
79003 63 0 0 8 6 17
79136 227 1 0 6 6 17
80269 46 0 0 5 6 19
81789 147 0 0 8 6 19
82658 144 1 0 0 6 16
83049 72 1 0 3 6 16
83617 25 0 0 4 6 20
83783 58 1 0 0 6 17
84066 158 1 0 7 6 19
85398 109 1 0 5 6 16
87927 36 1 0 1 6 26
87940 138 1 0 2 6 20
88128 27 0 0 7 6 20
88284 29 1 0 2 5 16
88426 39 0 0 4 6 17
88430 15 1 0 5 5 16
89119 59 0 0 7 6 18
90010 176 1 0 7 6 20
90222 115 1 0 8 6 16
90584 223 0 0 4 6 17
90704 123 1 0 8 6 18
90885 32 0 0 7 6 18
90952 39 1 0 5 6 16
90987 133 1 0 2 6 18
92119 58 0 0 5 6 21
92811 108 1 0 3 6 19
93821 118 1 0 0 6 18
94768 110 1 0 7 6 17
95036 78 0 0 6 6 16
95104 54 0 0 8 6 17
95428 28 0 0 3 6 17
95429 71 1 0 3 6 17
95644 19 0 0 3 6 16
96233 36 0 0 2 6 17
97286 25 0 0 2 6 17
97510 65 0 0 1 5 15
101424 46 0 0 3 6 19
101955 130 1 0 2 6 17
103861 97 1 0 2 6 17
105317 76 0 0 0 6 19
105643 430 1 0 6 6 17
106459 109 1 0 2 6 20
106513 170 1 0 3 6 17
107186 129 1 0 4 6 16
107700 79 0 0 7 6 16
108474 14 0 0 6 6 19
108868 61 1 0 6 6 16
108978 130 1 0 6 6 19
109060 31 1 0 8 6 18
109198 76 0 0 9 6 20
109199 68 1 0 6 5 18
109307 59 0 0 1 6 19
110035 69 0 0 1 6 21
110363 91 0 0 0 6 18
110664 35 0 0 3 6 24
111117 57 0 0 7 6 17
111258 68 0 0 0 6 16
111331 67 1 0 1 6 26
112238 138 1 0 0 6 17
113097 34 1 0 0 6 16
113245 184 1 0 2 6 18
113409 99 1 0 6 6 16
113744 54 1 0 2 6 18
114132 165 1 0 2 6 17
114672 50 0 0 3 6 17
117431 59 1 0 0 6 17
118789 12 0 0 2 5 18
121361 21 0 0 0 6 19
121958 26 0 0 4 6 16
125423 125 1 0 2 6 16
128116 253 1 0 6 6 18
129001 209 1 0 2 6 18
129214 30 0 0 1 5 17
130218 45 1 0 8 6 17
131022 42 1 0 1 6 17
131119 47 0 0 7 6 16
131510 60 0 0 3 6 17
131740 73 1 0 1 6 16
132015 32 0 0 2 6 17
132156 116 0 0 4 6 17
133585 118 0 0 3 6 17
133733 85 1 0 8 6 16
133734 86 1 0 0 6 17
134064 57 1 0 6 6 17
134847 70 0 0 7 5 16
136189 82 1 0 2 6 17
136591 84 1 0 6 5 17
136973 32 0 0 7 6 15
139606 202 0 0 8 6 21
140030 234 1 0 2 6 19
144951 101 1 0 6 6 16
145085 87 0 0 4 6 17
145147 146 0 0 7 6 16
148557 47 0 0 7 6 20
149630 30 0 0 7 6 17
150192 131 1 0 7 6 16
151533 118 1 0 5 6 20
153651 50 0 0 8 6 17
153789 59 0 0 7 6 17
154152 97 1 0 2 6 20
154664 18 1 0 9 5 16
155531 90 0 0 3 6 17
156636 130 1 0 7 6 16
159587 67 0 0 2 6 17
159928 90 0 0 7 6 18
160619 102 1 0 1 6 18
160692 293 1 0 4 6 19
160819 125 1 0 3 6 18
161032 227 1 0 6 6 21
161260 149 1 0 4 6 18
162660 52 0 0 7 6 16
164521 68 0 0 6 6 16
164898 132 1 0 7 6 20
165379 233 1 0 9 6 16
165958 32 0 0 8 6 18
166545 135 1 0 3 6 18
169067 65 0 1 1 6 22
170373 344 1 1 6 6 26
171589 86 1 0 8 6 19
171964 29 0 0 0 5 16
172168 137 1 0 6 6 20
172346 107 1 0 3 6 15
172944 42 1 0 1 6 19
174865 96 1 0 0 6 17
178227 84 0 0 2 6 22
178677 172 1 0 3 6 29
179110 56 1 0 2 6 17
179621 223 1 0 6 6 18
179803 81 1 0 3 6 18
181237 42 1 0 9 6 22
181975 111 1 0 0 6 17
182177 81 0 0 2 6 18
182289 74 0 0 7 6 19
182537 32 0 0 0 6 19
182545 93 1 0 3 6 17
182956 83 0 0 4 6 17
185458 12 1 0 9 6 16
186223 72 0 0 2 6 17
186312 142 1 0 9 6 16
187373 59 0 0 0 6 18
187827 64 1 0 4 6 17
188472 64 1 0 0 6 18
191634 36 0 0 5 6 19
192442 52 0 0 1 6 16
192570 104 1 0 3 6 18
194218 131 1 0 0 6 16
194764 81 0 0 8 5 17
195803 119 1 0 3 6 16
196680 175 1 0 6 6 21
197723 66 0 0 7 6 21
201542 30 1 0 0 6 16
203718 137 0 0 4 6 24
203861 170 1 0 8 6 16
204244 47 0 0 6 6 21
205840 205 1 0 0 6 18
205856 54 1 0 0 6 15
207545 69 1 0 5 6 17
209737 35 0 0 6 6 19
210018 54 1 0 6 5 17
210336 94 1 0 3 6 17
211048 204 1 0 4 6 16
211758 40 0 0 0 6 18
211840 49 0 0 3 6 22
211924 41 0 0 7 6 18
211991 62 1 0 3 6 18
211995 67 0 0 4 6 21
212072 219 1 0 8 6 23
213854 117 1 0 8 6 18
215053 43 1 0 2 6 19
216568 67 1 0 7 6 19
216739 9 0 0 6 6 18
219408 44 0 0 8 6 16
220744 200 1 0 7 6 16
221206 91 1 0 3 6 16
222942 130 1 0 4 6 24
224041 69 0 0 4 6 20
225043 169 1 0 8 5 19
225081 41 0 0 6 5 18
226390 43 0 0 7 6 21
226527 41 0 0 3 6 15
226981 56 0 0 7 6 15
228108 32 0 0 2 6 19
229404 117 0 0 6 6 18
229611 80 1 0 8 5 16
230586 76 0 0 1 6 16
232507 35 0 0 7 5 19
233127 58 0 0 5 6 16
237666 66 0 0 3 6 19
240979 246 1 0 4 6 20
241079 84 0 0 4 6 17
242059 122 1 0 2 6 16
243567 63 0 0 6 6 19
245121 53 0 0 4 6 16
245145 45 1 0 1 6 18
245607 26 0 0 0 5 21
246856 93 1 0 1 6 17
246861 182 1 0 1 6 18
247051 28 0 0 3 6 19
247850 116 1 0 0 6 17
248202 71 1 0 7 6 19
248900 88 1 0 7 6 19
248905 161 1 0 7 6 21
249035 92 1 0 2 5 19
249119 30 1 0 6 6 19
249712 34 0 0 2 6 18
250585 338 1 0 8 6 17
250921 73 0 0 1 6 16
251220 67 1 0 6 6 17
251736 189 1 0 4 6 16
253084 86 0 0 4 6 19
253358 87 1 0 8 6 18
256586 103 0 0 6 5 17
257427 85 0 0 2 6 21
257762 37 0 0 4 6 16
257962 43 0 0 2 6 16
258071 108 1 0 2 6 18
258178 47 1 0 1 6 16
258448 155 1 0 2 6 16
259437 68 1 0 3 6 16
260090 44 1 0 9 5 19
262026 9 1 0 0 6 22
263717 70 1 0 3 6 21
264024 77 0 0 7 6 17
264157 52 0 0 7 6 21
264399 54 1 0 1 6 18
266729 302 1 0 2 6 17
267194 104 1 0 1 6 19
267985 35 1 0 2 5 16
268863 67 1 0 8 6 23
269516 79 1 0 1 6 16
269913 32 1 0 7 6 17
270036 43 1 0 2 6 17
271111 210 1 0 0 6 22
271593 246 1 0 8 6 16
271704 98 0 0 8 6 16
271993 67 0 0 7 6 16
272033 32 0 0 3 6 26
272218 10 1 0 0 6 27
272494 128 1 0 6 6 18
272880 72 1 0 5 6 19
273577 82 0 0 6 6 17
275342 185 1 0 7 6 20
275763 31 0 0 2 6 19
275924 11 0 0 1 5 22
276051 122 1 0 4 6 19
276326 58 1 0 1 6 15
276810 32 1 0 8 5 23
277169 51 0 0 1 6 20
277275 15 1 0 2 5 19
277472 44 0 0 5 6 23
277884 39 1 0 7 6 20
278117 11 0 0 3 6 18
278164 60 0 0 3 6 23
280277 225 0 0 6 6 18
280503 186 1 0 4 6 18
280734 30 0 0 2 6 16
281779 114 0 0 7 6 21
282238 45 0 0 6 6 22
282758 59 1 0 3 6 17
283186 8 0 0 0 6 17
283255 53 0 0 0 6 16
283666 66 1 0 5 6 16
285102 45 0 0 4 6 16
285347 15 0 0 7 6 16
285611 88 1 0 2 5 22
285887 89 0 0 7 6 17
286070 116 0 0 7 6 17
286424 141 1 0 0 5 18
286566 52 0 0 6 6 18
287153 22 0 0 7 6 15
287344 31 0 0 1 6 17
287418 53 0 0 7 6 18
287878 78 1 0 8 6 21
289199 23 0 0 7 6 16
289555 25 0 0 5 6 17
289765 71 0 0 7 6 16
289766 20 1 0 1 6 19
289835 20 1 0 4 6 20
289931 43 0 0 9 6 17
290032 44 1 0 1 5 17
291076 96 0 0 8 6 16
291376 38 0 0 4 6 17
291488 51 0 0 7 6 22
291627 145 1 0 8 6 20
291843 56 0 0 2 6 18
292570 26 0 0 7 6 16
293324 104 0 0 6 6 19
294557 55 0 0 8 6 16
295685 268 1 0 8 5 16
296176 47 1 0 8 6 17
296246 58 1 0 5 6 21
296927 64 0 0 1 6 25
297023 108 0 0 8 6 17
297206 51 0 0 6 6 18
297465 43 0 0 0 6 17
298722 113 1 0 8 6 19
299479 54 1 0 3 6 15
300021 25 0 0 3 6 25
300085 27 0 0 8 6 18
300383 115 1 0 5 6 16
305378 67 1 0 3 6 16
305412 51 1 0 1 6 18
308975 67 0 0 9 6 18
309743 50 0 0 7 6 19
310562 10 0 0 9 6 19
310850 69 0 0 1 6 16
312132 74 1 0 7 6 16
312236 139 1 0 6 6 16
312801 28 0 0 7 6 17
313175 52 0 0 6 6 18
313203 27 1 0 4 6 15
313464 89 1 0 5 6 21
314144 119 1 0 0 6 22
315127 85 0 0 4 6 17
315701 8 0 0 0 6 19
316101 140 0 0 7 6 23
317106 144 1 0 7 6 19
317692 20 0 0 8 6 21
318672 28 0 0 6 6 24
318965 14 0 0 7 6 19
319627 76 0 0 3 6 20
321473 68 1 0 0 6 19
321475 22 0 0 8 6 23
322156 99 1 0 7 6 17
322641 134 1 0 6 6 17
322888 81 1 0 6 6 18
323502 74 1 0 4 6 19
323910 127 1 0 4 6 22
324082 58 0 0 0 6 17
327753 81 1 0 3 6 17
328165 10 0 0 2 6 21
329433 97 1 0 7 6 19
330233 55 0 0 7 6 27
331475 25 1 0 2 6 18
331543 37 1 0 1 6 20
332087 37 0 0 4 6 21
332543 42 0 0 8 6 18
332598 38 0 0 1 6 25
332607 122 1 0 7 6 16
332747 53 1 0 2 6 15
332854 77 1 0 6 6 24
333466 85 0 0 7 6 16
333943 27 0 0 1 6 23
335212 44 0 0 1 6 19
336595 8 1 0 6 5 20
337746 339 1 0 6 6 17
338586 21 1 0 2 6 17
341137 9 0 0 7 6 19
341141 25 0 0 8 6 17
341883 152 0 0 2 6 17
341966 40 0 1 1 6 46
342316 58 0 0 4 6 16
342624 59 0 0 7 6 18
343692 26 1 0 7 6 17
345054 71 1 0 3 6 20
345055 29 0 0 1 6 33
346241 16 1 0 1 5 19
346697 84 1 0 3 6 17
347504 121 1 0 8 6 17
347650 31 1 0 3 6 17
347841 32 0 0 7 6 20
348203 25 0 0 7 6 21
348284 60 1 0 6 6 23
348619 32 0 0 7 6 18
348934 27 0 0 8 6 17
349474 72 0 0 3 6 18
349816 7 1 1 4 6 31
349817 66 1 0 3 6 18
349818 30 0 0 2 6 20
349880 138 1 0 6 6 16
349916 51 1 0 8 6 19
349926 74 0 0 6 6 17
349928 48 1 0 5 6 18
349934 26 1 0 6 6 16
349936 27 0 0 3 6 17
349937 11 0 0 1 6 19
349951 49 1 0 5 6 18
349952 109 1 0 5 6 16
349953 44 0 0 8 6 17
349954 19 1 0 1 6 28
349955 22 0 0 7 5 16
349956 16 1 0 1 5 21
349974 77 1 0 1 6 26
349975 17 0 0 2 6 16
349976 37 1 0 5 6 20
349978 36 0 0 4 6 17
350029 145 1 0 6 6 17
350030 8 1 0 1 5 21
350031 75 0 0 4 6 16
350032 16 1 0 8 6 16
350035 73 1 0 7 6 16
350037 206 1 0 1 6 16
350038 30 1 0 9 6 21
350067 48 0 0 9 6 21
350068 62 0 0 5 6 17
350090 24 0 0 4 5 19
350091 78 1 0 3 6 17
350096 66 0 0 6 6 17
350114 58 0 0 6 6 17
350115 34 0 0 4 5 18
350116 73 1 0 3 6 18
350118 120 1 0 4 6 17
350119 119 1 0 3 6 17
350168 32 1 0 1 6 16
350179 196 1 0 6 6 18
350180 60 0 0 3 6 18
350181 12 1 0 6 6 24
350182 12 0 0 6 6 19
350183 25 0 0 2 6 21
350200 29 0 0 6 6 17
350203 50 1 0 7 6 18
350205 13 0 0 9 6 25
350207 30 1 0 5 6 19
350209 20 0 0 6 5 21
350211 62 0 0 4 6 19
350216 19 0 0 6 6 16
350247 73 1 0 7 6 18
350250 10 0 0 8 6 15
350251 33 1 0 6 6 16
350253 5 0 0 0 5 16
350254 5 1 0 1 6 22
350255 25 0 0 8 6 17
350256 93 1 0 9 6 26
350260 57 1 0 3 6 19
350297 4 1 0 8 5 19
350298 50 1 0 7 6 19
350301 20 0 0 4 6 17
350302 28 1 0 2 6 19
350303 17 0 0 6 6 15
350304 9 0 0 0 6 18
350305 3 0 0 4 5 17
350365 6 0 0 4 5 21
350367 1 0 0 1 5 23
350368 34 0 0 2 6 17
350369 16 1 0 8 6 17
350370 19 1 0 8 6 17
350371 2 1 0 7 5 22
350372 51 1 0 7 5 20
350373 1 0 0 0 6 22
350387 9 1 0 1 6 19
350388 3 0 0 1 5 16
350389 12 0 0 2 6 15
350392 22 1 0 2 6 16
350394 12 1 0 4 6 17
350395 24 1 0 2 6 16
350396 12 1 0 7 5 15
350397 28 1 0 2 6 18
350398 1 1 0 4 5 14
350418 4 0 0 4 5 16
350419 8 0 0 1 6 20
350420 5 0 0 2 6 18
350421 7 1 0 2 5 19
350422 2 1 0 3 5 21
350423 7 1 0 2 5 19
350425 39 1 0 4 5 14
350426 2 1 0 2 5 20
350427 37 1 0 9 5 19
350428 14 1 0 5 6 21
350449 2 1 0 6 5 19
350450 62 1 0 8 6 19
350451 5 1 0 9 5 15
350452 7 0 0 4 6 15
350453 9 1 0 1 5 21
350454 15 1 0 6 5 17
350455 60 0 0 2 6 18
350456 33 0 0 1 6 17
350457 5 1 0 2 5 26
350459 8 0 0 2 5 22
350461 1 0 0 1 5 16
350462 62 0 0 7 6 17
350463 67 1 0 6 5 18
350464 37 0 0 6 6 15
350465 68 0 0 6 6 19
350466 5 0 0 4 6 16
350467 33 0 0 5 6 15
350469 14 0 0 7 6 17
350470 10 1 0 2 6 18
350471 28 1 0 4 6 23
350472 22 0 0 4 6 18
350487 9 0 0 8 6 17
350488 24 1 0 8 6 24
350489 5 1 0 1 5 29
350490 55 1 0 6 6 16
350491 10 1 0 1 6 16
350493 55 1 0 6 6 17
350494 5 0 0 6 6 16
350529 21 0 0 4 6 19
350530 48 0 0 6 6 15
350532 7 0 0 7 5 18
350533 30 1 0 8 6 18
350535 8 1 0 2 6 21
350536 32 1 0 7 5 16
350565 25 1 0 6 5 19
350566 34 1 0 2 6 18
350569 25 0 0 0 6 16
350571 54 1 0 9 6 16
350572 18 1 0 8 5 32
350574 28 1 0 6 6 17
350618 17 1 0 2 6 18
350620 85 1 0 2 6 21
350621 9 0 0 6 6 16
350622 9 1 0 5 6 29
350623 156 1 0 1 6 18
350624 39 1 0 3 6 22
350625 5 1 0 3 5 17
350626 7 1 0 0 5 23
350637 32 1 0 1 5 29
350640 1 0 0 4 6 17
350642 31 0 0 2 6 19
350643 19 0 0 6 6 19
350644 71 0 0 7 6 18
350658 129 1 0 6 6 18
350659 34 0 0 2 6 19
350660 100 1 0 8 6 21
350661 85 1 0 3 6 18
350663 30 0 0 2 6 17
350676 57 1 0 8 6 21
350678 53 0 0 6 6 16
350679 26 0 0 8 6 18
350680 150 1 0 8 6 16
350681 88 1 0 6 6 17
350682 52 0 0 8 6 16
350683 46 0 0 4 6 18
350702 163 1 0 7 6 18
350703 87 1 0 6 6 16
350704 23 0 0 7 6 22
350740 78 1 0 7 6 17
350741 46 0 0 8 6 18
350744 49 1 0 9 6 17
350745 64 0 0 2 6 18
350773 175 1 0 6 6 19
350776 37 0 0 6 6 19
350777 37 0 0 6 6 19
350785 20 0 0 4 6 19
350786 33 1 0 7 6 22
350787 35 0 0 7 6 18
350788 12 0 0 9 6 19
350789 25 1 0 1 6 20
350808 132 0 0 6 6 22
350809 56 1 0 6 6 17
350810 81 1 0 6 6 20
350811 55 0 0 3 6 24
350812 60 1 0 6 6 20
350814 51 0 0 8 6 22
350815 70 0 0 8 6 18
350845 29 0 0 6 6 17
350846 32 0 0 5 6 23
350847 48 1 0 8 6 18
350875 30 0 0 1 6 19
350878 87 1 0 7 6 18
350880 37 0 0 0 6 16
350915 39 0 0 6 6 18
350916 22 0 0 8 6 26
350917 37 0 0 6 6 22
350918 118 1 0 6 6 17
350919 25 0 0 8 6 19
350928 88 1 0 7 6 16
350930 43 0 0 6 6 19
350931 204 1 0 6 6 18
350974 168 1 0 4 6 19
350975 28 0 0 8 6 16
350976 17 0 0 0 6 29
350977 137 1 0 8 6 17
350978 47 0 0 6 6 17
350980 57 1 0 1 6 17
351478 45 1 0 5 6 17
351479 73 1 0 5 6 18
351480 35 0 0 6 6 19
351481 102 1 0 6 6 17
351482 37 1 0 4 6 20
351553 60 0 0 7 6 24
351554 70 1 0 6 6 17
351555 58 1 0 1 6 15
351558 71 1 0 2 6 20
351561 21 0 0 1 6 17
351613 162 1 0 6 6 17
351614 38 0 0 8 6 17
351615 90 1 0 6 6 18
351616 72 1 0 8 6 18
351640 71 0 0 4 6 16
351642 51 0 0 8 6 18
351702 63 0 0 7 6 21
351741 93 1 0 7 6 19
351742 54 0 0 1 6 15
351744 166 1 0 6 6 18
351748 40 0 0 8 6 17
351753 49 1 0 7 6 16
351793 91 1 0 6 6 16
351794 77 1 0 5 6 16
351812 92 1 0 7 6 17
