130946
19
545
130946 443 0 1 8 6 18
10270 182 1 0 4 6 17
24440 379 1 0 8 5 19
28304 316 1 0 8 6 18
29057 42 1 0 0 6 21
31458 114 1 0 5 6 15
31566 28 1 0 9 6 22
31570 190 1 1 4 6 19
31572 155 1 0 8 6 24
31799 98 1 0 8 6 24
31807 223 1 1 9 6 21
31878 103 1 0 7 6 18
32507 74 1 0 1 6 17
36715 155 1 0 8 6 15
39803 267 1 0 4 6 19
40627 81 1 0 6 6 18
40917 73 1 0 6 6 18
42812 54 1 0 7 6 16
42998 33 1 0 4 5 20
43011 164 1 0 3 6 17
43222 170 1 0 6 6 24
43232 136 1 0 3 6 18
43666 90 1 0 5 6 21
44336 183 1 0 8 6 21
44919 72 1 0 2 6 25
46146 301 1 0 8 6 19
50568 117 1 0 8 6 21
55287 190 1 1 8 6 20
58487 106 1 0 1 6 20
58935 60 1 0 5 6 18
60796 335 1 0 8 6 19
60802 131 1 0 6 6 19
63869 114 1 0 2 6 19
72040 155 1 0 0 6 17
74737 122 1 0 2 6 19
75231 29 1 0 1 6 16
76259 214 1 0 8 6 17
84044 81 1 0 6 6 21
85546 141 1 0 5 6 27
87688 173 1 0 4 6 18
87848 89 1 0 2 6 25
88122 63 1 0 5 6 20
88440 15 1 0 8 6 18
88678 186 1 0 4 6 21
89184 301 1 0 8 6 16
89727 115 1 0 8 6 15
91426 632 1 0 4 6 20
92056 145 1 0 8 6 18
92877 30 1 0 4 5 18
101707 39 1 0 4 6 21
106292 132 1 0 8 6 17
107369 271 1 0 1 6 23
108206 151 1 0 8 6 16
108211 504 1 0 1 5 20
109128 96 1 0 5 6 19
109370 120 1 0 6 6 23
111334 176 1 0 4 6 19
121106 18 1 0 0 6 11
121524 28 1 0 0 6 20
122843 94 1 0 7 6 20
123429 57 1 0 4 6 24
131233 55 1 0 1 5 19
131979 179 1 0 1 5 19
132266 72 1 0 9 6 22
133058 66 1 0 5 6 20
135007 36 1 0 8 6 26
138364 44 1 0 8 5 23
150070 35 1 0 8 6 15
150611 92 1 0 8 6 20
161915 147 1 0 4 6 19
164079 249 1 0 8 6 19
164627 126 1 0 8 5 17
166317 112 1 0 8 6 19
166600 218 1 0 8 5 18
168833 87 1 0 8 6 19
170260 77 1 0 8 6 17
172746 40 1 0 6 6 18
176339 145 1 0 2 6 17
176955 203 1 0 6 6 19
179510 65 1 0 2 6 18
181661 13 1 0 3 6 21
188299 233 1 0 8 6 18
194445 117 1 0 0 6 20
203522 75 1 0 2 6 32
209438 351 1 0 8 6 19
211188 220 1 0 4 6 21
217883 90 1 0 7 6 19
218939 83 1 0 8 6 23
218966 109 1 0 8 6 17
224886 205 1 0 9 6 20
225019 226 1 0 6 6 20
225043 169 1 0 8 5 19
225205 181 1 0 8 6 18
225330 78 1 0 8 5 15
226603 21 1 0 9 6 14
229071 35 1 1 3 6 24
229145 67 1 0 8 6 19
229148 44 1 0 8 6 16
234688 44 1 0 3 6 21
235554 68 1 0 2 6 20
235846 98 1 0 1 5 21
240979 246 1 0 4 6 20
241592 563 1 0 6 6 22
250093 57 1 0 6 6 19
250585 338 1 0 8 6 17
251199 188 1 0 4 6 19
251736 189 1 0 4 6 16
256045 150 1 0 8 6 18
259340 441 1 0 8 6 16
259763 105 1 0 8 6 18
261376 223 1 0 8 6 18
275745 126 1 0 4 6 22
275759 32 1 0 1 6 26
275764 58 1 0 4 6 21
276358 31 1 0 6 5 22
278471 109 1 0 1 6 24
278710 127 1 0 6 6 25
279083 17 1 0 0 6 26
279571 514 1 0 6 6 15
279629 77 1 0 5 6 19
282378 95 1 0 8 6 18
282661 270 1 0 4 6 19
282663 137 1 0 8 6 18
285387 202 1 0 8 6 15
285462 87 1 0 8 6 17
285550 264 1 0 8 6 15
286201 291 1 0 6 6 17
289817 74 1 0 1 6 20
290645 155 1 1 8 6 17
295685 268 1 0 8 5 16
296249 40 1 0 2 6 22
296402 118 1 0 1 6 30
296544 63 1 0 4 6 20
296877 76 1 0 8 6 18
297679 20 1 0 8 6 19
299566 72 1 0 4 6 17
299815 120 1 0 6 6 18
301398 49 1 0 4 6 20
302822 87 1 0 5 6 20
305440 192 1 0 6 6 27
305743 190 1 0 6 6 25
308215 65 1 0 6 6 18
313667 26 1 0 6 6 15
317757 124 1 0 2 6 24
321337 161 1 0 8 5 19
321449 286 1 0 8 6 20
321935 23 1 0 8 6 19
322072 122 1 0 2 6 19
323278 94 1 0 9 6 17
323441 91 1 0 6 6 15
324110 158 1 0 4 6 19
324570 28 1 0 2 6 30
330320 88 1 0 4 5 19
330839 126 1 0 6 6 19
331480 46 1 0 7 6 19
332245 34 1 0 8 6 25
332745 38 1 0 6 6 26
332978 75 1 0 2 6 27
334029 136 1 1 8 6 19
335598 190 1 1 8 6 18
335881 32 1 0 6 6 23
336166 49 1 0 2 6 21
336442 54 1 0 7 6 20
338382 122 1 0 4 6 20
339939 102 1 0 1 5 19
340003 40 1 0 1 6 19
341139 59 1 0 3 6 21
345361 11 1 0 4 5 24
348672 145 1 0 4 6 19
349756 76 1 0 8 6 19
350037 206 1 0 1 6 16
350624 39 1 0 3 6 22
351659 75 1 0 3 6 27
351927 22 1 0 1 6 25
352151 155 1 1 8 6 20
352483 18 1 0 8 6 19
352618 303 1 0 8 6 15
353059 72 1 0 8 6 19
353102 148 1 0 8 6 15
353167 97 1 0 6 6 20
353319 13 1 0 8 5 21
354069 18 1 0 6 6 22
354940 28 1 0 2 6 27
355525 106 1 0 4 6 26
355539 11 1 0 8 5 18
355572 73 1 0 9 6 25
355717 35 1 0 1 6 24
356790 98 1 0 1 6 18
359082 22 1 0 4 6 25
359682 192 1 0 8 6 16
361610 38 1 1 8 6 16
363147 30 1 0 6 6 21
364866 50 1 0 8 6 24
365628 58 1 0 8 6 17
366208 198 1 0 6 6 17
366817 85 1 0 8 6 18
369669 66 1 0 7 6 27
369721 95 1 1 8 6 16
369726 91 1 0 8 6 20
369728 90 1 0 8 6 17
369788 37 1 1 8 6 23
369796 103 1 0 8 6 23
369876 112 1 1 8 6 16
369925 75 1 0 8 6 16
369995 124 1 0 8 6 24
370033 157 1 0 8 5 16
370117 22 1 0 1 6 29
370342 103 1 0 8 6 24
370995 21 1 0 6 6 25
371129 61 1 0 8 6 18
371186 34 1 0 1 6 26
371515 48 1 1 4 5 23
371707 19 1 0 8 5 16
371808 49 1 1 8 6 20
372137 167 1 1 8 5 15
372290 24 1 0 1 5 22
372713 117 1 1 8 6 19
372779 229 1 0 8 6 17
372921 198 1 0 8 6 20
372974 51 1 0 8 5 19
374086 29 1 1 8 6 24
375858 43 1 0 4 6 20
376376 115 1 0 8 6 17
384761 201 1 0 8 6 18
385859 254 1 0 4 6 17
386380 123 1 1 8 6 17
387430 44 1 0 9 6 18
393208 246 1 0 1 6 30
395856 172 1 0 8 6 16
396650 19 1 0 8 6 14
398719 51 1 0 8 6 19
399798 31 1 1 8 6 25
401299 140 1 0 8 6 22
403516 19 1 0 2 6 19
409703 96 1 0 2 6 18
420791 51 1 0 8 6 19
428414 15 1 0 8 6 15
430450 101 1 0 2 6 19
430621 102 1 1 8 6 25
430699 156 1 0 4 6 16
430861 51 1 1 8 6 19
430913 132 1 0 9 6 19
431070 30 1 0 4 6 24
431137 9 1 1 9 6 21
431229 65 1 1 8 6 19
431263 28 1 1 6 6 18
431350 93 1 0 8 6 18
431481 50 1 0 8 6 27
431705 12 1 0 9 6 17
431714 15 1 1 8 6 24
431715 44 1 0 8 6 18
431716 17 1 1 8 5 21
431749 13 1 0 8 6 44
431919 18 1 0 8 6 22
431928 41 1 0 6 6 20
431990 121 1 0 8 6 18
431991 73 1 0 8 6 18
431994 30 1 0 6 6 15
432018 71 1 0 3 6 20
432047 61 1 0 6 5 23
432048 58 1 0 4 5 18
432051 107 1 0 6 6 17
432052 53 1 0 8 6 19
432076 116 1 0 8 6 21
432159 68 1 0 8 6 17
432161 54 1 0 9 5 20
432162 37 1 0 8 6 19
432163 43 1 0 8 6 16
432164 259 1 0 8 6 18
432260 2 1 0 8 6 18
432376 13 1 0 6 6 18
432377 138 1 0 6 6 18
432378 4 1 0 6 5 16
432380 26 1 0 8 6 20
432431 97 1 0 2 6 18
432460 54 1 0 9 6 17
432464 56 1 0 8 6 26
432496 133 1 0 8 6 23
432530 18 1 1 4 6 23
432531 94 1 0 4 5 18
432538 100 1 0 8 6 19
432541 46 1 0 4 6 18
432545 68 1 0 5 6 25
432597 67 1 0 8 6 18
432653 24 1 0 9 6 26
432655 35 1 0 6 5 21
432657 16 1 0 8 6 18
432796 52 1 0 8 6 22
432797 2 1 0 8 5 22
432798 72 1 0 4 5 19
432800 27 1 0 8 6 18
432803 151 1 0 8 6 17
432804 25 1 0 4 5 19
432805 17 1 0 8 6 24
432825 80 1 0 1 5 28
432827 20 1 0 2 5 14
432828 19 1 0 9 6 21
432831 56 1 0 8 5 19
432833 87 1 0 8 6 19
432880 13 1 0 4 5 21
432882 12 1 1 6 6 23
432883 22 1 0 8 5 23
432884 71 1 0 6 6 17
432885 46 1 0 8 6 20
432887 107 1 0 8 6 17
432888 42 1 0 8 6 17
432889 22 1 0 8 6 18
432890 16 1 0 8 6 16
432892 255 1 0 6 6 18
432943 23 1 0 8 5 23
432945 95 1 0 8 6 26
432947 17 1 0 4 6 22
432949 9 1 0 6 6 18
432976 113 1 0 8 6 15
432981 140 1 0 8 6 17
432990 113 1 0 8 6 16
432991 22 1 0 1 6 20
433056 20 1 0 6 5 17
433061 38 1 0 8 6 18
433104 7 1 0 4 6 21
433105 65 1 1 4 6 19
433107 128 1 0 4 6 16
433133 45 1 0 5 6 19
433569 41 1 0 8 6 25
433757 70 1 0 8 6 17
433758 14 1 0 8 6 21
433799 89 1 0 4 6 16
433862 85 1 0 8 6 18
433864 137 1 0 8 6 19
433865 73 1 0 8 6 20
433867 31 1 0 8 5 20
434030 62 1 0 3 6 28
434031 46 1 0 8 6 21
434050 89 1 0 8 6 21
434054 59 1 0 4 6 20
434119 90 1 0 4 6 18
434125 26 1 0 5 6 25
434208 38 1 0 4 6 19
434211 84 1 0 5 6 18
434279 59 1 1 8 6 33
434281 12 1 0 3 6 26
434288 42 1 0 6 6 23
434364 66 1 0 8 6 18
434365 96 1 0 9 6 18
434411 40 1 0 3 6 19
434466 74 1 0 8 6 22
434523 57 1 0 8 6 20
434526 114 1 1 8 6 23
434568 52 1 0 8 6 18
434691 64 1 0 9 6 18
434694 5 1 0 6 5 23
434696 8 1 0 6 6 18
434771 102 1 0 4 5 21
434855 63 1 0 8 6 20
434923 9 1 0 8 6 41
435060 35 1 1 8 5 21
435640 33 1 1 8 5 26
435697 27 1 0 8 6 17
437613 100 1 0 8 6 15
443298 90 1 0 9 6 16
445128 3 1 0 7 6 22
455212 25 1 0 8 6 23
467805 53 1 0 2 6 17
470637 45 1 0 8 6 16
482467 71 1 0 8 6 17
487197 96 1 0 2 6 19
487878 89 1 0 7 6 19
495345 42 1 0 7 6 14
505100 34 1 0 8 6 13
505103 18 1 0 6 6 23
505801 28 1 0 4 6 18
506342 45 1 0 6 6 17
512612 89 1 0 8 5 16
516082 48 1 0 4 6 18
517635 10 1 0 8 6 18
517735 25 1 0 8 6 22
518375 61 1 0 8 6 17
518566 15 1 0 0 6 18
520227 35 1 1 8 6 26
521316 73 1 1 4 6 21
522994 230 1 0 4 6 16
525889 51 1 0 8 6 21
530192 52 1 0 6 6 19
532320 16 1 0 2 6 20
532880 88 1 0 8 6 16
532957 108 1 1 8 6 18
533848 66 1 0 6 6 15
548766 24 1 0 8 6 19
560505 35 1 0 8 6 18
592864 56 1 1 8 6 17
616454 30 1 0 8 6 19
616575 50 1 0 8 6 17
657723 49 1 0 1 6 27
675770 28 1 0 4 5 28
679611 60 1 0 8 6 17
679635 7 1 0 8 5 19
679998 41 1 0 8 6 18
701290 20 1 1 6 6 18
701293 40 1 0 8 6 22
701844 46 1 0 8 6 22
705588 46 1 0 4 6 15
705759 16 1 0 4 6 19
705900 40 1 0 8 6 33
732989 67 1 0 6 6 16
733162 20 1 0 8 6 16
741309 35 1 0 8 6 21
748792 46 1 0 6 6 29
752201 152 1 0 8 6 19
753620 5 1 0 8 5 17
753736 23 1 0 8 5 19
755403 9 1 0 6 6 25
760894 66 1 0 1 6 31
768656 17 1 0 8 6 18
769727 17 1 0 7 6 20
773521 40 1 0 8 5 22
801642 54 1 0 6 6 19
808052 27 1 0 8 5 22
817964 38 1 1 8 6 25
818487 15 1 0 8 6 16
843559 9 1 0 1 6 22
881955 31 1 0 6 5 35
887418 24 1 0 7 6 20
888548 14 1 0 6 6 18
915621 30 1 0 8 6 19
919282 24 1 0 8 5 26
957060 25 1 0 8 6 16
958601 5 1 0 7 6 22
966785 19 1 1 8 5 17
968955 55 1 0 8 6 19
1024472 15 1 0 8 5 18
1110170 3 1 0 8 6 19
1141749 16 1 0 8 5 21
1141792 21 1 0 8 6 22
1142146 15 1 0 8 6 25
1147457 12 1 1 8 6 20
1186497 13 1 0 2 6 22
1253479 3 1 0 4 6 21
1282243 3 1 0 8 6 18
1289991 6 1 0 8 6 17
1328367 5 1 1 8 6 24
1331580 2 1 0 6 6 16
1331762 3 1 0 6 6 16
1331789 3 1 0 8 6 15
1469915 2 1 0 8 6 21
