91976
19
2208
91976 469 1 0 2 6 20
4024 143 1 1 2 6 19
12890 186 0 1 8 6 26
13847 166 1 1 2 6 24
13945 93 1 1 2 6 29
14765 55 1 1 5 6 21
22749 171 0 1 2 6 33
22852 60 1 1 6 6 25
24386 50 1 1 7 6 23
24581 214 1 1 2 6 25
29623 188 1 0 4 6 19
30585 109 1 1 2 6 16
33083 81 1 1 0 6 17
35004 114 1 1 7 6 24
37030 94 1 1 7 6 21
37060 311 1 1 6 6 20
37181 82 1 1 0 6 32
42510 134 0 1 0 6 22
50917 21 1 1 1 6 28
52874 122 1 0 5 6 21
55332 45 0 0 6 6 18
60128 342 0 1 4 6 35
63940 39 1 1 2 6 16
64065 297 1 1 2 6 20
64132 164 1 1 2 6 23
77375 96 1 1 7 6 21
78657 97 1 1 2 6 21
78818 757 1 0 2 6 23
79551 126 1 1 2 6 21
79880 32 1 1 3 6 26
80562 24 0 1 0 5 19
81901 87 1 1 3 6 23
84789 40 1 1 2 5 19
87065 52 1 1 2 6 19
89686 49 1 1 2 6 22
89919 173 1 1 2 6 18
91828 56 0 1 1 6 24
94112 130 1 0 7 6 19
95182 64 1 0 2 5 14
96652 34 1 1 2 6 19
99475 47 1 1 2 6 33
106286 93 1 1 8 6 26
109461 72 1 1 6 6 22
109914 141 1 1 8 6 20
112938 50 1 0 2 6 19
112947 178 1 0 2 6 20
113214 36 1 1 6 6 20
115556 44 1 1 6 6 24
118683 8 1 1 5 6 34
121256 147 1 1 5 6 19
126901 272 1 1 1 6 27
126909 226 1 1 1 5 27
130856 275 1 1 4 6 22
131344 75 1 0 7 6 16
133727 353 0 0 2 6 19
139044 83 1 0 2 6 35
139371 37 1 1 0 6 10
141213 56 1 0 5 6 21
142779 25 1 1 5 6 16
146696 27 0 1 2 6 21
153905 59 1 1 2 6 25
157436 122 1 1 2 6 22
162037 420 1 1 2 6 21
162040 63 1 0 2 6 15
164461 61 1 1 2 6 23
165359 133 0 1 2 6 21
165848 150 1 1 2 6 20
166146 117 1 1 2 6 31
166269 62 1 1 2 6 23
170374 86 1 1 2 6 42
171480 171 0 1 4 6 25
172311 80 1 1 2 6 20
172896 26 1 0 1 6 16
174593 73 1 1 7 6 17
178250 92 0 1 2 6 23
180839 90 0 0 8 6 17
180956 27 1 0 2 6 15
185625 17 1 1 5 6 21
188500 10 1 0 2 6 16
188503 12 1 0 2 5 16
191395 94 1 1 5 6 22
191711 62 1 1 1 6 18
191915 132 1 1 7 6 23
191952 279 1 1 7 6 20
192258 29 1 1 1 6 22
197265 16 1 1 2 5 21
198135 24 0 1 3 6 19
201221 287 1 1 2 6 40
201366 137 1 1 2 6 22
202009 43 1 1 9 6 25
204269 92 1 1 2 6 26
204372 56 1 1 1 6 23
205016 20 1 1 0 6 24
210062 86 1 1 2 6 22
211236 16 1 1 7 6 22
211788 23 1 1 2 6 23
214325 73 1 1 3 6 22
214550 13 1 1 2 5 22
214896 88 1 0 1 6 19
215785 159 1 0 0 6 21
223365 49 0 1 7 6 26
224100 34 0 1 7 5 18
227583 9 0 1 0 6 21
230005 221 1 1 2 6 20
230294 138 1 1 6 6 22
231391 5 1 1 1 6 23
231690 188 1 1 2 6 27
233119 20 1 1 7 6 33
234517 137 1 1 7 6 21
236613 92 1 1 2 6 24
238086 63 1 1 2 6 21
238474 117 1 1 2 6 23
239655 181 1 1 2 6 25
239885 64 1 1 5 6 24
241527 57 1 1 3 6 24
242458 48 1 1 4 6 23
242465 282 1 1 4 6 33
242536 33 1 0 2 6 15
245522 304 1 0 2 6 16
254419 52 1 1 5 6 22
255318 25 1 1 5 6 24
255692 134 1 0 2 6 15
257949 50 1 1 2 6 23
258061 153 1 1 6 6 20
258625 13 1 1 2 6 23
260490 175 1 0 2 6 20
260528 54 1 1 2 6 21
260774 83 1 0 2 6 13
260908 34 1 0 2 6 20
260947 80 1 1 2 6 25
260950 131 1 1 2 6 20
261095 71 1 1 2 6 20
261229 125 1 0 2 6 18
262040 82 1 1 6 6 23
262290 79 0 1 9 6 20
262871 32 1 1 6 5 25
263260 168 1 1 2 6 18
263632 22 1 1 2 6 20
269198 23 1 1 5 6 17
275102 147 1 1 7 6 19
275173 110 1 1 7 6 23
275333 152 1 1 7 6 23
277785 60 1 0 2 6 35
278005 72 1 0 2 6 21
278383 88 1 1 2 6 22
282294 112 1 0 2 6 16
283861 33 1 1 1 6 25
297717 52 1 1 5 6 18
303496 326 1 0 6 6 18
305619 167 0 1 6 6 18
305832 82 1 0 6 6 22
324922 35 1 1 1 6 20
326626 12 1 1 1 6 23
328120 89 1 1 6 6 20
330235 41 1 0 5 6 24
332574 75 1 0 2 6 18
334212 386 1 1 6 6 18
334365 76 1 1 2 6 23
336615 74 1 1 6 6 20
340910 75 0 1 7 6 20
341400 36 1 1 3 6 27
344731 15 0 1 8 6 21
349004 110 1 1 6 6 21
350203 50 1 0 7 6 18
355130 105 1 0 4 6 26
356803 41 1 0 6 6 13
357311 44 0 0 2 6 23
358156 121 1 1 7 6 19
361222 29 0 1 3 6 20
365050 161 1 1 7 6 19
368162 40 1 1 1 6 23
368931 150 1 1 6 6 23
371020 36 1 1 2 6 18
373161 20 1 1 8 6 17
373484 52 1 0 6 6 20
373492 55 1 0 2 6 22
373573 120 1 0 6 6 19
376729 152 1 1 2 6 33
376886 132 1 1 2 6 21
377186 8 1 1 1 6 27
377807 59 1 1 2 6 11
377975 3 1 1 4 6 20
378004 145 1 1 6 6 19
378016 84 1 1 6 6 23
384587 11 1 1 2 5 21
384884 70 1 1 2 6 21
387061 149 1 1 5 6 20
388392 40 1 0 4 6 20
394015 11 1 1 8 6 21
395575 91 1 1 7 6 15
399327 38 1 1 1 6 14
403762 24 1 0 2 5 14
403813 77 1 1 2 6 23
404906 23 1 0 4 6 17
411924 14 1 1 1 6 23
414315 17 1 1 2 6 19
414595 29 1 0 7 6 13
414597 103 1 1 5 6 22
414637 114 1 0 7 6 17
414919 79 0 1 7 6 17
416312 32 1 1 2 6 20
417205 49 0 1 6 6 20
420890 85 1 1 3 6 24
421268 33 1 1 7 6 23
421524 77 1 1 5 6 21
421775 53 1 1 5 6 24
421830 122 1 1 7 6 30
422284 10 1 1 7 6 24
422286 51 1 1 5 6 22
425190 6 1 1 2 6 25
425228 70 1 0 5 6 16
427375 19 1 1 6 6 28
432142 69 1 1 5 6 32
432293 10 1 1 2 6 23
436324 127 1 1 6 6 18
441537 8 1 0 2 6 15
441730 28 1 1 2 6 31
446377 87 1 0 5 6 18
446616 14 1 1 0 6 18
446829 113 1 0 6 6 17
450274 21 1 0 2 6 23
453134 34 1 1 0 6 20
455919 44 1 0 4 6 19
456582 11 1 1 5 6 20
459034 62 1 0 6 6 17
459036 102 1 0 6 6 17
459936 20 1 0 2 6 12
463500 100 1 0 5 6 18
465322 64 1 1 6 6 23
466310 58 1 1 5 6 21
467489 32 1 1 2 6 13
469135 126 1 0 2 6 17
470525 33 1 0 1 6 19
482566 91 1 1 7 6 20
482716 37 1 1 7 6 21
486273 23 1 1 7 6 20
487373 61 1 1 5 5 19
487982 41 1 1 5 6 20
488275 21 1 0 4 6 12
489488 75 1 0 5 6 19
490084 112 1 0 2 6 18
494643 31 1 1 2 6 19
495590 61 1 1 7 6 22
498675 90 1 1 7 6 30
498729 129 1 1 5 6 25
499274 19 1 0 2 6 22
499725 21 1 1 6 6 22
502649 77 1 1 7 6 25
507354 92 0 1 2 6 18
507438 21 1 1 1 6 23
507859 18 1 0 2 5 15
507900 40 1 1 7 6 16
511633 41 1 0 3 6 14
513332 25 1 1 2 6 16
513343 25 1 0 2 6 16
513586 153 1 1 2 6 19
513915 14 1 1 2 6 20
514035 240 1 1 2 6 20
514062 151 1 1 7 6 21
519430 3 1 1 1 6 29
519868 29 1 1 1 6 30
528101 101 0 1 2 6 20
531085 21 1 1 2 5 27
533949 44 1 1 2 6 14
534121 41 1 1 2 6 20
538156 274 1 1 2 6 21
539912 55 1 1 2 6 18
539991 118 1 1 2 6 20
546233 10 1 0 5 6 16
546751 29 1 0 2 6 15
547097 32 1 1 2 6 18
547288 10 1 1 2 5 22
547550 41 1 1 2 6 21
548533 32 1 0 2 6 17
548552 29 1 1 2 6 23
548997 56 1 1 6 6 22
549757 55 1 1 7 6 22
555314 34 1 0 2 6 16
560004 82 1 1 7 6 19
561713 12 0 1 6 6 23
566777 57 1 1 7 6 22
570766 53 1 1 5 6 29
577191 50 1 0 6 5 20
577560 14 1 1 7 6 26
580193 28 1 1 3 6 28
582680 14 1 1 2 5 16
583588 41 1 1 1 6 33
583729 134 1 0 6 6 19
586622 65 1 1 6 6 19
587056 54 1 1 2 6 16
588011 12 1 1 5 6 31
593911 14 1 1 7 6 23
593923 9 1 1 5 6 29
602083 21 0 0 6 6 18
610612 20 1 1 5 6 21
611229 27 1 0 2 6 15
612293 20 1 1 6 6 20
613833 54 1 1 2 6 21
613927 42 1 1 2 6 11
615342 59 1 1 4 6 20
619945 8 1 1 4 6 20
619972 32 1 0 5 6 23
623878 20 1 1 5 6 18
623910 78 1 1 8 6 18
624190 10 1 1 1 6 30
633375 24 1 1 7 6 21
634965 48 1 1 5 6 22
635926 3 1 1 6 6 23
636209 10 1 1 4 5 23
637837 151 1 1 7 6 18
638659 43 1 1 2 6 18
648169 49 1 1 2 6 24
650037 38 1 1 6 6 23
650573 11 1 1 1 6 23
650826 5 1 1 5 6 25
657031 4 0 1 4 5 19
658867 20 1 1 1 6 24
659258 23 1 1 6 6 19
662080 30 1 1 2 5 11
667169 15 1 1 7 5 26
671150 15 1 1 6 6 16
676290 11 0 1 8 6 22
703661 11 1 1 2 6 20
703811 86 1 0 6 6 16
705261 13 1 1 2 6 23
705888 32 1 0 5 6 18
707090 16 1 1 2 6 22
707546 15 1 1 2 5 21
709646 12 1 1 2 6 26
717166 23 0 1 8 6 19
717791 9 1 1 5 6 26
720100 14 1 1 1 6 23
720400 4 1 0 2 6 22
728566 3 1 1 6 6 15
734258 22 1 1 7 6 13
735248 51 1 1 7 6 16
738675 85 1 0 2 6 16
767213 27 1 1 2 6 21
768199 28 1 1 2 6 21
769137 9 1 1 3 6 14
770518 20 1 1 5 6 23
771530 13 1 0 6 6 29
773861 50 1 1 7 6 28
779077 11 1 0 6 6 19
780670 28 1 1 7 6 22
795907 12 1 1 1 6 19
805033 31 1 1 2 6 19
806549 23 1 0 0 6 17
810050 42 1 1 5 6 23
812833 9 1 1 2 6 28
812916 7 1 1 2 6 27
814121 14 1 1 7 6 16
814959 27 1 0 5 5 17
815583 63 1 0 5 6 22
816131 34 1 0 5 6 20
817158 39 1 1 8 6 20
824541 15 1 1 2 6 21
829534 34 0 1 1 6 20
835910 10 1 1 8 6 15
837377 13 1 1 2 6 23
837876 36 1 0 2 6 15
838347 14 1 1 7 6 16
838348 2 1 1 2 6 23
838350 14 1 0 2 6 20
838351 2 1 1 2 6 29
838359 4 1 1 2 6 23
838360 1 1 1 6 6 18
838379 1 1 1 2 6 23
838380 31 1 1 9 6 29
838383 17 1 1 2 6 19
838384 21 1 0 6 6 17
838466 3 1 1 2 5 16
838467 2 1 1 2 6 23
838468 29 1 1 2 6 18
838469 7 1 1 4 6 28
838470 4 1 1 2 5 15
838471 39 0 0 2 6 24
838489 34 1 1 2 6 20
838490 2 1 1 2 6 22
838491 4 1 1 2 6 42
838493 11 0 1 8 6 18
838514 12 0 1 6 6 22
838515 6 1 0 5 6 19
838517 93 1 0 2 6 14
838520 7 1 1 2 6 28
838523 13 1 0 6 5 10
838543 20 1 0 7 6 23
838545 14 1 1 2 6 21
838552 8 1 1 7 6 16
838561 8 1 0 7 6 12
838562 6 1 0 2 6 27
838563 12 1 1 5 6 14
838566 10 1 1 6 6 23
838567 22 1 1 7 6 15
838573 3 1 1 2 5 20
838575 20 1 1 2 6 16
838577 10 0 1 5 5 21
838581 51 1 1 2 6 31
838583 28 1 1 2 6 22
838624 5 1 0 6 6 48
838647 4 1 1 2 6 20
838649 11 1 1 2 6 18
838680 4 1 1 1 6 32
838681 1 1 1 7 6 34
838682 2 1 1 3 5 21
839014 21 1 1 7 6 21
839015 4 1 1 6 6 21
839016 30 1 0 2 6 14
839017 7 1 1 2 6 22
839019 28 1 0 2 5 20
839039 9 0 1 7 6 24
839042 30 1 0 5 6 25
839342 10 1 1 8 6 25
853736 46 1 1 2 6 21
870655 17 1 1 3 6 23
902054 4 1 0 2 6 19
902752 7 1 1 2 6 18
903211 39 1 1 5 6 21
903782 12 1 0 7 6 25
916826 6 1 1 1 6 28
920822 17 1 1 2 6 22
925604 11 1 1 1 5 20
926317 31 1 0 5 6 19
928704 16 1 1 2 6 23
938095 38 1 1 6 6 23
942886 6 1 1 5 5 25
943559 22 1 1 2 6 22
944810 20 1 1 5 6 26
946996 21 1 1 4 6 34
948003 17 1 1 2 6 20
948749 29 1 1 7 6 21
950826 21 1 1 2 6 22
955034 30 1 1 5 6 22
965155 9 1 1 1 6 29
969554 4 1 1 2 6 30
972189 13 1 1 7 5 28
1016818 4 1 0 4 6 18
1021612 8 1 0 2 6 15
1027844 26 1 1 7 6 17
1039614 24 1 0 2 6 25
1040935 16 1 1 7 6 21
1042590 12 1 1 6 6 28
1044971 4 1 1 6 5 22
1083912 22 1 1 7 6 25
1094773 22 1 1 5 6 23
1096522 8 1 1 5 6 38
1132918 5 1 1 6 6 22
1135222 21 1 1 6 6 22
1135596 9 1 0 6 5 22
1161476 18 1 1 7 6 32
1162744 3 1 1 2 6 20
1163611 6 1 1 6 6 19
1166614 26 1 1 7 6 21
1177559 3 1 1 2 5 22
1177690 11 1 1 5 6 26
1188490 8 1 1 3 6 32
1222464 4 1 1 5 6 24
1223735 22 1 1 5 6 23
1226377 7 1 1 2 6 22
1236721 5 1 1 2 6 17
1245530 5 1 1 7 6 31
1254431 1 1 0 6 6 13
1320639 8 1 0 5 6 32
1326142 2 1 1 7 6 1
1364212 4 1 1 6 6 30
1366054 2 1 1 6 5 20
1421457 2 1 1 2 6 23
1514246 18 1 1 2 6 32
1519068 2 1 1 7 6 23
1539910 2 1 1 2 5 23
