71051
19
2188
71051 502 1 0 8 6 19
17323 114 1 1 2 6 21
18546 67 1 1 0 6 20
19111 171 0 1 6 6 20
19372 134 1 1 3 6 19
19889 67 1 1 8 6 22
23483 96 1 1 8 6 18
24524 36 1 1 3 5 23
26365 428 0 1 4 6 20
26791 138 1 1 0 6 25
28556 53 1 1 8 6 25
30368 105 1 1 6 6 25
33759 35 1 0 1 6 28
33842 242 1 1 8 6 19
35472 43 1 1 1 6 21
35654 154 1 1 8 6 21
35687 189 1 1 2 6 20
36708 102 1 1 0 6 22
37064 110 1 1 7 6 23
40087 287 1 1 8 6 18
46578 160 1 1 3 6 19
46827 61 1 1 0 6 25
47591 88 1 1 3 6 19
55212 259 1 1 6 6 27
58895 73 1 1 8 6 23
61332 97 1 1 6 6 25
62535 143 1 1 4 6 22
62792 110 1 1 8 6 22
64145 52 1 1 8 6 20
66526 159 1 1 0 6 15
66810 73 1 1 4 6 28
69224 95 1 1 1 6 21
69299 16 1 1 3 6 25
69371 34 1 1 8 6 22
69633 84 1 1 1 6 25
70065 55 1 1 0 6 24
70412 119 1 1 6 6 21
71891 36 1 1 3 6 24
74437 80 1 1 6 6 21
74856 66 1 1 8 6 22
75774 61 1 1 8 6 20
75808 75 1 1 8 6 21
77769 124 1 1 8 6 19
79572 6 0 1 2 6 23
79624 112 1 1 1 6 19
79969 103 1 1 8 6 25
81166 38 1 1 4 6 22
84624 165 1 1 8 6 20
88793 173 1 1 8 6 20
90206 59 0 1 3 6 20
91478 64 1 1 8 6 21
92238 333 1 1 2 6 21
96349 16 0 1 8 6 20
97953 123 1 0 8 6 19
99378 110 1 1 8 6 22
102750 39 0 1 8 6 28
104970 17 1 1 8 6 24
109058 116 1 0 8 6 20
110002 84 0 1 1 5 21
110267 80 0 1 8 6 22
112811 33 0 1 8 6 25
112976 81 1 1 8 6 26
115625 84 1 1 7 6 23
116897 50 1 1 8 6 23
116987 12 0 1 6 6 28
120081 78 1 1 8 6 20
120194 80 1 1 8 6 20
122537 27 0 1 8 6 22
129506 72 1 1 5 6 27
133588 211 0 1 6 6 25
134814 74 1 1 8 6 23
135186 72 1 1 8 6 22
138824 64 1 1 8 6 14
139276 83 1 1 8 6 22
141393 33 0 1 8 6 25
149539 44 1 1 8 6 22
149766 60 0 1 4 6 19
149915 45 0 1 8 6 20
149960 398 1 1 8 6 20
152797 30 1 0 8 5 22
154931 117 1 1 8 6 20
155480 183 1 1 8 5 18
155584 95 1 1 8 6 24
156771 84 1 1 8 6 22
158991 81 1 1 8 6 23
161811 141 0 1 1 6 30
165061 128 0 1 2 6 30
165734 110 1 1 6 6 24
166136 126 1 1 7 6 22
166473 120 1 1 8 6 23
167074 22 1 1 2 6 27
167416 116 1 1 8 6 21
169177 113 1 1 6 6 27
172550 67 1 1 6 6 20
173461 27 1 1 8 6 25
173779 377 1 1 6 6 32
175652 109 0 1 6 6 19
178376 10 0 1 6 6 25
179164 84 1 1 8 6 25
190027 53 1 1 9 6 26
190433 57 1 1 8 6 18
191395 94 1 1 5 6 22
196288 152 1 1 8 6 20
196601 85 1 1 1 6 41
203141 107 1 1 8 6 20
205779 130 1 1 8 6 20
205879 57 1 1 8 6 23
209214 104 1 1 8 6 35
210737 106 0 1 8 6 23
210927 92 1 1 8 6 22
213861 139 1 0 8 6 19
214913 38 1 1 8 6 26
217300 61 1 1 8 6 27
223841 46 1 0 8 6 14
224184 105 1 1 5 6 18
229872 211 1 0 8 6 17
229963 118 1 1 8 6 17
230973 79 1 0 8 6 18
232416 21 0 1 6 6 22
237755 68 1 0 3 6 19
238793 68 1 1 0 6 21
239315 78 1 1 6 6 20
240741 36 1 1 7 6 33
244313 74 1 1 8 6 26
247266 60 0 1 8 6 24
248079 187 1 0 8 6 16
248898 117 1 0 8 6 18
253134 45 1 1 8 6 22
253936 94 1 1 6 6 24
256662 38 0 0 2 6 20
260178 157 1 0 8 6 22
264427 34 1 1 8 6 24
267510 136 1 0 8 6 19
267577 51 1 1 5 6 20
269926 99 1 0 8 6 20
271305 124 1 1 7 6 20
271708 61 1 1 8 6 19
272852 121 1 1 6 6 16
274679 62 1 1 8 6 20
279070 66 1 1 8 6 21
284205 74 1 0 8 6 19
288228 102 1 1 5 6 25
289137 90 1 1 5 6 21
289243 60 1 1 8 6 23
289658 26 1 1 3 6 23
292113 54 0 1 8 6 23
293714 94 1 1 8 6 21
297954 192 1 0 8 6 18
298138 133 1 0 8 6 21
298202 77 1 0 8 6 18
299129 26 1 1 2 6 29
303531 41 1 1 8 6 18
304030 152 1 0 8 6 20
307663 40 1 1 2 6 20
308890 23 1 1 8 6 21
310300 48 0 1 8 6 18
316386 79 1 0 7 6 11
323728 36 1 1 8 6 19
325803 66 0 1 7 6 19
326238 130 1 1 8 6 19
334562 19 1 1 8 6 23
334835 13 1 1 8 6 28
335596 78 1 0 8 6 19
338479 199 1 1 4 6 23
338818 66 1 1 8 6 20
340122 29 1 1 8 6 23
340209 7 1 1 8 6 24
340508 197 1 1 8 6 22
340605 56 1 1 8 6 24
340872 80 1 1 8 6 21
341475 20 1 1 8 5 25
342089 23 1 0 8 6 13
342725 175 1 0 4 6 17
342772 92 1 1 8 6 21
342823 90 1 0 8 6 20
342890 42 0 1 8 6 20
343653 120 1 1 8 6 18
343661 141 1 1 1 6 20
344540 39 0 1 8 6 22
344596 126 1 1 8 6 18
344656 98 1 1 8 6 22
344838 72 1 1 8 6 19
345084 77 1 1 8 6 20
345086 125 1 1 8 6 18
345090 52 1 1 8 6 17
345153 69 1 1 8 6 21
345390 135 1 0 8 6 18
345500 81 1 1 8 6 23
346125 81 1 1 8 6 24
346127 69 1 1 8 6 23
346308 107 1 1 8 6 21
346767 75 1 1 8 6 20
346808 54 1 1 8 6 21
346930 53 1 1 8 6 18
347376 103 1 1 8 6 20
347627 74 1 1 0 6 22
347659 160 1 1 8 6 21
348724 86 1 1 8 6 24
348779 49 1 1 8 6 23
348797 23 1 1 1 6 23
348940 54 1 1 8 6 19
348963 81 1 1 8 6 22
349587 118 0 1 4 6 21
349623 112 1 1 8 6 20
349661 71 1 1 8 6 23
360770 29 0 1 8 6 24
361116 430 1 1 8 6 19
361470 64 1 0 8 6 21
362416 59 1 1 8 6 26
362476 129 1 1 4 6 21
362628 113 1 0 8 6 17
362768 15 1 0 2 5 18
362841 141 1 0 8 6 19
363319 54 1 1 8 6 23
364184 10 1 1 5 6 112
364574 79 1 1 8 6 20
365238 34 1 1 5 6 19
365327 15 1 1 8 6 23
366400 13 0 1 8 6 31
366718 69 1 1 8 6 23
367143 34 0 1 8 6 23
367369 47 1 1 8 6 23
367375 12 0 1 8 6 24
368732 42 1 1 4 6 21
369655 15 1 1 1 6 26
370153 35 1 0 2 6 13
370776 66 1 1 8 6 21
371321 74 1 1 8 6 20
374202 26 1 1 8 6 20
374307 12 1 0 4 6 32
375313 46 1 1 6 6 33
376052 26 1 1 4 6 21
377343 67 1 1 8 6 21
378660 48 1 1 2 6 17
380721 75 1 1 7 6 21
381331 57 1 1 8 6 19
383324 49 0 1 6 6 28
384587 11 1 1 2 5 21
386145 11 0 1 6 6 16
389378 129 1 1 8 6 22
389539 30 1 1 8 6 16
392480 25 0 1 8 6 18
392665 73 0 1 1 6 22
393622 12 0 1 8 6 23
394409 153 1 1 8 6 27
395419 100 0 1 8 6 17
395441 40 1 1 8 6 18
398836 57 1 1 8 6 18
400738 18 1 1 8 6 23
404048 68 0 1 2 6 24
404612 72 0 1 2 6 20
405712 11 1 1 0 5 22
405982 38 1 1 8 6 21
406076 36 1 1 8 6 24
406334 8 0 1 1 6 21
406841 38 1 1 8 6 18
411386 11 1 1 6 6 25
411621 89 1 1 8 6 20
411766 6 0 1 6 6 25
411913 72 1 1 8 5 17
411930 77 1 1 8 6 22
412246 116 1 1 8 6 22
412576 19 1 1 6 5 19
413451 77 1 1 6 6 23
416085 94 1 1 8 6 18
418103 95 0 1 1 6 21
418252 79 1 1 8 6 20
418417 47 1 0 8 6 18
418464 34 1 1 8 6 19
424463 6 1 1 8 6 17
425860 22 1 1 5 6 28
426148 71 1 1 8 6 19
426872 16 1 1 8 6 35
431533 117 1 1 8 6 18
437240 125 1 0 6 6 17
437733 24 1 1 4 6 23
444722 58 1 1 6 6 21
445453 50 1 1 8 6 22
445896 37 0 1 7 6 29
451573 61 0 1 6 6 33
454349 21 0 1 8 6 31
455209 50 1 1 8 6 22
456046 5 1 1 5 6 30
465535 25 1 1 2 6 21
467277 55 1 1 4 6 25
468411 106 1 0 8 6 24
484282 74 1 1 6 6 20
492221 13 0 1 8 6 20
493879 109 1 1 7 5 20
496994 13 1 0 8 6 12
500457 32 1 1 7 6 27
505850 26 1 1 8 6 30
508903 31 1 1 4 6 29
509332 59 1 1 5 6 29
510907 30 1 1 5 6 32
518621 13 1 1 8 6 27
518785 38 1 0 8 6 11
518795 123 1 1 8 6 26
519863 2 1 1 8 6 22
528946 51 0 1 8 6 20
530924 33 1 1 8 6 23
535492 36 1 0 8 6 16
536923 7 1 1 6 6 20
539525 18 1 1 5 6 23
543269 32 1 1 6 6 29
543674 38 0 1 6 6 26
546391 3 1 1 0 6 22
546989 23 1 1 2 6 23
549633 27 0 1 8 6 22
550546 104 1 1 8 6 32
551112 113 1 1 8 6 23
551161 9 1 1 6 6 19
551172 8 1 1 6 6 22
551511 83 1 1 4 6 22
555024 13 1 1 6 6 22
555460 18 0 1 8 6 26
558618 52 1 1 8 5 30
559721 67 1 1 8 6 25
564794 44 1 0 8 6 18
567809 6 1 1 1 6 21
567949 30 1 1 8 6 20
578635 38 1 0 8 6 19
583411 11 0 1 6 5 21
597889 24 0 1 8 6 19
599316 27 0 1 8 6 19
600918 54 1 1 8 6 20
601808 74 1 1 7 6 18
602461 15 1 1 8 6 29
603406 137 1 1 8 6 22
604329 16 1 0 3 6 20
605297 12 1 1 8 6 25
607537 28 1 1 8 6 27
608089 5 1 1 6 6 35
621983 88 1 1 8 6 20
629365 47 0 0 8 6 20
629518 51 1 0 4 6 19
630330 68 1 1 8 6 29
631270 28 1 1 8 6 24
631295 53 1 1 8 6 27
633628 66 1 1 1 6 20
635628 48 1 1 8 6 19
636546 50 1 1 6 6 30
637338 47 1 1 8 6 21
640738 25 1 1 8 6 25
640875 3 1 1 8 6 24
640876 7 1 1 8 5 24
641976 54 1 1 8 6 25
642833 17 0 1 8 6 34
642933 27 0 1 8 6 18
645275 9 1 1 8 6 25
646813 36 1 1 8 6 33
649124 45 0 1 8 6 23
649216 45 1 1 8 6 23
650980 56 1 1 8 6 21
652429 15 1 1 1 5 21
655168 42 1 1 6 6 18
655514 35 1 1 8 6 15
657677 22 1 1 1 6 23
657944 27 1 1 8 6 28
662511 56 1 1 8 6 28
663490 60 1 1 1 6 28
665575 93 1 1 8 6 24
676629 45 1 1 8 6 23
681467 54 1 0 8 6 27
693708 68 1 1 8 6 19
693742 72 1 1 8 6 19
694614 58 1 0 8 6 19
704253 13 0 1 6 6 34
717787 14 1 1 8 6 26
737398 35 1 1 8 6 28
738773 40 1 0 8 6 26
741954 12 1 1 8 6 18
741996 5 1 1 1 6 24
742351 3 1 1 8 6 23
742353 16 1 1 8 6 19
742444 2 1 1 7 6 17
742446 20 1 1 8 6 18
742447 3 1 1 8 6 34
742448 6 0 1 8 6 25
742449 4 1 1 8 6 27
742450 8 1 1 8 6 29
742452 5 0 1 8 6 23
742454 58 1 1 8 6 28
742456 7 0 1 8 6 38
742459 14 1 1 8 6 25
742470 4 0 1 2 5 30
742487 2 1 1 1 6 32
742488 8 1 1 8 6 21
742489 21 1 1 8 6 16
742508 46 1 1 8 6 20
742509 23 0 1 8 6 22
742511 1 1 1 8 6 23
742512 19 1 1 1 6 34
742514 24 1 1 8 6 21
742519 3 0 1 8 6 25
742535 18 1 1 9 6 18
742536 6 1 1 0 6 23
742537 1 0 1 8 6 22
742538 2 1 1 8 6 24
742666 8 1 1 9 6 24
742668 14 0 1 6 6 38
742669 5 1 1 8 5 28
742671 4 1 1 0 6 36
742672 26 1 1 6 6 27
742673 4 1 1 1 6 15
742698 7 1 1 1 6 19
742699 1 0 1 6 5 28
742700 1 1 1 3 6 24
742701 40 0 1 6 6 27
742703 9 0 1 6 6 26
742717 16 0 1 8 6 18
742718 44 1 1 6 6 26
742719 28 1 1 8 6 29
742720 8 0 1 8 5 22
742756 8 1 1 0 6 23
742757 22 0 1 6 6 27
742758 6 0 1 1 5 32
742759 54 1 1 8 6 29
742760 3 1 1 6 6 29
742766 7 0 1 8 5 27
742773 10 0 1 8 6 25
742778 3 0 1 6 6 33
742788 2 1 1 8 5 31
742789 5 1 1 6 6 36
742792 13 1 1 8 6 29
742794 12 1 1 5 6 19
742843 6 1 1 6 6 30
742844 7 0 1 8 6 20
742845 7 0 1 8 6 22
742846 14 1 1 2 5 23
742848 13 1 1 6 6 27
742863 4 1 1 8 5 27
742864 1 1 1 8 6 28
742865 15 1 1 4 6 24
742867 4 0 1 8 5 25
742868 8 1 1 8 6 20
742890 8 0 1 6 6 36
742891 5 1 1 6 6 31
742892 35 1 1 5 6 24
742894 4 0 1 8 6 25
742896 21 1 1 6 6 30
742897 17 1 1 8 6 29
742898 13 1 1 8 6 20
742918 9 1 1 6 6 34
742920 1 0 1 8 6 30
742921 27 0 1 8 6 21
742945 20 1 1 8 6 32
742946 1 1 1 8 6 22
742949 6 0 1 7 6 22
742951 48 0 1 8 6 29
742961 11 1 1 6 6 26
742972 7 1 1 6 6 23
742982 2 1 0 8 6 19
742999 25 1 1 8 6 23
743001 7 1 1 8 5 22
743002 18 1 1 6 6 26
743028 15 1 1 8 6 25
743029 23 1 1 8 6 18
743031 13 1 1 7 6 21
743056 16 1 1 8 6 23
743057 5 0 1 5 6 24
743077 14 1 1 1 6 23
743117 31 1 0 8 6 19
743154 14 1 0 8 6 19
746674 97 1 1 8 6 20
747556 54 1 0 8 6 17
756707 41 1 1 8 6 23
764848 41 1 0 8 6 16
765163 61 1 1 8 6 18
813077 69 1 1 8 6 21
821550 7 1 1 6 6 22
850978 18 1 0 8 6 20
856775 14 1 1 8 6 23
923055 9 1 1 8 5 30
923402 26 1 1 8 6 31
931508 31 1 1 7 6 21
937234 11 1 1 6 6 28
947818 6 1 1 0 6 22
972388 15 1 1 6 6 32
1006152 7 1 1 6 6 26
1015889 22 1 1 8 6 20
1059835 9 1 1 6 6 31
1071976 11 1 1 8 6 25
1074691 44 1 1 8 6 22
1091764 19 1 1 1 6 26
1094587 13 1 1 8 6 38
1100136 18 1 1 6 6 28
1129245 3 1 1 4 6 26
1131525 16 1 1 7 6 37
1155738 4 1 1 8 5 18
1169112 21 1 1 8 6 33
1175682 10 1 1 8 6 21
1197442 7 1 1 6 5 21
1201130 12 1 1 6 6 36
1224794 5 1 1 3 6 34
1252900 2 1 1 8 6 24
1274262 4 1 1 0 6 25
1276602 8 1 1 0 6 24
1326290 2 1 1 8 6 23
1329586 2 1 1 7 6 26
1353512 2 1 1 7 6 26
1592859 3 1 1 8 6 30
1595815 3 1 1 8 6 33
