224620
19
542
224620 444 1 0 8 6 18
11239 102 1 1 8 6 17
19069 252 1 1 6 5 19
20994 41 1 1 9 6 17
38901 183 1 1 7 6 32
39468 71 1 0 6 6 19
39559 21 1 1 4 5 18
45098 136 1 1 8 6 18
47145 61 1 1 8 6 27
71882 199 1 1 8 6 15
72562 325 1 1 8 6 19
73280 124 0 1 6 6 19
74222 23 1 0 8 6 23
76070 321 1 1 5 6 19
78837 160 0 1 4 6 19
78965 181 0 1 6 6 18
79386 100 1 1 8 6 29
79423 149 1 1 8 6 17
79552 194 1 1 2 6 24
79803 290 0 1 8 6 19
79917 59 1 1 6 6 16
93629 98 1 1 8 6 14
121707 75 1 1 8 6 20
122645 60 1 1 6 6 21
122647 60 1 1 6 6 14
135563 390 1 1 6 6 16
136006 371 1 0 4 5 13
136007 182 1 1 6 6 21
136089 498 1 1 8 6 20
136232 25 1 1 6 6 18
140134 53 1 1 2 6 11
140469 83 1 1 8 6 18
146032 845 1 1 8 5 29
149642 115 1 1 8 6 20
154379 119 1 1 8 5 16
154478 49 1 1 8 6 17
154563 28 0 1 4 6 18
155003 133 0 1 8 6 19
155015 71 1 1 8 6 15
155088 33 0 1 8 6 18
155575 215 0 1 8 6 16
156412 120 1 1 8 6 17
163006 50 0 1 0 6 111
165378 228 1 1 4 6 18
166510 117 1 0 4 6 17
174565 76 1 1 8 6 19
177228 23 1 1 5 6 24
177540 31 1 1 8 6 20
177602 271 1 1 8 6 16
179424 237 1 1 8 6 16
180931 302 1 1 1 6 18
182939 176 1 1 8 6 18
184427 26 1 1 8 5 18
184431 43 1 1 8 6 18
184602 44 1 1 8 6 20
188484 111 1 1 6 6 18
189023 132 1 0 8 6 15
203146 52 1 1 7 5 18
207068 252 1 1 2 6 24
207082 94 1 1 1 6 19
211626 78 1 1 6 6 28
211732 264 1 1 4 6 18
211826 582 1 1 6 6 28
212090 220 1 1 6 6 18
212092 81 1 1 7 6 16
212155 69 1 1 6 5 22
212378 219 1 1 6 6 14
212667 124 1 1 2 6 16
213187 39 1 1 8 6 14
213217 47 1 1 8 6 12
213263 129 1 1 8 6 17
213330 96 1 1 8 6 16
213432 397 1 1 6 6 17
213884 160 0 1 6 6 18
215750 389 1 1 6 5 28
219632 190 1 1 8 6 25
224238 110 1 1 6 6 19
224512 53 1 1 2 6 17
224553 98 1 0 8 6 16
224627 317 1 1 8 6 18
224628 162 1 1 6 6 17
232300 22 1 1 4 5 15
235430 125 1 0 8 6 7
238630 125 1 1 2 6 24
239312 185 1 1 9 6 21
246167 153 1 1 6 5 18
250585 338 1 0 8 6 17
256156 48 1 1 8 6 19
259270 96 1 1 8 6 17
262440 136 1 1 7 6 18
268788 15 1 1 2 6 14
274728 228 1 1 6 6 18
276892 114 1 1 6 6 19
279050 252 1 1 8 6 17
282339 156 0 0 8 6 18
289128 79 1 1 8 6 16
304946 89 1 1 2 6 17
309092 60 1 1 8 5 18
309095 99 1 1 1 5 19
312981 58 1 0 2 6 19
313074 88 1 0 8 6 18
313183 26 1 0 8 5 18
323291 139 1 0 8 6 17
330104 128 1 1 8 6 20
334216 69 1 1 6 6 23
338548 34 1 1 0 6 25
344541 132 1 1 8 6 17
347561 122 0 1 6 6 37
354348 182 1 1 8 6 16
356067 149 1 0 8 6 18
360592 50 1 1 7 6 23
365742 60 1 1 0 6 19
368509 194 1 1 8 6 21
369931 252 1 1 8 6 15
370510 56 0 1 8 6 19
370759 108 1 1 8 6 17
371748 162 1 1 6 6 21
372137 167 1 1 8 5 15
373652 243 1 1 8 5 17
373841 135 1 1 4 6 22
373956 49 1 1 9 6 14
374232 255 1 1 1 6 24
374415 194 1 1 8 6 18
374608 350 1 1 8 6 19
374782 292 1 1 6 6 27
374801 20 1 1 1 6 23
374919 22 1 1 2 6 14
375284 57 1 1 8 6 17
375865 61 1 1 8 6 17
376240 24 1 0 4 6 20
376311 102 1 1 4 6 16
377710 89 1 1 8 6 18
382567 92 1 1 8 6 18
382577 187 1 1 6 6 15
391309 80 1 1 8 6 22
393414 348 1 1 4 6 18
393620 173 1 1 8 6 16
393671 274 1 1 8 5 26
394079 55 1 1 2 6 20
394185 105 1 1 8 6 22
395098 53 1 1 6 5 17
396309 26 1 1 8 6 30
396420 63 1 1 8 6 18
396450 88 1 1 8 6 19
396928 107 1 1 0 6 18
397984 113 1 1 4 6 18
398001 204 1 1 4 6 18
398885 68 1 1 0 6 18
399560 157 1 1 8 6 25
399674 264 1 1 6 6 18
399798 31 1 1 8 6 25
400081 86 1 1 8 6 23
400102 211 1 0 6 6 14
402629 177 1 1 8 6 19
405667 205 1 1 4 6 18
406314 136 1 1 6 6 26
406359 55 1 1 2 6 17
406558 71 1 1 8 6 20
407575 36 1 1 6 5 18
407659 77 0 1 8 6 18
407796 195 1 1 6 6 27
416085 94 1 1 8 6 18
424191 211 1 1 8 6 20
424584 32 1 1 0 6 14
424831 25 1 1 5 6 16
430469 49 0 0 1 6 19
432554 127 1 1 6 5 26
435578 61 0 1 8 6 17
435828 43 1 0 8 6 16
436043 32 1 1 6 6 13
440380 58 0 1 4 6 18
449723 123 1 1 4 6 19
453866 193 1 1 8 6 17
454904 338 1 1 8 6 19
454909 77 1 1 8 6 15
457492 132 1 1 8 6 17
458949 36 1 0 2 6 13
459389 21 1 1 8 6 17
459639 78 1 1 8 6 20
462749 173 1 1 8 6 21
462806 134 1 1 8 6 18
476946 77 1 1 8 6 13
479334 30 1 1 9 6 29
482252 75 1 1 8 6 13
482298 158 1 1 8 6 16
482662 96 1 1 8 6 19
482739 66 1 1 8 5 15
484045 46 1 1 2 6 23
487785 174 1 1 8 6 20
497022 149 1 1 8 5 14
503988 62 1 1 6 6 17
504109 61 0 1 8 6 22
504186 3 1 0 6 5 17
504188 12 1 0 3 5 17
504226 105 1 1 8 6 22
504299 55 1 1 8 5 28
504736 259 1 1 8 6 19
505081 105 1 1 8 6 20
505208 100 1 1 8 6 21
505286 168 1 1 6 6 21
505355 109 0 1 8 6 18
505799 104 1 1 6 6 20
505800 95 1 1 6 6 20
506082 233 1 1 6 6 19
506553 63 1 1 6 6 18
506838 16 1 1 8 6 21
506984 74 1 1 8 6 20
508082 64 1 1 8 6 17
508361 29 1 1 6 6 20
509098 138 1 1 4 6 15
509163 27 1 1 3 5 17
509596 254 1 1 8 6 19
510001 89 1 1 8 6 23
510006 167 1 1 6 6 19
510299 64 1 1 8 6 19
510987 20 1 1 8 5 18
512053 104 1 1 6 6 21
512294 25 1 1 8 5 17
512619 21 1 1 6 6 29
513481 104 1 1 4 6 21
513861 58 0 1 6 6 18
513953 26 0 1 4 6 20
514555 50 0 1 6 6 23
515498 126 0 1 4 6 20
516496 93 1 1 6 6 16
517332 120 1 1 8 6 19
517376 103 1 1 2 6 19
517524 12 1 1 8 6 19
518007 121 1 0 6 6 29
518690 143 1 1 4 6 24
518723 75 1 1 6 6 20
518797 150 0 0 8 6 18
518966 33 1 1 8 5 19
519475 91 1 1 6 6 19
519929 24 1 1 2 6 18
520312 55 1 1 8 6 20
520442 110 1 0 8 6 20
520450 81 1 1 8 6 17
520519 35 1 0 2 5 18
520583 36 1 1 6 6 18
520621 18 1 1 8 6 27
520766 76 0 1 8 6 16
520833 46 1 1 6 6 16
521162 145 1 1 7 5 14
521352 111 1 1 2 6 15
521772 12 1 1 9 6 17
523159 45 0 1 6 6 18
523609 36 1 1 8 6 20
525941 6 1 1 8 6 14
528140 18 1 1 2 6 31
530083 113 1 1 6 6 17
531894 36 1 0 8 6 15
534840 25 1 1 6 6 18
534959 51 1 1 6 6 18
535142 33 1 1 8 5 22
538244 54 1 1 2 6 18
538591 12 1 0 8 5 19
538793 82 1 1 8 6 19
540134 35 1 1 6 6 20
540813 13 1 1 6 5 21
542330 68 1 1 8 6 14
542749 56 1 1 8 6 19
543190 77 0 1 6 6 18
549208 171 0 1 4 6 24
549833 68 1 1 8 6 16
552748 64 1 1 8 6 22
558845 39 0 0 6 6 15
561389 204 1 1 2 6 12
564654 23 1 0 9 6 18
565066 15 1 1 2 6 16
565256 42 1 1 2 6 44
565412 122 1 1 8 6 18
571647 17 1 1 3 6 18
575458 30 1 1 8 6 19
575630 25 0 1 6 6 30
576124 87 1 1 8 6 18
576421 17 1 0 8 5 18
576483 112 1 1 8 6 17
583480 36 1 1 2 6 18
583552 48 1 1 1 6 19
588056 83 1 1 8 6 20
594156 68 1 1 8 6 19
601721 45 1 1 8 6 14
601860 100 1 1 6 6 21
601861 161 1 1 4 6 31
615164 69 1 1 4 6 19
621759 24 1 1 9 6 24
624873 94 1 1 6 6 17
626845 38 1 1 8 6 18
627123 103 1 1 6 6 22
627826 57 1 1 6 6 19
629494 79 1 1 8 5 23
635238 27 1 1 1 5 30
645563 34 1 1 9 6 13
650647 25 1 1 8 6 23
651877 26 1 0 8 6 17
651880 28 0 1 8 6 20
653851 32 1 0 8 6 14
654510 53 1 1 8 6 16
655274 15 0 1 8 6 18
655526 18 1 1 2 6 30
661343 26 1 1 8 6 15
670313 63 1 1 6 6 16
684265 33 1 1 9 6 29
684916 97 1 1 8 6 21
696696 136 1 1 8 6 21
698624 19 1 1 1 6 18
700165 11 1 0 6 6 31
719436 4 1 1 6 6 30
719490 26 1 0 2 5 9
729815 32 1 1 6 6 4
730624 96 0 1 6 6 17
732991 26 1 1 8 6 20
733107 31 1 1 2 6 19
743632 57 1 1 6 6 14
749120 23 1 0 8 6 17
749154 27 1 0 8 6 18
749410 68 1 0 6 6 30
749676 37 1 1 6 6 20
749823 6 1 1 8 5 20
750497 44 0 1 6 6 15
750582 9 1 0 8 5 20
750621 7 1 0 8 6 15
751775 50 1 1 8 5 14
753300 17 1 0 0 5 17
753967 22 1 1 8 6 16
755750 81 1 1 6 6 21
761830 56 1 0 8 6 20
763616 17 1 1 8 6 18
766858 195 1 1 8 6 19
767283 53 1 1 8 6 15
769821 56 1 1 6 6 14
769836 19 1 1 8 6 19
772565 50 1 1 8 6 15
780929 7 1 1 6 6 15
783778 69 1 1 8 6 18
789690 58 1 1 6 5 15
801388 43 1 1 3 6 23
802945 74 1 1 6 6 22
811143 44 1 1 8 6 15
811617 25 1 0 2 5 8
811638 10 1 0 4 6 19
814402 19 1 1 8 6 19
816413 16 1 1 4 6 20
819755 39 1 1 8 6 16
819835 44 1 0 1 6 16
820172 35 1 1 8 6 16
820284 42 1 1 8 6 16
820630 64 1 1 6 6 15
824038 35 1 0 6 6 16
825733 7 0 1 4 6 17
828179 16 1 1 8 5 14
831801 9 1 1 8 6 17
831882 14 1 1 4 5 29
839257 24 1 0 8 6 16
854301 22 1 0 2 5 17
860609 51 1 1 2 6 15
865926 20 1 1 8 6 13
885465 7 1 0 2 5 19
885914 38 1 1 6 6 17
886870 53 1 1 2 6 29
889606 22 1 1 8 6 15
894179 61 1 1 6 6 21
902097 2 1 1 8 6 17
919998 65 1 1 8 6 20
926925 43 1 1 6 6 16
931745 44 0 1 8 6 21
945479 66 1 1 4 5 19
948233 8 1 1 2 5 23
948724 64 1 1 6 6 18
954954 42 1 1 8 6 28
956463 12 1 1 2 5 17
960971 11 1 0 8 6 15
960972 18 1 0 8 5 19
960976 23 1 0 8 5 19
960986 17 1 0 8 6 21
961742 27 1 1 2 6 18
963054 24 1 0 8 5 18
963055 36 1 0 8 6 22
982532 14 1 1 2 6 17
983264 9 1 0 8 5 21
988279 13 1 1 9 6 101
988360 12 1 0 8 5 19
994037 60 1 1 8 6 23
994928 44 1 1 2 6 16
998701 48 0 0 4 6 15
999004 65 1 0 8 5 15
1007181 91 1 0 0 6 13
1007215 5 1 0 8 6 19
1007584 29 1 0 9 6 16
1012419 24 1 1 8 6 17
1013061 82 1 0 8 6 12
1013800 6 1 0 8 6 22
1020555 55 1 1 8 6 18
1021900 35 1 1 8 6 17
1024359 50 1 1 8 6 21
1025685 15 1 1 8 6 18
1041078 16 1 1 7 5 17
1045706 56 1 1 8 6 19
1050078 15 1 1 7 5 3
1051214 17 0 1 4 6 18
1058304 7 1 1 6 5 30
1069038 14 1 0 2 6 12
1071190 11 1 0 8 5 21
1071705 25 0 1 4 6 20
1077334 5 1 0 8 6 20
1100823 8 1 0 9 6 22
1111328 26 1 1 6 5 18
1112371 13 1 1 8 6 25
1117195 23 1 1 8 6 22
1118155 6 1 0 2 5 19
1126313 16 1 0 2 5 19
1133550 2 1 1 6 6 21
1133882 14 1 0 2 5 9
1133926 9 1 1 1 6 22
1133968 6 1 0 8 6 12
1133975 11 1 0 8 5 19
1134128 7 0 1 8 6 21
1134163 7 1 1 6 5 19
1134187 3 1 1 8 6 19
1134188 5 1 1 0 6 18
1134213 2 0 1 8 6 18
1134220 21 1 0 6 6 12
1134229 3 1 1 8 6 20
1134234 2 1 0 3 6 22
1134249 20 1 1 8 6 17
1134266 12 1 1 8 6 18
1134268 16 1 1 2 6 16
1134289 31 1 1 8 5 21
1134298 2 1 1 8 5 19
1134307 3 1 1 4 5 19
1134309 23 1 0 2 5 12
1134323 4 1 1 4 6 17
1134329 12 1 1 8 6 33
1134330 4 1 1 4 5 32
1134331 6 1 0 8 5 22
1134332 1 1 0 2 5 29
1134338 7 1 0 8 5 19
1134339 4 1 0 8 5 19
1134405 16 1 1 8 6 20
1134406 2 1 0 2 6 17
1134407 7 1 1 8 5 15
1134472 2 1 1 8 5 19
1134486 8 1 0 8 6 20
1587388 7 1 1 8 6 20
