41533
19
350
41533 581 1 1 2 6 31
389 13 0 0 2 6 29
1848 174 1 0 0 5 19
9577 70 0 0 0 6 21
10414 30 1 0 0 6 20
15905 42 1 0 0 6 18
21001 666 1 0 3 6 17
21005 90 1 0 6 6 22
22364 48 1 0 2 6 20
24115 234 1 0 7 6 20
25164 104 0 0 4 6 25
28307 167 1 0 0 6 18
30407 13 0 0 0 6 19
32895 133 1 0 6 6 21
34026 53 1 0 1 6 19
35279 85 1 0 1 6 27
39851 148 0 0 3 6 20
42527 71 0 0 0 6 20
46980 498 1 0 1 6 20
48284 110 1 0 1 6 15
48660 35 0 0 6 6 22
48979 558 1 0 4 6 26
49069 292 1 0 6 6 26
53490 78 0 0 8 6 23
53622 72 1 0 2 6 16
53749 196 0 0 6 6 20
54284 96 0 0 6 6 28
56483 29 1 0 5 6 11
59146 225 1 0 1 6 20
59241 154 0 0 6 6 22
61633 227 1 0 5 6 29
61638 139 1 0 6 6 20
64995 33 1 0 1 6 21
67449 157 1 0 6 6 17
70435 313 0 0 1 5 23
70634 99 1 0 1 5 27
76266 302 1 0 6 6 19
86170 62 0 0 7 6 20
86676 52 0 0 1 6 21
87440 23 1 0 8 6 20
87848 89 1 0 2 6 25
87937 175 1 0 8 6 16
88130 128 0 0 8 6 20
88280 635 1 0 1 6 19
88431 69 1 0 1 6 20
88570 253 1 0 7 6 22
89117 38 1 0 8 6 19
90841 122 1 0 8 6 24
90888 117 0 0 6 6 16
91426 632 1 0 4 6 20
92877 30 1 0 4 5 18
94890 24 0 0 6 6 25
98347 92 1 0 2 5 19
102129 194 1 0 0 6 35
102648 148 0 0 6 6 25
105306 78 1 0 3 6 20
105931 22 0 0 8 6 20
106920 131 1 0 3 6 20
107369 271 1 0 1 6 23
107662 276 1 0 1 6 31
107666 39 1 0 8 6 26
108211 504 1 0 1 5 20
108212 114 1 0 1 6 19
108218 39 0 0 8 6 20
108271 71 1 0 7 6 20
108272 14 1 0 7 6 21
108453 170 1 0 1 6 19
108457 111 1 0 1 5 22
108480 68 1 0 2 6 22
108483 491 1 0 2 6 27
108760 32 0 0 7 6 21
108763 129 1 0 8 6 36
108953 101 0 0 3 6 27
108959 113 1 0 5 5 25
109173 196 1 0 7 6 19
109370 120 1 0 6 6 23
110339 370 1 0 3 6 23
123326 82 1 0 6 6 19
123929 80 0 0 4 6 23
124092 39 1 0 1 6 23
124478 6 0 0 6 5 22
134221 145 1 0 5 5 29
139779 50 1 0 5 6 17
143918 94 1 0 5 6 27
144397 110 0 0 5 6 21
152878 239 1 0 2 6 21
153327 12 1 0 2 5 21
154672 12 0 0 2 6 21
166318 225 1 0 6 6 16
167395 19 1 0 6 6 16
172758 496 1 0 8 6 20
175390 350 1 0 1 6 29
176192 121 1 0 0 6 21
177119 66 1 0 1 6 29
177445 90 1 0 2 6 24
178158 66 1 0 3 6 19
182664 99 0 0 6 6 18
187111 35 1 0 1 6 22
188983 45 0 0 2 6 20
211178 41 1 0 4 6 19
211190 145 1 0 3 6 19
211239 47 1 0 3 6 25
213844 23 1 0 2 6 25
214101 26 1 0 4 6 23
214104 50 1 0 3 6 27
214105 307 0 0 6 6 28
214113 338 1 0 1 5 32
214491 23 1 0 4 6 24
216724 64 0 0 7 6 20
221749 26 1 0 2 6 22
221807 567 1 0 3 6 19
223256 329 1 0 4 6 28
226120 44 1 0 6 6 17
226920 62 1 0 1 6 18
226921 57 1 0 2 6 20
227116 62 0 0 3 6 14
227273 50 1 0 1 6 19
229288 36 0 0 8 6 23
229854 82 1 0 6 6 23
240148 124 1 0 1 6 24
241518 110 1 0 4 6 22
246714 35 1 0 1 6 18
248073 33 1 0 2 6 27
249714 20 1 0 3 6 21
251199 188 1 0 4 6 19
254984 100 1 0 6 6 25
255053 123 1 0 5 6 19
256160 540 1 0 1 6 20
256191 87 1 0 1 6 22
257552 88 0 0 4 6 23
258163 109 1 0 5 6 19
259392 140 1 0 4 6 21
260336 54 0 0 3 6 16
267518 230 1 0 4 6 29
267560 25 0 0 3 6 19
267612 62 1 0 3 6 21
270976 18 0 0 8 6 22
271029 41 1 0 1 6 26
271178 100 1 0 6 6 25
271180 56 1 0 7 6 19
275277 46 1 0 2 6 25
275741 74 1 0 2 6 26
275863 42 1 0 6 6 23
276057 15 1 0 1 6 21
276572 156 0 0 1 6 24
276615 67 1 0 1 6 27
277221 10 1 0 4 6 27
277349 73 1 0 2 6 19
278177 59 0 0 5 6 22
278471 109 1 0 1 6 24
278650 39 1 0 6 6 19
278705 258 1 0 4 6 20
279048 97 1 0 1 6 19
281792 50 1 0 1 6 17
282245 106 1 0 5 6 20
282272 28 1 0 1 6 22
282378 95 1 0 8 6 18
282828 138 1 0 4 6 21
283197 273 1 0 9 6 23
283580 52 1 0 2 6 22
283702 17 1 0 5 6 19
283876 51 1 0 8 6 26
283877 42 1 0 1 6 22
283884 400 1 0 8 6 23
284533 79 1 0 5 6 27
285466 210 1 0 1 6 22
285611 88 1 0 2 5 22
286918 45 1 0 6 6 21
286994 60 1 0 0 6 25
287151 9 0 0 4 5 15
287208 82 1 0 7 6 20
287215 40 1 0 4 6 16
287327 23 1 0 3 6 23
287680 13 0 0 4 6 22
289296 15 1 0 4 6 16
289329 174 1 0 2 6 20
289586 31 1 0 9 6 22
289819 181 1 0 1 6 26
290458 42 0 0 6 6 20
291750 20 0 0 4 6 19
294672 38 0 0 4 5 29
296109 297 1 0 4 6 21
296190 39 1 0 7 5 21
296320 45 1 0 0 6 22
296417 90 1 0 2 6 22
296496 78 1 0 0 6 22
297100 6 1 0 1 5 24
297105 41 1 0 6 6 22
297324 205 1 0 2 6 22
297331 41 0 0 4 6 21
297425 236 1 0 1 6 28
297513 15 0 0 1 5 21
297701 37 1 0 1 6 28
297706 48 1 0 0 6 18
297946 9 0 0 9 6 21
298286 64 1 0 3 6 24
298385 66 0 0 4 6 22
298390 26 1 0 7 6 23
298603 157 1 0 4 6 28
298676 46 1 0 6 6 21
298752 84 1 0 6 6 23
298756 60 0 0 6 6 27
298812 40 1 0 8 5 22
300514 6 1 0 4 5 23
301904 34 0 0 6 6 24
301947 64 1 0 2 6 26
302664 36 0 0 4 6 21
302806 29 0 0 8 6 23
305395 50 1 0 2 6 26
305401 35 1 0 3 6 19
305440 192 1 0 6 6 27
305453 46 1 0 8 6 26
305454 99 1 0 6 6 22
305490 8 1 0 0 6 20
305548 138 1 0 6 6 22
305743 190 1 0 6 6 25
305965 78 1 0 2 6 29
306753 54 0 0 3 6 18
308675 25 1 0 2 6 24
311404 32 0 0 4 6 30
316699 54 1 0 2 6 23
317158 116 1 0 1 6 21
317957 36 0 0 1 6 27
318050 55 1 0 5 6 20
318152 55 1 0 2 6 20
318153 56 1 0 2 5 20
318250 36 0 0 4 6 25
319294 12 0 0 7 6 23
319428 67 1 0 9 6 19
320700 58 1 0 8 6 26
327407 95 0 0 1 6 29
327778 79 1 0 4 6 19
328717 115 1 0 1 6 24
330379 10 0 0 6 6 22
330486 14 0 0 8 6 18
330561 49 1 0 2 6 22
330568 28 0 0 6 6 24
330701 158 1 0 4 6 26
330706 102 1 0 1 6 26
330830 44 1 0 9 6 19
330909 116 0 0 8 6 24
331093 8 1 0 4 6 26
331148 106 1 0 0 5 20
331362 74 1 0 4 5 22
331433 21 1 0 1 6 16
331480 46 1 0 7 6 19
331989 24 1 0 2 6 19
333463 79 1 0 1 6 20
333516 335 0 0 3 6 26
333855 28 1 0 4 6 24
333880 92 1 0 4 6 42
333882 15 1 0 4 6 22
334197 70 0 0 4 6 21
334207 5 0 0 7 5 29
334377 44 1 0 1 6 21
335047 124 1 0 4 6 23
335200 27 1 0 9 6 20
335884 15 1 0 0 6 21
336169 54 1 0 7 6 18
336661 59 1 0 7 6 26
339939 102 1 0 1 5 19
339943 15 1 0 6 6 14
339999 53 1 0 7 6 17
341583 28 1 0 5 6 15
341597 48 1 0 4 5 16
341655 23 1 0 2 6 20
341656 15 1 0 1 6 22
341874 70 1 0 7 6 14
341911 10 0 0 1 6 21
341946 12 0 0 7 6 25
345054 71 1 0 3 6 20
345355 57 0 0 3 6 32
346025 41 0 0 0 5 26
346213 48 1 0 4 6 27
348176 49 1 1 4 6 37
348284 60 1 0 6 6 23
348983 100 1 0 5 6 32
350450 62 1 0 8 6 19
350585 45 1 0 4 6 24
351488 129 1 0 2 6 27
351494 58 0 0 4 5 21
351799 22 1 0 4 5 20
352363 51 1 0 0 6 21
352823 22 1 0 1 6 31
353350 62 1 0 2 6 20
353358 21 0 0 6 6 27
353417 41 1 0 7 6 20
353851 25 1 0 1 6 21
353948 22 0 0 3 6 27
354012 51 1 0 1 6 27
354102 16 0 0 7 6 23
354620 87 0 0 1 6 33
354640 60 1 0 1 6 37
354864 37 1 0 5 6 22
355029 10 1 0 7 6 19
355229 50 1 0 4 6 24
355572 73 1 0 9 6 25
355664 35 1 0 6 6 26
355711 101 1 0 4 6 25
356045 51 1 0 1 6 22
360201 33 1 0 3 6 23
364312 28 1 0 5 5 26
365455 30 1 0 6 5 24
366338 38 1 0 2 6 17
366661 56 1 0 2 6 54
367632 136 1 0 2 6 31
367773 93 1 0 6 6 19
367797 98 1 0 2 6 19
367800 32 1 0 0 6 18
368074 21 1 0 3 6 24
368100 37 1 0 7 6 25
368102 45 1 0 6 6 23
368172 70 1 0 4 6 24
368316 48 1 0 1 6 26
368317 144 1 0 1 6 20
368403 130 1 0 2 6 19
369770 27 1 0 3 6 20
370112 64 1 0 1 6 26
370174 50 1 0 1 6 26
370277 17 1 0 2 5 22
371552 29 1 0 8 6 28
371617 251 1 0 9 6 31
372841 69 1 0 4 6 25
373819 64 1 0 2 6 30
374369 27 0 0 1 6 30
377190 41 0 0 3 6 21
379028 21 1 0 0 6 31
383354 9 1 0 6 6 26
383498 24 0 0 1 6 22
386832 31 1 0 5 6 29
387116 15 0 0 7 6 21
389242 29 1 0 4 6 18
389580 308 1 0 6 6 17
393186 7 0 0 5 6 25
394481 33 1 0 6 6 22
396826 121 0 0 0 6 22
397824 19 0 0 5 6 21
397875 128 1 0 1 6 22
398058 46 1 0 1 6 21
398191 67 0 0 3 6 22
398437 42 1 0 1 6 16
399145 125 1 0 6 6 19
401021 22 1 0 2 6 31
401172 199 1 0 6 6 23
404881 16 0 0 3 6 47
417116 54 0 0 7 6 18
420459 28 0 0 7 6 28
422154 76 1 0 7 6 38
428292 16 1 0 0 6 21
431604 27 1 0 3 6 20
432147 37 1 0 3 6 19
432567 59 1 0 1 6 20
432568 53 1 0 2 6 23
432991 22 1 0 1 6 20
433045 27 0 0 4 6 23
435724 24 1 0 4 6 32
441173 96 1 0 7 6 21
441471 23 1 0 4 6 17
441719 133 1 0 9 6 27
446965 85 1 0 6 6 25
456874 25 0 0 1 6 19
457881 53 1 0 3 6 22
464208 40 0 0 1 6 27
464292 44 1 0 1 6 54
466733 36 0 0 6 6 22
467248 26 1 0 2 6 14
467544 43 1 0 1 6 18
467805 53 1 0 2 6 17
468335 23 1 0 1 6 16
468669 26 1 0 6 6 24
471499 21 1 0 1 6 30
471750 86 1 0 5 6 18
472176 55 1 0 4 6 21
472177 20 1 0 0 6 21
472658 20 1 0 1 6 29
473459 23 0 0 1 6 36
474595 20 1 0 2 6 16
479392 31 0 0 4 6 31
479396 43 1 0 6 6 18
487878 89 1 0 7 6 19
488175 6 0 0 6 5 21
489467 11 1 0 3 6 22
499650 153 1 0 2 6 28
504537 63 0 0 6 6 24
504702 72 1 0 4 6 22
505131 18 1 0 1 6 30
508080 135 1 0 6 6 18
512268 52 1 0 6 6 20
518566 15 1 0 0 6 18
519361 21 1 0 7 6 24
525788 19 1 0 4 6 24
526421 93 0 0 4 6 20
527575 24 1 0 8 6 23
529322 13 1 0 4 6 22
529575 50 1 0 0 6 25
529747 7 1 1 4 6 27
530333 51 1 0 6 6 24
530550 16 1 0 1 6 16
530686 56 1 0 7 6 23
530720 19 1 0 1 6 26
530877 31 1 0 9 6 28
531026 6 0 0 0 6 14
531027 2 1 1 2 6 22
531028 34 1 0 3 6 19
531086 21 0 0 8 6 20
531087 33 1 0 2 5 22
531122 15 1 0 4 6 20
531124 11 1 0 3 5 30
531128 21 1 0 2 6 21
531129 10 1 0 4 5 36
531389 52 1 0 9 6 27
531390 43 1 0 5 6 22
531392 17 1 0 8 6 21
531393 19 1 0 8 6 23
531447 13 1 0 3 6 20
531448 10 1 0 6 6 18
531449 4 1 0 1 6 21
531450 18 1 0 4 6 26
531451 15 1 0 6 6 20
531453 7 0 0 2 5 25
531478 37 1 0 7 6 21
531479 13 1 0 2 6 24
531481 5 1 0 6 6 20
531482 19 1 0 7 6 9
531483 58 1 0 5 6 31
531526 39 1 0 4 6 17
531527 45 1 0 2 6 19
531528 12 1 0 1 5 20
531530 7 1 0 2 6 24
531532 19 1 0 4 6 28
531533 40 1 0 4 6 19
531535 3 0 0 5 6 20
531577 14 1 0 1 6 24
531578 14 1 0 4 6 33
531579 26 1 0 1 5 20
531580 9 1 0 8 6 23
531581 27 0 0 4 6 19
531583 13 1 0 2 5 37
531615 3 1 0 3 5 20
531637 38 0 0 2 6 24
531638 15 0 0 8 6 20
531655 74 0 0 7 6 29
531657 19 1 0 2 6 22
531658 46 1 0 3 6 26
531659 15 1 0 5 5 20
531660 117 1 0 7 6 21
531676 24 0 0 1 6 22
531678 13 1 0 6 6 23
531680 4 1 0 2 5 25
531721 54 1 0 6 6 20
531724 25 1 0 2 6 20
531726 9 1 0 1 6 20
531727 12 1 0 1 6 30
531728 60 1 0 5 6 22
531730 7 0 0 4 6 17
531984 30 0 0 8 6 28
531994 145 1 0 8 6 17
532058 9 1 0 4 6 32
532060 7 1 0 1 6 20
532061 6 1 0 6 6 24
532063 71 1 0 4 6 22
532064 16 0 0 1 6 19
532065 6 1 0 1 6 21
532066 24 1 0 8 6 34
532118 4 0 0 4 6 21
532119 15 1 0 2 6 21
532120 31 1 0 1 6 22
532121 8 1 0 1 6 28
532122 8 1 0 1 6 19
532124 16 1 0 4 6 20
532125 19 1 0 2 6 27
532153 36 1 0 4 6 18
532154 2 1 0 2 6 19
532156 19 1 0 2 6 19
532157 38 1 0 6 6 22
532158 44 1 0 0 6 22
532159 15 1 0 2 6 19
532160 4 0 0 7 6 21
532161 1 1 0 2 6 21
532162 16 0 0 5 6 25
532163 22 1 0 2 6 21
532164 17 1 0 2 6 20
532165 4 1 0 6 6 21
532179 20 0 0 1 6 32
532180 30 1 0 9 6 19
532181 49 0 0 2 6 18
532182 7 0 0 8 6 39
532183 27 1 0 1 6 25
532185 7 0 0 4 6 39
532186 64 1 0 8 6 18
532187 27 1 0 4 6 22
532222 30 0 0 7 6 27
532223 24 1 0 2 6 27
532228 13 1 0 7 6 20
532229 8 1 0 1 6 29
532230 26 1 0 4 6 20
532231 7 1 0 8 6 30
532232 44 1 0 1 6 14
532233 39 1 0 1 6 21
532235 26 1 0 3 6 19
532255 2 1 0 2 6 25
532256 15 1 0 7 5 29
532257 5 0 0 0 6 18
532258 24 1 0 4 6 22
532265 39 1 0 2 6 28
532267 15 1 0 5 6 23
532268 20 1 0 8 6 41
532269 25 1 0 1 5 19
532270 18 1 0 1 5 20
532271 24 1 0 2 5 21
532272 31 1 0 3 6 23
532273 31 1 0 1 6 20
532317 8 1 0 2 6 27
532318 49 0 0 6 6 15
532319 12 1 0 2 6 21
532320 16 1 0 2 6 20
532322 22 1 0 4 6 24
532323 33 1 0 1 6 27
532363 9 0 0 9 6 24
532366 6 1 0 5 6 19
532367 16 0 0 9 6 31
532368 4 1 0 4 6 20
532369 13 1 0 4 6 16
532370 55 1 0 2 6 22
532372 34 1 0 1 6 19
532401 14 1 0 1 6 24
532407 27 1 0 1 6 24
532445 35 1 0 5 6 32
532446 28 0 0 6 6 33
532448 26 0 0 1 6 32
532449 60 1 0 6 6 19
532494 39 1 0 0 6 36
532495 3 0 0 3 6 36
532496 15 0 0 6 6 22
532498 10 1 0 4 6 24
532501 26 1 0 2 6 22
532502 31 1 0 6 6 22
532528 22 1 0 1 6 21
532529 41 1 0 2 6 43
532553 3 0 0 7 6 29
532554 29 1 1 2 6 20
532556 18 1 0 1 5 30
532572 20 1 0 8 5 27
532573 53 1 0 6 6 24
532598 10 1 0 5 6 20
532601 21 1 0 1 6 26
532603 27 0 0 6 6 23
532642 34 0 0 6 6 20
532643 12 0 0 6 6 28
532644 20 0 0 5 6 27
532645 18 1 0 7 6 24
532691 13 1 0 1 6 28
532692 107 1 0 3 6 50
532695 13 0 0 1 6 20
532810 16 1 0 6 6 27
532821 6 1 0 4 6 23
532910 202 1 0 4 5 26
533010 7 1 0 1 6 25
533011 15 1 0 3 6 27
533012 71 1 0 1 6 20
533013 2 1 0 6 6 22
533014 14 1 0 0 6 20
533040 30 1 0 2 6 29
533041 14 1 0 2 6 20
533042 8 1 0 7 6 22
533083 8 1 0 2 6 27
533084 30 0 0 6 6 27
533086 21 1 0 6 5 20
533124 12 1 0 1 6 18
533125 48 1 0 6 6 20
533279 59 1 0 5 6 22
533319 68 0 0 3 6 21
533320 26 1 0 4 5 22
533347 25 1 0 5 6 22
533348 21 1 0 2 6 20
533349 25 1 0 2 6 21
533350 8 1 0 2 6 25
533351 13 0 0 6 6 24
533374 24 0 0 4 6 32
533424 20 1 0 4 6 20
533425 34 1 0 1 6 15
533427 30 1 0 7 6 26
