367844
19
2156
367844 562 1 0 2 6 19
24000 26 1 0 7 6 20
27641 91 1 0 0 6 23
31863 47 1 0 6 6 25
35279 85 1 0 1 6 27
41466 2 1 0 9 5 22
44684 173 1 0 6 6 21
47536 38 0 0 3 6 22
48979 558 1 0 4 6 26
49069 292 1 0 6 6 26
49144 42 0 0 5 6 19
55503 54 1 0 6 6 16
62302 53 1 0 6 6 21
71436 94 1 0 7 6 27
85760 30 1 0 2 5 21
87444 18 1 0 4 5 20
88280 635 1 0 1 6 19
88425 28 1 0 1 6 28
89458 18 1 0 5 6 21
92606 28 1 0 2 6 22
93303 49 1 0 1 6 18
94932 66 0 0 2 6 24
100509 41 1 0 2 6 22
104949 79 0 0 6 6 17
107927 25 1 0 1 5 22
108211 504 1 0 1 5 20
108216 11 1 0 2 5 20
108475 42 1 0 2 5 20
108763 129 1 0 8 6 36
108770 45 0 0 6 6 30
108800 63 1 0 6 6 20
108867 155 1 0 6 6 18
113150 61 1 0 1 6 25
117890 112 1 0 0 6 18
121992 90 1 0 3 6 14
129606 151 1 0 6 6 17
133531 58 0 0 3 6 18
139678 59 0 0 8 6 21
148074 36 0 0 0 6 15
149828 140 1 0 6 5 15
153327 12 1 0 2 5 21
159745 66 0 0 4 6 20
164521 68 0 0 6 6 16
172777 76 1 0 6 6 18
173108 36 1 0 2 6 20
177168 133 0 0 1 6 28
178469 141 1 0 2 6 22
179620 132 1 0 6 6 16
182857 144 1 0 2 6 16
189421 39 1 0 6 6 20
221749 26 1 0 2 6 22
226918 65 1 0 5 6 27
226920 62 1 0 1 6 18
227219 7 1 0 1 6 19
230271 42 1 0 6 6 20
232070 88 1 0 2 6 18
237326 46 1 0 1 6 21
239545 12 1 0 2 6 14
243220 13 0 0 4 6 17
250574 99 1 0 2 6 22
251833 116 1 0 6 6 25
256160 540 1 0 1 6 20
258174 32 1 0 6 6 15
259366 84 0 0 6 6 15
259392 140 1 0 4 6 21
266566 31 0 0 4 6 21
271111 210 1 0 0 6 22
275764 58 1 0 4 6 21
275770 24 0 0 8 6 20
276214 36 1 0 2 6 23
276518 70 1 0 1 6 23
277169 51 0 0 1 6 20
277181 30 1 0 1 6 21
278063 103 1 0 5 6 19
278780 41 1 0 6 6 20
279087 13 1 0 4 5 21
280439 36 1 0 4 6 19
281349 32 1 0 6 6 21
282437 64 0 1 1 6 26
283882 42 1 0 6 6 16
284230 60 1 0 9 6 17
286907 7 1 0 0 6 25
291845 102 0 0 5 6 17
291882 25 1 0 7 6 17
291910 14 1 0 6 6 25
296545 12 1 0 2 6 29
297187 22 1 0 6 6 18
297188 53 0 0 8 6 19
297319 21 1 0 3 6 25
297511 16 1 0 6 6 18
297603 96 1 0 1 6 22
297664 21 1 0 1 5 19
297783 20 1 0 7 6 23
298321 26 1 0 6 6 22
298385 66 0 0 4 6 22
298472 102 0 0 1 5 19
300116 205 1 0 6 6 20
303495 55 1 0 7 6 27
304242 146 1 0 6 5 17
305284 123 1 0 6 6 20
305398 159 1 0 1 6 21
305642 60 1 0 6 6 17
305743 190 1 0 6 6 25
307226 13 1 0 0 6 22
313385 119 1 0 6 6 18
313785 26 0 0 2 6 17
313836 73 1 0 5 6 19
313997 99 1 0 6 6 18
314144 119 1 0 0 6 22
316102 9 0 0 1 5 23
317568 4 0 0 1 6 21
327545 80 1 0 8 6 20
328171 14 0 0 3 6 21
330758 20 1 0 5 5 19
331348 66 1 0 6 6 14
331591 24 1 0 4 6 20
331686 5 1 0 4 5 21
331992 30 1 0 6 5 22
332160 18 1 0 1 6 23
333463 79 1 0 1 6 20
333526 119 1 0 1 6 22
334202 4 1 0 1 5 29
334623 11 1 0 6 6 20
334624 29 1 0 8 5 25
336169 54 1 0 7 6 18
336173 62 1 0 2 6 19
336266 26 1 0 6 6 15
336267 128 1 0 6 6 16
336311 69 1 0 6 6 16
336392 56 0 0 6 6 18
336440 64 1 0 9 6 34
336443 133 1 0 4 6 14
336482 65 1 0 6 6 18
336521 23 1 0 6 6 16
336580 64 1 0 6 6 18
336583 32 1 0 6 6 19
336596 25 1 0 6 6 18
336621 87 0 0 6 6 20
336857 43 1 0 2 6 23
338430 96 0 0 6 6 17
338835 33 0 0 6 6 18
340470 17 1 0 8 6 22
340476 12 1 0 4 6 19
341658 10 1 0 1 5 19
341724 60 1 0 4 6 22
341910 43 1 0 6 6 17
342039 13 1 0 7 6 19
342237 8 1 0 2 6 14
342547 37 1 0 1 6 27
342748 49 1 0 5 6 22
342754 190 1 0 9 6 29
343340 18 0 0 3 6 20
343929 18 1 0 1 6 21
349731 115 1 0 0 6 18
351656 6 1 0 6 5 18
351659 75 1 0 3 6 27
351712 10 1 0 1 6 22
351842 19 0 0 0 5 18
352101 38 1 0 8 6 20
353319 13 1 0 8 5 21
353350 62 1 0 2 6 20
353680 15 1 0 2 5 22
354002 21 1 0 1 6 21
354890 20 1 0 1 6 20
355171 39 1 0 3 6 23
355711 101 1 0 4 6 25
355718 23 0 0 6 6 28
356045 51 1 0 1 6 22
356213 59 0 0 8 6 18
356722 26 1 0 1 6 22
366099 53 1 0 1 6 32
366208 198 1 0 6 6 17
366356 95 1 0 6 6 22
368253 7 1 0 6 5 18
368367 13 1 0 6 6 21
368560 85 1 0 6 6 19
369236 12 1 0 1 5 26
369764 21 1 0 1 6 21
369833 60 1 0 6 6 19
370280 17 0 0 6 6 23
370574 22 0 0 4 6 22
371186 34 1 0 1 6 26
371943 60 1 0 0 6 26
377008 203 1 0 6 6 18
382594 10 1 0 4 6 20
385814 20 1 0 4 6 19
396185 13 1 0 9 6 20
396826 121 0 0 0 6 22
401172 199 1 0 6 6 23
403572 61 1 0 2 6 21
406819 56 1 0 6 6 24
407541 9 0 0 2 5 20
409074 53 0 0 6 6 20
409316 68 1 0 6 5 22
416157 58 1 0 6 6 18
416450 50 1 0 6 6 15
416637 118 1 0 6 6 17
423561 36 1 0 7 6 20
424007 21 0 0 6 6 18
429941 39 1 0 8 6 18
430522 158 1 0 6 6 14
430588 64 1 0 6 6 16
431007 63 1 0 6 6 17
431918 37 1 0 6 6 18
432624 14 1 0 6 6 15
434037 94 1 0 6 6 14
434073 19 1 0 6 6 15
441165 19 1 0 2 6 17
441652 26 1 0 0 6 23
444505 12 1 0 1 6 17
445825 36 0 0 6 6 28
445915 38 1 0 6 6 18
446182 80 0 0 6 6 16
446468 30 1 0 7 6 13
447908 16 1 0 1 6 22
456075 122 1 1 7 6 22
456391 37 1 0 6 6 22
457797 15 1 0 2 5 21
467482 38 1 0 6 6 19
467506 18 1 0 8 6 20
468458 26 1 0 2 5 20
468614 73 0 0 6 6 15
468981 14 1 0 1 6 22
470517 13 0 0 0 6 16
470765 84 0 0 6 6 19
470801 8 1 0 1 6 24
472140 19 1 0 4 6 35
472398 2 1 0 2 6 16
472448 16 0 0 6 6 17
474564 11 1 0 1 6 19
481446 31 0 0 6 5 20
487432 94 1 0 6 6 27
488156 16 1 0 2 5 16
488446 3 1 0 6 6 22
488550 32 0 0 6 6 26
489146 17 1 0 2 5 22
489148 9 1 0 2 5 18
489461 17 1 0 2 6 25
490163 27 1 0 1 5 21
495319 28 0 0 7 6 16
497800 11 0 0 2 6 17
499650 153 1 0 2 6 28
501099 23 1 0 2 6 17
504472 47 1 0 8 5 30
511031 4 1 0 6 5 22
518677 122 0 0 8 6 16
519031 22 1 0 2 6 22
525788 19 1 0 4 6 24
525913 8 0 0 6 6 12
525915 6 1 0 2 5 19
528663 103 1 0 6 6 17
532153 36 1 0 4 6 18
532157 38 1 0 6 6 22
532164 17 1 0 2 6 20
532179 20 0 0 1 6 32
532230 26 1 0 4 6 20
532528 22 1 0 1 6 21
533124 12 1 0 1 6 18
537881 41 1 0 7 6 22
538989 32 1 0 6 6 24
541677 41 1 0 8 6 22
541678 37 1 0 6 6 16
559366 15 1 0 6 5 20
560096 21 1 0 1 6 19
571391 43 1 0 1 6 19
581686 15 0 0 9 6 27
582913 43 0 0 6 6 23
582914 24 1 0 7 6 25
583943 4 1 0 1 6 22
589088 9 1 0 6 6 14
599062 79 1 0 8 6 15
622790 12 1 0 0 5 26
626942 130 1 0 1 6 34
627072 11 0 0 8 6 22
627115 5 0 0 6 6 19
628079 53 1 0 1 6 22
636985 24 1 0 7 5 22
637417 6 1 0 2 6 20
638440 39 0 0 6 6 17
648685 3 1 0 3 6 18
650338 5 0 0 6 6 16
650425 40 1 0 6 6 17
653220 17 1 0 2 5 16
653340 75 1 0 6 5 20
657723 49 1 0 1 6 27
657728 9 1 0 6 6 19
661496 109 1 0 3 6 29
665962 33 0 0 6 6 21
675206 39 1 0 6 6 18
684721 3 1 0 4 6 20
691290 80 1 0 6 6 21
705190 25 1 0 8 6 33
705639 11 1 0 2 6 20
706119 38 1 0 3 6 36
707681 41 1 0 6 6 14
714093 18 1 0 2 6 17
715489 3 1 0 6 6 21
728438 5 1 0 4 6 21
729209 47 1 0 3 6 15
732516 8 0 0 8 6 22
734850 47 1 0 6 6 19
735449 3 1 0 2 6 33
736045 25 1 0 1 5 29
738357 28 0 0 6 6 26
739097 19 1 0 7 6 17
739471 8 1 0 2 5 21
739600 6 1 0 2 6 21
739701 24 1 0 2 6 32
739785 5 1 0 2 6 17
739884 7 1 0 8 5 21
739947 5 0 0 6 6 20
740353 6 1 0 3 6 19
740461 42 1 0 0 6 19
740519 16 1 0 7 6 21
740681 3 1 0 7 6 20
741246 15 1 0 2 6 22
741283 4 0 0 0 6 18
741477 19 1 0 1 6 22
741726 10 1 0 3 6 21
744075 23 1 0 1 6 23
749980 7 1 0 2 6 17
749982 7 1 0 2 6 29
750012 10 1 0 6 6 22
751926 8 1 0 4 5 21
753514 41 1 0 2 6 21
753577 12 1 0 1 5 20
753730 8 1 0 4 5 23
753830 17 1 0 6 5 18
753848 3 1 0 7 6 17
753873 5 1 0 2 6 25
753875 6 0 0 8 5 20
753899 12 1 0 2 5 29
753904 2 1 0 0 6 24
753906 3 1 0 6 5 22
756699 57 0 0 6 6 17
760380 9 1 0 1 6 23
761111 13 1 0 2 6 24
761143 16 0 0 4 6 19
763384 5 1 0 6 6 17
764216 7 0 0 4 6 16
764369 6 1 0 2 6 23
764764 9 1 0 2 6 18
764780 53 1 0 8 6 22
764986 28 1 0 2 6 16
766509 4 1 0 1 6 20
767411 15 1 0 6 6 15
771108 40 1 0 1 6 26
773840 3 1 0 4 6 17
774954 29 1 0 2 6 15
775746 14 1 0 8 6 16
781259 72 1 0 6 6 19
781370 20 1 0 1 6 22
782168 37 1 0 6 6 18
783148 2 1 0 2 6 21
786825 4 1 0 4 6 22
790101 70 1 0 6 6 17
791886 25 1 0 6 6 18
795011 5 0 0 2 6 26
802417 74 1 0 7 6 25
804406 113 1 0 6 6 21
806536 13 1 0 2 6 24
807664 10 1 0 2 6 18
808605 20 1 0 7 6 24
808973 15 1 0 2 6 22
809845 6 1 0 4 5 22
813821 59 0 0 6 6 16
816256 43 0 0 7 6 19
817300 10 0 0 6 6 18
817854 12 0 0 0 6 18
817972 13 1 0 6 6 14
818032 53 1 0 4 6 19
820060 9 1 0 7 6 21
820150 4 1 0 2 6 22
822295 11 1 0 2 5 17
827844 23 1 0 6 5 28
831172 4 0 0 4 6 20
831967 4 0 0 6 6 19
837226 24 1 0 6 6 24
860653 16 1 0 7 6 22
864787 28 1 0 8 6 20
873706 5 1 0 1 6 21
881221 109 1 0 6 5 21
881256 22 1 0 6 5 18
882786 2 1 0 0 6 24
882835 36 1 0 1 5 21
884669 18 1 0 1 6 18
888006 5 1 0 3 6 21
889854 60 1 0 2 6 18
895872 13 1 0 5 6 20
896040 18 1 0 3 6 23
898016 53 1 0 6 6 17
902588 86 1 0 6 6 19
910288 21 1 0 6 6 21
912529 5 0 0 8 6 22
914192 4 1 0 6 6 24
918269 9 0 0 4 6 21
926994 4 1 0 0 5 22
927844 7 1 0 1 6 20
935335 12 1 0 1 5 21
935375 4 1 0 4 6 23
938287 15 0 0 6 6 19
940821 7 1 0 9 6 20
944638 22 1 1 8 6 26
945674 27 1 0 6 6 15
947730 16 1 0 6 6 17
951257 40 1 0 6 6 22
953107 8 1 0 0 6 19
957195 8 1 0 1 6 17
959772 17 1 0 3 6 24
960981 13 1 0 4 6 19
971149 6 1 0 5 5 18
971323 27 0 0 6 6 15
973063 11 1 0 8 6 18
975131 25 1 0 6 6 18
993484 14 1 0 6 6 15
1002059 11 1 0 6 6 20
1014397 9 1 0 5 6 24
1019107 14 0 0 2 5 19
1025068 16 1 0 4 6 33
1031641 19 1 0 8 6 23
1036682 12 1 0 7 6 15
1038040 9 1 0 8 6 13
1039587 36 1 0 8 6 14
1039600 20 1 0 0 6 17
1043448 4 0 0 7 6 25
1044913 4 1 0 2 6 23
1047501 6 1 0 6 5 16
1050229 10 1 0 3 6 27
1050714 4 1 0 2 6 17
1053509 9 1 0 1 6 21
1057932 3 1 0 2 6 25
1069342 14 1 0 4 6 14
1076061 11 1 0 2 6 19
1079591 7 1 0 1 5 27
1092089 3 0 0 4 6 16
1094264 17 1 0 6 6 18
1095031 17 1 0 1 6 20
1104836 6 1 0 2 5 17
1116821 14 1 0 6 5 16
1117361 17 0 0 6 6 24
1117438 45 1 0 6 6 21
1118181 7 1 0 1 6 24
1118769 15 1 0 6 6 29
1118811 5 1 0 8 5 19
1123064 5 1 0 2 6 32
1123157 3 0 0 1 5 26
1129504 14 1 0 6 5 22
1130437 2 1 0 7 5 20
1131550 10 1 0 0 5 23
1131993 9 1 0 4 6 20
1134535 3 1 0 5 5 20
1144508 5 1 0 3 6 19
1157525 3 1 0 6 5 27
1168818 9 1 0 1 5 16
1169143 4 1 0 6 6 18
1174472 6 1 0 2 6 20
1174482 5 0 0 8 5 23
1174641 6 1 0 6 6 23
1175485 12 0 0 8 6 21
1186715 6 1 0 2 6 30
1188562 2 1 0 5 5 15
1188613 1 1 0 0 6 18
1188720 7 1 0 6 5 16
1188724 7 1 0 1 5 14
1202636 2 1 0 6 6 15
1204612 5 1 0 4 5 19
1204631 5 1 0 4 5 22
1204645 2 1 0 6 5 23
1205515 7 1 0 2 6 21
1218865 12 1 0 2 5 22
1219933 6 1 0 4 5 19
1220314 5 1 0 1 6 70
1226364 12 1 0 6 5 21
1230591 8 1 0 6 6 19
1230969 14 1 0 6 5 14
1231212 2 1 0 7 6 20
1241749 6 0 0 8 6 24
1250574 5 1 0 1 6 20
1251628 2 1 0 6 5 33
1253153 3 1 0 0 6 18
1255403 8 1 0 6 6 18
1257661 6 1 0 6 6 20
1259071 3 1 0 1 5 21
1261086 2 1 0 4 6 14
1261919 4 0 0 1 5 22
1265220 4 1 0 2 6 23
1266692 3 1 0 2 6 20
1267121 4 1 0 7 5 17
1273613 6 1 0 8 5 27
1276546 4 1 0 0 5 21
1283504 7 1 0 6 6 18
1283523 14 1 0 6 5 21
1283582 2 1 0 4 5 19
1283585 2 1 0 4 5 24
1283591 1 1 0 2 5 21
1283596 2 1 0 2 5 15
1283603 2 1 0 3 5 18
1283625 3 1 0 1 6 28
1283713 4 1 0 9 6 20
1283718 3 1 0 1 6 16
1283735 1 1 0 2 5 24
1283744 2 1 0 6 6 17
1283753 2 1 0 2 5 29
1283754 3 1 0 1 6 27
1283791 5 1 0 2 5 14
1283792 2 0 0 8 6 20
1283796 2 1 0 1 5 21
1283827 14 1 0 6 6 51
1283829 3 1 0 6 5 23
1283831 1 1 0 0 6 15
1283832 3 1 0 2 5 22
1283833 1 1 0 2 5 17
1283837 4 1 0 2 5 21
1283838 3 1 0 6 5 15
1283839 2 1 0 2 5 23
1283844 2 1 0 2 5 20
1283847 1 0 0 0 6 22
1283848 1 1 0 6 5 26
1283849 1 1 0 7 6 20
1283851 2 1 0 6 6 22
1283856 1 1 0 1 5 17
1283858 1 1 0 2 5 26
1283859 1 1 0 2 5 14
1283860 4 1 0 0 5 18
1283861 1 1 0 6 5 17
1283862 1 1 0 1 5 19
1283864 2 1 0 5 5 23
1283867 2 0 0 8 5 19
1283869 2 1 0 2 6 21
1283872 1 1 0 6 5 17
1283875 1 1 0 2 5 15
1283884 1 1 0 6 6 27
1283889 2 1 0 2 5 21
1283891 3 0 0 8 6 23
1283892 1 0 0 6 6 19
1283905 1 1 0 7 6 19
1283907 2 1 0 6 6 16
1283908 10 1 0 0 6 22
1283910 2 1 0 3 6 24
1283912 2 1 0 2 6 29
1283924 4 1 0 6 6 25
1283950 2 1 0 8 6 18
1283951 2 1 0 1 6 24
1283952 1 1 0 0 6 22
1283967 1 0 0 2 5 18
1283975 2 1 0 6 6 21
1283976 3 1 0 2 5 16
1283980 1 1 0 4 5 17
1283981 1 1 0 1 6 19
1283982 1 0 0 6 6 26
1283989 4 0 0 6 5 15
1283990 3 1 0 6 6 24
1283991 2 1 0 1 5 22
1283992 2 1 0 2 6 16
1283993 5 1 0 6 6 20
1283994 2 1 0 2 6 29
1283995 3 1 0 6 6 15
1283996 1 1 0 2 5 26
1284009 5 1 0 6 6 23
1284015 2 0 0 8 6 24
1284017 4 1 0 6 6 23
1284060 6 1 0 6 6 22
1284108 2 0 0 8 5 22
