19
329
5 0
100
43 70 1 1 0 6 19
548 15 1 1 0 6 17
1421 47 0 0 0 6 19
1430 49 0 0 4 5 17
1601 92 0 0 0 6 18
2098 88 0 0 0 6 22
2549 48 1 0 0 6 22
4700 109 1 1 0 6 23
5289 81 0 0 0 6 19
7545 43 1 0 0 6 17
8039 80 0 0 4 6 18
10351 121 1 1 0 6 18
11359 139 1 0 0 6 17
14931 40 0 0 3 6 21
16734 33 1 0 0 6 19
17152 51 1 0 0 6 23
18048 128 1 0 0 6 19
18341 96 1 1 0 6 19
21231 89 1 1 4 6 20
22815 51 1 1 0 6 22
23879 119 1 0 0 6 18
25852 61 1 0 0 6 19
25929 45 1 0 0 6 17
27678 99 1 1 0 6 21
27773 27 1 1 0 6 20
27937 56 1 0 0 6 16
28643 20 1 1 0 6 14
28660 34 1 1 3 6 17
29082 119 0 0 0 6 17
29996 57 1 0 0 6 14
30252 123 1 0 0 6 19
34624 63 1 1 0 6 29
35340 36 1 1 0 6 20
36123 32 1 0 0 6 19
39175 36 0 0 0 6 20
42046 21 0 1 0 6 20
42441 28 0 0 0 6 23
47138 87 1 1 0 6 24
47802 108 1 1 0 6 20
48799 27 1 1 0 6 20
49544 36 1 0 0 6 14
51504 36 1 0 0 6 15
54929 33 0 0 4 5 19
67061 74 0 0 0 6 19
69883 96 1 1 0 6 18
74449 226 1 1 9 6 22
76554 44 1 1 0 6 12
76555 54 0 1 4 6 19
76664 29 0 0 0 6 17
76920 69 1 0 0 6 17
77174 136 1 0 4 6 16
88165 53 1 0 0 6 23
89631 42 0 0 4 6 17
90103 69 1 0 7 6 19
105136 45 0 1 0 6 25
105547 71 1 1 0 6 20
109259 79 1 1 0 6 20
109261 43 1 0 0 6 21
109335 157 1 1 3 6 31
109453 36 1 0 0 6 15
109458 33 1 0 0 5 13
129677 23 1 1 4 6 25
131784 40 0 1 7 6 20
137411 30 0 0 0 6 14
139389 39 0 1 0 6 17
141558 46 1 0 0 6 16
148403 18 1 0 0 6 13
148744 130 1 0 0 6 17
162775 60 1 1 0 6 15
171585 10 1 1 0 6 11
183346 32 1 0 0 6 17
183494 18 1 0 0 6 17
185547 48 1 1 0 6 16
197300 44 1 1 3 6 22
198650 18 0 1 0 5 19
201424 42 0 0 0 6 16
216927 15 1 0 0 6 11
237458 60 1 1 0 6 19
244922 6 0 1 0 6 23
248812 28 1 1 0 6 16
259489 63 1 0 2 6 21
262033 49 1 1 2 6 25
282535 439 1 1 2 6 20
310338 25 0 1 7 6 24
334419 7 1 0 0 6 14
360706 24 1 0 1 6 15
367488 12 1 1 0 5 13
376226 10 1 1 4 6 16
395640 8 1 1 1 5 14
397781 19 1 1 0 6 14
404867 5 1 0 0 6 12
404869 34 1 1 6 6 15
404911 28 1 0 0 6 12
408401 8 1 0 0 6 9
422817 3 1 1 0 6 19
442310 18 1 0 0 6 10
516214 68 1 1 8 6 17
521274 62 1 1 1 6 16
834997 3 1 1 0 5 16
907387 37 1 0 6 6 14
43 1430
43 1421
548 17152
1421 36123
1430 23879
1430 16734
1601 76920
1601 237458
1601 10351
2098 29996
2098 17152
2098 47138
2098 22815
2098 2549
2098 34624
2549 22815
4700 67061
4700 23879
5289 18341
5289 30252
5289 36123
5289 21231
7545 171585
7545 42441
7545 105136
8039 162775
8039 183346
10351 141558
10351 109335
10351 29082
10351 105547
11359 76555
11359 76664
11359 47802
14931 18048
14931 197300
17152 244922
18048 47138
18048 74449
18048 262033
18048 259489
18341 148403
18341 42046
18341 39175
18341 76555
18341 30252
18341 25852
18341 148744
18341 237458
18341 198650
18341 54929
21231 334419
23879 67061
23879 109259
25852 148403
25852 27678
25852 237458
25852 76554
25929 201424
25929 334419
27678 27773
27773 35340
27937 248812
28643 148403
28643 397781
28643 141558
28643 109335
28643 29082
28643 404867
28643 404911
28643 404869
28643 49544
28660 395640
29082 141558
29082 109335
29082 109261
29082 29996
29082 162775
29082 49544
29082 376226
29996 397781
29996 109335
29996 310338
29996 49544
30252 67061
35340 39175
35340 36123
35340 54929
35340 48799
39175 51504
39175 105547
42441 171585
42441 129677
42441 88165
47138 259489
47802 76555
47802 148744
47802 216927
49544 109335
49544 141558
51504 76920
51504 360706
51504 109458
51504 69883
67061 141558
67061 109335
67061 109259
67061 105547
69883 109335
69883 76920
69883 109259
69883 77174
76554 76664
76554 148403
76554 201424
76555 237458
76664 148403
76664 148744
76920 109335
77174 183346
89631 183346
89631 516214
90103 310338
90103 131784
105547 397781
105547 109259
109259 109335
109261 109335
109261 109453
109335 397781
109335 141558
109453 109458
109458 408401
137411 404867
139389 237458
141558 834997
141558 171585
141558 422817
148403 148744
148403 201424
148403 367488
148744 201424
162775 185547
171585 408401
183346 183494
183494 201424
216927 367488
248812 397781
248812 395640
259489 262033
282535 404867
360706 521274
376226 397781
404869 907387
408401 442310
