60631
19
1444
60631 71 1 0 0 6 21
2231 71 1 1 0 6 25
2352 158 1 0 0 6 20
3584 38 0 0 0 6 21
4496 29 1 1 0 6 24
5083 75 1 0 0 6 21
5484 103 1 1 0 6 22
7510 65 1 0 0 6 22
7874 78 0 1 0 6 20
8126 86 1 1 0 6 21
8580 177 1 0 0 6 18
8879 82 1 0 0 6 21
14282 79 0 0 0 6 20
14669 42 0 1 0 6 22
16803 67 1 0 0 6 21
18404 28 0 1 0 6 21
19306 58 0 0 0 6 21
19307 40 0 1 0 6 26
20088 145 1 1 0 6 26
20196 10 0 1 4 6 21
20259 30 1 1 0 6 23
22476 60 1 1 0 6 25
23201 49 1 0 0 6 21
23309 46 1 0 0 6 12
23973 30 0 1 0 6 21
25514 165 1 1 0 6 23
26791 138 1 1 0 6 25
28444 73 0 1 0 6 26
28908 111 1 1 0 6 23
29080 48 1 1 0 6 21
29768 91 1 0 0 6 21
30052 40 0 0 4 6 21
30857 24 1 0 0 6 21
31086 52 1 1 0 6 20
37115 38 0 0 0 6 21
40273 56 0 0 0 6 21
40544 39 0 1 0 6 21
44689 79 1 1 0 6 22
49643 79 1 1 0 6 29
51268 46 0 1 0 6 21
51568 17 0 0 0 6 20
54486 30 0 1 0 6 21
64254 88 1 1 0 6 18
64917 21 0 1 5 6 22
66733 82 0 1 0 6 19
67327 18 0 0 0 6 20
70330 35 1 1 7 6 26
73192 13 0 1 0 6 23
77701 70 1 1 0 6 21
81020 56 0 0 0 6 22
83733 39 1 0 4 6 21
106357 25 0 1 4 6 21
106667 116 0 0 0 6 18
138369 109 1 0 0 6 20
139871 80 1 1 5 6 21
143951 17 1 0 0 6 21
162000 63 1 1 0 6 21
179469 25 1 1 4 6 20
203826 121 1 1 8 6 28
217370 60 0 0 0 6 20
238311 33 1 1 0 6 26
266030 100 1 0 0 6 20
266207 26 1 1 1 5 22
271212 149 1 1 7 6 27
300353 41 0 0 0 6 19
359703 21 0 0 0 6 21
359950 34 1 0 0 6 21
385525 25 0 1 2 6 22
400549 37 1 1 7 6 20
680487 1 1 0 0 6 21
680488 4 1 1 1 5 32
680717 19 1 1 1 5 18
