17442
19
1481
17442 26 0 0 0 6 21
505 77 1 1 0 6 24
3367 62 1 0 0 6 21
3375 80 1 1 0 6 22
4710 78 1 1 0 6 21
8044 82 1 1 0 6 23
8444 112 1 1 0 6 23
8470 118 1 1 0 6 26
8578 56 1 1 0 6 22
16791 153 1 0 0 6 20
17062 74 1 1 0 6 21
17387 47 1 0 0 6 21
17443 60 1 0 0 6 21
19086 41 1 0 0 6 20
26928 62 1 1 0 6 24
29294 51 1 1 4 6 21
29572 66 1 0 0 6 21
40962 27 1 1 0 6 24
40963 62 1 1 0 6 24
41680 98 1 1 0 6 21
45200 218 1 1 3 6 18
46913 42 1 1 0 6 22
49728 113 1 1 0 6 24
61894 73 1 1 0 6 24
116417 66 1 0 0 5 24
280955 31 1 0 0 6 21
294968 36 1 1 0 6 24
