62637
19
1345
62637 38 1 1 0 6 25
2485 79 1 1 0 6 21
3576 42 0 0 0 6 25
3620 72 1 1 0 6 24
4836 114 1 1 0 6 25
5961 65 1 0 0 5 23
6325 83 1 0 0 6 21
8129 126 1 0 0 6 22
13989 50 1 1 0 6 23
16792 39 0 0 0 6 23
16793 47 1 0 0 6 21
18428 17 0 1 0 6 25
18980 73 0 1 0 6 25
20395 19 0 1 0 6 24
21429 45 1 1 0 6 25
22411 50 1 0 0 6 20
22977 87 0 0 0 6 22
23975 102 1 1 0 6 24
25260 29 1 1 0 6 25
25358 23 1 1 0 6 23
25439 130 1 1 0 6 25
27476 74 1 0 0 6 23
29768 91 1 0 0 6 21
41311 89 1 1 1 6 27
48017 80 1 1 0 6 24
57849 34 1 1 0 6 25
62634 61 1 0 0 6 23
62636 24 1 1 0 6 24
62640 78 1 1 0 6 24
62778 34 0 1 0 6 25
62782 35 1 0 0 6 23
62784 55 1 0 0 5 21
68500 63 1 1 0 6 23
68584 36 1 1 0 6 25
69524 25 0 1 0 6 26
81113 24 1 1 4 6 25
82110 34 1 0 0 6 24
110673 10 0 0 0 6 24
131339 31 0 0 0 6 25
