70809
19
1322
70809 58 1 1 0 6 22
3006 111 1 0 0 6 23
3766 52 1 0 0 5 21
4847 69 0 0 0 6 24
6325 83 1 0 0 6 21
7354 83 1 0 0 6 22
8879 82 1 0 0 6 21
12421 22 0 0 0 6 20
13714 39 1 1 0 6 20
14217 18 0 0 0 5 21
15295 61 1 1 0 6 21
15767 84 0 0 0 6 20
16789 85 0 0 0 6 20
17702 110 1 0 0 6 21
19698 74 1 0 0 6 23
20451 36 0 1 0 6 24
21358 45 0 0 0 6 20
22055 69 0 0 0 6 20
23975 102 1 1 0 6 24
24044 77 1 1 0 6 21
24096 114 1 1 0 6 22
24314 32 0 1 5 6 21
25206 82 1 0 0 6 20
25514 165 1 1 0 6 23
26022 86 1 0 0 6 22
29629 37 1 0 0 6 21
33751 123 0 0 0 6 25
36772 66 1 0 0 6 23
39722 132 1 1 0 6 22
40273 56 0 0 0 6 21
40938 18 0 1 0 5 24
42530 50 1 0 0 6 21
42531 44 1 0 0 6 23
44077 43 1 0 0 6 19
44266 76 1 0 0 6 20
46153 50 1 1 0 6 22
46464 41 1 0 0 6 22
47083 42 1 1 0 6 22
48025 45 1 0 0 6 22
48028 66 1 0 0 6 22
52263 29 1 1 0 6 21
54509 64 0 1 0 6 20
61668 26 0 1 0 6 21
65176 17 0 0 0 5 17
68584 36 1 1 0 6 25
70417 87 1 0 0 6 22
70900 30 1 1 0 6 26
71575 34 0 1 0 6 19
76659 86 1 1 0 6 21
81100 25 0 0 0 6 22
82290 40 1 1 0 6 27
111880 47 0 0 0 6 24
113472 96 1 0 0 6 24
115355 98 0 0 2 5 21
139903 53 1 0 0 6 23
169610 16 1 1 0 6 23
274351 31 1 0 0 6 23
289193 23 1 1 0 5 22
741616 52 1 0 0 6 21
