31087
19
1293
31087 103 1 1 0 6 24
2103 120 0 1 0 6 23
2249 69 1 0 0 6 21
2257 189 1 0 9 6 22
2796 749 1 0 0 6 31
3616 50 1 0 0 6 24
4847 69 0 0 0 6 24
5511 76 1 0 0 6 18
6217 56 1 0 0 5 20
7124 51 1 0 0 6 22
8075 50 1 0 0 6 20
11382 12 0 1 0 6 24
11843 78 1 0 0 6 17
13225 78 1 0 0 6 21
13434 60 0 0 0 6 20
13989 50 1 1 0 6 23
14440 157 1 1 0 6 27
15092 111 1 1 0 6 24
15660 73 1 1 0 6 24
16000 43 1 0 0 6 20
16657 27 1 0 0 6 22
16828 27 0 0 0 6 23
17221 57 1 1 0 6 23
17401 124 1 0 0 6 20
19578 50 0 1 0 6 27
21132 74 1 0 0 6 23
21515 43 1 1 0 6 29
21892 85 0 0 0 6 17
22674 28 0 0 0 6 21
23592 59 0 1 4 6 21
24005 50 0 0 0 6 20
24899 4 0 0 0 6 25
25005 36 0 0 0 6 23
25097 73 1 1 0 6 24
25154 72 0 0 0 6 19
25305 42 1 1 9 6 23
25356 39 0 1 0 5 27
25436 30 0 1 0 6 25
25510 149 1 1 0 5 24
25512 16 0 1 0 6 24
25514 165 1 1 0 6 23
26080 97 1 0 0 6 20
26877 116 1 0 0 6 21
26928 62 1 1 0 6 24
27507 64 1 0 0 6 18
31086 52 1 1 0 6 20
31164 30 0 1 0 6 26
31173 152 1 0 0 6 19
31179 8 1 1 0 6 28
33374 33 1 1 0 6 23
33751 123 0 0 0 6 25
35638 20 0 1 0 6 23
36354 17 0 1 0 6 24
36931 73 0 0 0 6 21
37727 59 1 0 0 6 24
40963 62 1 1 0 6 24
41115 65 1 1 0 5 24
42692 37 0 0 0 5 24
43568 50 1 0 0 6 17
43864 52 1 0 0 6 21
44822 35 0 1 0 5 23
47156 12 0 0 0 6 18
49196 32 1 0 5 6 20
51131 16 0 1 9 6 25
58414 32 1 0 4 6 24
62575 33 1 1 0 6 24
64037 57 0 0 2 6 20
70660 35 0 1 0 5 23
70858 30 0 1 0 6 23
71450 25 1 1 0 6 24
74839 54 1 0 2 6 18
77376 11 0 1 9 6 23
86021 5 1 1 0 6 24
87404 18 0 0 0 6 24
92363 29 0 0 7 6 21
96051 130 1 0 0 5 18
100767 43 0 0 0 6 18
101168 39 0 0 3 6 24
109622 20 1 0 0 6 23
110674 40 0 0 0 6 21
138349 31 1 0 0 6 23
140345 15 0 0 0 5 21
143551 159 1 0 4 6 20
144774 46 1 1 0 6 24
154441 19 0 1 1 6 23
155268 96 1 0 4 6 21
170027 36 0 0 4 6 19
198758 10 0 1 0 6 25
221625 64 0 0 8 6 20
245974 31 0 0 3 6 19
271258 100 1 0 9 6 22
291393 7 1 1 0 6 27
323544 58 1 0 0 6 9
337803 7 1 0 0 6 23
337849 23 1 1 9 6 25
340294 75 1 0 3 6 20
381408 40 1 0 2 6 8
428077 26 1 0 2 6 12
428495 47 0 0 9 6 21
428496 11 1 0 2 6 12
428693 134 1 0 7 6 22
428819 69 1 0 5 6 22
428933 38 1 1 2 6 22
977721 26 1 0 4 6 21
