348549
19
326
348549 182 1 0 4 6 18
21811 82 1 1 4 6 17
26037 276 1 1 4 6 18
26042 182 1 1 4 6 17
28304 316 1 0 8 6 18
60437 42 1 1 4 6 16
60702 118 1 0 8 6 19
69484 283 0 1 5 6 22
72574 451 0 1 4 6 20
72856 149 1 1 4 6 21
79025 359 1 1 4 6 17
79281 100 1 1 4 6 18
79283 57 1 1 4 6 18
87337 102 1 0 4 5 17
87556 93 1 1 9 6 18
87726 58 1 1 9 6 21
88786 255 1 1 8 6 19
88992 77 1 1 4 6 16
89047 113 0 1 6 6 19
100015 110 1 1 4 6 20
138540 50 0 1 0 5 20
138641 100 1 1 4 6 18
149995 130 1 1 6 6 20
156161 203 1 1 8 6 16
156414 43 1 1 8 6 19
167520 33 1 0 4 6 17
168104 37 1 0 4 6 17
168273 48 1 0 4 6 17
168978 84 1 0 4 6 17
170319 227 1 1 5 6 33
177497 129 1 0 4 6 30
184108 413 1 1 4 6 22
203014 130 1 1 4 6 20
209438 351 1 0 8 6 19
211692 136 1 1 4 6 19
211819 159 1 1 4 6 18
212431 121 1 1 4 6 20
212436 205 0 1 6 6 21
228320 189 0 1 6 6 18
238474 117 1 1 2 6 23
239995 186 1 1 6 6 20
240101 182 0 1 4 6 18
249124 85 1 0 4 5 17
255587 117 1 0 8 5 20
255591 157 1 0 8 5 20
255602 100 1 0 8 6 17
255603 184 1 0 8 6 39
255604 52 1 0 8 6 18
255699 184 1 1 8 6 20
255917 105 1 0 4 6 25
261507 143 1 0 9 6 18
272186 122 1 1 4 6 19
282915 120 1 0 8 6 21
295696 131 1 0 8 6 21
314907 182 1 1 4 6 20
347131 82 1 1 8 6 22
348668 289 1 0 4 6 17
372132 75 1 1 6 6 21
372721 108 1 0 8 6 30
372780 56 0 1 4 6 19
372955 131 1 1 8 6 20
374388 73 1 1 4 6 17
374824 154 0 1 6 6 17
382079 140 1 0 8 6 19
382703 329 1 0 4 6 19
384944 88 1 0 4 6 16
386203 109 1 0 4 6 16
389726 181 0 0 8 6 20
392775 99 1 1 8 6 14
396038 111 1 0 4 6 13
397687 352 1 1 8 6 15
406979 138 1 1 8 6 19
407658 139 1 1 4 6 18
424500 163 0 1 4 6 16
432988 139 1 1 6 6 19
440380 58 0 1 4 6 18
456127 77 1 1 4 6 23
459124 137 0 1 4 6 21
459251 112 0 1 4 6 20
459254 58 1 0 4 5 16
459260 151 1 1 4 6 18
459387 118 1 0 2 6 17
459390 134 1 0 4 6 17
459393 76 0 0 4 6 17
459457 316 1 0 6 6 18
459524 199 1 0 4 6 18
466806 54 1 1 2 6 16
469967 165 1 0 8 6 18
470944 40 1 0 8 5 19
473089 65 1 0 8 5 20
475452 74 1 0 4 5 22
482817 89 1 0 4 6 23
496725 68 1 0 4 6 17
496962 92 1 0 8 6 28
497124 42 1 0 8 6 22
497192 60 1 0 8 6 21
497295 71 1 0 8 6 21
497586 69 1 0 8 6 22
504244 54 1 1 4 6 31
504250 19 0 1 4 6 20
504998 109 0 1 6 5 22
505276 68 1 1 4 5 16
506028 62 1 0 4 6 16
506090 75 0 1 4 6 18
510723 28 1 1 4 6 17
510844 134 0 1 4 6 18
511565 130 1 1 4 6 21
513276 162 1 1 4 6 20
514734 33 1 1 8 6 17
515086 139 1 1 4 6 20
515155 39 0 1 4 6 18
517601 48 1 0 4 5 17
517665 42 1 0 4 5 17
517666 43 1 0 4 5 17
517669 30 1 0 4 6 17
517739 25 1 0 4 6 17
517927 72 1 1 4 6 18
517966 107 0 1 4 6 18
521212 34 1 0 4 6 16
521319 56 1 0 4 6 16
521370 17 1 0 8 6 20
521418 16 1 0 2 5 16
522301 34 1 1 8 6 15
522406 183 1 0 4 6 17
522927 61 1 1 3 6 20
523054 38 0 0 8 5 18
524607 93 1 1 4 6 20
533715 48 1 0 4 6 18
538312 35 1 1 4 6 17
544170 132 1 1 8 6 37
546114 77 1 1 8 6 17
546152 84 1 1 4 6 21
548700 118 1 1 4 6 19
552592 39 1 1 4 6 19
557507 107 1 1 4 6 21
558045 67 1 1 6 6 22
559884 66 1 1 4 6 19
563309 36 1 1 4 6 16
577367 56 1 1 4 6 18
581620 15 1 0 2 5 23
581813 33 1 0 6 5 23
627425 60 1 1 4 6 17
642576 18 1 0 4 6 10
642892 28 1 1 4 6 12
644438 61 1 1 8 5 12
644793 53 1 0 8 6 29
644923 143 1 0 4 6 14
645016 69 1 1 6 6 20
645034 110 1 1 1 6 22
650657 51 0 1 9 6 22
651402 74 1 0 4 6 15
659498 54 1 1 4 6 18
659508 90 1 0 6 6 18
667778 35 0 1 4 5 18
678264 34 1 1 8 6 17
683044 35 1 0 8 6 18
684015 28 1 0 8 6 18
715640 52 1 0 8 6 36
739767 41 0 0 8 6 32
750941 77 1 0 6 6 17
751511 35 0 1 4 6 18
751760 16 1 0 4 6 20
757588 19 1 0 9 6 18
783903 22 1 0 8 6 19
817795 32 1 0 4 5 16
817885 78 1 1 4 6 20
819948 4 1 0 4 5 16
822904 19 1 0 4 6 19
827902 27 1 0 6 6 16
838020 41 1 1 6 6 18
878808 16 1 1 4 6 21
930611 10 1 0 6 6 16
948101 32 0 0 4 6 28
1028916 27 1 1 4 6 20
1029556 65 1 1 4 6 18
1031223 31 1 0 4 6 17
1076666 7 0 1 4 6 22
1141897 25 1 1 6 6 10
1167824 14 1 1 9 6 18
1173731 30 1 0 4 6 22
1200996 19 1 0 4 6 17
1267726 2 1 1 2 5 29
1268002 6 1 1 9 5 18
