15947
19
1479
15947 115 1 1 0 6 22
493 74 1 0 0 6 19
533 75 1 0 0 6 21
607 89 1 0 0 6 20
639 55 1 0 0 6 20
655 73 1 0 0 6 19
806 123 1 0 0 6 22
1355 43 1 0 0 6 18
1565 127 0 1 0 6 21
2047 89 1 0 0 6 21
2373 83 1 0 0 6 19
2754 122 1 0 0 6 22
2787 63 0 1 0 6 22
2820 100 1 1 0 6 22
2824 24 0 1 0 6 22
2864 92 0 1 0 6 21
3007 33 0 0 0 6 22
3261 52 0 0 0 6 22
3363 140 1 0 0 6 22
3383 38 0 0 0 6 22
3385 50 1 1 0 6 26
3885 42 1 0 0 6 20
4840 34 1 0 0 6 22
6324 127 1 0 0 6 20
6472 183 1 0 0 6 19
6577 245 1 0 0 6 20
9630 115 1 0 4 6 20
10271 42 0 0 0 6 20
12291 99 1 0 0 6 19
12544 59 1 1 0 6 23
13222 205 1 0 0 6 20
13239 85 1 0 0 6 20
13283 173 1 0 0 6 19
13712 38 1 1 0 6 22
13734 61 1 0 0 6 21
14383 56 1 0 0 6 23
14576 56 0 0 0 6 20
14673 99 1 0 0 6 20
14764 27 1 1 0 5 23
15069 17 0 0 0 6 23
15519 89 1 0 0 6 18
15531 126 1 1 3 6 22
15797 67 1 0 0 6 20
15902 80 1 1 0 6 21
18166 128 1 0 0 6 19
18474 93 1 1 0 6 22
20197 46 1 1 0 6 22
20519 47 0 0 0 6 20
22567 28 1 1 0 6 21
22584 42 1 0 0 6 21
22627 73 1 0 0 6 19
22776 63 0 0 0 6 19
24101 22 0 0 0 6 23
25130 61 1 0 0 6 19
25268 77 1 1 0 6 22
25301 41 1 1 0 5 23
25353 37 1 1 0 6 21
25364 67 1 1 0 6 21
25365 28 0 0 0 6 22
25434 78 1 1 4 6 21
25513 20 0 0 0 6 22
25516 70 1 1 0 6 22
25520 43 1 0 0 6 21
25604 109 1 0 0 6 21
26080 97 1 0 0 6 20
26839 41 1 1 0 6 22
27235 70 1 0 0 6 28
28752 55 1 0 0 5 22
29596 94 1 0 0 6 22
30551 68 0 0 9 6 19
32744 51 1 0 0 6 23
33354 54 0 0 0 6 18
33751 123 0 0 0 6 25
37182 73 1 0 0 6 20
37312 126 1 0 3 6 21
37350 56 1 0 2 6 19
39206 106 1 1 0 6 23
40761 70 1 0 0 6 20
42993 77 0 1 4 6 20
44051 10 0 1 0 6 26
47228 24 1 1 0 6 21
47962 41 1 0 0 6 21
48120 70 1 0 0 6 22
48121 66 0 0 0 6 22
49084 91 0 0 7 6 23
51294 39 1 1 0 6 20
53211 70 1 1 0 6 21
53674 20 0 0 0 6 24
54736 54 1 0 0 6 19
56726 28 0 0 0 6 23
57853 13 0 1 0 6 22
61527 36 1 1 0 6 25
62207 38 1 1 0 6 22
66919 26 0 1 0 6 23
79289 73 1 0 3 6 18
79907 49 1 0 0 5 20
114429 17 1 0 0 6 22
131082 15 0 1 0 6 23
159705 26 0 1 0 6 21
160543 51 1 1 3 6 23
178555 45 1 1 0 6 27
210429 83 1 1 4 6 21
217154 57 1 1 2 6 23
221041 36 1 0 7 6 26
221137 80 1 0 0 6 20
254609 13 0 0 2 6 22
270839 27 1 0 0 6 22
278685 11 1 0 7 6 21
281880 41 0 0 0 6 20
282019 19 1 1 0 6 21
282043 22 1 0 7 6 23
307904 30 1 0 0 6 22
329722 17 1 0 0 6 21
424722 22 1 1 0 6 25
434890 73 1 0 7 6 21
657589 30 1 0 2 6 21
