8443
19
1458
8443 78 1 1 0 6 22
100 113 1 0 0 6 21
136 40 1 1 0 6 22
921 62 1 0 0 6 21
1565 127 0 1 0 6 21
2352 158 1 0 0 6 20
2869 104 1 1 0 6 21
2997 44 0 1 0 6 19
6855 51 0 1 0 5 23
6996 53 1 0 0 6 17
7124 51 1 0 0 6 22
7865 26 0 0 0 5 20
8126 86 1 1 0 6 21
8388 74 1 0 0 6 20
8448 51 1 1 0 6 21
8470 118 1 1 0 6 26
8545 49 0 1 0 6 22
8640 121 1 1 0 6 23
10791 115 1 1 0 6 21
13283 173 1 0 0 6 19
13989 50 1 1 0 6 23
14389 169 1 1 0 6 21
15068 144 1 0 0 6 20
15563 110 1 0 0 6 20
15767 84 0 0 0 6 20
16837 122 1 1 0 6 21
16918 43 0 0 0 6 22
17506 31 0 1 4 6 21
18166 128 1 0 0 6 19
18455 105 1 1 0 6 23
18537 71 0 0 0 6 21
18723 26 1 1 0 6 22
19310 161 1 1 0 6 18
21065 74 1 1 0 6 21
21283 142 1 1 1 6 21
21487 73 0 1 0 6 24
22437 33 0 0 0 6 18
23122 164 1 1 0 6 24
25207 36 0 1 0 6 22
25256 72 0 1 0 6 22
27076 44 1 0 0 6 21
27120 37 0 1 0 6 22
27240 72 0 0 0 6 17
27574 115 1 0 0 6 21
29026 41 0 0 0 6 21
32156 50 1 1 0 6 19
36032 40 1 1 0 6 20
36174 63 1 1 0 6 21
38641 35 1 0 0 6 21
39722 132 1 1 0 6 22
41634 27 0 1 0 6 21
41926 42 1 1 0 6 20
42768 64 1 0 0 6 21
42769 90 1 0 4 6 20
42770 19 0 1 0 6 21
42823 60 1 0 0 6 20
43821 138 1 0 4 6 16
45516 60 1 1 0 6 20
45518 52 0 1 0 6 20
46357 55 0 0 0 6 21
46502 19 0 1 0 6 23
47374 24 1 1 0 6 21
47486 50 1 1 0 6 19
53618 51 1 1 0 5 19
59660 93 1 1 0 6 21
62165 24 1 1 0 5 26
68319 65 1 1 0 6 17
72763 22 0 0 0 6 21
77374 10 0 1 0 6 22
77376 11 0 1 9 6 23
83959 16 0 0 0 5 22
118358 32 0 1 0 6 16
118423 36 0 0 0 6 22
125957 22 0 0 0 6 23
126074 74 1 0 0 6 21
130525 31 0 0 0 6 20
159133 25 1 0 0 6 22
185607 40 1 0 5 5 25
186188 3 1 1 0 6 22
