5238
19
1448
5238 49 1 1 0 6 24
334 84 1 0 2 6 22
806 123 1 0 0 6 22
843 28 0 1 0 6 24
6325 83 1 0 0 6 21
8038 98 1 0 0 6 21
8044 82 1 1 0 6 23
8470 118 1 1 0 6 26
8943 41 0 0 0 6 23
12646 56 1 1 0 6 23
14440 157 1 1 0 6 27
16791 153 1 0 0 6 20
17704 71 0 0 4 6 21
18780 120 1 1 0 6 24
19307 40 0 1 0 6 26
19358 38 0 1 0 6 25
22146 320 1 0 0 6 20
22660 28 0 1 0 6 23
25511 58 1 1 0 6 25
26877 116 1 0 0 6 21
33474 31 1 0 0 6 20
33483 109 1 0 0 6 21
40273 56 0 0 0 6 21
42419 25 0 0 0 6 21
47068 18 0 1 4 6 24
48025 45 1 0 0 6 22
49406 45 0 0 0 6 22
49728 113 1 1 0 6 24
58517 35 1 1 3 6 24
60324 48 1 1 3 6 23
61454 35 0 0 0 6 23
65549 26 0 1 0 6 24
65959 16 0 1 0 6 25
71764 46 1 1 0 6 25
79760 71 1 0 0 6 23
109627 44 1 1 0 6 24
116258 39 1 0 0 6 21
116414 19 1 0 5 6 17
116415 42 1 0 0 6 21
116416 36 1 0 0 6 26
116417 66 1 0 0 5 24
116418 27 0 0 0 6 21
116480 20 1 0 7 5 24
116481 36 1 0 0 6 21
116482 34 1 1 2 6 23
116564 12 1 1 0 6 24
116566 124 1 0 7 6 22
116567 21 1 1 2 6 23
116569 65 0 1 8 6 24
116842 14 1 1 1 6 25
