8788
19
1412
8788 113 1 0 0 6 21
146 87 1 0 0 6 20
919 49 0 0 0 6 21
1282 38 1 1 0 6 23
1790 34 0 1 0 5 20
2306 18 0 1 0 5 20
2319 76 1 1 0 6 22
3001 60 0 0 0 6 19
3146 21 0 1 0 6 23
3378 52 0 1 0 6 23
4136 85 1 0 0 5 21
4956 57 0 1 0 6 23
5093 100 0 1 0 6 25
5713 95 1 1 0 6 23
6644 68 1 1 0 6 22
7304 89 1 0 0 6 20
8463 141 1 1 0 6 19
9978 120 1 0 0 6 21
12020 130 1 0 0 5 21
12379 90 0 1 0 6 22
12521 28 0 1 0 6 23
12523 126 1 0 0 5 21
13216 88 0 0 0 6 19
13222 205 1 0 0 6 20
13352 41 0 0 0 5 21
13829 74 0 0 0 6 21
14051 191 1 0 3 6 21
14242 140 1 1 0 6 23
14243 39 1 1 0 6 24
14646 121 1 1 0 6 22
14769 35 0 1 0 6 21
15246 95 1 0 0 6 21
15971 85 1 1 0 6 22
16019 82 1 1 0 6 21
16808 21 0 1 0 6 22
17401 124 1 0 0 6 20
18454 88 1 1 0 6 24
18606 53 1 1 0 6 20
18980 73 0 1 0 6 25
19764 73 1 1 0 5 23
20239 18 0 1 0 6 24
20270 40 0 1 0 6 21
21124 77 1 1 0 6 22
21563 16 0 0 0 6 21
21647 30 0 0 0 6 21
22328 69 1 1 0 6 21
22387 94 1 0 0 6 20
23327 121 1 1 0 6 20
25015 160 1 0 0 6 19
25017 84 1 1 0 6 22
25269 15 0 0 0 6 21
25281 57 1 1 3 6 23
25439 130 1 1 0 6 25
25982 39 1 1 0 6 20
26642 42 1 1 0 6 21
26898 113 1 0 0 6 20
28796 34 1 0 0 5 21
29200 70 1 1 0 6 24
29294 51 1 1 4 6 21
29347 56 0 0 0 6 20
29540 102 1 1 0 6 23
29705 31 1 1 0 6 20
30447 100 1 1 0 6 23
30935 55 1 0 4 6 24
31821 34 1 1 0 5 23
31823 18 0 1 0 5 29
32131 40 0 0 0 6 20
33361 79 0 1 0 6 23
33477 124 1 1 0 6 21
35129 44 1 1 0 6 24
35711 74 1 1 0 6 21
37444 41 0 0 0 6 22
38179 27 0 1 0 6 23
38504 5 1 1 0 6 22
38519 89 1 1 0 6 20
38563 22 1 0 0 6 22
38636 56 1 0 0 6 20
41113 47 1 1 0 6 25
41680 98 1 1 0 6 21
44826 37 1 0 0 6 20
45942 17 0 1 0 6 21
45951 20 1 1 0 6 21
48316 43 0 1 0 6 27
49492 47 1 0 9 6 21
51163 31 1 0 0 6 21
54486 30 0 1 0 6 21
54511 77 1 1 0 6 21
54970 54 1 0 0 6 21
62016 51 0 0 0 6 21
64177 16 0 0 0 6 26
64508 42 1 1 0 6 26
69051 62 1 0 0 6 21
69776 43 1 1 0 6 23
79183 34 1 1 0 6 26
79189 42 1 0 0 6 21
83560 53 1 1 0 6 20
86509 26 1 1 0 6 27
97315 49 1 0 0 6 21
97321 21 0 0 0 6 22
97793 27 0 0 0 6 20
100596 27 0 1 0 6 18
131339 31 0 0 0 6 25
132303 19 0 0 4 6 25
171501 10 1 1 0 5 31
173542 22 0 0 0 6 21
179249 19 1 1 0 6 25
192030 18 1 1 0 6 24
192135 20 0 1 0 6 21
192239 5 0 1 0 6 26
192757 36 1 1 0 6 24
192758 3 1 1 0 6 25
192759 11 1 1 0 5 21
192848 35 1 1 0 6 22
192851 15 1 1 4 5 33
