89236
19
1386
89236 36 1 1 0 6 23
948 53 0 1 0 6 24
2332 89 1 0 0 6 20
3820 37 0 1 4 6 25
3874 81 1 0 1 6 24
4215 33 0 0 0 6 23
5093 100 0 1 0 6 25
6325 83 1 0 0 6 21
13272 58 1 0 0 6 20
14911 56 1 0 0 6 23
19023 59 0 1 0 6 26
20454 118 1 0 0 6 24
20823 52 0 0 0 6 23
21407 73 1 0 0 6 22
22987 79 1 1 0 6 23
23122 164 1 1 0 6 24
25519 31 1 1 0 6 23
33751 123 0 0 0 6 25
35014 37 0 0 0 6 23
36609 47 0 1 0 6 24
37166 34 1 1 0 6 23
43675 56 1 0 0 6 20
62487 53 1 0 0 6 22
65442 48 1 0 0 5 23
70417 87 1 0 0 6 22
70807 77 1 1 0 6 27
74039 53 0 0 0 6 23
84186 34 0 1 0 6 24
86072 39 1 1 9 6 23
92628 33 1 1 0 6 24
153547 21 1 1 0 6 23
180365 77 0 1 3 6 21
186371 13 0 0 0 5 24
188449 44 1 1 4 6 23
264936 21 1 1 0 6 23
292301 17 0 0 0 6 26
450423 17 1 1 0 5 23
