62782
19
1347
62782 35 1 0 0 6 23
1115 49 0 0 0 6 24
2485 79 1 1 0 6 21
3620 72 1 1 0 6 24
4842 58 1 0 0 6 24
6325 83 1 0 0 6 21
7379 40 1 1 0 5 23
7514 22 0 0 0 6 23
8129 126 1 0 0 6 22
16416 61 1 1 0 6 22
17439 89 1 0 0 6 23
18980 73 0 1 0 6 25
19689 16 0 1 0 5 24
20395 19 0 1 0 6 24
25423 41 1 0 0 6 23
25425 22 0 1 9 6 22
25452 38 0 0 4 6 23
25455 33 1 1 0 6 22
25465 51 0 0 0 6 22
25510 149 1 1 0 5 24
33751 123 0 0 0 6 25
38828 43 1 0 0 5 23
41311 89 1 1 1 6 27
51002 75 1 0 0 6 23
59709 20 0 1 0 6 23
62636 24 1 1 0 6 24
62637 38 1 1 0 6 25
62640 78 1 1 0 6 24
68584 36 1 1 0 6 25
81112 55 1 1 0 6 24
82110 34 1 0 0 6 24
82290 40 1 1 0 6 27
117410 30 1 1 0 6 22
149873 23 1 0 0 6 23
169610 16 1 1 0 6 23
695005 26 0 0 4 6 25
