817477
19
404
817477 26 1 0 6 6 31
51747 47 0 0 6 6 15
58295 43 0 0 3 6 23
87056 206 1 0 8 6 20
104415 46 0 0 6 6 31
181227 32 1 0 4 6 27
203664 8 0 0 6 6 34
231739 45 0 1 4 6 28
363034 66 1 1 4 6 24
614750 91 1 0 6 6 20
636489 6 0 1 2 6 27
677116 48 1 0 8 6 26
693438 11 1 0 6 5 12
736032 8 0 0 8 6 26
804700 28 1 0 6 6 12
845429 19 0 0 6 6 26
845452 32 1 1 8 6 29
939153 10 1 1 6 6 17
1063143 19 1 1 6 6 16
1067013 9 1 0 8 6 36
1067015 27 1 1 8 6 27
1119947 7 0 0 4 6 30
1149224 12 0 0 8 6 23
1252078 7 0 1 6 6 37
1365512 11 1 0 6 6 33
1392499 9 1 0 6 6 41
1499422 9 1 1 2 6 30
