81112
19
1363
81112 55 1 1 0 6 24
3588 85 1 0 0 6 22
4842 58 1 0 0 6 24
4847 69 0 0 0 6 24
6325 83 1 0 0 6 21
8129 126 1 0 0 6 22
8640 121 1 1 0 6 23
11415 81 1 0 0 6 24
13022 11 1 1 0 6 29
13606 46 1 0 0 5 24
14912 34 0 0 0 6 22
16793 47 1 0 0 6 21
17165 74 1 1 0 6 24
18169 57 0 0 0 6 21
22977 87 0 0 0 6 22
25959 44 1 0 0 6 22
30444 49 0 0 0 6 25
36309 37 0 1 0 6 23
41311 89 1 1 1 6 27
44435 40 0 0 0 6 29
44691 45 0 0 0 6 19
46157 84 1 0 0 6 26
46357 55 0 0 0 6 21
47791 76 1 0 0 6 22
52595 92 1 0 0 5 21
61452 68 1 0 8 6 23
61652 22 0 0 0 6 23
62782 35 1 0 0 6 23
70417 87 1 0 0 6 22
81024 34 0 0 0 6 25
86513 61 1 0 0 6 26
107628 27 1 0 0 6 25
108260 80 1 0 0 6 23
110674 40 0 0 0 6 21
113570 32 1 0 0 6 22
113707 45 1 1 0 6 27
125807 30 1 0 0 6 23
128654 22 0 1 0 6 25
130772 96 1 1 7 6 25
131931 77 1 0 0 6 24
171695 40 0 0 5 6 20
215256 41 1 1 0 6 23
215429 42 1 1 0 6 23
229365 21 0 1 0 6 28
254978 60 1 0 4 6 24
257294 33 1 0 0 6 24
292979 39 0 0 0 6 23
304114 33 1 0 0 6 24
366965 5 0 0 0 6 30
393504 18 0 1 0 6 30
598472 73 1 0 8 6 24
621352 6 0 1 0 6 29
646492 46 1 1 0 6 23
727691 32 1 0 3 6 28
784248 20 0 1 1 6 22
791528 11 0 1 0 6 36
