1046423
19
416
1046423 25 1 0 6 6 10
172421 370 1 0 4 6 16
326326 153 1 0 6 6 47
331170 17 1 1 6 6 26
433036 64 0 0 6 6 16
526096 172 0 1 6 6 25
586013 59 1 0 6 6 12
609098 52 1 0 6 6 11
609102 52 1 0 6 6 24
609132 61 1 0 6 5 12
687542 59 1 0 6 6 12
770416 51 1 0 6 6 16
1032964 35 1 1 6 6 10
1033664 16 1 0 6 5 8
1033799 6 1 0 6 5 16
1246408 27 1 1 6 6 5
1246410 21 1 0 6 6 8
1246412 25 1 0 6 6 11
1304511 10 1 1 2 6 23
1379860 10 1 0 4 6 11
1380336 13 1 0 4 6 11
1385719 12 1 0 4 6 6
1402906 11 1 0 4 6 11
1427303 7 1 0 4 6 9
1427305 5 1 0 2 6 11
1427307 12 1 0 6 6 11
