3427
19
1451
3427 165 1 1 0 6 22
85 32 1 0 0 6 21
376 26 0 0 0 6 21
460 86 0 0 0 6 21
541 71 0 0 0 6 17
793 58 1 0 0 6 21
921 62 1 0 0 6 21
1045 80 0 0 0 6 19
1654 54 0 0 0 6 21
1826 71 1 0 0 6 21
2238 105 0 0 0 6 20
2253 79 1 0 0 5 20
2332 89 1 0 0 6 20
2822 53 0 0 0 6 17
3042 27 0 0 9 6 21
3131 147 1 0 0 6 18
3392 27 0 0 0 6 18
3588 85 1 0 0 6 22
3590 46 0 0 0 6 23
3657 46 1 0 0 6 18
3696 68 0 0 0 6 23
4209 109 1 0 0 6 20
4962 64 0 0 0 6 18
5081 76 1 0 0 6 19
6329 41 0 0 0 5 21
6966 75 0 0 0 6 20
7459 193 1 0 0 6 18
7468 109 1 0 0 5 19
7972 36 0 0 0 6 21
8129 126 1 0 0 6 22
9467 90 0 0 0 6 20
9504 74 0 1 0 6 22
11571 202 1 0 0 6 19
11573 68 0 0 0 6 19
12176 103 0 0 0 6 19
12475 145 1 0 0 6 20
12477 112 1 0 0 6 20
12928 122 0 0 2 6 20
13352 41 0 0 0 5 21
13713 41 1 0 4 6 19
14389 169 1 1 0 6 21
14550 43 0 0 0 6 19
14895 85 0 0 0 6 16
15068 144 1 0 0 6 20
15557 112 1 0 0 6 21
15563 110 1 0 0 6 20
15738 49 1 0 0 6 20
15767 84 0 0 0 6 20
15868 37 0 0 4 6 19
17151 27 1 1 0 6 22
17401 124 1 0 0 6 20
17910 125 1 0 0 6 19
17920 60 0 0 0 6 20
18048 128 1 0 0 6 19
18160 67 1 0 0 6 21
18166 128 1 0 0 6 19
18216 98 1 0 0 6 19
18487 56 0 0 0 6 18
18940 73 1 0 0 6 18
19631 31 0 0 0 6 19
19858 22 0 1 0 6 21
19929 30 0 0 0 6 20
20034 68 0 0 0 6 18
20340 68 0 0 0 6 19
20437 38 0 0 0 6 17
20453 58 1 0 0 6 21
20456 46 0 0 4 6 22
20824 79 1 0 0 6 22
21257 119 1 0 0 6 18
21359 91 0 0 0 6 18
21647 30 0 0 0 6 21
21661 138 1 0 0 6 20
21810 96 1 0 0 6 18
21856 80 1 0 0 6 19
21960 52 1 0 0 6 21
22211 97 0 0 0 6 18
22316 70 1 0 0 6 18
22435 10 0 0 4 6 21
22481 135 1 0 0 6 19
22605 68 1 0 0 6 18
22679 46 0 0 0 6 18
22977 87 0 0 0 6 22
22993 22 0 0 0 6 20
23027 49 1 0 0 6 18
23219 41 0 0 4 6 18
23283 28 0 0 6 6 20
23637 99 1 0 0 6 21
23977 109 0 0 0 6 19
24049 46 0 0 0 6 19
25015 160 1 0 0 6 19
25032 57 0 1 0 6 23
25359 75 1 0 0 6 20
25989 55 0 0 0 6 19
26080 97 1 0 0 6 20
26268 48 0 0 0 6 19
26607 173 1 0 0 6 21
26884 121 1 0 0 6 18
27132 45 0 0 0 6 21
27650 57 1 0 0 6 20
27907 19 0 0 4 6 20
27997 147 1 1 0 6 23
28475 140 1 0 9 6 17
28927 12 1 1 0 6 22
28970 40 1 0 0 6 22
29709 64 1 0 0 6 22
31815 48 0 0 0 6 21
33128 47 0 0 0 6 23
33748 77 0 0 0 6 17
36708 102 1 1 0 6 22
36991 111 1 0 0 6 21
37295 110 1 1 0 6 22
37773 118 1 0 0 6 19
37948 95 1 0 0 6 21
40273 56 0 0 0 6 21
40274 22 1 1 0 6 22
42025 32 0 0 0 6 20
42048 49 1 0 0 6 21
43675 56 1 0 0 6 20
44701 34 1 0 0 6 21
45995 34 0 0 0 6 20
46112 42 0 0 0 6 19
46466 71 1 0 0 5 22
46658 115 1 0 0 6 22
47791 76 1 0 0 6 22
47837 27 0 0 0 6 22
50165 25 0 0 0 5 21
50948 130 0 0 4 6 19
51323 48 1 0 0 6 20
52595 92 1 0 0 5 21
62487 53 1 0 0 6 22
63830 50 1 0 0 6 20
74570 50 1 0 0 6 19
75005 34 0 0 0 6 20
78816 24 1 0 0 6 22
79304 2 0 1 4 5 23
79307 30 1 1 0 6 22
79309 27 1 1 0 6 22
79402 17 0 0 0 6 22
79404 7 0 0 0 6 22
79405 27 1 0 4 6 18
79447 63 1 0 0 5 19
79475 33 0 0 8 6 22
79477 25 1 1 0 6 22
79478 59 1 0 0 6 20
79575 13 0 1 0 6 33
79576 26 0 0 0 6 22
79577 30 1 0 0 6 29
79578 119 1 1 7 6 21
79580 113 1 0 0 6 19
79581 83 0 0 0 6 19
79582 27 1 0 0 6 25
79631 57 1 0 4 6 22
79664 9 0 1 0 6 22
79665 38 1 0 0 6 23
79964 51 1 0 0 6 19
80051 89 1 0 0 6 23
80052 14 0 0 4 6 21
80053 64 0 0 8 6 17
80114 33 1 0 0 6 22
80115 56 1 0 0 6 23
80116 28 0 0 1 6 17
80117 122 0 0 8 6 21
80163 72 0 0 6 6 21
80164 29 1 0 0 6 22
80174 100 1 0 8 6 22
80343 63 1 0 7 6 21
