36174
19
1487
36174 63 1 1 0 6 21
1273 187 1 0 0 6 22
3049 48 0 0 0 6 21
5490 34 0 1 0 6 22
5606 18 1 1 0 6 23
7874 78 0 1 0 6 20
8031 144 1 0 0 6 21
8044 82 1 1 0 6 23
8126 86 1 1 0 6 21
8245 63 0 0 0 6 19
8443 78 1 1 0 6 22
8640 121 1 1 0 6 23
14576 56 0 0 0 6 20
14637 83 1 1 0 6 20
14931 40 0 0 3 6 21
15560 48 0 1 0 6 20
15767 84 0 0 0 6 20
16837 122 1 1 0 6 21
17401 124 1 0 0 6 20
18029 78 0 1 0 6 20
18461 12 0 1 0 5 22
20187 59 1 1 0 5 21
20711 39 0 0 0 5 22
21092 28 0 1 0 6 23
25204 16 0 0 0 6 22
26877 116 1 0 0 6 21
27237 223 1 0 0 6 19
29297 31 1 1 0 6 21
29873 76 1 1 0 6 22
30360 27 0 1 0 6 22
32179 55 1 1 0 5 22
32629 66 1 0 9 5 23
40642 33 1 1 4 6 21
41682 63 0 0 0 6 22
42023 72 1 0 0 6 19
42296 57 1 0 0 6 21
42528 123 1 0 0 6 19
47177 14 0 1 0 6 20
47788 32 0 0 0 6 22
47791 76 1 0 0 6 22
47861 35 0 0 0 6 21
50165 25 0 0 0 5 21
53072 25 0 1 0 6 22
53351 14 0 1 0 5 21
58245 24 0 1 0 6 22
75180 36 1 1 0 6 22
80603 44 1 1 1 6 28
80945 11 0 0 0 6 21
87776 82 1 1 0 6 25
88809 22 0 0 0 6 20
117658 29 0 1 0 6 22
144774 46 1 1 0 6 24
171452 80 1 0 9 6 19
176643 22 1 1 0 6 22
176870 9 0 0 2 6 23
181327 51 1 0 0 6 21
190687 21 1 1 0 6 22
257637 15 0 1 4 6 21
262706 39 1 0 0 6 22
277233 37 0 0 1 6 21
278089 13 1 1 0 6 22
324262 25 1 1 0 6 24
324305 8 0 1 0 6 24
362595 24 1 0 3 6 22
