35711
19
1469
35711 74 1 1 0 6 21
880 31 0 0 0 6 21
951 61 0 0 0 6 20
1227 66 1 1 0 6 21
1352 70 0 0 0 6 17
2613 30 0 0 0 6 20
3031 68 1 0 0 6 21
3079 59 0 0 0 6 21
3363 140 1 0 0 6 22
3370 71 1 0 0 6 20
3963 125 0 0 0 6 20
4830 282 0 1 0 6 18
6855 51 0 1 0 5 23
7352 197 1 1 0 6 21
7848 74 0 0 0 6 20
8064 32 0 0 0 6 18
8378 83 0 1 0 6 19
8388 74 1 0 0 6 20
8580 177 1 0 0 6 18
8788 113 1 0 0 6 21
11571 202 1 0 0 6 19
12020 130 1 0 0 5 21
12080 54 0 1 0 6 21
13235 32 1 1 0 6 20
13239 85 1 0 0 6 20
13283 173 1 0 0 6 19
14370 101 0 0 0 6 17
14572 40 1 1 0 6 20
15347 147 1 1 0 6 23
15511 87 1 1 0 6 21
15563 110 1 0 0 6 20
15987 19 1 1 0 6 21
16497 77 1 1 4 6 22
16681 21 1 1 0 6 21
16779 51 1 1 0 6 23
17506 31 0 1 4 6 21
17868 51 1 1 0 6 21
18094 75 0 1 0 6 21
20819 77 0 1 0 6 18
21283 142 1 1 1 6 21
22277 18 0 1 0 6 20
22435 10 0 0 4 6 21
23037 36 0 0 0 6 20
23592 59 0 1 4 6 21
25213 55 1 1 0 6 9
25831 30 0 1 0 6 20
29417 98 1 0 0 6 21
29575 56 0 0 0 6 21
29603 105 1 0 0 6 17
30357 11 0 1 0 5 21
32262 51 1 0 0 6 18
32729 136 1 1 0 6 21
35224 28 1 1 0 6 22
35293 44 0 0 0 6 20
35509 49 0 0 0 5 21
36104 14 1 1 0 6 21
40982 29 1 0 0 5 21
41195 27 0 1 0 6 21
42447 50 1 1 0 6 20
42712 26 0 1 0 6 21
43786 42 0 1 0 6 21
45990 75 1 1 0 6 21
46357 55 0 0 0 6 21
53350 25 0 1 0 6 21
54511 77 1 1 0 6 21
61585 14 0 1 0 6 21
62460 15 0 1 0 6 23
62779 99 1 1 4 6 20
71620 46 1 1 0 6 20
72324 6 0 0 0 5 17
88404 78 1 1 0 6 21
93758 44 1 0 0 6 21
113672 50 1 0 0 6 21
115200 25 0 0 4 5 26
274138 23 1 1 0 5 18
