914395
19
424
914395 35 1 1 4 6 29
41542 35 0 0 5 6 22
54136 58 0 0 4 6 23
58295 43 0 0 3 6 23
76307 27 0 1 2 6 17
123071 14 0 0 2 6 29
156525 18 0 1 2 6 27
160639 153 1 1 2 6 25
170664 72 0 1 2 6 22
171730 53 1 0 0 6 20
181227 32 1 0 4 6 27
185125 217 1 0 2 6 22
224898 37 1 1 2 6 16
228835 59 1 1 2 6 23
231739 45 0 1 4 6 28
243726 24 0 0 2 5 23
308411 63 1 0 2 6 27
315116 11 0 1 2 6 28
387985 64 1 0 0 6 24
583357 41 1 1 2 6 29
618117 61 1 1 2 6 24
624584 53 1 0 2 6 33
671797 22 1 1 2 6 26
775439 3 0 1 2 6 29
845429 19 0 0 6 6 26
845452 32 1 1 8 6 29
879990 63 1 1 2 6 32
882648 19 1 1 2 6 25
885158 5 0 1 4 6 26
937274 13 1 0 2 6 46
1067015 27 1 1 8 6 27
1067016 14 1 1 2 6 35
1133716 5 0 1 4 6 42
1150966 10 1 1 2 6 30
1429100 6 1 1 2 6 30
1499422 9 1 1 2 6 30
