1067015
19
344
1067015 27 1 1 8 6 27
58295 43 0 0 3 6 23
85419 22 0 0 8 6 27
181227 32 1 0 4 6 27
231739 45 0 1 4 6 28
253181 79 1 1 8 6 25
354118 26 0 1 8 6 24
363034 66 1 1 4 6 24
423047 15 0 1 8 6 28
458812 49 0 0 8 6 24
576073 24 0 1 8 6 27
622755 75 1 1 8 6 30
671797 22 1 1 2 6 26
677116 48 1 0 8 6 26
678258 17 0 1 6 6 34
796417 5 0 1 8 6 28
816922 27 0 0 8 6 25
817477 26 1 0 6 6 31
845452 32 1 1 8 6 29
872752 8 0 1 8 5 29
876272 17 1 0 4 6 25
876536 18 0 1 8 6 27
914395 35 1 1 4 6 29
1042924 12 0 1 8 6 28
1067016 14 1 1 2 6 35
1111949 14 1 0 8 6 31
1223185 11 1 1 8 6 26
1430960 12 1 1 4 6 28
