70900
19
1324
70900 30 1 1 0 6 26
3006 111 1 0 0 6 23
6583 95 1 1 0 6 23
19578 50 0 1 0 6 27
20454 118 1 0 0 6 24
22977 87 0 0 0 6 22
23975 102 1 1 0 6 24
25205 107 1 0 0 5 21
25262 78 1 1 1 6 29
25301 41 1 1 0 5 23
25357 47 1 1 0 6 28
25439 130 1 1 0 6 25
25514 165 1 1 0 6 23
29289 19 0 1 0 6 25
29768 91 1 0 0 6 21
32180 41 1 1 0 6 25
41910 40 0 0 0 6 26
45946 41 0 1 0 6 24
62640 78 1 1 0 6 24
62785 62 1 1 0 6 26
69776 43 1 1 0 6 23
70809 58 1 1 0 6 22
81100 25 0 0 0 6 22
82212 49 1 1 0 6 28
86023 19 1 0 0 6 22
99366 21 0 0 0 6 26
110674 40 0 0 0 6 21
145927 25 1 1 0 6 25
203702 49 1 0 0 6 22
237449 31 1 0 0 6 24
331783 59 0 0 7 6 25
