42447
19
1401
42447 50 1 1 0 6 20
1758 113 1 1 0 6 21
1821 141 1 0 0 6 20
2864 92 0 1 0 6 21
3006 111 1 0 0 6 23
3963 125 0 0 0 6 20
5961 65 1 0 0 5 23
6729 89 0 0 0 6 19
6767 137 1 1 0 6 22
8038 98 1 0 0 6 21
8155 38 0 0 0 6 23
13148 70 0 1 0 6 21
13283 173 1 0 0 6 19
14129 40 0 1 0 6 20
15559 67 0 1 4 6 21
15563 110 1 0 0 6 20
16791 153 1 0 0 6 20
17506 31 0 1 4 6 21
18980 73 0 1 0 6 25
19614 122 1 1 0 6 21
19937 120 1 1 0 6 28
20453 58 1 0 0 6 21
22435 10 0 0 4 6 21
23592 59 0 1 4 6 21
27108 69 1 0 0 6 20
29547 44 1 1 0 6 24
29629 37 1 0 0 6 21
32714 59 1 1 0 6 21
32729 136 1 1 0 6 21
35711 74 1 1 0 6 21
37120 39 1 0 0 6 21
37228 20 0 0 0 6 21
38007 20 0 0 0 6 20
42712 26 0 1 0 6 21
43786 42 0 1 0 6 21
44691 45 0 0 0 6 19
45936 22 1 1 0 5 25
51528 31 0 1 4 5 21
62460 15 0 1 0 6 23
62635 39 0 0 0 6 24
67049 58 1 1 0 6 24
68405 65 0 1 0 6 26
78786 35 0 0 0 6 20
110569 25 1 0 0 6 23
110570 69 1 0 0 6 23
113672 50 1 0 0 6 21
119184 12 0 0 0 6 18
128654 22 0 1 0 6 25
159581 15 0 1 0 6 21
192135 20 0 1 0 6 21
334821 82 1 0 0 6 20
