17439
19
1255
17439 89 1 0 0 6 23
505 77 1 1 0 6 24
894 43 1 0 0 5 22
1740 148 1 1 0 6 28
2271 280 0 1 0 6 24
3028 106 1 0 0 6 20
3148 57 0 1 0 6 24
4496 29 1 1 0 6 24
4690 27 0 1 0 6 23
4950 82 1 1 0 6 25
5174 105 1 1 0 6 22
5186 34 0 1 0 6 25
5495 55 1 1 0 5 25
7076 98 0 1 0 6 28
7290 96 1 0 0 6 22
7379 40 1 1 0 5 23
8441 41 0 0 0 6 22
8879 82 1 0 0 6 21
9802 95 1 1 0 5 24
10063 103 1 1 0 6 24
14683 49 1 1 0 6 16
16783 43 0 0 0 6 23
17657 11 0 1 0 5 29
20202 50 0 0 0 6 16
21582 74 1 0 0 5 22
23164 121 1 1 0 6 22
23432 15 1 0 0 6 27
23642 63 1 1 0 6 35
24447 49 0 1 0 5 112
25304 28 0 1 0 6 28
25423 41 1 0 0 6 23
25425 22 0 1 9 6 22
25431 67 1 0 0 6 22
25452 38 0 0 4 6 23
25455 33 1 1 0 6 22
25465 51 0 0 0 6 22
27472 69 1 1 0 6 26
28229 34 1 1 0 6 24
28938 40 1 0 0 6 22
30094 46 1 0 0 6 23
32223 25 0 1 0 6 26
36354 17 0 1 0 6 24
37042 34 0 1 3 5 26
38458 52 0 1 0 6 24
40956 27 0 1 0 6 23
43091 46 1 0 0 6 21
50539 78 1 1 0 5 25
51002 75 1 0 0 6 23
55775 89 1 1 0 6 23
57164 49 1 1 0 6 22
58801 8 0 1 0 6 22
59881 16 1 0 0 6 22
62782 35 1 0 0 6 23
65959 16 0 1 0 6 25
70852 59 1 1 0 6 33
71673 37 0 0 0 6 24
71764 46 1 1 0 6 25
72272 70 1 1 0 6 25
75264 15 0 1 0 6 26
81020 56 0 0 0 6 22
81022 37 0 0 0 6 23
81847 30 0 1 0 6 24
85839 24 0 0 0 6 22
86085 40 0 0 0 6 23
89140 46 1 0 0 6 22
97595 42 1 0 0 6 23
107553 32 1 1 0 6 23
111382 41 1 0 0 5 23
113472 96 1 0 0 6 24
116923 25 0 0 0 6 23
117410 30 1 1 0 6 22
123262 14 0 0 0 6 30
125807 30 1 0 0 6 23
128400 42 1 0 0 6 24
130342 19 1 0 0 5 23
144377 37 1 1 0 5 23
149873 23 1 0 0 6 23
158275 16 0 1 0 6 23
161172 4 0 0 0 6 36
164270 16 0 1 0 6 34
185248 11 1 0 0 6 23
185536 23 1 1 1 6 26
227642 23 0 1 0 6 27
299949 38 1 0 0 6 23
301637 3 0 1 0 5 32
301775 4 1 0 7 6 39
302258 3 1 0 0 6 27
302259 16 1 0 0 6 30
302260 22 1 1 0 6 32
302275 10 0 1 0 6 29
