25434
19
1480
25434 78 1 1 4 6 21
517 46 0 0 0 6 20
806 123 1 0 0 6 22
1565 127 0 1 0 6 21
1937 132 1 0 0 6 22
2328 55 1 0 0 6 22
3031 68 1 0 0 6 21
3363 140 1 0 0 6 22
3375 80 1 1 0 6 22
4740 20 0 1 0 6 31
5952 42 0 0 0 6 17
6395 41 0 0 4 6 23
8577 42 0 0 0 6 22
13136 198 1 1 0 6 22
13434 60 0 0 0 6 20
13887 25 0 0 0 6 20
14114 61 0 0 0 6 20
14554 26 0 1 0 5 23
14999 23 0 0 0 6 24
15151 29 1 0 0 6 22
15266 33 0 1 0 6 22
15947 115 1 1 0 6 22
16164 22 1 1 0 6 22
16270 46 1 1 0 6 23
16733 28 0 1 0 6 21
16918 43 0 0 0 6 22
17401 124 1 0 0 6 20
18168 32 0 1 0 5 21
18192 100 1 1 0 6 19
18537 71 0 0 0 6 21
19193 41 1 0 0 6 24
22119 87 1 0 0 6 21
24206 81 1 1 0 6 22
25256 72 0 1 0 6 22
25257 49 1 1 0 5 24
25268 77 1 1 0 6 22
25316 20 0 1 0 6 22
25524 47 0 1 0 6 22
25984 28 1 1 0 6 22
26973 80 1 1 0 6 21
27237 223 1 0 0 6 19
27282 31 1 1 0 6 22
28823 55 1 0 0 6 21
32729 136 1 1 0 6 21
32752 36 1 1 0 6 23
33126 25 0 0 0 6 22
33359 46 0 0 0 6 22
33553 19 0 0 0 6 22
37230 76 1 0 0 6 22
38105 40 1 1 0 6 23
40698 36 0 0 0 6 24
41273 43 1 0 0 6 22
41680 98 1 1 0 6 21
43091 46 1 0 0 6 21
44067 82 1 1 0 6 20
46408 59 1 0 0 6 22
46464 41 1 0 0 6 22
46466 71 1 0 0 5 22
46467 46 0 0 0 6 22
46468 28 0 0 0 6 22
46658 115 1 0 0 6 22
51528 31 0 1 4 5 21
64178 13 0 1 0 5 22
72909 41 0 0 0 6 20
76437 13 0 1 0 6 22
81971 27 1 1 0 6 23
83127 26 0 1 0 6 18
85971 35 0 1 4 6 22
112760 27 1 0 0 6 20
121527 50 1 1 0 6 22
218886 28 0 1 0 6 22
252273 5 0 1 4 6 21
261873 15 1 1 0 6 22
285971 10 1 1 0 6 22
286054 12 1 1 0 6 22
300332 47 1 1 0 6 23
324897 19 1 0 0 6 22
378230 27 1 0 4 5 25
378231 36 0 1 8 6 32
