8545
19
1455
8545 49 0 1 0 6 22
265 48 1 1 0 6 22
1273 187 1 0 0 6 22
1624 70 1 0 0 6 19
1937 132 1 0 0 6 22
2249 69 1 0 0 6 21
4487 155 1 0 4 6 22
5725 35 1 0 0 6 22
6201 72 1 0 0 6 21
7464 88 1 1 0 6 22
7478 85 1 0 0 5 22
8129 126 1 0 0 6 22
8412 7 1 1 0 6 22
8417 85 1 0 0 6 21
8443 78 1 1 0 6 22
8640 121 1 1 0 6 23
11571 202 1 0 0 6 19
12523 126 1 0 0 5 21
13239 85 1 0 0 6 20
15557 112 1 0 0 6 21
16791 153 1 0 0 6 20
17401 124 1 0 0 6 20
19851 96 1 0 0 6 20
20187 59 1 1 0 5 21
20557 86 1 0 0 6 22
21257 119 1 0 0 6 18
21810 96 1 0 0 6 18
22237 105 1 0 4 6 20
25367 64 1 0 0 5 21
25460 55 1 0 0 6 22
25978 19 1 0 0 6 20
26877 116 1 0 0 6 21
26898 113 1 0 0 6 20
27076 44 1 0 0 6 21
29540 102 1 1 0 6 23
32729 136 1 1 0 6 21
35132 30 1 1 0 6 22
37200 49 1 0 0 6 21
41420 148 1 0 0 6 22
42528 123 1 0 0 6 19
44019 47 1 0 0 6 21
46464 41 1 0 0 6 22
49724 34 1 0 0 6 22
68588 40 1 1 0 6 23
69051 62 1 0 0 6 21
70792 27 1 0 0 6 25
78816 24 1 0 0 6 22
163491 41 1 0 0 6 21
262706 39 1 0 0 6 22
278243 48 1 0 5 6 23
