3387
19
1388
3387 73 1 1 0 6 22
100 113 1 0 0 6 21
130 35 1 1 0 5 21
131 35 1 1 0 6 22
806 123 1 0 0 6 22
1189 58 1 0 0 6 20
1565 127 0 1 0 6 21
2485 79 1 1 0 6 21
2594 38 0 1 0 6 23
3038 86 0 1 4 6 22
3052 107 0 0 0 6 19
3261 52 0 0 0 6 22
3394 23 0 1 4 6 21
3446 18 0 1 0 6 22
3453 77 1 1 0 6 22
3578 72 1 1 0 6 22
3766 52 1 0 0 5 21
3896 62 1 1 0 6 22
4487 155 1 0 4 6 22
4847 69 0 0 0 6 24
6716 16 0 0 0 6 20
6855 51 0 1 0 5 23
7352 197 1 1 0 6 21
7354 83 1 0 0 6 22
8151 68 1 1 0 6 19
8640 121 1 1 0 6 23
15825 51 0 1 0 6 22
16791 153 1 0 0 6 20
17933 72 0 0 0 6 18
18450 52 0 1 0 6 21
19300 41 0 0 0 6 22
19307 40 0 1 0 6 26
21257 119 1 0 0 6 18
23059 58 0 1 0 6 21
23122 164 1 1 0 6 24
25256 72 0 1 0 6 22
25260 29 1 1 0 6 25
25439 130 1 1 0 6 25
26264 57 1 0 0 6 18
27134 19 0 0 0 6 21
29540 102 1 1 0 6 23
32729 136 1 1 0 6 21
36309 37 0 1 0 6 23
36446 23 0 1 0 6 22
37944 46 0 0 0 6 21
39722 132 1 1 0 6 22
40899 21 0 1 0 6 26
40900 60 1 1 0 6 22
41682 63 0 0 0 6 22
47164 47 1 0 0 6 20
48027 28 1 1 0 6 22
50165 25 0 0 0 5 21
50719 6 1 0 0 5 16
57888 52 1 1 0 6 18
57992 36 1 0 0 6 22
60553 21 0 1 4 6 23
62294 35 0 0 0 5 22
65454 17 0 1 0 5 24
68511 45 0 1 0 6 22
70818 65 1 1 0 5 18
74164 69 1 0 3 6 21
76659 86 1 1 0 6 21
78683 24 1 1 8 6 21
78689 6 0 1 0 6 22
78694 8 1 1 0 6 22
78697 16 0 1 0 6 23
78701 32 1 1 0 6 18
78815 31 1 0 0 6 23
78816 24 1 0 0 6 22
78887 116 1 1 5 6 23
79541 13 1 1 0 6 22
79542 25 0 0 1 6 22
79543 26 0 0 0 6 21
79544 21 1 1 1 6 25
