47791
19
1383
47791 76 1 0 0 6 22
1744 21 0 1 0 6 26
2034 87 1 1 0 6 21
2309 57 1 0 0 6 22
2605 59 1 0 0 6 23
3375 80 1 1 0 6 22
3427 165 1 1 0 6 22
3588 85 1 0 0 6 22
4715 57 0 1 0 6 29
4847 69 0 0 0 6 24
5369 80 1 1 0 6 24
6337 74 1 1 0 6 23
6386 86 0 1 0 6 28
7874 78 0 1 0 6 20
8433 131 1 1 0 6 21
8640 121 1 1 0 6 23
14705 74 1 1 3 6 24
15275 19 0 1 0 6 28
15347 147 1 1 0 6 23
17741 26 1 1 0 6 21
19709 26 1 1 4 6 24
20182 42 1 1 0 6 25
23592 59 0 1 4 6 21
24756 33 1 1 0 6 24
25359 75 1 0 0 6 20
25360 20 0 1 0 6 23
25519 31 1 1 0 6 23
26859 45 1 1 0 6 26
26973 80 1 1 0 6 21
27534 49 1 1 0 6 23
30360 27 0 1 0 6 22
31173 152 1 0 0 6 19
32821 93 1 1 0 6 20
35224 28 1 1 0 6 22
36174 63 1 1 0 6 21
36309 37 0 1 0 6 23
37443 41 0 1 0 6 23
37944 46 0 0 0 6 21
41680 98 1 1 0 6 21
44690 36 1 1 0 6 22
47861 35 0 0 0 6 21
48718 35 1 0 0 6 20
51321 18 1 1 3 6 21
52595 92 1 0 0 5 21
59530 22 1 1 0 6 39
60774 77 1 1 0 6 24
61733 93 1 0 0 6 22
62640 78 1 1 0 6 24
62739 34 1 1 0 6 24
64503 18 0 0 0 6 26
65296 22 0 1 0 6 24
65437 43 1 1 0 6 24
65441 38 0 0 0 6 24
70417 87 1 0 0 6 22
81112 55 1 1 0 6 24
84210 25 0 1 1 6 23
86024 23 0 1 0 6 25
87776 82 1 1 0 6 25
113472 96 1 0 0 6 24
118295 10 0 0 5 6 20
128400 42 1 0 0 6 24
130383 31 1 1 0 6 29
140851 9 1 1 0 6 23
140979 96 1 1 3 6 22
153547 21 1 1 0 6 23
229527 11 0 1 4 6 25
235715 22 1 1 0 6 32
235719 14 1 1 0 6 29
257637 15 0 1 4 6 21
262803 23 1 1 0 6 25
278089 13 1 1 0 6 22
278090 14 0 1 0 6 22
290630 6 0 1 0 6 19
332498 26 0 1 0 6 26
342901 9 0 1 3 6 24
581539 20 1 0 0 6 31
581541 6 1 1 0 6 31
