7874
19
1405
7874 78 0 1 0 6 20
136 40 1 1 0 6 22
553 77 1 0 0 6 19
806 123 1 0 0 6 22
2336 124 1 0 0 6 22
3139 145 1 1 0 6 20
3254 74 1 0 0 6 21
3363 140 1 0 0 6 22
3397 43 1 0 0 6 21
3461 164 1 0 0 6 18
5083 75 1 0 0 6 21
6201 72 1 0 0 6 21
7970 155 1 0 0 6 18
8031 144 1 0 0 6 21
8044 82 1 1 0 6 23
8126 86 1 1 0 6 21
8129 126 1 0 0 6 22
8470 118 1 1 0 6 26
8580 177 1 0 0 6 18
9917 106 1 0 4 6 19
10199 67 1 0 0 6 20
11534 189 1 0 0 6 18
11571 202 1 0 0 6 19
11850 71 1 0 0 6 18
13269 129 1 0 0 6 20
13283 173 1 0 0 6 19
14637 83 1 1 0 6 20
16788 77 1 0 0 6 22
16791 153 1 0 0 6 20
16837 122 1 1 0 6 21
16916 55 1 0 0 6 20
17387 47 1 0 0 6 21
17401 124 1 0 0 6 20
17702 110 1 0 0 6 21
17757 59 1 0 0 6 19
18216 98 1 0 0 6 19
18963 43 1 0 0 6 20
19745 59 1 1 0 6 21
20187 59 1 1 0 5 21
21407 73 1 0 0 6 22
22007 104 1 0 0 6 20
22043 49 1 1 0 6 20
22481 135 1 0 0 6 19
23450 70 1 0 4 6 22
23663 111 1 0 0 6 20
25440 50 1 0 0 6 21
25482 36 1 1 0 6 31
26080 97 1 0 0 6 20
26877 116 1 0 0 6 21
27237 223 1 0 0 6 19
27650 57 1 0 0 6 20
29873 76 1 1 0 6 22
30511 27 1 1 0 6 21
32179 55 1 1 0 5 22
33483 109 1 0 0 6 21
36174 63 1 1 0 6 21
39722 132 1 1 0 6 22
41420 148 1 0 0 6 22
41926 42 1 1 0 6 20
42173 73 1 1 0 6 21
43589 94 1 1 0 6 20
44069 117 1 0 0 6 20
47169 19 1 0 0 6 21
47791 76 1 0 0 6 22
49728 113 1 1 0 6 24
56621 31 1 0 0 6 25
57274 35 1 1 0 6 21
60631 71 1 0 0 6 21
62487 53 1 0 0 6 22
64982 66 1 0 0 6 22
80627 78 1 0 4 6 24
106760 49 1 0 0 6 21
205840 205 1 0 0 6 18
285598 14 1 1 0 6 24
305298 31 1 0 3 6 25
329441 18 1 0 2 6 19
333400 31 1 0 3 6 22
540761 17 1 1 0 6 26
612114 16 1 1 0 6 41
