32729
19
1456
32729 136 1 1 0 6 21
951 61 0 0 0 6 20
1037 53 0 0 0 6 20
1273 187 1 0 0 6 22
1285 38 1 0 0 6 21
1565 127 0 1 0 6 21
1758 113 1 1 0 6 21
1894 31 0 0 0 6 21
1902 51 0 0 0 5 21
1937 132 1 0 0 6 22
2609 109 1 0 0 5 21
3139 145 1 1 0 6 20
3385 50 1 1 0 6 26
3387 73 1 1 0 6 22
3438 88 1 0 0 6 20
3971 43 0 0 0 6 19
5082 61 0 0 0 6 22
6092 75 0 0 4 6 19
6329 41 0 0 0 5 21
6331 60 0 0 0 6 22
6729 89 0 0 0 6 19
6757 112 1 1 0 6 19
6800 112 1 1 0 6 23
7455 49 0 0 0 6 22
7464 88 1 1 0 6 22
7478 85 1 0 0 5 22
8545 49 0 1 0 6 22
8615 72 0 0 0 6 17
10439 13 1 1 0 6 22
13272 58 1 0 0 6 20
13283 173 1 0 0 6 19
13293 51 0 1 0 6 20
14195 77 1 0 0 6 21
14389 169 1 1 0 6 21
14637 83 1 1 0 6 20
15068 144 1 0 0 6 20
16791 153 1 0 0 6 20
17394 37 0 0 0 6 21
17933 72 0 0 0 6 18
18160 67 1 0 0 6 21
18323 108 1 0 0 6 21
19214 31 0 0 0 6 20
19420 60 1 1 0 5 21
19887 24 0 0 0 6 18
20191 30 0 1 0 6 23
20453 58 1 0 0 6 21
20557 86 1 0 0 6 22
20819 77 0 1 0 6 18
21227 64 1 0 0 6 22
21257 119 1 0 0 6 18
22320 55 0 0 0 6 20
22674 28 0 0 0 6 21
22776 63 0 0 0 6 19
23057 33 1 1 0 6 22
23059 58 0 1 0 6 21
23163 49 0 1 0 6 21
25256 72 0 1 0 6 22
25266 85 0 0 0 6 21
25359 75 1 0 0 6 20
25367 64 1 0 0 5 21
25434 78 1 1 4 6 21
25460 55 1 0 0 6 22
25838 107 1 1 0 6 21
25989 55 0 0 0 6 19
26057 34 0 0 0 6 22
27095 58 0 0 0 6 21
27237 223 1 0 0 6 19
27539 66 0 1 0 6 18
29629 37 1 0 0 6 21
30088 127 1 0 0 6 20
30360 27 0 1 0 6 22
32059 52 1 1 0 6 22
32714 59 1 1 0 6 21
32717 45 1 1 0 6 21
32723 25 0 0 0 6 21
33128 47 0 0 0 6 23
34606 59 1 1 0 6 24
35132 30 1 1 0 6 22
35711 74 1 1 0 6 21
36309 37 0 1 0 6 23
36931 73 0 0 0 6 21
37200 49 1 0 0 6 21
37652 31 0 1 0 6 22
37949 35 1 0 0 5 20
39722 132 1 1 0 6 22
41034 58 1 0 0 5 19
41641 39 0 0 0 6 20
42416 56 1 1 0 6 21
42420 36 0 0 0 6 20
42422 36 1 1 0 6 21
42447 50 1 1 0 6 20
42450 71 1 0 0 6 21
42528 123 1 0 0 6 19
42712 26 0 1 0 6 21
42713 72 1 0 0 6 19
42768 64 1 0 0 6 21
42769 90 1 0 4 6 20
42821 75 1 0 0 6 21
42823 60 1 0 0 6 20
42825 36 1 1 0 6 21
43537 47 0 0 0 6 21
44019 47 1 0 0 6 21
44706 24 1 1 0 6 22
45397 61 1 1 0 6 22
46464 41 1 0 0 6 22
46536 55 1 1 0 6 22
46629 133 1 0 0 6 20
49265 71 1 1 0 6 21
49473 49 1 1 0 6 22
49724 34 1 0 0 6 22
55342 21 0 0 0 6 22
57504 23 1 1 0 6 20
57888 52 1 1 0 6 18
57991 38 0 1 0 6 21
58074 47 1 0 1 6 20
61555 25 1 0 0 6 19
62166 30 1 1 0 6 24
62491 45 1 0 0 6 23
63830 50 1 0 0 6 20
64414 40 1 0 0 6 22
64733 30 0 1 0 6 21
64984 38 1 0 0 6 22
73309 66 1 0 0 6 20
78134 24 1 1 0 6 21
78701 32 1 1 0 6 18
78816 24 1 0 0 6 22
79393 35 1 1 6 6 104
100709 61 1 1 0 6 23
154281 15 0 1 0 6 26
163491 41 1 0 0 6 21
179469 25 1 1 4 6 20
181482 40 1 1 0 6 22
186188 3 1 1 0 6 22
250528 46 1 1 0 6 21
275473 44 1 0 0 6 22
342637 60 1 1 0 6 21
379434 3 0 0 0 5 20
