136
19
1483
136 40 1 1 0 6 22
86 82 1 1 0 6 24
1033 52 0 1 0 6 20
1821 141 1 0 0 6 20
3038 86 0 1 4 6 22
3363 140 1 0 0 6 22
3881 34 1 0 0 6 24
4026 102 1 1 0 6 20
5174 105 1 1 0 6 22
7848 74 0 0 0 6 20
7853 38 1 0 0 6 22
7855 23 0 0 0 6 22
7865 26 0 0 0 5 20
7870 55 0 1 0 5 21
7872 99 1 0 0 6 22
7874 78 0 1 0 6 20
8024 26 0 0 0 6 22
8027 30 1 1 3 6 22
8031 144 1 0 0 6 21
8035 35 1 1 0 6 20
8037 72 1 1 0 6 22
8038 98 1 0 0 6 21
8044 82 1 1 0 6 23
8045 36 0 0 0 5 20
8126 86 1 1 0 6 21
8129 126 1 0 0 6 22
8133 65 0 0 0 6 21
8137 33 1 1 0 5 22
8140 48 1 1 0 6 20
8433 131 1 1 0 6 21
8439 32 1 0 0 6 21
8441 41 0 0 0 6 22
8443 78 1 1 0 6 22
8444 112 1 1 0 6 23
8448 51 1 1 0 6 21
8450 79 1 1 0 6 21
8577 42 0 0 0 6 22
8578 56 1 1 0 6 22
8579 82 1 1 0 6 22
8580 177 1 0 0 6 18
8581 98 0 1 0 6 21
