69776
19
1362
69776 43 1 1 0 6 23
675 114 0 0 0 6 19
3044 41 0 0 0 6 23
8129 126 1 0 0 6 22
8788 113 1 0 0 6 21
9754 233 1 1 0 6 23
9917 106 1 0 4 6 19
12020 130 1 0 0 5 21
12708 139 1 0 0 6 17
14129 40 0 1 0 6 20
14604 53 0 0 0 6 19
15026 118 1 1 0 6 19
15511 87 1 1 0 6 21
16563 81 1 1 1 6 22
17290 34 1 0 0 6 22
17292 23 0 0 0 6 22
20454 118 1 0 0 6 24
22237 105 1 0 4 6 20
23967 100 1 0 0 6 19
23975 102 1 1 0 6 24
25262 78 1 1 1 6 29
27236 131 1 1 0 6 25
29289 19 0 1 0 6 25
29768 91 1 0 0 6 21
37782 61 1 1 0 6 22
41910 40 0 0 0 6 26
44144 52 0 0 0 6 20
44826 37 1 0 0 6 20
45934 23 1 1 0 6 22
62575 33 1 1 0 6 24
62640 78 1 1 0 6 24
62785 62 1 1 0 6 26
68584 36 1 1 0 6 25
68587 58 1 1 0 6 22
70900 30 1 1 0 6 26
96563 14 1 0 0 6 12
99366 21 0 0 0 6 26
100709 61 1 1 0 6 23
110567 26 0 0 0 6 25
131339 31 0 0 0 6 25
172263 2 1 1 0 6 23
192848 35 1 1 0 6 22
294096 18 0 0 0 6 35
735576 49 1 1 2 6 25
