3620
19
1343
3620 72 1 1 0 6 24
242 83 1 1 0 6 25
2147 128 0 0 0 6 18
3546 40 0 0 1 6 24
3616 50 1 0 0 6 24
3617 76 1 0 0 6 24
3618 19 0 0 0 6 24
3619 44 1 1 3 6 24
3730 37 0 0 0 6 21
3744 51 1 1 0 6 25
3749 55 0 1 3 6 24
3751 61 1 1 6 6 24
3774 25 0 1 0 6 21
3832 98 0 0 0 6 24
3874 81 1 0 1 6 24
3886 23 0 0 0 6 24
4836 114 1 1 0 6 25
5961 65 1 0 0 5 23
6767 137 1 1 0 6 22
7138 53 0 1 0 6 24
8129 126 1 0 0 6 22
11482 44 1 1 0 6 25
11851 38 0 0 0 6 25
12817 32 0 0 0 6 22
13272 58 1 0 0 6 20
13283 173 1 0 0 6 19
13301 44 0 0 1 6 24
16793 47 1 0 0 6 21
17295 54 0 0 0 6 21
17397 83 1 0 0 6 23
17918 111 0 0 0 6 20
18980 73 0 1 0 6 25
22977 87 0 0 0 6 22
25439 130 1 1 0 6 25
29768 91 1 0 0 6 21
33517 23 0 1 0 6 25
33751 123 0 0 0 6 25
36303 29 0 0 0 6 24
37788 77 1 1 0 6 23
41311 89 1 1 1 6 27
47505 109 1 0 0 6 22
56121 24 0 1 4 6 26
62636 24 1 1 0 6 24
62637 38 1 1 0 6 25
62639 31 1 1 0 6 25
62778 34 0 1 0 6 25
62782 35 1 0 0 6 23
62867 11 0 1 0 6 24
68405 65 0 1 0 6 26
68584 36 1 1 0 6 25
81113 24 1 1 4 6 25
81466 35 0 1 3 6 25
81467 67 1 0 3 6 21
81945 14 1 1 3 5 24
82107 4 0 0 0 6 23
82108 40 1 0 0 6 23
82109 17 0 1 4 5 30
82110 34 1 0 0 6 24
82165 32 1 0 6 6 24
82166 19 1 0 0 6 23
82167 42 1 0 0 5 25
82168 10 0 0 0 6 23
82169 3 0 1 0 6 21
82170 23 0 1 0 6 25
82210 25 0 0 3 6 25
82211 9 0 1 0 6 25
82212 49 1 1 0 6 28
82290 40 1 1 0 6 27
82291 7 0 1 0 6 89
82293 20 0 0 0 6 24
82352 24 1 0 0 6 25
82353 28 0 0 0 6 23
82561 36 1 1 5 6 26
