25301
19
1279
25301 41 1 1 0 5 23
806 123 1 0 0 6 22
1818 44 1 0 0 6 22
2998 47 1 0 0 6 23
4379 47 1 0 2 6 22
6583 95 1 1 0 6 23
6800 112 1 1 0 6 23
10266 53 0 1 0 6 24
11148 32 1 0 0 6 26
15947 115 1 1 0 6 22
17221 57 1 1 0 6 23
22039 61 1 0 0 6 23
23171 21 0 1 0 5 22
23972 29 0 1 0 6 23
25268 77 1 1 0 6 22
25516 70 1 1 0 6 22
33374 33 1 1 0 6 23
42531 44 1 0 0 6 23
44041 109 1 1 0 6 24
47200 27 0 1 0 6 23
49800 44 1 1 0 6 23
50549 32 1 1 0 6 23
57164 49 1 1 0 6 22
60633 32 1 1 0 5 23
60641 30 1 1 0 6 22
62221 40 0 1 0 5 25
70682 21 0 1 0 6 24
70900 30 1 1 0 6 26
73116 58 1 1 0 6 23
73188 22 1 0 0 6 23
73192 13 0 1 0 6 23
73193 31 1 0 0 6 23
73320 41 1 0 0 6 23
78331 44 0 0 0 6 24
80890 52 0 0 0 6 22
86022 14 0 0 0 5 23
104629 165 1 0 8 6 23
104787 84 0 0 8 6 22
118256 14 0 1 0 5 23
145224 23 1 0 0 6 23
379390 5 0 0 0 6 31
380601 45 1 1 3 6 23
