16790
19
1425
16790 44 0 1 0 6 25
505 77 1 1 0 6 24
806 123 1 0 0 6 22
820 43 1 0 0 6 21
933 58 1 0 0 6 23
3006 111 1 0 0 6 23
3363 140 1 0 0 6 22
3377 36 1 1 0 6 25
5089 85 1 1 0 6 24
9917 106 1 0 4 6 19
15797 67 1 0 0 6 20
16254 94 1 1 0 6 23
17221 57 1 1 0 6 23
17397 83 1 0 0 6 23
20088 145 1 1 0 6 26
20221 220 1 0 0 6 20
20454 118 1 0 0 6 24
20557 86 1 0 0 6 22
21494 51 1 1 0 6 21
23663 111 1 0 0 6 20
24125 30 1 1 0 6 25
25307 23 1 1 0 6 25
26607 173 1 0 0 6 21
32529 49 1 1 0 6 27
32862 91 1 1 0 6 25
36437 139 1 0 0 6 22
39870 37 1 0 0 6 24
40787 79 1 0 0 6 20
42708 103 1 1 0 6 25
42913 19 1 1 1 5 22
52172 96 1 1 0 6 18
54740 78 1 0 0 6 28
56539 62 1 1 4 6 23
60774 77 1 1 0 6 24
63190 43 1 1 0 6 26
72246 3 1 0 0 6 22
72903 22 1 1 0 6 23
85304 45 1 1 0 6 24
113802 21 1 1 0 6 21
146614 23 1 1 0 6 25
233151 21 1 1 0 6 24
236104 84 1 0 0 6 21
263795 34 1 1 0 6 25
277040 52 1 0 0 6 22
335005 43 1 0 0 6 22
