18455
19
1300
18455 105 1 1 0 6 23
579 85 0 0 0 6 22
681 138 1 1 4 6 21
806 123 1 0 0 6 22
2043 68 0 0 0 6 20
2465 41 1 0 0 6 22
3294 22 0 0 0 6 23
3696 68 0 0 0 6 23
3820 37 0 1 4 6 25
3963 125 0 0 0 6 20
4672 25 0 1 0 6 26
4847 69 0 0 0 6 24
5089 85 1 1 0 6 24
5093 100 0 1 0 6 25
5192 122 1 1 0 6 22
6092 75 0 0 4 6 19
6870 63 1 1 0 6 22
8129 126 1 0 0 6 22
8155 38 0 0 0 6 23
8341 35 0 1 0 6 22
8443 78 1 1 0 6 22
8611 124 1 0 0 6 19
8640 121 1 1 0 6 23
9504 74 0 1 0 6 22
9739 43 0 0 0 6 22
11482 44 1 1 0 6 25
12427 203 1 0 0 6 19
13823 99 1 0 1 6 22
14242 140 1 1 0 6 23
14554 26 0 1 0 5 23
15519 89 1 0 0 6 18
15767 84 0 0 0 6 20
16238 42 0 1 0 6 20
16632 96 0 1 0 6 22
16668 56 1 0 0 6 22
16791 153 1 0 0 6 20
17152 51 1 0 0 6 23
17401 124 1 0 0 6 20
17647 51 1 1 0 6 22
18671 110 1 1 0 6 19
19302 19 0 1 0 5 24
19578 50 0 1 0 6 27
20518 26 1 0 0 6 23
21092 28 0 1 0 6 23
21257 119 1 0 0 6 18
21714 61 0 1 0 6 23
22188 57 1 1 0 6 21
22977 87 0 0 0 6 22
22987 79 1 1 0 6 23
23592 59 0 1 4 6 21
24229 44 0 0 0 6 22
24240 25 0 1 0 6 22
25033 38 1 1 0 6 24
25207 36 0 1 0 6 22
25256 72 0 1 0 6 22
25358 23 1 1 0 6 23
25511 58 1 1 0 6 25
25603 54 1 1 0 6 22
26080 97 1 0 0 6 20
27076 44 1 0 0 6 21
28243 20 1 1 0 6 26
29652 20 1 1 0 6 24
30085 37 0 1 0 6 20
30512 101 1 0 4 6 20
31086 52 1 1 0 6 20
32448 35 0 0 0 6 22
34359 32 1 1 0 6 24
35014 37 0 0 0 6 23
38568 67 1 1 4 6 23
38820 23 1 0 0 6 22
38859 27 0 0 0 6 22
41680 98 1 1 0 6 21
41682 63 0 0 0 6 22
42221 21 0 0 0 6 26
42708 103 1 1 0 6 25
44595 66 1 1 0 6 25
44690 36 1 1 0 6 22
48706 47 1 0 0 6 23
52595 92 1 0 0 5 21
56361 22 1 1 0 6 23
68177 25 1 1 0 6 20
70807 77 1 1 0 6 27
82878 25 1 1 0 5 23
84186 34 0 1 0 6 24
85377 56 1 0 0 6 23
85410 48 1 0 0 6 23
96261 32 1 0 0 6 20
100709 61 1 1 0 6 23
110571 86 1 0 0 6 22
114465 18 0 1 0 6 23
114468 25 1 0 0 6 23
114575 20 1 1 0 6 20
117200 68 0 0 7 6 21
121341 42 1 0 0 6 22
143124 36 1 0 0 6 23
156447 27 1 1 0 5 27
156529 49 1 1 0 6 25
246604 45 0 1 0 6 20
277233 37 0 0 1 6 21
292046 20 1 0 0 6 23
304504 7 1 0 0 6 24
308063 18 0 1 0 6 31
308065 13 1 1 8 6 31
308066 20 1 1 0 6 26
308099 5 0 1 6 6 29
308100 24 0 1 1 6 25
