1034032
19
433
1034032 30 1 0 4 6 11
167874 47 1 0 4 6 29
284663 96 1 1 4 6 10
374099 51 1 0 6 6 15
534243 95 1 0 4 6 12
560164 19 1 0 6 6 13
566132 31 1 0 6 6 10
576293 35 1 1 4 6 12
586013 59 1 0 6 6 12
610485 75 0 0 6 6 29
671124 3 1 1 4 6 10
783948 3 1 0 4 6 10
805827 63 1 0 6 6 9
1017327 53 1 1 4 6 11
1024263 27 1 0 4 6 11
1024290 37 1 0 4 6 12
1034039 19 1 1 4 6 19
1190954 14 1 0 6 6 9
1206754 15 1 0 4 6 11
1246412 25 1 0 6 6 11
1253110 26 1 0 4 6 29
1380336 13 1 0 4 6 11
1385719 12 1 0 4 6 6
1426831 5 1 0 4 6 11
1427303 7 1 0 4 6 9
1435435 4 1 1 4 6 7
1551947 1 1 0 6 6 10
1551969 1 1 1 4 6 13
1552011 4 1 0 2 6 8
1552036 5 1 0 4 6 11
1552081 2 1 0 4 6 7
