36027
19
1267
36027 58 1 0 0 6 23
874 48 0 1 0 6 26
1594 185 1 1 0 6 22
2174 34 1 1 0 6 21
2494 62 0 1 0 6 21
3589 46 1 0 0 6 23
5482 63 0 1 0 6 22
6561 130 0 1 7 6 26
8566 60 0 0 0 6 19
8653 54 1 0 0 6 20
15042 105 1 0 0 6 19
15749 31 1 1 0 6 25
15853 46 0 1 0 6 25
16043 88 1 1 0 6 20
16783 43 0 0 0 6 23
17002 40 0 1 0 6 23
17291 26 0 0 0 6 21
18697 91 1 1 0 6 23
19516 66 0 1 0 6 20
19697 202 1 1 0 6 24
20690 12 1 1 0 6 25
21505 114 1 1 0 6 22
21719 52 1 1 0 6 17
22987 79 1 1 0 6 23
23181 11 0 0 0 6 23
23447 40 0 1 0 6 24
28808 42 0 0 0 6 23
29575 56 0 0 0 6 21
30241 93 1 0 0 6 22
31890 28 1 0 0 6 24
32017 29 0 0 0 6 24
35000 88 0 1 0 6 25
37443 41 0 1 0 6 23
37665 58 1 0 0 6 22
41928 16 0 1 0 6 21
44142 32 1 1 0 6 25
45037 17 0 1 0 6 29
45749 34 1 1 0 5 23
48076 45 1 0 0 6 23
49082 31 0 1 0 6 30
51268 46 0 1 0 6 21
51852 36 0 1 0 6 25
53815 38 0 1 0 6 24
65441 38 0 0 0 6 24
69816 11 0 1 0 6 22
76872 19 1 1 4 6 23
92013 29 0 1 1 6 26
126011 34 1 1 0 6 22
183341 23 1 1 0 6 25
255433 47 1 1 0 6 29
271871 34 1 1 0 6 24
320291 15 0 0 4 6 22
328537 27 1 1 0 6 21
329414 16 1 0 0 6 23
475453 42 1 1 3 6 22
477308 11 0 1 1 6 27
477877 6 0 1 0 6 31
477878 4 0 0 0 5 24
478105 3 1 1 0 6 31
