14242
19
1395
14242 140 1 1 0 6 23
457 41 1 1 0 6 22
811 29 0 0 0 6 23
1493 62 1 1 0 6 22
1882 54 0 1 0 6 24
2028 41 0 0 0 6 26
2236 81 1 0 0 6 22
3001 60 0 0 0 6 19
3364 60 1 0 0 6 25
3378 52 0 1 0 6 23
3383 38 0 0 0 6 22
3496 140 1 0 0 6 23
3497 94 1 1 0 6 21
3629 121 1 1 0 6 20
4539 71 0 1 0 6 22
4738 15 1 1 0 6 26
4956 57 0 1 0 6 23
5168 52 0 0 0 6 21
5174 105 1 1 0 6 22
5484 103 1 1 0 6 22
5501 50 0 1 4 6 23
7352 197 1 1 0 6 21
8678 95 1 1 0 6 22
8788 113 1 0 0 6 21
9630 115 1 0 4 6 20
12523 126 1 0 0 5 21
12814 95 1 1 0 6 22
13352 41 0 0 0 5 21
13603 32 1 1 0 6 23
13829 74 0 0 0 6 21
13936 84 1 1 0 6 18
14163 58 1 1 0 6 23
14164 57 1 1 4 6 24
14170 55 1 1 0 6 24
14243 39 1 1 0 6 24
14270 54 1 1 3 6 23
14373 64 1 0 0 6 18
15012 92 1 0 0 6 21
15420 10 1 1 0 6 21
15430 42 0 1 0 6 25
15519 89 1 0 0 6 18
16497 77 1 1 4 6 22
16575 52 0 1 0 6 20
17397 83 1 0 0 6 23
17889 49 0 1 0 6 25
17921 33 0 0 0 6 20
18026 59 0 0 0 6 20
18322 31 0 0 0 6 21
18455 105 1 1 0 6 23
18797 43 0 0 0 6 19
18980 73 0 1 0 6 25
19578 50 0 1 0 6 27
19764 73 1 1 0 5 23
19849 17 1 1 0 5 24
21283 142 1 1 1 6 21
21714 61 0 1 0 6 23
22387 94 1 0 0 6 20
22459 51 0 1 0 6 22
22599 46 0 1 0 5 23
22719 20 1 1 0 6 23
22790 130 1 0 0 6 19
22791 72 1 1 0 6 24
22843 25 0 0 0 6 19
22977 87 0 0 0 6 22
23059 58 0 1 0 6 21
23663 111 1 0 0 6 20
25514 165 1 1 0 6 23
26065 58 1 1 4 6 24
26607 173 1 0 0 6 21
26898 113 1 0 0 6 20
26973 80 1 1 0 6 21
27236 131 1 1 0 6 25
29200 70 1 1 0 6 24
29540 102 1 1 0 6 23
29575 56 0 0 0 6 21
30241 93 1 0 0 6 22
30935 55 1 0 4 6 24
31086 52 1 1 0 6 20
31088 39 0 1 0 6 24
31090 72 1 1 4 6 21
31173 152 1 0 0 6 19
32367 64 1 0 0 6 21
32448 35 0 0 0 6 22
35129 44 1 1 0 6 24
38726 29 0 1 0 6 21
40374 52 1 0 0 6 22
40620 25 0 1 0 6 24
41113 47 1 1 0 6 25
41420 148 1 0 0 6 22
43133 48 0 0 0 6 16
43279 48 1 1 0 6 24
43296 27 0 1 0 6 24
45007 19 0 0 0 6 27
46359 63 1 1 0 6 26
46408 59 1 0 0 6 22
48316 43 0 1 0 6 27
48717 21 0 1 0 5 22
50948 130 0 0 4 6 19
51002 75 1 0 0 6 23
54509 64 0 1 0 6 20
55349 31 1 1 2 6 23
57395 78 1 0 0 6 21
58286 34 1 1 0 6 22
60660 36 0 1 0 6 23
63504 39 1 0 0 5 19
64508 42 1 1 0 6 26
64796 11 0 1 0 6 19
67501 120 1 1 0 6 17
69051 62 1 0 0 6 21
70417 87 1 0 0 6 22
70858 30 0 1 0 6 23
74039 53 0 0 0 6 23
76429 68 1 0 0 6 23
78240 45 1 1 0 6 23
81022 37 0 0 0 6 23
81984 13 0 1 0 6 24
84774 66 1 0 0 6 24
110567 26 0 0 0 6 25
112315 19 1 0 0 6 20
128328 20 0 1 0 6 31
137422 26 0 1 0 6 23
156371 9 1 1 0 6 26
161763 52 1 1 0 6 28
173700 47 0 0 7 6 20
178553 47 1 1 0 6 24
186800 59 1 0 3 6 21
187303 46 0 1 0 6 23
195256 44 1 1 1 6 31
198759 15 1 1 0 6 25
231408 13 1 1 0 6 27
235571 25 1 1 0 6 25
251051 33 1 0 0 6 28
259348 21 1 1 0 6 29
262775 53 1 1 0 6 25
263795 34 1 1 0 6 25
264911 36 0 1 8 6 23
264945 35 1 0 1 6 17
264946 19 0 0 1 6 21
264973 13 0 1 0 6 33
265359 32 1 0 8 6 21
344028 30 1 0 0 6 26
