806
19
1283
806 123 1 0 0 6 22
25 102 1 0 0 6 20
450 51 1 0 0 6 22
490 118 0 0 0 6 20
505 77 1 1 0 6 24
719 47 0 0 0 6 22
793 58 1 0 0 6 21
800 70 1 0 0 6 22
808 60 1 1 0 6 21
817 41 1 1 0 6 21
820 43 1 0 0 6 21
838 33 1 1 0 6 21
1565 127 0 1 0 6 21
1758 113 1 1 0 6 21
2320 84 1 1 0 6 26
3139 145 1 1 0 6 20
3363 140 1 0 0 6 22
3387 73 1 1 0 6 22
4516 96 1 1 0 6 20
5238 49 1 1 0 6 24
5490 34 0 1 0 6 22
6201 72 1 0 0 6 21
6583 95 1 1 0 6 23
7372 58 1 1 0 6 21
7874 78 0 1 0 6 20
9802 95 1 1 0 5 24
10063 103 1 1 0 6 24
11333 35 1 1 0 5 22
11938 219 1 0 0 6 21
12523 126 1 0 0 5 21
12755 99 1 0 0 6 22
12826 31 0 0 0 6 22
14769 35 0 1 0 6 21
15511 87 1 1 0 6 21
15947 115 1 1 0 6 22
16665 24 0 0 0 6 23
16790 44 0 1 0 6 25
16791 153 1 0 0 6 20
17221 57 1 1 0 6 23
17401 124 1 0 0 6 20
18164 36 1 1 0 6 21
18455 105 1 1 0 6 23
18696 27 0 0 0 6 19
19302 19 0 1 0 5 24
21132 74 1 0 0 6 23
21227 64 1 0 0 6 22
21647 30 0 0 0 6 21
22332 55 1 1 0 6 17
22735 33 1 1 0 5 22
22750 34 0 1 0 6 23
22882 29 0 0 0 6 22
22977 87 0 0 0 6 22
23333 38 1 0 0 6 26
23813 18 0 1 0 6 22
23864 69 1 0 0 5 20
23975 102 1 1 0 6 24
24451 76 1 1 0 6 24
24981 30 1 0 0 6 22
25091 33 1 0 0 6 26
25097 73 1 1 0 6 24
25160 41 1 1 0 6 23
25161 31 0 1 0 6 25
25204 16 0 0 0 6 22
25205 107 1 0 0 5 21
25206 82 1 0 0 6 20
25207 36 0 1 0 6 22
25208 70 1 1 0 6 22
25256 72 0 1 0 6 22
25257 49 1 1 0 5 24
25260 29 1 1 0 6 25
25262 78 1 1 1 6 29
25263 57 1 1 6 6 27
25264 59 1 0 0 6 21
25266 85 0 0 0 6 21
25267 22 0 1 0 6 24
25268 77 1 1 0 6 22
25269 15 0 0 0 6 21
25270 17 0 1 1 6 53
25301 41 1 1 0 5 23
25302 14 1 1 0 6 21
25304 28 0 1 0 6 28
25305 42 1 1 9 6 23
25306 104 1 1 0 6 31
25307 23 1 1 0 6 25
25308 51 1 1 0 5 24
25310 7 1 1 0 6 24
25313 50 1 0 0 6 22
25315 36 0 1 0 6 22
25356 39 0 1 0 5 27
25357 47 1 1 0 6 28
25358 23 1 1 0 6 23
25359 75 1 0 0 6 20
25360 20 0 1 0 6 23
25363 30 0 1 0 6 24
25364 67 1 1 0 6 21
25365 28 0 0 0 6 22
25367 64 1 0 0 5 21
25368 53 1 1 0 6 21
25433 39 0 1 0 6 24
25434 78 1 1 4 6 21
25436 30 0 1 0 6 25
25438 41 1 0 0 6 20
25439 130 1 1 0 6 25
25440 50 1 0 0 6 21
25506 33 1 0 0 6 22
25508 42 1 0 0 5 23
25509 42 1 0 0 6 22
25510 149 1 1 0 5 24
25511 58 1 1 0 6 25
25512 16 0 1 0 6 24
25513 20 0 0 0 6 22
25514 165 1 1 0 6 23
25516 70 1 1 0 6 22
25518 29 0 1 7 6 20
25519 31 1 1 0 6 23
25520 43 1 0 0 6 21
25521 25 0 1 0 6 24
25603 54 1 1 0 6 22
25978 19 1 0 0 6 20
25979 46 1 1 0 6 21
25982 39 1 1 0 6 20
25984 28 1 1 0 6 22
25985 57 0 1 0 6 21
25986 9 0 1 1 6 23
