6729
19
1475
6729 89 0 0 0 6 19
100 113 1 0 0 6 21
660 34 1 1 0 6 21
1758 113 1 1 0 6 21
2034 87 1 1 0 6 21
2869 104 1 1 0 6 21
3139 145 1 1 0 6 20
3332 69 1 1 0 6 26
4827 106 1 1 0 6 21
5484 103 1 1 0 6 22
5734 80 1 1 0 6 27
6867 76 1 1 0 5 19
8233 100 1 1 0 6 21
8433 131 1 1 0 6 21
9726 93 1 1 0 6 18
10341 96 1 1 0 6 17
11510 40 1 1 0 6 19
11571 202 1 0 0 6 19
13283 173 1 0 0 6 19
14121 84 1 1 0 6 19
14559 96 1 1 0 6 21
14760 91 1 1 0 6 23
15026 118 1 1 0 6 19
15634 74 1 0 0 6 19
18336 47 1 1 0 6 21
18398 84 1 1 0 6 19
18780 120 1 1 0 6 24
18788 89 1 0 0 6 20
19420 60 1 1 0 5 21
19623 183 1 1 0 6 20
19633 73 1 1 0 6 19
19745 59 1 1 0 6 21
19865 139 1 1 0 6 19
20088 145 1 1 0 6 26
20903 148 1 0 0 6 19
21257 119 1 0 0 6 18
21458 38 1 1 0 6 17
21683 50 1 0 0 6 20
22761 154 1 1 0 6 19
23122 164 1 1 0 6 24
23542 44 1 1 0 6 22
24042 54 1 0 0 6 23
25509 42 1 0 0 6 22
25706 57 1 1 0 5 20
25830 96 1 1 0 6 20
25970 77 1 1 0 6 19
25984 28 1 1 0 6 22
26183 81 1 1 0 5 18
26877 116 1 0 0 6 21
27076 44 1 0 0 6 21
27300 42 1 0 0 6 32
27406 53 1 1 0 6 18
28903 105 1 1 0 6 22
28908 111 1 1 0 6 23
32039 86 1 0 0 6 18
32421 30 1 1 0 6 19
32717 45 1 1 0 6 21
32729 136 1 1 0 6 21
36164 70 1 1 5 5 22
37773 118 1 0 0 6 19
41657 65 1 1 0 6 20
42173 73 1 1 0 6 21
42410 20 1 1 0 6 27
42416 56 1 1 0 6 21
42447 50 1 1 0 6 20
42450 71 1 0 0 6 21
42713 72 1 0 0 6 19
43819 90 1 1 0 6 19
44041 109 1 1 0 6 24
44481 18 1 1 0 6 20
44482 60 1 1 0 6 21
44690 36 1 1 0 6 22
47711 56 1 1 0 5 19
47898 20 1 0 0 5 19
55977 14 1 1 0 6 19
62175 39 1 1 0 6 24
68836 58 1 1 0 6 23
70846 56 1 1 0 6 19
79580 113 1 0 0 6 19
100709 61 1 1 0 6 23
118772 44 1 1 0 6 19
123931 71 1 1 1 6 23
144445 27 1 1 0 6 19
178320 44 1 1 0 6 19
253438 41 1 0 0 6 19
358047 28 1 1 0 6 19
384952 7 1 1 0 5 23
395348 88 1 1 2 6 13
548062 57 1 1 1 6 20
567279 128 1 1 8 6 25
