25205
19
1335
25205 107 1 0 0 5 21
806 123 1 0 0 6 22
1136 218 1 0 0 6 19
1279 47 0 0 0 6 20
1289 68 1 1 4 6 25
1839 61 1 1 0 6 22
1971 39 1 1 0 6 20
2304 50 0 1 0 6 20
2829 102 1 1 0 6 23
3527 84 1 1 0 6 20
4836 114 1 1 0 6 25
4947 50 0 0 0 5 22
6767 137 1 1 0 6 22
8059 21 0 1 0 6 21
8074 66 0 0 0 6 19
8389 40 1 1 0 6 21
9412 133 0 1 0 6 21
9630 115 1 0 4 6 20
11570 55 1 1 0 6 24
12074 31 0 1 0 6 23
12075 133 1 1 0 6 26
12078 49 1 1 0 6 28
12413 49 1 1 0 6 21
12523 126 1 0 0 5 21
12645 103 1 0 0 6 21
12708 139 1 0 0 6 17
13000 75 1 1 0 6 19
13140 43 1 0 0 6 21
13352 41 0 0 0 5 21
13554 142 1 0 4 6 20
14129 40 0 1 0 6 20
14559 96 1 1 0 6 21
14604 53 0 0 0 6 19
15026 118 1 1 0 6 19
15428 23 1 1 0 6 23
16002 53 1 1 0 6 20
17106 130 1 1 0 6 20
17618 26 0 1 0 6 24
17889 49 0 1 0 6 25
18610 29 0 1 0 6 22
20395 19 0 1 0 6 24
20604 78 1 1 0 6 20
20685 43 0 1 0 6 26
21199 35 0 1 0 6 25
21384 48 1 1 0 6 31
22237 105 1 0 4 6 20
22238 58 1 1 0 6 21
22687 191 1 0 0 6 19
23365 127 1 0 0 6 21
23967 100 1 0 0 6 19
23975 102 1 1 0 6 24
24006 68 1 0 0 6 20
24048 62 0 1 0 6 23
24206 81 1 1 0 6 22
25208 70 1 1 0 6 22
25262 78 1 1 1 6 29
25357 47 1 1 0 6 28
25439 130 1 1 0 6 25
25712 69 1 1 0 6 19
25797 174 1 0 0 6 21
27078 31 0 1 0 6 23
27905 56 1 1 0 6 22
29768 91 1 0 0 6 21
30512 101 1 0 4 6 20
33517 23 0 1 0 6 25
33884 45 1 0 0 6 21
34850 75 1 1 4 6 20
35677 20 1 0 0 6 21
37782 61 1 1 0 6 22
41311 89 1 1 1 6 27
43787 77 1 0 0 6 20
44041 109 1 1 0 6 24
44067 82 1 1 0 6 20
44144 52 0 0 0 6 20
44634 76 0 0 0 6 20
44826 37 1 0 0 6 20
45934 23 1 1 0 6 22
45936 22 1 1 0 5 25
45946 41 0 1 0 6 24
46759 87 1 1 0 6 20
50144 22 0 1 0 6 20
51041 31 0 0 0 6 19
51064 38 0 1 0 6 28
60478 67 1 0 0 6 18
62575 33 1 1 0 6 24
62636 24 1 1 0 6 24
62640 78 1 1 0 6 24
62784 55 1 0 0 5 21
62785 62 1 1 0 6 26
65211 50 1 0 0 6 18
70900 30 1 1 0 6 26
70941 42 1 1 1 6 28
91611 30 1 1 4 6 25
110671 31 1 1 0 6 28
110930 23 0 1 0 6 19
111249 40 1 1 0 6 24
119395 43 1 1 0 6 17
161335 8 0 1 0 6 30
244422 7 0 0 0 6 18
244613 89 1 0 3 6 23
279852 24 0 0 0 6 32
303815 15 1 1 0 6 21
371818 19 0 1 3 6 25
372475 35 1 1 4 6 23
376135 77 0 1 3 6 23
376143 8 0 1 0 6 29
376161 21 1 1 0 6 22
376460 33 1 1 0 5 25
