29540
19
1394
29540 102 1 1 0 6 23
1033 52 0 1 0 6 20
1102 59 1 0 4 6 21
1117 31 0 0 0 6 21
1278 52 1 0 0 6 22
1400 38 1 1 0 6 23
1565 127 0 1 0 6 21
1614 50 0 0 0 6 20
1737 36 0 1 0 6 24
2099 174 1 0 3 6 19
2257 189 1 0 9 6 22
2485 79 1 1 0 6 21
2613 30 0 0 0 6 20
2968 17 0 1 0 6 25
3094 86 1 1 0 6 22
3146 21 0 1 0 6 23
3385 50 1 1 0 6 26
3387 73 1 1 0 6 22
3576 42 0 0 0 6 25
4268 45 1 1 0 6 23
4844 16 0 1 0 6 24
5142 796 1 1 0 6 25
5713 95 1 1 0 6 23
7133 18 0 1 0 6 23
8129 126 1 0 0 6 22
8133 65 0 0 0 6 21
8545 49 0 1 0 6 22
8788 113 1 0 0 6 21
12523 126 1 0 0 5 21
12993 199 1 1 4 6 20
13187 35 0 1 0 6 23
13269 129 1 0 0 6 20
13584 49 0 1 0 6 24
13829 74 0 0 0 6 21
14051 191 1 0 3 6 21
14242 140 1 1 0 6 23
14773 38 1 1 0 6 25
15563 110 1 0 0 6 20
15971 85 1 1 0 6 22
16779 51 1 1 0 6 23
16783 43 0 0 0 6 23
18158 89 1 1 0 6 22
18160 67 1 0 0 6 21
18470 125 1 1 0 6 24
18898 64 1 1 0 6 19
18980 73 0 1 0 6 25
19082 185 1 0 4 6 18
20632 100 1 0 0 6 22
21124 77 1 1 0 6 22
22561 84 0 1 0 6 24
22791 72 1 1 0 6 24
22977 87 0 0 0 6 22
22993 22 0 0 0 6 20
24119 53 1 1 0 6 23
24788 15 0 1 0 6 23
25017 84 1 1 0 6 22
25269 15 0 0 0 6 21
26898 113 1 0 0 6 20
28389 21 0 1 0 6 23
28636 26 0 1 0 6 22
29347 56 0 0 0 6 20
29466 48 1 1 0 6 26
30447 100 1 1 0 6 23
31949 16 0 0 0 6 23
32131 40 0 0 0 6 20
32268 71 1 1 0 6 18
32489 70 1 0 0 6 23
34327 21 1 1 0 6 22
34624 63 1 1 0 6 29
38179 27 0 1 0 6 23
38519 89 1 1 0 6 20
38568 67 1 1 4 6 23
38641 35 1 0 0 6 21
38726 29 0 1 0 6 21
38727 29 1 0 0 6 23
39791 36 1 0 9 6 23
41115 65 1 1 0 5 24
43537 47 0 0 0 6 21
46408 59 1 0 0 6 22
47837 27 0 0 0 6 22
48017 80 1 1 0 6 24
48709 99 1 0 2 6 22
49974 3 0 1 0 6 23
54486 30 0 1 0 6 21
57460 23 0 0 0 6 21
61051 9 0 0 0 6 25
65454 17 0 1 0 5 24
81022 37 0 0 0 6 23
100596 27 0 1 0 6 18
102820 134 1 0 0 6 25
119031 18 0 0 0 6 20
122642 29 0 0 8 6 23
128833 32 0 0 0 6 23
131339 31 0 0 0 6 25
149752 87 1 0 2 6 22
168919 76 1 0 6 6 22
182020 12 0 1 0 6 21
187184 46 1 0 0 6 24
202962 52 1 0 0 6 22
269598 17 0 1 0 6 26
333716 9 1 1 0 6 27
337564 35 0 0 0 6 26
410288 2 0 1 0 6 24
