27236
19
1400
27236 131 1 1 0 6 25
804 82 0 1 0 6 27
810 40 0 0 0 6 20
865 37 1 1 0 6 27
1133 75 1 0 0 6 22
2137 86 0 0 9 6 18
2250 57 0 0 0 6 24
2723 42 0 0 0 6 20
2944 56 0 0 0 6 21
3367 62 1 0 0 6 21
3587 48 0 0 4 6 19
3631 49 0 1 0 6 20
3803 27 0 1 0 6 21
3832 98 0 0 0 6 24
4487 155 1 0 4 6 22
4516 96 1 1 0 6 20
4947 50 0 0 0 5 22
5089 85 1 1 0 6 24
5266 22 0 1 0 6 26
5500 66 1 1 0 6 23
6258 60 1 0 1 6 26
7352 197 1 1 0 6 21
7379 40 1 1 0 5 23
7420 49 1 1 0 6 24
8610 19 0 0 0 6 23
9402 131 1 0 0 6 22
9732 79 1 0 0 6 21
11369 92 1 0 0 6 21
11571 202 1 0 0 6 19
11838 20 0 0 0 6 24
12088 51 1 1 0 6 25
12133 80 0 0 0 6 18
13116 44 1 1 0 6 23
13715 28 0 1 0 6 24
13887 25 0 0 0 6 20
13894 90 1 0 0 6 23
14242 140 1 1 0 6 23
14554 26 0 1 0 5 23
15099 49 1 0 9 6 23
15430 42 0 1 0 6 25
15519 89 1 0 0 6 18
17203 10 0 0 0 6 23
17229 103 1 1 0 6 24
17397 83 1 0 0 6 23
17702 110 1 0 0 6 21
18322 31 0 0 0 6 21
19745 59 1 1 0 6 21
19836 17 0 1 0 6 32
20088 145 1 1 0 6 26
20517 48 0 1 0 6 23
22791 72 1 1 0 6 24
22977 87 0 0 0 6 22
23238 39 0 0 0 5 24
23333 38 1 0 0 6 26
24762 22 0 0 0 6 19
24981 30 1 0 0 6 22
25097 73 1 1 0 6 24
25160 41 1 1 0 6 23
25257 49 1 1 0 5 24
25287 19 0 1 0 6 28
26348 52 1 1 9 6 27
26898 113 1 0 0 6 20
26901 7 0 1 0 6 28
26928 62 1 1 0 6 24
29581 44 1 0 0 6 22
30521 38 1 0 0 6 22
30854 35 0 0 0 6 22
30935 55 1 0 4 6 24
31055 12 0 1 0 6 25
31088 39 0 1 0 6 24
31164 30 0 1 0 6 26
31173 152 1 0 0 6 19
31177 14 0 1 0 6 26
31815 48 0 0 0 6 21
31821 34 1 1 0 5 23
31823 18 0 1 0 5 29
32367 64 1 0 0 6 21
33402 7 1 1 0 6 28
34448 46 0 1 0 5 23
36386 55 0 1 0 5 25
36609 47 0 1 0 6 24
37528 47 1 0 0 6 23
40898 26 0 1 0 6 25
40982 29 1 0 0 5 21
41195 27 0 1 0 6 21
41682 63 0 0 0 6 22
42450 71 1 0 0 6 21
42708 103 1 1 0 6 25
43821 138 1 0 4 6 16
46157 84 1 0 0 6 26
49034 39 1 1 0 6 25
49161 85 1 1 0 6 25
53730 35 0 0 0 6 24
56121 24 0 1 4 6 26
56726 28 0 0 0 6 23
59784 19 1 1 0 5 28
63852 40 1 0 0 6 22
68516 56 1 1 0 6 21
69051 62 1 0 0 6 21
69776 43 1 1 0 6 23
70678 14 0 1 0 6 25
70804 12 1 1 0 6 27
72903 22 1 1 0 6 23
75434 16 0 1 0 5 24
85058 12 1 1 0 5 23
85763 49 1 0 0 6 26
89950 5 0 0 4 6 21
111774 4 0 0 0 6 28
115474 14 0 1 0 6 25
124396 15 1 1 4 6 25
138349 31 1 0 0 6 23
138450 22 1 0 0 6 24
146614 23 1 1 0 6 25
155005 26 0 0 0 6 24
163487 12 1 1 0 6 28
165172 37 0 0 2 6 22
166368 23 1 1 0 5 24
217027 48 1 0 3 6 27
231410 6 1 1 0 5 27
235533 32 1 1 4 6 32
235570 4 0 0 0 6 23
235574 12 1 0 0 6 30
237449 31 1 0 0 6 24
238510 39 1 1 0 6 29
320512 3 0 1 0 6 27
380832 35 1 1 3 6 27
394793 14 1 1 0 6 27
394830 14 0 1 0 6 28
394831 6 1 1 0 6 28
395222 3 1 0 2 6 22
395223 19 1 0 4 5 24
395224 8 1 0 0 6 18
