25097
19
1286
25097 73 1 1 0 6 24
806 123 1 0 0 6 22
1951 63 1 0 0 6 21
3044 41 0 0 0 6 23
3832 98 0 0 0 6 24
4847 69 0 0 0 6 24
6324 127 1 0 0 6 20
6583 95 1 1 0 6 23
9630 115 1 0 4 6 20
11895 53 1 1 3 6 26
13267 53 1 1 0 5 25
13734 61 1 0 0 6 21
16791 153 1 0 0 6 20
16828 27 0 0 0 6 23
17221 57 1 1 0 6 23
19578 50 0 1 0 6 27
19698 74 1 0 0 6 23
22620 20 0 1 0 6 28
23238 39 0 0 0 5 24
25305 42 1 1 9 6 23
25436 30 0 1 0 6 25
25510 149 1 1 0 5 24
25516 70 1 1 0 6 22
26928 62 1 1 0 6 24
27236 131 1 1 0 6 25
30807 42 1 0 0 6 23
31048 44 0 0 0 6 23
31087 103 1 1 0 6 24
35014 37 0 0 0 6 23
36354 17 0 1 0 6 24
36437 139 1 0 0 6 22
39830 26 1 1 0 6 27
40543 44 1 0 0 6 22
41277 41 0 1 0 6 24
41420 148 1 0 0 6 22
43990 50 1 0 0 6 25
47165 51 1 0 0 5 22
49728 113 1 1 0 6 24
51509 110 1 0 0 6 24
61454 35 0 0 0 6 23
62575 33 1 1 0 6 24
64779 65 1 0 0 6 20
68973 59 1 1 5 6 24
70716 19 0 1 0 5 28
80051 89 1 0 0 6 23
80164 29 1 0 0 6 22
88809 22 0 0 0 6 20
88812 54 1 0 0 6 24
102824 13 0 0 0 6 24
103174 17 1 0 0 6 21
106848 23 0 0 0 6 24
113472 96 1 0 0 6 24
116417 66 1 0 0 5 24
116481 36 1 0 0 6 21
142007 40 0 0 0 6 24
186457 36 1 0 0 5 23
186648 36 1 0 0 6 25
187150 49 1 1 0 6 24
198758 10 0 1 0 6 25
202071 12 0 0 0 6 23
220929 15 1 0 0 6 23
232981 98 1 0 0 6 21
234291 67 1 0 0 6 22
235243 35 1 1 0 6 24
245374 35 1 0 0 6 29
300332 47 1 1 0 6 23
318456 36 1 0 7 6 23
333745 12 0 1 0 6 23
335005 43 1 0 0 6 22
367220 7 0 0 0 6 23
375044 33 1 1 5 6 26
375087 1 0 0 4 5 21
902578 22 1 0 8 6 22
1315781 3 1 1 0 5 24
