70807
19
1320
70807 77 1 1 0 6 27
948 53 0 1 0 6 24
1279 47 0 0 0 6 20
2032 124 0 0 1 6 20
2532 35 0 0 0 6 21
3006 111 1 0 0 6 23
3119 24 0 1 0 6 28
3498 59 0 0 0 6 23
3588 85 1 0 0 6 22
3820 37 0 1 4 6 25
4847 69 0 0 0 6 24
5093 100 0 1 0 6 25
6258 60 1 0 1 6 26
7179 76 1 0 0 6 24
8129 126 1 0 0 6 22
8133 65 0 0 0 6 21
9504 74 0 1 0 6 22
15660 73 1 1 0 6 24
17386 53 1 0 9 6 25
18454 88 1 1 0 6 24
18455 105 1 1 0 6 23
19023 59 0 1 0 6 26
22458 44 0 1 0 6 32
22987 79 1 1 0 6 23
25360 20 0 1 0 6 23
25439 130 1 1 0 6 25
26348 52 1 1 9 6 27
27567 23 0 1 0 6 29
29575 56 0 0 0 6 21
31086 52 1 1 0 6 20
33751 123 0 0 0 6 25
35014 37 0 0 0 6 23
39241 77 1 0 0 6 23
41022 20 0 1 0 6 23
41311 89 1 1 1 6 27
41682 63 0 0 0 6 22
44391 13 0 1 0 5 27
44430 72 0 0 0 6 21
44692 49 1 1 0 6 25
46592 22 0 0 0 6 20
47080 49 1 0 0 6 27
48017 80 1 1 0 6 24
53924 157 1 0 0 6 21
62162 40 0 1 0 6 26
71448 38 1 0 0 6 24
71462 16 0 1 1 6 25
79804 56 1 0 0 6 23
82353 28 0 0 0 6 23
83312 25 0 1 0 6 29
84186 34 0 1 0 6 24
89236 36 1 1 0 6 23
113707 45 1 1 0 6 27
118119 22 0 1 0 6 31
118256 14 0 1 0 5 23
118265 37 1 1 0 6 23
128411 15 0 0 1 6 23
133856 23 0 1 0 6 28
137213 72 1 1 0 6 27
144499 12 0 0 0 5 27
152880 91 1 0 0 6 25
154279 30 1 1 0 6 27
156345 20 1 1 0 5 26
156530 15 0 1 0 6 27
184180 24 1 1 0 6 26
226464 13 0 1 0 6 25
236742 13 0 0 0 6 24
254861 16 0 1 0 5 26
281801 22 1 1 1 5 26
288223 78 1 0 4 6 26
323031 16 0 0 0 6 25
324212 8 0 0 0 5 24
375348 19 1 1 0 6 25
376173 9 0 1 0 6 28
387649 14 1 0 1 6 26
400091 12 0 0 0 6 24
437729 4 0 0 0 6 24
482289 52 1 0 0 6 23
651795 30 1 0 8 6 26
