82212
19
1354
82212 49 1 1 0 6 28
1982 45 0 0 0 6 26
3620 72 1 1 0 6 24
5961 65 1 0 0 5 23
8129 126 1 0 0 6 22
12020 130 1 0 0 5 21
15281 12 1 1 0 6 28
18980 73 0 1 0 6 25
21553 23 1 1 0 6 27
25357 47 1 1 0 6 28
25439 130 1 1 0 6 25
29289 19 0 1 0 6 25
36740 14 0 1 0 6 24
41311 89 1 1 1 6 27
46729 11 0 0 0 6 28
62640 78 1 1 0 6 24
62785 62 1 1 0 6 26
68368 39 1 1 0 6 30
70900 30 1 1 0 6 26
81101 9 0 0 0 6 25
81113 24 1 1 4 6 25
82110 34 1 0 0 6 24
82290 40 1 1 0 6 27
99366 21 0 0 0 6 26
114504 29 1 1 1 6 25
118678 26 1 0 2 5 24
144294 41 1 1 0 6 27
150972 17 0 1 0 6 29
152880 91 1 0 0 6 25
190846 44 1 0 0 6 25
255433 47 1 1 0 6 29
272415 12 0 0 0 5 27
275908 38 0 0 0 6 25
289097 12 0 0 0 6 31
306003 16 1 0 0 6 26
312868 7 0 0 0 6 28
346351 23 1 0 0 6 25
353567 14 0 0 0 6 28
361486 9 1 1 4 6 26
374319 23 1 0 4 6 25
376173 9 0 1 0 6 28
377287 21 1 1 4 6 30
390499 15 1 1 4 6 27
444229 17 1 1 0 6 29
520917 21 0 1 4 6 31
656514 20 1 0 4 6 27
795364 5 1 0 0 6 29
795641 10 0 0 0 6 29
795688 1 1 1 0 6 35
795727 9 1 0 0 6 28
