25257
19
1399
25257 49 1 1 0 5 24
806 123 1 0 0 6 22
2045 148 1 0 0 6 22
2609 109 1 0 0 5 21
3496 140 1 0 0 6 23
3832 98 0 0 0 6 24
4847 69 0 0 0 6 24
5025 55 0 0 0 6 24
6583 95 1 1 0 6 23
7179 76 1 0 0 6 24
14109 95 1 0 0 6 21
15938 35 1 0 0 6 26
17394 37 0 0 0 6 21
17397 83 1 0 0 6 23
20088 145 1 1 0 6 26
20517 48 0 1 0 6 23
23592 59 0 1 4 6 21
24049 46 0 0 0 6 19
25434 78 1 1 4 6 21
25982 39 1 1 0 6 20
26884 121 1 0 0 6 18
26928 62 1 1 0 6 24
26977 27 1 1 0 6 28
27236 131 1 1 0 6 25
27282 31 1 1 0 6 22
31173 152 1 0 0 6 19
36386 55 0 1 0 5 25
39074 124 1 0 0 6 18
41195 27 0 1 0 6 21
41680 98 1 1 0 6 21
41682 63 0 0 0 6 22
42302 40 0 0 0 6 20
43537 47 0 0 0 6 21
49395 83 0 0 3 6 20
50948 130 0 0 4 6 19
62595 29 0 1 4 6 25
64516 30 1 1 0 6 27
68506 35 0 0 0 6 22
68516 56 1 1 0 6 21
72365 32 1 1 0 6 24
81847 30 0 1 0 6 24
85971 35 0 1 4 6 22
95915 15 0 1 0 6 19
110687 56 1 1 3 6 28
175124 4 0 1 0 5 31
235247 30 0 1 0 5 23
269857 29 0 0 0 6 24
350952 15 1 1 0 6 27
355692 81 1 0 0 6 24
378026 37 1 1 0 6 21
