20823
19
1370
20823 52 0 0 0 6 23
828 61 1 1 0 6 24
1104 38 1 0 0 6 24
2485 79 1 1 0 6 21
3669 36 1 0 0 6 20
5174 105 1 1 0 6 22
5734 80 1 1 0 6 27
5963 53 1 1 0 6 23
6583 95 1 1 0 6 23
13634 34 1 1 0 6 23
17397 83 1 0 0 6 23
20454 118 1 0 0 6 24
20696 41 1 0 0 6 24
22119 87 1 0 0 6 21
23848 60 1 1 0 6 24
23975 102 1 1 0 6 24
25357 47 1 1 0 6 28
25439 130 1 1 0 6 25
25510 149 1 1 0 5 24
25565 37 1 1 0 6 23
26607 173 1 0 0 6 21
26928 62 1 1 0 6 24
26973 80 1 1 0 6 21
28963 16 1 1 8 6 25
29431 34 1 1 0 6 23
30967 30 1 1 0 6 25
32010 93 1 0 1 6 16
32180 41 1 1 0 6 25
33850 43 1 0 0 5 24
35610 28 1 1 0 6 25
36437 139 1 0 0 6 22
39385 22 1 1 0 6 24
40962 27 1 1 0 6 24
43540 45 1 1 0 6 24
44041 109 1 1 0 6 24
44285 87 1 0 0 6 24
44503 184 1 1 0 6 29
45371 47 1 1 0 6 24
58286 34 1 1 0 6 22
60777 74 1 1 0 6 22
62640 78 1 1 0 6 24
64123 55 1 1 0 6 28
72365 32 1 1 0 6 24
76320 11 1 1 0 5 13
89236 36 1 1 0 6 23
113472 96 1 0 0 6 24
132928 19 1 1 0 6 24
148473 32 1 1 0 6 23
233803 64 1 1 0 6 24
250972 41 1 1 0 6 27
265766 65 1 0 5 6 22
439103 15 1 0 1 5 27
439775 15 1 0 1 6 25
