31173
19
1396
31173 152 1 0 0 6 19
1627 84 1 0 0 6 20
1762 27 1 0 0 6 20
1765 140 1 0 0 6 20
2589 100 1 1 0 6 26
2980 29 0 0 0 6 19
2991 58 0 1 0 6 21
3049 48 0 0 0 6 21
3260 71 1 0 0 6 21
3359 36 1 1 0 6 18
3397 43 1 0 0 6 21
3467 201 1 1 0 6 20
3631 49 0 1 0 6 20
4724 69 0 0 0 6 21
5457 73 1 0 0 6 19
5490 34 0 1 0 6 22
6870 63 1 1 0 6 22
7870 55 0 1 0 5 21
8160 97 1 1 0 6 20
8233 100 1 1 0 6 21
8579 82 1 1 0 6 22
12074 31 0 1 0 6 23
12075 133 1 1 0 6 26
12078 49 1 1 0 6 28
12477 112 1 0 0 6 20
13267 53 1 1 0 5 25
13269 129 1 0 0 6 20
13283 173 1 0 0 6 19
13864 105 1 0 4 6 19
14216 83 1 0 0 6 20
14242 140 1 1 0 6 23
15092 111 1 1 0 6 24
15270 68 1 1 0 6 15
15316 64 1 0 0 6 20
15893 40 0 1 0 6 21
16124 29 0 1 0 6 20
16406 83 1 1 0 6 22
16482 100 1 1 0 6 21
16497 77 1 1 4 6 22
16575 52 0 1 0 6 20
16675 51 1 1 0 6 23
17229 103 1 1 0 6 24
18157 40 0 1 0 6 21
18168 32 0 1 0 5 21
18680 97 0 1 3 6 21
19023 59 0 1 0 6 26
19523 81 0 1 0 6 22
19578 50 0 1 0 6 27
19677 66 1 0 0 6 20
20088 145 1 1 0 6 26
20517 48 0 1 0 6 23
20526 60 1 1 0 6 26
21273 130 1 1 0 6 21
21647 30 0 0 0 6 21
21712 33 0 0 0 6 20
22365 43 0 1 0 6 23
22505 48 0 1 0 6 21
22977 87 0 0 0 6 22
23024 29 1 0 0 6 20
23592 59 0 1 4 6 21
23667 23 1 1 0 6 18
24044 77 1 1 0 6 21
24149 94 1 0 0 6 19
24314 32 0 1 5 6 21
24981 30 1 0 0 6 22
25257 49 1 1 0 5 24
25262 78 1 1 1 6 29
25352 39 1 1 0 6 19
25436 30 0 1 0 6 25
25795 93 1 0 0 6 20
25828 87 1 1 0 6 19
26642 42 1 1 0 6 21
27236 131 1 1 0 6 25
27355 24 0 0 0 6 19
27742 22 0 0 0 6 19
27905 56 1 1 0 6 22
27949 152 1 0 0 6 20
28084 56 1 1 0 6 19
30085 37 0 1 0 6 20
30795 39 0 0 0 6 20
30934 9 1 1 5 6 31
31086 52 1 1 0 6 20
31087 103 1 1 0 6 24
31088 39 0 1 0 6 24
31090 72 1 1 4 6 21
31095 28 1 0 0 6 16
31136 11 0 0 0 6 27
31164 30 0 1 0 6 26
31175 11 0 1 4 6 27
31177 14 0 1 0 6 26
31179 8 1 1 0 6 28
31278 11 0 1 0 6 18
31821 34 1 1 0 5 23
32921 50 1 1 0 6 23
34448 46 0 1 0 5 23
36386 55 0 1 0 5 25
36931 73 0 0 0 6 21
37289 14 0 0 0 6 21
39348 142 1 1 3 6 22
39947 30 0 0 0 6 20
41653 42 0 1 0 6 21
41680 98 1 1 0 6 21
42528 123 1 0 0 6 19
44689 79 1 1 0 6 22
44690 36 1 1 0 6 22
45604 74 1 1 0 6 24
45740 52 0 0 4 6 21
46608 20 0 1 0 6 20
47791 76 1 0 0 6 22
54509 64 0 1 0 6 20
57395 78 1 0 0 6 21
61447 22 0 0 0 6 20
61451 37 1 0 0 5 20
63085 20 1 1 0 6 24
63587 58 1 1 0 6 24
64508 42 1 1 0 6 26
64675 31 1 1 0 6 17
68003 94 1 1 0 6 24
69211 30 0 0 0 6 21
70188 49 1 1 0 6 16
70353 9 1 0 0 5 21
71450 25 1 1 0 6 24
74670 58 1 1 0 6 20
76068 44 1 1 3 6 25
76164 35 0 1 4 6 20
81080 10 1 1 0 6 20
86509 26 1 1 0 6 27
87719 17 0 1 0 6 23
87773 31 1 1 0 6 20
92935 23 1 1 8 6 20
100709 61 1 1 0 6 23
102153 54 1 1 0 6 26
102205 15 0 1 4 6 23
106589 112 1 1 0 6 21
107838 65 1 0 0 6 20
123502 13 0 1 0 6 26
124646 27 0 1 0 6 21
130383 31 1 1 0 6 29
166368 23 1 1 0 5 24
166689 61 1 1 0 6 19
174750 23 1 1 0 6 24
217684 103 0 1 9 6 21
235571 25 1 1 0 6 25
275835 16 1 0 1 6 22
293017 56 1 0 1 6 22
399131 3 0 1 5 6 25
423116 27 1 1 4 6 25
424716 9 1 1 3 6 24
427373 43 1 1 5 6 18
427577 25 0 1 8 6 18
427957 37 1 1 4 5 26
427983 10 0 1 0 6 26
428226 8 1 1 0 6 24
