25256
19
1457
25256 72 0 1 0 6 22
806 123 1 0 0 6 22
1088 144 1 0 0 6 19
1806 62 1 1 0 6 21
2268 19 1 1 0 6 17
2272 11 1 1 5 5 22
2328 55 1 0 0 6 22
2429 57 1 0 4 6 33
2869 104 1 1 0 6 21
3154 130 1 0 0 6 20
3370 71 1 0 0 6 20
3387 73 1 1 0 6 22
3588 85 1 0 0 6 22
3987 57 1 0 0 6 20
5083 75 1 0 0 6 21
6201 72 1 0 0 6 21
7352 197 1 1 0 6 21
7370 34 1 1 0 6 22
7662 73 1 1 0 5 20
8443 78 1 1 0 6 22
8640 121 1 1 0 6 23
11844 57 1 0 0 6 21
13024 34 1 1 0 6 22
13239 85 1 0 0 6 20
13283 173 1 0 0 6 19
13598 20 1 1 0 6 22
13884 57 1 0 0 6 20
15012 92 1 0 0 6 21
15068 144 1 0 0 6 20
15253 143 1 0 0 6 19
15313 42 1 1 0 6 16
15511 87 1 1 0 6 21
15519 89 1 0 0 6 18
15557 112 1 0 0 6 21
15563 110 1 0 0 6 20
16025 41 1 0 0 6 20
16034 112 1 1 0 6 26
16563 81 1 1 1 6 22
16803 67 1 0 0 6 21
17221 57 1 1 0 6 23
17401 124 1 0 0 6 20
18166 128 1 0 0 6 19
18455 105 1 1 0 6 23
18474 93 1 1 0 6 22
18759 53 1 0 0 6 20
20281 118 1 1 0 6 19
21126 53 1 0 0 6 21
21283 142 1 1 1 6 21
21810 96 1 0 0 6 18
23967 100 1 0 0 6 19
24206 81 1 1 0 6 22
25206 82 1 0 0 6 20
25434 78 1 1 4 6 21
25984 28 1 1 0 6 22
32729 136 1 1 0 6 21
33409 84 1 0 0 6 19
33474 31 1 0 0 6 20
33483 109 1 0 0 6 21
33928 65 1 0 0 6 20
36243 38 1 0 0 6 22
37230 76 1 0 0 6 22
39722 132 1 1 0 6 22
40543 44 1 0 0 6 22
41034 58 1 0 0 5 19
41201 59 1 0 0 6 19
43232 136 1 0 3 6 18
45696 495 1 0 3 6 18
68587 58 1 1 0 6 22
75665 61 1 0 0 6 22
95716 48 1 1 0 6 20
95759 50 1 1 0 6 20
117940 87 1 1 0 6 21
148853 67 1 0 0 6 20
