26877
19
1476
26877 116 1 0 0 6 21
172 103 1 1 0 6 20
1061 22 1 1 0 6 21
1376 48 1 0 0 6 22
1565 127 0 1 0 6 21
1761 42 0 1 0 6 26
1790 34 0 1 0 5 20
1985 46 1 0 1 6 22
2062 63 1 1 0 6 22
2598 140 1 0 0 6 21
3486 48 0 1 0 6 27
3859 49 1 0 0 6 21
5083 75 1 0 0 6 21
5238 49 1 1 0 6 24
5744 33 0 0 0 6 18
6729 89 0 0 0 6 19
6800 112 1 1 0 6 23
7076 98 0 1 0 6 28
7386 92 0 1 0 6 24
7874 78 0 1 0 6 20
8126 86 1 1 0 6 21
8155 38 0 0 0 6 23
8157 57 1 1 0 6 22
8545 49 0 1 0 6 22
8577 42 0 0 0 6 22
8879 82 1 0 0 6 21
9992 80 1 0 0 6 20
10466 58 0 0 0 5 19
13148 70 0 1 0 6 21
14156 32 0 1 1 6 22
14216 83 1 0 0 6 20
14384 48 1 1 4 6 23
14440 157 1 1 0 6 27
14761 40 0 1 0 6 25
15559 67 0 1 4 6 21
16285 10 0 0 0 6 22
16839 52 1 1 0 6 23
17847 59 1 1 0 6 22
18158 89 1 1 0 6 22
20895 43 0 1 0 6 20
21505 114 1 1 0 6 22
21661 138 1 0 0 6 20
22119 87 1 0 0 6 21
22514 63 1 1 0 6 20
22587 41 1 1 0 6 21
23164 121 1 1 0 6 22
23488 86 1 1 0 6 16
23498 41 1 0 0 6 21
23542 44 1 1 0 6 22
25268 77 1 1 0 6 22
25425 22 0 1 9 6 22
25510 149 1 1 0 5 24
26584 34 0 1 0 6 25
26878 99 1 1 0 6 22
28836 52 0 1 0 6 24
28938 40 1 0 0 6 22
30815 99 0 1 0 6 21
31087 103 1 1 0 6 24
32095 25 0 1 0 6 22
33359 46 0 0 0 6 22
33553 19 0 0 0 6 22
35612 21 1 1 0 6 21
36174 63 1 1 0 6 21
36689 22 0 1 0 6 26
37230 76 1 0 0 6 22
38041 70 1 1 7 6 25
42707 30 1 1 0 6 21
45415 11 0 1 0 6 34
45516 60 1 1 0 6 20
46355 40 1 1 0 6 24
46408 59 1 0 0 6 22
46464 41 1 0 0 6 22
46467 46 0 0 0 6 22
46468 28 0 0 0 6 22
46948 68 1 1 0 6 22
48050 20 0 1 0 6 22
51528 31 0 1 4 5 21
52733 40 1 1 0 6 26
57991 38 0 1 0 6 21
58517 35 1 1 3 6 24
63250 36 1 1 0 6 23
64988 43 1 1 1 6 27
68895 27 1 1 0 6 22
69868 47 1 1 0 6 23
70808 66 1 1 0 6 25
76055 27 1 1 0 6 24
78786 35 0 0 0 6 20
85831 21 0 0 0 6 22
88809 22 0 0 0 6 20
89239 17 1 1 0 6 23
107715 45 1 0 0 6 25
112742 24 1 1 2 6 26
116415 42 1 0 0 6 21
131246 70 1 1 0 6 24
144933 13 1 1 0 6 27
149231 73 1 1 0 6 30
152768 14 0 1 0 6 23
162609 109 1 1 7 6 21
174814 40 1 1 0 6 23
177020 15 1 1 0 5 21
185473 23 1 0 0 6 22
229256 52 1 1 0 6 24
259618 4 1 1 0 6 32
278554 22 1 1 0 6 22
296515 18 0 1 3 6 25
355097 19 1 0 0 6 21
358281 7 0 1 1 5 25
362456 14 1 1 0 6 26
362595 24 1 0 3 6 22
367679 23 0 1 0 6 24
391107 6 0 1 5 6 43
391108 1 0 1 0 6 19
391109 1 0 1 7 6 27
391158 6 0 1 0 6 28
391162 10 0 1 0 6 26
391172 43 1 1 0 6 26
391190 24 0 0 3 6 23
