233576
19
393
233576 170 1 1 2 5 18
9871 23 1 0 2 6 21
11338 142 1 0 2 6 18
19733 57 1 0 2 6 18
29810 51 1 1 2 5 20
39735 79 1 0 2 6 17
41161 89 1 0 2 6 18
43366 82 1 0 2 5 19
47980 116 0 0 7 6 17
57912 60 0 0 2 6 17
58134 64 0 0 2 6 18
58137 62 1 1 2 6 18
58141 158 1 1 2 6 20
64996 81 0 0 2 6 16
68912 155 0 0 2 6 17
72784 91 1 1 2 6 18
76381 81 1 0 2 6 18
77058 69 1 1 2 6 20
81169 132 1 0 1 6 17
84800 20 1 0 2 6 15
85660 26 1 0 2 6 14
89697 65 1 0 2 6 21
95952 79 0 1 2 6 15
97286 25 0 0 2 6 17
97382 10 0 0 2 6 19
99281 50 1 1 1 6 19
99519 25 0 0 2 6 17
99524 160 1 0 2 6 17
99530 22 0 0 2 6 17
99532 74 0 1 2 6 18
103060 44 0 0 3 6 16
105290 142 1 0 2 6 17
114235 25 1 0 2 5 16
119551 87 0 1 3 6 23
121037 68 1 0 2 6 17
129733 100 1 0 2 6 15
132791 27 0 0 2 6 18
135598 59 1 0 2 6 17
139222 31 0 0 2 6 18
143434 100 0 0 2 6 17
149593 131 1 0 2 6 18
149840 67 1 0 2 6 19
150334 152 1 0 2 6 16
161266 79 0 0 2 6 17
161269 51 0 0 2 6 18
164285 20 0 0 2 6 16
172403 52 1 0 2 6 18
178936 77 0 0 2 6 18
179030 50 1 1 2 6 21
180437 29 1 0 2 6 18
182177 81 0 0 2 6 18
183631 96 0 0 2 6 18
183635 58 0 0 2 6 18
187522 20 0 0 2 6 18
192176 101 0 0 2 6 16
193217 77 1 0 2 6 18
194816 62 1 0 2 6 19
195362 62 0 0 5 5 17
196720 71 1 0 2 6 18
196882 105 1 0 2 6 16
199132 103 1 1 2 6 17
202072 31 0 1 2 5 20
208126 111 1 1 2 6 20
208835 78 0 1 2 6 19
210012 111 1 0 2 6 15
222723 19 0 0 9 6 25
229702 118 1 1 7 6 19
231596 58 0 0 2 6 16
232997 39 0 1 2 6 18
233229 43 1 1 2 6 17
233403 44 0 1 2 6 22
233406 50 1 0 2 6 18
233492 248 1 0 2 6 19
233495 34 0 1 4 6 17
233748 31 0 0 2 6 17
233759 64 1 1 2 6 19
233762 72 1 1 2 6 19
236824 25 0 0 2 6 18
256431 20 0 0 2 6 15
261750 17 0 1 2 6 35
272780 25 0 1 2 6 17
273791 29 0 0 1 5 17
284560 57 1 0 2 6 18
287939 97 1 0 2 6 21
300933 11 1 0 2 5 15
301177 54 1 0 2 6 15
303130 50 0 0 2 5 15
305726 53 1 0 2 6 19
316687 36 0 0 2 5 12
316770 48 1 0 2 6 15
321053 19 0 0 2 6 18
321476 23 1 0 2 5 17
351032 30 1 1 2 6 15
370761 28 0 1 2 6 17
390472 94 1 0 2 6 17
391525 32 0 0 4 6 20
394740 113 1 0 2 6 16
401625 100 1 1 2 6 18
401707 24 1 1 2 6 18
401710 26 0 1 2 5 18
409283 98 1 1 2 6 17
409703 96 1 0 2 6 18
410660 46 0 0 2 6 16
415576 38 0 0 2 6 20
415688 11 0 1 2 6 16
417295 27 0 0 2 6 18
417438 26 0 0 2 6 20
426416 24 0 0 4 6 15
426896 46 1 0 2 5 17
430500 17 1 1 2 6 17
439990 57 1 0 2 6 17
441897 108 1 0 2 6 17
443799 96 1 0 2 6 17
455860 68 1 0 2 6 18
461995 37 0 0 4 6 17
469454 87 1 0 2 6 15
472631 8 1 0 2 6 19
473356 29 0 0 2 6 18
474284 115 1 1 2 6 18
475192 37 1 0 2 6 18
479240 34 1 1 2 6 14
482419 37 1 0 2 6 17
506843 32 0 1 2 6 18
512004 46 1 0 2 5 17
512089 38 1 1 2 6 18
544211 33 1 0 2 5 16
546068 41 0 0 2 6 19
553765 45 1 0 2 6 16
557624 15 0 0 2 6 22
574099 24 0 0 2 6 16
582279 48 1 1 2 6 17
592745 44 1 0 2 6 21
602605 41 0 1 4 6 20
604667 27 1 1 2 6 22
605394 59 1 0 2 6 21
616625 31 1 1 2 6 17
627787 8 1 0 2 5 15
627804 32 1 0 2 6 18
638410 32 1 1 2 6 20
652040 19 0 0 2 6 26
652274 32 0 0 2 6 16
655595 31 1 0 2 6 16
658831 33 1 0 2 6 18
659189 36 1 1 2 6 18
659564 69 1 1 2 6 17
660874 24 0 0 2 6 17
670401 8 1 1 2 5 18
670667 32 1 1 2 6 18
687842 10 1 1 2 5 19
695952 24 0 1 2 6 18
765670 5 0 0 6 6 18
771949 19 0 1 4 6 19
776930 23 0 1 4 6 18
785836 38 1 1 2 6 22
787143 18 1 0 8 5 19
830676 31 1 1 2 6 23
831110 32 1 0 2 6 17
847806 26 0 1 2 6 23
862258 32 1 1 2 6 17
863190 19 1 1 2 6 18
875389 31 1 1 2 6 21
900992 5 1 0 2 5 21
921905 15 1 0 2 5 15
958610 27 1 1 4 6 18
969468 7 1 0 2 5 18
1051350 3 0 0 2 5 15
1061541 6 1 1 2 6 17
1145919 6 1 1 2 6 17
1146553 2 0 0 2 5 16
1146647 4 1 0 1 6 17
1146771 5 0 0 2 6 30
