26080
19
1421
26080 97 1 0 0 6 20
930 34 1 0 0 6 21
2062 63 1 1 0 6 22
2103 120 0 1 0 6 23
2231 71 1 1 0 6 25
2874 90 1 1 0 6 21
3427 165 1 1 0 6 22
4699 168 1 1 0 6 21
5205 43 0 1 2 6 22
5602 53 0 1 0 6 24
6855 51 0 1 0 5 23
7352 197 1 1 0 6 21
7386 92 0 1 0 6 24
7874 78 0 1 0 6 20
8126 86 1 1 0 6 21
8155 38 0 0 0 6 23
11333 35 1 1 0 5 22
11863 41 1 1 3 6 20
13148 70 0 1 0 6 21
13267 53 1 1 0 5 25
13829 74 0 0 0 6 21
14109 95 1 0 0 6 21
14576 56 0 0 0 6 20
14704 61 1 1 0 6 22
14769 35 0 1 0 6 21
15947 115 1 1 0 6 22
16668 56 1 0 0 6 22
16837 122 1 1 0 6 21
17506 31 0 1 4 6 21
17793 30 0 1 0 5 32
17977 71 1 1 0 5 20
18079 57 0 1 4 6 21
18166 128 1 0 0 6 19
18455 105 1 1 0 6 23
18632 109 1 0 0 6 21
18770 35 0 1 0 6 22
19689 16 0 1 0 5 24
20259 30 1 1 0 6 23
21505 114 1 1 0 6 22
22494 64 1 1 0 6 27
22566 32 0 0 1 6 21
23122 164 1 1 0 6 24
23166 32 0 1 0 6 21
23592 59 0 1 4 6 21
23856 16 0 0 0 6 20
25302 14 1 1 0 6 21
25604 109 1 0 0 6 21
26313 17 0 1 0 6 22
26770 136 1 1 0 6 20
26973 80 1 1 0 6 21
27997 147 1 1 0 6 23
28903 105 1 1 0 6 22
29974 47 0 1 0 6 21
30478 76 1 1 0 6 21
31087 103 1 1 0 6 24
32113 21 0 1 0 6 21
32224 36 1 1 0 6 23
32448 35 0 0 0 6 22
33472 64 1 0 0 6 20
33477 124 1 1 0 6 21
34800 14 0 1 0 6 20
35053 78 1 1 0 6 24
36437 139 1 0 0 6 22
36931 73 0 0 0 6 21
37443 41 0 1 0 6 23
41926 42 1 1 0 6 20
42707 30 1 1 0 6 21
44041 109 1 1 0 6 24
51268 46 0 1 0 6 21
57991 38 0 1 0 6 21
58970 23 1 1 0 6 36
59703 11 0 0 0 6 21
61547 20 0 1 0 6 25
61548 28 1 1 0 6 25
61652 22 0 0 0 6 23
62291 55 1 1 1 6 24
67666 18 0 0 0 5 21
70808 66 1 1 0 6 25
75484 26 0 1 0 6 23
78153 5 0 1 0 6 27
78732 24 0 1 0 6 21
78788 28 0 1 0 5 21
80892 6 1 1 0 5 25
88809 22 0 0 0 6 20
114527 13 1 0 0 6 25
143062 23 1 1 0 6 24
146027 47 1 1 0 6 24
157466 47 0 1 0 6 21
179787 29 1 1 0 6 23
180429 38 1 1 0 6 24
202598 8 1 1 0 6 22
239794 32 1 1 4 6 31
245113 13 0 1 4 6 24
293010 14 1 0 0 6 21
357496 15 1 1 4 6 7
383926 93 1 1 0 6 18
383927 35 1 0 1 6 20
384036 6 0 1 0 6 28
