41680
19
1303
41680 98 1 1 0 6 21
144 109 1 1 4 6 22
654 64 0 0 0 6 19
663 66 0 0 9 6 21
833 44 0 0 4 6 20
1785 78 1 1 4 6 21
2693 117 1 0 0 6 22
2874 90 1 1 0 6 21
3316 63 0 0 4 6 18
3363 140 1 0 0 6 22
3820 37 0 1 4 6 25
4710 78 1 1 0 6 21
4827 106 1 1 0 6 21
4847 69 0 0 0 6 24
5501 50 0 1 4 6 23
5895 162 1 0 0 6 19
6317 40 1 0 0 6 21
6767 137 1 1 0 6 22
7177 36 1 0 0 6 25
7372 58 1 1 0 6 21
7466 37 1 1 0 6 21
7470 37 0 1 0 6 21
7732 49 1 1 0 6 21
8640 121 1 1 0 6 23
8788 113 1 0 0 6 21
9974 36 0 0 0 6 22
11333 35 1 1 0 5 22
13283 173 1 0 0 6 19
13286 32 0 0 0 6 20
13733 120 1 0 0 6 21
13829 74 0 0 0 6 21
13989 50 1 1 0 6 23
15068 144 1 0 0 6 20
15559 67 0 1 4 6 21
15767 84 0 0 0 6 20
16156 61 1 1 0 6 21
16575 52 0 1 0 6 20
16779 51 1 1 0 6 23
17442 26 0 0 0 6 21
17443 60 1 0 0 6 21
18157 40 0 1 0 6 21
18164 36 1 1 0 6 21
18168 32 0 1 0 5 21
18217 70 0 0 0 6 22
18452 39 1 1 0 6 22
18455 105 1 1 0 6 23
18632 109 1 0 0 6 21
19745 59 1 1 0 6 21
20088 145 1 1 0 6 26
21647 30 0 0 0 6 21
22055 69 0 0 0 6 20
22925 28 1 1 0 6 22
23059 58 0 1 0 6 21
23191 48 1 0 0 6 21
23592 59 0 1 4 6 21
24044 77 1 1 0 6 21
25207 36 0 1 0 6 22
25257 49 1 1 0 5 24
25367 64 1 0 0 5 21
25434 78 1 1 4 6 21
25436 30 0 1 0 6 25
25510 149 1 1 0 5 24
25982 39 1 1 0 6 20
26268 48 0 0 0 6 19
26928 62 1 1 0 6 24
27282 31 1 1 0 6 22
27289 80 1 0 4 6 19
28248 47 0 1 0 6 21
28837 38 0 0 0 6 24
30047 28 0 0 0 6 20
31173 152 1 0 0 6 19
32921 50 1 1 0 6 23
33483 109 1 0 0 6 21
40620 25 0 1 0 6 24
41035 33 0 0 0 6 25
41195 27 0 1 0 6 21
41420 148 1 0 0 6 22
41682 63 0 0 0 6 22
42534 37 1 0 0 6 21
43675 56 1 0 0 6 20
44273 33 1 1 0 6 21
46111 66 1 1 0 6 19
47791 76 1 0 0 6 22
47834 19 1 0 0 5 20
50165 25 0 0 0 5 21
50268 43 1 0 0 6 22
50948 130 0 0 4 6 19
60302 25 0 0 0 6 32
68516 56 1 1 0 6 21
74498 55 1 1 0 6 21
74991 45 1 0 0 6 21
76440 30 0 1 0 6 20
77835 56 0 0 0 6 22
85971 35 0 1 4 6 22
121662 18 0 1 0 6 22
152392 16 0 0 0 6 24
165476 33 1 0 0 6 20
175205 12 0 1 0 6 31
236215 12 1 1 0 6 21
