16837
19
1296
16837 122 1 1 0 6 21
505 77 1 1 0 6 24
1057 47 0 0 4 6 20
1801 49 1 0 0 6 23
2032 124 0 0 1 6 20
2043 68 0 0 0 6 20
2253 79 1 0 0 5 20
4948 103 1 1 0 6 21
5893 109 1 0 0 6 20
6325 83 1 0 0 6 21
7735 82 1 0 0 5 20
7874 78 0 1 0 6 20
8038 98 1 0 0 6 21
8044 82 1 1 0 6 23
8126 86 1 1 0 6 21
8231 103 1 1 0 6 19
8443 78 1 1 0 6 22
8448 51 1 1 0 6 21
8470 118 1 1 0 6 26
9409 32 0 0 3 6 22
11863 41 1 1 3 6 20
12254 26 0 0 0 6 23
13272 58 1 0 0 6 20
13283 173 1 0 0 6 19
14440 157 1 1 0 6 27
14704 61 1 1 0 6 22
15068 144 1 0 0 6 20
16305 35 1 1 0 6 20
16668 56 1 0 0 6 22
16741 105 1 0 0 6 20
16791 153 1 0 0 6 20
17401 124 1 0 0 6 20
17601 7 0 1 0 6 24
17702 110 1 0 0 6 21
18216 98 1 0 0 6 19
18242 99 1 0 4 6 20
18632 109 1 0 0 6 21
20191 30 0 1 0 6 23
20444 42 0 0 0 6 19
21487 73 0 1 0 6 24
21647 30 0 0 0 6 21
22007 104 1 0 0 6 20
22055 69 0 0 0 6 20
22100 30 0 0 0 6 19
22146 320 1 0 0 6 20
22186 67 1 0 0 6 19
22435 10 0 0 4 6 21
22566 32 0 0 1 6 21
23637 99 1 0 0 6 21
25207 36 0 1 0 6 22
25514 165 1 1 0 6 23
25603 54 1 1 0 6 22
26080 97 1 0 0 6 20
26161 37 0 0 0 6 18
27056 98 1 1 5 6 21
27650 57 1 0 0 6 20
29016 59 1 0 4 5 21
29026 41 0 0 0 6 21
30091 34 1 0 0 6 22
31161 48 1 0 0 6 21
33472 64 1 0 0 6 20
33483 109 1 0 0 6 21
36174 63 1 1 0 6 21
36437 139 1 0 0 6 22
38986 82 1 0 0 6 21
41116 39 1 0 1 6 20
41634 27 0 1 0 6 21
41682 63 0 0 0 6 22
41926 42 1 1 0 6 20
42363 65 1 0 0 6 17
43139 105 1 0 0 6 20
43265 96 1 0 0 6 20
44046 54 1 0 0 6 21
47293 155 1 0 7 6 21
49137 43 1 1 0 5 27
49163 130 1 1 0 6 20
49728 113 1 1 0 6 24
50165 25 0 0 0 5 21
56984 34 1 1 0 6 21
57274 35 1 1 0 6 21
63250 36 1 1 0 6 23
64082 76 1 0 0 6 20
64345 85 0 1 3 5 23
64733 30 0 1 0 6 21
70663 34 1 1 0 6 20
70808 66 1 1 0 6 25
77154 116 1 1 1 6 23
89567 158 1 0 0 6 22
110589 153 1 0 3 6 19
118661 90 1 0 0 6 21
123690 58 0 0 2 6 20
139903 53 1 0 0 6 23
143955 16 0 1 8 5 26
153000 45 1 0 2 6 22
168873 98 1 1 0 6 22
178778 26 1 1 0 6 25
186455 54 1 1 4 6 23
188862 69 0 0 3 6 19
191700 55 0 0 7 6 23
217685 59 0 0 4 6 22
221397 47 1 1 0 6 21
233230 13 1 1 9 6 21
268263 65 1 1 7 6 26
270252 18 0 0 0 6 22
270253 89 0 0 6 6 21
282020 38 1 0 0 6 20
291965 53 1 1 1 4 23
292305 80 0 0 1 6 22
292561 24 0 0 0 6 22
293359 59 1 0 3 6 20
293360 31 1 1 0 6 25
293407 20 0 0 4 6 21
293408 14 0 1 3 6 26
293449 26 0 0 1 6 23
293450 38 0 0 3 6 24
293550 25 0 1 1 6 24
293556 29 0 0 0 5 20
293565 37 1 1 5 6 25
293625 44 0 0 7 6 22
315202 16 1 1 0 6 23
318063 94 1 0 8 6 19
850857 55 1 1 1 6 25
1131829 10 1 0 1 6 21
