110674
19
1339
110674 40 0 0 0 6 21
4836 114 1 1 0 6 25
7382 35 1 1 0 6 23
8038 98 1 0 0 6 21
8470 118 1 1 0 6 26
12523 126 1 0 0 5 21
13831 27 1 0 0 5 21
14440 157 1 1 0 6 27
16034 112 1 1 0 6 26
16791 153 1 0 0 6 20
19420 60 1 1 0 5 21
20454 118 1 0 0 6 24
23848 60 1 1 0 6 24
25262 78 1 1 1 6 29
25357 47 1 1 0 6 28
25510 149 1 1 0 5 24
27902 51 1 0 0 6 21
30035 62 1 0 0 6 23
30092 39 1 0 0 6 30
31087 103 1 1 0 6 24
38641 35 1 0 0 6 21
41311 89 1 1 1 6 27
43753 47 1 1 0 6 21
47300 52 1 1 5 6 22
47374 24 1 1 0 6 21
49258 43 1 0 0 6 21
49728 113 1 1 0 6 24
50551 60 1 1 1 6 27
62575 33 1 1 0 6 24
63830 50 1 0 0 6 20
64960 17 1 1 0 6 29
70900 30 1 1 0 6 26
73371 92 1 1 0 6 20
81112 55 1 1 0 6 24
186490 95 1 0 0 6 23
274138 23 1 1 0 5 18
291829 27 1 0 3 6 24
293342 26 1 0 0 6 21
338597 25 1 0 0 6 21
338600 34 1 0 0 6 23
367014 18 1 0 0 6 24
