18454
19
1447
18454 88 1 1 0 6 24
681 138 1 1 4 6 21
1047 84 1 0 0 6 20
2103 120 0 1 0 6 23
2609 109 1 0 0 5 21
2857 58 1 0 0 6 22
2874 90 1 1 0 6 21
3006 111 1 0 0 6 23
3050 35 0 0 0 6 24
3729 68 0 0 0 6 19
4135 29 0 0 4 6 22
5508 79 1 1 0 6 21
6966 75 0 0 0 6 20
7179 76 1 0 0 6 24
7354 83 1 0 0 6 22
8038 98 1 0 0 6 21
8117 34 1 1 0 6 23
8788 113 1 0 0 6 21
11717 30 1 1 0 6 23
12416 86 1 0 0 6 21
13215 24 1 1 0 6 27
13734 61 1 0 0 6 21
13829 74 0 0 0 6 21
15961 72 1 1 0 6 24
17071 17 1 0 0 6 21
17698 70 0 0 0 6 20
18160 67 1 0 0 6 21
18169 57 0 0 0 6 21
18780 120 1 1 0 6 24
19556 51 1 1 0 6 28
20239 18 0 1 0 6 24
20371 37 0 1 0 6 22
20450 54 1 0 0 6 21
20632 100 1 0 0 6 22
22840 36 0 1 0 6 20
26898 113 1 0 0 6 20
26899 71 1 1 0 6 25
27741 20 0 1 0 6 28
28908 111 1 1 0 6 23
29409 16 1 1 0 6 25
32744 51 1 0 0 6 23
33361 79 0 1 0 6 23
33483 109 1 0 0 6 21
34448 46 0 1 0 5 23
34638 36 1 0 0 6 11
37013 52 1 1 0 6 28
37200 49 1 0 0 6 21
40315 57 1 0 0 6 26
40956 27 0 1 0 6 23
41420 148 1 0 0 6 22
43993 10 1 1 0 6 27
53278 39 0 0 0 6 28
58506 30 0 0 0 6 25
60809 57 1 0 0 6 20
61733 93 1 0 0 6 22
62207 38 1 1 0 6 22
67282 16 0 1 0 6 24
70807 77 1 1 0 6 27
71448 38 1 0 0 6 24
78331 44 0 0 0 6 24
78816 24 1 0 0 6 22
82676 44 1 0 0 6 25
96261 32 1 0 0 6 20
99738 25 1 0 0 5 27
118423 36 0 0 0 6 22
120816 16 0 1 0 6 31
120819 23 1 1 0 6 25
120989 6 0 1 0 6 28
124441 53 1 1 0 6 23
133573 32 0 0 0 6 25
141299 23 0 0 0 6 26
149561 30 0 0 8 6 20
179379 12 0 1 0 6 33
185558 53 1 0 0 6 27
226283 16 0 0 0 6 27
255879 13 1 0 0 6 27
262553 16 0 0 0 6 23
274351 31 1 0 0 6 23
281443 9 0 0 0 5 27
306472 27 1 0 4 6 23
307303 61 1 0 0 6 29
307305 23 0 0 4 6 21
307325 21 1 1 0 6 29
307327 18 1 0 0 6 27
307328 14 0 0 0 6 24
307339 4 0 1 0 5 28
307340 11 1 1 4 6 31
307366 43 1 0 4 6 27
466590 57 1 0 7 6 21
