8031
19
1486
8031 144 1 0 0 6 21
136 40 1 1 0 6 22
773 61 0 0 0 6 21
877 12 0 1 0 6 23
2484 111 1 1 0 6 22
2485 79 1 1 0 6 21
2604 66 1 0 0 6 24
2788 21 0 1 0 6 23
2829 102 1 1 0 6 23
3310 112 1 1 0 6 22
4850 28 0 1 0 6 23
5174 105 1 1 0 6 22
5192 122 1 1 0 6 22
5500 66 1 1 0 6 23
6331 60 0 0 0 6 22
7258 55 0 1 0 6 23
7378 10 0 1 0 6 22
7854 58 1 1 0 5 22
7874 78 0 1 0 6 20
8137 33 1 1 0 5 22
8578 56 1 1 0 6 22
8579 82 1 1 0 6 22
9504 74 0 1 0 6 22
9779 48 1 0 0 6 22
12003 103 1 0 0 6 22
14097 62 1 1 0 6 24
15099 49 1 0 9 6 23
15481 52 0 1 0 6 22
15660 73 1 1 0 6 24
17397 83 1 0 0 6 23
17889 49 0 1 0 6 25
18217 70 0 0 0 6 22
19307 40 0 1 0 6 26
19578 50 0 1 0 6 27
19756 47 1 0 0 6 22
19771 34 1 0 0 6 24
19921 78 1 0 0 6 23
20632 100 1 0 0 6 22
20711 39 0 0 0 5 22
20875 50 1 1 0 5 25
22561 84 0 1 0 6 24
22577 23 0 0 0 6 22
22620 20 0 1 0 6 28
22791 72 1 1 0 6 24
22793 43 1 1 0 6 21
23139 158 1 1 0 6 25
24310 25 0 1 0 6 22
25198 31 0 0 0 6 26
25359 75 1 0 0 6 20
25514 165 1 1 0 6 23
25844 37 1 0 0 6 25
25915 60 0 1 0 6 21
26886 25 0 1 0 6 21
26977 27 1 1 0 6 28
26992 26 0 1 0 6 23
27326 44 1 1 0 6 24
29286 38 0 1 0 6 23
29289 19 0 1 0 6 25
29658 50 1 1 0 6 31
29706 40 0 0 0 6 21
30676 55 1 1 0 6 22
32235 14 0 0 0 5 25
32489 70 1 0 0 6 23
34359 32 1 1 0 6 24
36174 63 1 1 0 6 21
36386 55 0 1 0 5 25
36931 73 0 0 0 6 21
38728 29 1 0 0 6 24
40802 24 1 1 0 6 23
42921 46 0 1 0 6 20
43056 100 1 1 0 6 26
44754 30 0 0 0 6 29
44781 42 1 0 0 6 22
45250 26 0 0 0 6 27
52447 30 1 1 0 6 23
52505 43 1 0 0 6 22
53077 13 0 0 0 6 24
53400 27 0 1 0 6 27
55775 89 1 1 0 6 23
57166 43 1 0 0 6 22
58801 8 0 1 0 6 22
60632 37 1 1 4 6 22
61450 36 0 1 0 6 22
61731 16 1 1 0 6 28
61761 22 0 1 0 6 25
62019 40 1 1 0 6 28
62165 24 1 1 0 5 26
62286 42 1 0 0 6 22
62294 35 0 0 0 5 22
62486 31 1 1 0 6 22
62783 47 1 0 0 6 21
64516 30 1 1 0 6 27
64878 19 1 0 0 6 28
64955 16 0 0 0 6 24
65011 16 1 0 0 6 23
65015 22 1 1 0 6 25
67223 23 1 1 0 6 25
69535 33 0 1 0 6 29
71764 46 1 1 0 6 25
72904 32 1 1 0 6 22
75066 35 0 0 0 6 21
75297 29 1 0 0 6 21
80194 11 1 1 0 6 36
81847 30 0 1 0 6 24
85999 20 0 1 4 6 29
93007 14 0 0 0 6 24
104513 24 0 0 0 6 24
110243 29 0 1 0 6 27
113465 33 0 0 0 6 23
114465 18 0 1 0 6 23
120615 51 0 0 0 6 23
124525 32 1 0 0 6 23
126341 31 1 0 0 6 21
132928 19 1 1 0 6 24
137970 23 0 1 0 6 27
156346 29 1 1 0 6 27
163970 47 1 1 0 5 23
165663 20 0 0 0 6 26
170954 8 0 1 0 6 25
174749 14 0 0 0 6 29
174750 23 1 1 0 6 24
174751 8 0 1 0 6 26
174752 16 1 0 0 6 25
174753 14 0 0 0 6 24
174810 10 0 0 0 6 22
174812 12 0 1 0 6 29
174813 17 1 0 0 6 25
174816 7 1 0 0 3 25
174949 14 1 0 0 6 21
175016 12 0 1 0 6 24
175017 9 1 1 0 6 23
175018 15 1 0 0 5 22
175084 34 1 0 0 6 22
175089 25 1 0 0 6 22
176532 10 1 1 0 5 24
176534 8 0 1 0 6 29
176591 60 1 1 1 6 24
176593 7 0 1 0 6 28
176641 8 0 1 0 5 27
176643 22 1 1 0 6 22
176716 15 0 1 0 6 29
176717 10 0 1 0 5 24
176718 15 0 1 0 6 23
176719 25 1 1 0 6 25
176952 18 0 0 0 6 23
