8640
19
1301
8640 121 1 1 0 6 23
60 209 1 0 0 6 19
579 85 0 0 0 6 22
711 90 1 0 0 6 23
2032 124 0 0 1 6 20
2043 68 0 0 0 6 20
2235 33 0 0 0 6 21
3145 60 0 1 0 6 23
3252 36 1 0 0 6 21
3375 80 1 1 0 6 22
3387 73 1 1 0 6 22
3492 27 0 0 0 6 24
3588 85 1 0 0 6 22
3832 98 0 0 0 6 24
4836 114 1 1 0 6 25
4847 69 0 0 0 6 24
5089 85 1 1 0 6 24
5192 122 1 1 0 6 22
6317 40 1 0 0 6 21
6767 137 1 1 0 6 22
8045 36 0 0 0 5 20
8129 126 1 0 0 6 22
8230 57 0 1 0 6 20
8361 87 1 0 0 6 20
8443 78 1 1 0 6 22
8545 49 0 1 0 6 22
9504 74 0 1 0 6 22
11571 202 1 0 0 6 19
13022 11 1 1 0 6 29
13606 46 1 0 0 5 24
13891 65 1 0 0 6 22
14853 145 1 1 8 6 24
14984 47 0 0 0 6 24
15052 114 1 0 0 6 20
15080 45 1 1 0 6 28
15275 19 0 1 0 6 28
15959 59 1 1 0 6 23
16791 153 1 0 0 6 20
18455 105 1 1 0 6 23
18780 120 1 1 0 6 24
18980 73 0 1 0 6 25
19090 73 1 0 0 6 23
19302 19 0 1 0 5 24
19709 26 1 1 4 6 24
20632 100 1 0 0 6 22
20696 41 1 0 0 6 24
21092 28 0 1 0 6 23
21305 17 0 1 0 6 23
21647 30 0 0 0 6 21
21714 61 0 1 0 6 23
22977 87 0 0 0 6 22
22992 46 1 1 0 6 22
23191 48 1 0 0 6 21
25207 36 0 1 0 6 22
25256 72 0 1 0 6 22
25510 149 1 1 0 5 24
25514 165 1 1 0 6 23
25519 31 1 1 0 6 23
25978 19 1 0 0 6 20
25986 9 0 1 1 6 23
26812 56 0 0 4 6 22
28475 140 1 0 9 6 17
32179 55 1 1 0 5 22
33472 64 1 0 0 6 20
34477 57 0 0 4 6 19
36174 63 1 1 0 6 21
36309 37 0 1 0 6 23
38568 67 1 1 4 6 23
41277 41 0 1 0 6 24
41680 98 1 1 0 6 21
41682 63 0 0 0 6 22
42221 21 0 0 0 6 26
44690 36 1 1 0 6 22
45823 74 1 0 0 6 22
46357 55 0 0 0 6 21
46584 44 1 1 0 6 24
46658 115 1 0 0 6 22
47791 76 1 0 0 6 22
48709 99 1 0 2 6 22
52425 20 0 0 0 6 20
52595 92 1 0 0 5 21
60637 17 0 1 0 6 26
61617 76 1 1 0 6 24
62291 55 1 1 1 6 24
68405 65 0 1 0 6 26
70417 87 1 0 0 6 22
72903 22 1 1 0 6 23
75584 40 0 1 4 6 23
76432 53 0 0 0 6 21
77376 11 0 1 9 6 23
79804 56 1 0 0 6 23
79908 42 0 0 0 6 21
81100 25 0 0 0 6 22
81112 55 1 1 0 6 24
82353 28 0 0 0 6 23
85764 64 1 0 0 5 23
89439 32 1 0 0 6 23
100709 61 1 1 0 6 23
113472 96 1 0 0 6 24
114465 18 0 1 0 6 23
114575 20 1 1 0 6 20
116418 27 0 0 0 6 21
121341 42 1 0 0 6 22
130383 31 1 1 0 6 29
144774 46 1 1 0 6 24
145224 23 1 0 0 6 23
150386 107 1 0 8 6 24
156346 29 1 1 0 6 27
156447 27 1 1 0 5 27
162204 72 1 1 0 6 23
163168 54 0 1 2 5 25
173816 20 1 1 0 6 22
184086 14 0 0 0 5 23
189588 6 1 0 0 6 8
190687 21 1 1 0 6 22
190761 28 0 0 2 6 21
190769 5 1 1 6 6 22
190828 41 1 1 0 5 30
190846 44 1 0 0 6 25
191208 45 1 0 0 6 20
191209 31 1 0 2 6 21
191210 29 0 0 0 6 25
