13829
19
1404
13829 74 0 0 0 6 21
754 108 1 1 0 6 20
801 154 1 1 0 6 21
1047 84 1 0 0 6 20
2231 71 1 1 0 6 25
3467 201 1 1 0 6 20
3497 94 1 1 0 6 21
3629 121 1 1 0 6 20
4710 78 1 1 0 6 21
5369 80 1 1 0 6 24
5508 79 1 1 0 6 21
6995 93 1 0 0 6 27
7373 75 1 1 0 6 23
8038 98 1 0 0 6 21
8044 82 1 1 0 6 23
8231 103 1 1 0 6 19
8433 131 1 1 0 6 21
8678 95 1 1 0 6 22
8788 113 1 0 0 6 21
8789 156 1 1 0 6 22
11514 120 1 1 0 5 21
14242 140 1 1 0 6 23
14440 157 1 1 0 6 27
15750 136 1 1 0 6 20
15855 48 1 1 0 6 20
17062 74 1 1 0 6 21
17387 47 1 0 0 6 21
17443 60 1 0 0 6 21
17616 33 1 0 0 6 22
18166 128 1 0 0 6 19
18326 49 1 1 0 6 21
18452 39 1 1 0 6 22
18454 88 1 1 0 6 24
18583 103 1 0 0 6 18
19937 120 1 1 0 6 28
20563 135 1 0 0 6 23
22987 79 1 1 0 6 23
23542 44 1 1 0 6 22
25510 149 1 1 0 5 24
26062 44 1 1 0 6 26
26080 97 1 0 0 6 20
26898 113 1 0 0 6 20
26899 71 1 1 0 6 25
26973 80 1 1 0 6 21
27997 147 1 1 0 6 23
28908 111 1 1 0 6 23
29210 121 1 1 0 6 21
29540 102 1 1 0 6 23
29572 66 1 0 0 6 21
31090 72 1 1 4 6 21
31821 34 1 1 0 5 23
33483 109 1 0 0 6 21
41680 98 1 1 0 6 21
42037 106 1 1 0 6 21
42707 30 1 1 0 6 21
46913 42 1 1 0 6 22
49728 113 1 1 0 6 24
51869 60 1 1 0 6 21
53195 38 1 1 0 6 21
53211 70 1 1 0 6 21
61440 53 1 0 0 6 21
62207 38 1 1 0 6 22
64983 19 1 1 0 6 21
68836 58 1 1 0 6 23
71764 46 1 1 0 6 25
71841 57 1 1 0 6 24
73309 66 1 0 0 6 20
80888 50 1 0 4 6 27
96261 32 1 0 0 6 20
104843 35 1 1 0 6 20
118271 15 1 1 0 6 22
235571 25 1 1 0 6 25
244744 15 1 0 0 5 17
249520 32 1 0 0 6 20
578429 8 1 1 0 5 27
