228408
19
406
228408 36 1 0 7 6 13
62130 24 1 1 7 6 13
78182 14 1 0 7 6 12
106850 49 0 0 7 6 15
114348 294 1 1 7 6 17
159925 90 1 1 7 6 14
174356 182 1 1 1 6 16
189900 13 1 0 7 5 13
213522 55 1 0 7 6 13
238908 102 1 0 7 6 20
260838 13 0 1 7 6 11
357217 28 1 1 7 6 13
401581 18 1 1 7 6 15
447534 31 1 1 1 6 16
496255 61 1 0 7 6 19
497187 79 1 0 7 6 24
503419 19 1 0 7 6 11
514489 46 1 1 2 6 14
544595 21 1 0 7 6 15
591674 67 1 1 7 6 9
598186 31 1 1 7 6 14
645652 40 1 1 7 6 12
689351 16 1 1 7 6 13
691354 17 1 0 7 6 14
691355 6 1 1 7 6 12
691365 17 0 1 7 6 13
691474 18 1 1 7 6 13
777313 24 1 0 7 5 14
778944 46 1 1 2 6 13
827202 24 1 1 7 6 15
828678 34 1 0 7 6 17
832282 79 1 0 7 6 19
1138903 4 1 1 7 6 15
1139875 4 1 0 7 6 14
1139876 1 1 0 7 5 15
1139877 1 1 1 7 5 12
1139883 11 1 0 7 6 9
