8038
19
1402
8038 98 1 0 0 6 21
136 40 1 1 0 6 22
1741 22 0 1 0 6 27
1758 113 1 1 0 6 21
2309 57 1 0 0 6 22
2362 64 0 1 0 6 21
2720 59 1 1 0 6 21
2874 90 1 1 0 6 21
3148 57 0 1 0 6 24
4951 56 1 1 0 6 28
5095 13 0 1 0 6 28
5238 49 1 1 0 6 24
5500 66 1 1 0 6 23
6771 451 1 1 2 6 23
6870 63 1 1 0 6 22
8044 82 1 1 0 6 23
8126 86 1 1 0 6 21
8444 112 1 1 0 6 23
8448 51 1 1 0 6 21
13829 74 0 0 0 6 21
14440 157 1 1 0 6 27
14760 91 1 1 0 6 23
15559 67 0 1 4 6 21
16791 153 1 0 0 6 20
16837 122 1 1 0 6 21
17064 75 1 1 4 6 25
17387 47 1 0 0 6 21
17401 124 1 0 0 6 20
18454 88 1 1 0 6 24
19636 36 1 1 6 5 24
19865 139 1 1 0 6 19
19937 120 1 1 0 6 28
20371 37 0 1 0 6 22
21326 25 0 1 0 6 24
22184 44 0 1 0 6 22
22840 36 0 1 0 6 20
23956 53 1 1 0 6 21
25308 51 1 1 0 5 24
25439 130 1 1 0 6 25
25510 149 1 1 0 5 24
25514 165 1 1 0 6 23
25521 25 0 1 0 6 24
26898 113 1 0 0 6 20
26899 71 1 1 0 6 25
26973 80 1 1 0 6 21
28903 105 1 1 0 6 22
29596 94 1 0 0 6 22
29629 37 1 0 0 6 21
32714 59 1 1 0 6 21
33356 28 0 1 0 6 21
33359 46 0 0 0 6 22
33361 79 0 1 0 6 23
33409 84 1 0 0 6 19
33411 59 1 1 0 6 24
33469 51 1 1 0 6 23
33472 64 1 0 0 6 20
33475 43 1 1 9 6 24
33483 109 1 0 0 6 21
35053 78 1 1 0 6 24
36187 68 1 0 0 6 21
37167 74 1 0 0 6 20
38007 20 0 0 0 6 20
39141 50 1 0 8 6 26
39629 137 1 1 0 6 19
40544 39 0 1 0 6 21
41641 39 0 0 0 6 20
42447 50 1 1 0 6 20
42450 71 1 0 0 6 21
42768 64 1 0 0 6 21
42770 19 0 1 0 6 21
42825 36 1 1 0 6 21
43669 41 0 1 0 6 24
44689 79 1 1 0 6 22
46357 55 0 0 0 6 21
47465 34 0 0 0 6 22
48024 35 0 1 0 6 22
58153 44 0 1 0 6 23
59248 38 1 0 0 6 21
60633 32 1 1 0 5 23
62207 38 1 1 0 6 22
63148 101 1 0 0 6 22
67282 16 0 1 0 6 24
71764 46 1 1 0 6 25
71841 57 1 1 0 6 24
73309 66 1 0 0 6 20
75263 21 1 1 0 6 27
75484 26 0 1 0 6 23
75584 40 0 1 4 6 23
75876 47 1 1 0 6 22
90752 42 1 0 0 6 22
97342 27 1 1 0 6 23
110674 40 0 0 0 6 21
158167 32 0 1 4 6 35
179376 35 1 0 3 6 20
179377 60 1 0 2 6 15
179379 12 0 1 0 6 33
179468 45 1 1 0 6 20
179469 25 1 1 4 6 20
179780 30 1 1 0 6 24
