8470
19
1428
8470 118 1 1 0 6 26
208 151 1 0 0 6 20
856 47 1 1 0 6 21
948 53 0 1 0 6 24
1821 141 1 0 0 6 20
2058 53 1 0 0 6 20
2147 128 0 0 0 6 18
2235 33 0 0 0 6 21
2236 81 1 0 0 6 22
2604 66 1 0 0 6 24
3461 164 1 0 0 6 18
3576 42 0 0 0 6 25
3594 20 0 0 0 6 23
5238 49 1 1 0 6 24
5895 162 1 0 0 6 19
6324 127 1 0 0 6 20
6331 60 0 0 0 6 22
6652 50 1 1 0 6 26
7386 92 0 1 0 6 24
7874 78 0 1 0 6 20
8044 82 1 1 0 6 23
8126 86 1 1 0 6 21
8443 78 1 1 0 6 22
11516 139 1 0 0 6 18
12335 118 1 0 0 6 18
13977 24 0 1 0 6 23
14216 83 1 0 0 6 20
14440 157 1 1 0 6 27
15068 144 1 0 0 6 20
15092 111 1 1 0 6 24
16156 61 1 1 0 6 21
16791 153 1 0 0 6 20
16837 122 1 1 0 6 21
17387 47 1 0 0 6 21
17394 37 0 0 0 6 21
17442 26 0 0 0 6 21
18333 50 0 1 0 6 26
18780 120 1 1 0 6 24
19023 59 0 1 0 6 26
19563 20 0 1 0 6 26
19812 147 1 1 0 6 20
23864 69 1 0 0 5 20
24044 77 1 1 0 6 21
24262 31 0 0 0 6 22
24942 18 0 1 0 5 22
25060 11 0 1 0 6 27
25307 23 1 1 0 6 25
25510 149 1 1 0 5 24
25840 10 0 0 0 6 25
26973 80 1 1 0 6 21
28019 21 0 0 0 6 23
31942 26 1 0 0 6 22
32222 24 0 1 0 6 26
32223 25 0 1 0 6 26
33470 41 1 1 0 6 25
33478 27 0 1 0 6 27
33553 19 0 0 0 6 22
34321 12 0 1 0 6 26
35252 67 1 0 0 6 22
38458 52 0 1 0 6 24
39873 31 1 0 0 6 24
40203 3 0 0 0 5 20
40586 26 1 1 0 6 25
41013 46 1 0 1 6 19
41138 42 1 0 0 6 24
41277 41 0 1 0 6 24
43675 56 1 0 0 6 20
43750 99 1 1 0 6 25
43833 52 0 0 0 6 24
44077 43 1 0 0 6 19
46592 22 0 0 0 6 20
48263 39 1 1 0 6 26
49728 113 1 1 0 6 24
51436 51 0 0 0 6 24
53278 39 0 0 0 6 28
56033 30 1 1 0 6 25
59290 36 1 0 0 6 21
61454 35 0 0 0 6 23
62291 55 1 1 1 6 24
63504 39 1 0 0 5 19
64983 19 1 1 0 6 21
70139 30 1 1 0 6 25
70660 35 0 1 0 5 23
70679 30 1 1 0 6 25
70716 19 0 1 0 5 28
72308 16 0 0 0 6 24
74133 17 0 0 0 6 24
81847 30 0 1 0 6 24
82056 25 1 1 1 6 22
82077 32 0 0 0 6 24
82668 45 0 0 0 6 21
84186 34 0 1 0 6 24
87776 82 1 1 0 6 25
88300 29 1 0 0 6 24
88812 54 1 0 0 6 24
110674 40 0 0 0 6 21
111371 19 1 1 0 6 24
133573 32 0 0 0 6 25
134783 43 1 0 0 5 22
137424 29 1 1 0 6 27
141784 41 0 0 3 6 23
142281 16 0 1 0 6 20
143248 27 0 0 0 6 23
143249 18 0 0 0 6 23
144614 18 1 1 0 6 25
153826 7 0 1 0 6 27
160598 44 1 0 0 5 22
180070 39 0 1 0 6 25
185979 57 1 1 4 6 24
186268 38 1 1 8 6 18
186347 5 0 1 0 6 26
186455 54 1 1 4 6 23
186456 6 0 1 0 6 22
186457 36 1 0 0 5 23
186490 95 1 0 0 6 23
186589 13 0 0 0 6 29
186609 18 1 1 0 6 23
186648 36 1 0 0 6 25
186649 5 0 1 1 6 30
