82110
19
1353
82110 34 1 0 0 6 24
3620 72 1 1 0 6 24
3713 29 0 1 0 6 24
4836 114 1 1 0 6 25
6337 74 1 1 0 6 23
8129 126 1 0 0 6 22
10266 53 0 1 0 6 24
16792 39 0 0 0 6 23
16793 47 1 0 0 6 21
18980 73 0 1 0 6 25
20187 59 1 1 0 5 21
20644 35 1 1 0 6 24
24756 33 1 1 0 6 24
25439 130 1 1 0 6 25
29768 91 1 0 0 6 21
33751 123 0 0 0 6 25
37298 18 0 0 0 6 22
38219 72 1 0 0 6 25
62636 24 1 1 0 6 24
62637 38 1 1 0 6 25
62782 35 1 0 0 6 23
65296 22 0 1 0 6 24
68584 36 1 1 0 6 25
81113 24 1 1 4 6 25
82168 10 0 0 0 6 23
82212 49 1 1 0 6 28
110564 30 1 1 0 6 25
110673 10 0 0 0 6 24
141375 59 1 0 0 6 23
158167 32 0 1 4 6 35
291640 10 0 0 0 6 24
291664 14 1 0 0 6 24
477025 5 0 0 6 6 29
625551 6 0 0 0 6 45
780344 2 1 0 0 6 24
