6800
19
1275
6800 112 1 1 0 6 23
77 28 0 1 0 6 23
572 54 0 0 0 6 21
779 51 0 0 4 6 20
951 61 0 0 0 6 20
2605 59 1 0 0 6 23
2843 313 1 0 4 6 22
3146 21 0 1 0 6 23
3220 101 1 0 0 6 21
3232 599 1 0 2 6 18
3375 80 1 1 0 6 22
3583 93 1 0 0 6 21
3924 44 0 0 0 6 21
4686 49 0 1 0 6 21
5025 55 0 0 0 6 24
5083 75 1 0 0 6 21
5168 52 0 0 0 6 21
5890 61 1 0 1 6 25
6385 67 1 0 0 6 23
6857 46 1 1 0 6 23
7005 15 0 0 0 6 24
8484 59 0 0 0 6 20
12003 103 1 0 0 6 22
12020 130 1 0 0 5 21
12176 103 0 0 0 6 19
13985 16 0 0 0 6 23
14114 61 0 0 0 6 20
14200 95 1 0 0 6 24
14211 64 1 0 0 6 23
15563 110 1 0 0 6 20
16632 96 0 1 0 6 22
17614 78 0 0 0 6 21
17743 58 0 1 0 6 20
20454 118 1 0 0 6 24
20824 79 1 0 0 6 22
21461 56 1 1 0 5 23
21590 23 0 1 0 6 22
22119 87 1 0 0 6 21
22476 60 1 1 0 6 25
22799 28 0 1 0 6 23
25301 41 1 1 0 5 23
25927 30 0 0 0 6 19
26164 39 1 0 0 5 18
26607 173 1 0 0 6 21
26877 116 1 0 0 6 21
26973 80 1 1 0 6 21
27164 81 1 0 0 6 20
27643 70 1 1 0 6 20
27668 54 0 0 4 5 21
28808 42 0 0 0 6 23
29555 38 0 1 0 6 27
29873 76 1 1 0 6 22
30815 99 0 1 0 6 21
31088 39 0 1 0 6 24
32729 136 1 1 0 6 21
33361 79 0 1 0 6 23
33374 33 1 1 0 6 23
34442 46 0 0 0 6 22
34796 50 1 0 0 6 24
36437 139 1 0 0 6 22
36566 32 1 0 0 5 22
38830 33 0 0 0 5 24
39543 178 1 0 0 6 22
41201 59 1 0 0 6 19
41420 148 1 0 0 6 22
42242 36 0 0 0 6 17
42296 57 1 0 0 6 21
42692 37 0 0 0 5 24
43029 82 0 0 8 6 20
43114 56 1 0 0 6 22
43125 47 0 0 0 6 23
44041 109 1 1 0 6 24
44165 65 1 0 0 6 23
45007 19 0 0 0 6 27
47394 8 0 1 0 5 27
48120 70 1 0 0 6 22
62214 15 0 1 0 6 23
63544 16 0 0 0 6 23
64082 76 1 0 0 6 20
65356 19 0 1 0 6 23
71575 34 0 1 0 6 19
71770 26 1 1 0 5 22
79189 42 1 0 0 6 21
80051 89 1 0 0 6 23
82167 42 1 0 0 5 25
94710 64 1 0 7 6 24
101431 88 0 0 3 6 24
107075 37 0 0 0 6 24
108297 18 0 0 3 6 24
115039 25 0 0 0 6 23
120234 31 1 0 0 6 20
122868 26 0 0 0 6 22
128166 88 0 0 0 6 22
132348 51 1 1 0 6 15
143127 32 1 0 0 6 22
143163 80 0 0 0 6 15
148015 1 0 1 0 6 23
148069 23 0 0 8 6 30
148070 28 1 1 7 6 20
148071 2 0 1 0 6 27
148145 35 1 0 0 6 23
148147 2 0 1 1 6 26
148245 56 0 0 2 6 25
148246 62 0 1 6 6 19
148250 79 1 0 7 6 22
148471 42 1 1 0 6 25
148472 27 1 1 0 6 31
148473 32 1 1 0 6 23
148474 16 1 1 0 6 23
148536 34 0 0 0 6 23
148537 19 0 0 0 6 22
148538 31 0 0 0 6 24
148823 7 0 0 0 6 28
