2103
19
1432
2103 120 0 1 0 6 23
123 110 1 1 0 6 21
144 109 1 1 4 6 22
529 31 1 1 1 6 22
681 138 1 1 4 6 21
1047 84 1 0 0 6 20
1050 190 1 0 0 6 19
1093 175 1 1 4 6 22
1190 66 1 1 0 6 21
1191 41 1 0 0 6 22
1522 21 1 1 0 6 23
1639 97 1 1 0 6 24
1734 79 1 0 0 6 19
1764 43 1 1 0 5 22
1794 84 1 0 0 6 20
1818 44 1 0 0 6 22
1864 60 1 0 0 6 21
1866 102 1 1 0 6 22
1935 61 1 1 0 6 22
2034 87 1 1 0 6 21
2064 81 1 0 0 6 23
2249 69 1 0 0 6 21
2357 111 1 0 0 6 21
2693 117 1 0 0 6 22
3006 111 1 0 0 6 23
3088 55 1 1 0 5 23
3129 63 1 1 0 6 24
3154 130 1 0 0 6 20
3793 80 1 0 0 6 23
3816 39 1 1 0 6 23
3987 57 1 0 0 6 20
4026 102 1 1 0 6 20
4134 13 1 1 0 6 26
4138 71 1 0 0 6 21
4487 155 1 0 4 6 22
4793 112 1 1 0 6 21
5412 104 1 1 0 6 18
6201 72 1 0 0 6 21
6497 88 1 0 7 6 20
6726 54 1 1 0 6 21
7269 103 1 0 0 6 20
7468 109 1 0 0 5 19
7741 168 1 1 0 6 20
8247 91 1 0 0 6 21
8380 100 1 0 0 6 23
8433 131 1 1 0 6 21
9802 95 1 1 0 5 24
10063 103 1 1 0 6 24
11022 154 1 0 0 6 20
11993 113 1 1 0 6 20
12062 52 1 0 0 6 21
12247 33 1 1 0 6 24
12248 87 1 1 0 6 21
12306 33 1 1 4 6 21
12358 61 1 1 0 5 23
13225 78 1 0 0 6 21
13283 173 1 0 0 6 19
13733 120 1 0 0 6 21
14440 157 1 1 0 6 27
15068 144 1 0 0 6 20
15092 111 1 1 0 6 24
15557 112 1 0 0 6 21
15563 110 1 0 0 6 20
16887 39 1 1 0 6 23
17837 69 1 0 0 6 20
17910 125 1 0 0 6 19
18160 67 1 0 0 6 21
18454 88 1 1 0 6 24
18470 125 1 1 0 6 24
18632 109 1 0 0 6 21
19210 44 1 0 0 5 21
19697 202 1 1 0 6 24
20411 58 1 0 0 6 22
21599 15 1 0 0 5 20
21810 96 1 0 0 6 18
25017 84 1 1 0 6 22
25510 149 1 1 0 5 24
25604 109 1 0 0 6 21
25687 36 1 1 0 6 22
26080 97 1 0 0 6 20
26607 173 1 0 0 6 21
26770 136 1 1 0 6 20
26897 49 1 1 0 6 24
26898 113 1 0 0 6 20
26975 93 1 0 0 6 21
27476 74 1 0 0 6 23
27477 68 1 1 0 6 22
27502 55 1 1 0 6 22
27905 56 1 1 0 6 22
28338 18 1 0 0 6 19
28908 111 1 1 0 6 23
30088 127 1 0 0 6 20
31087 103 1 1 0 6 24
33483 109 1 0 0 6 21
34069 56 1 1 0 6 19
34624 63 1 1 0 6 29
38004 56 1 0 0 6 19
40543 44 1 0 0 6 22
44266 76 1 0 0 6 20
44689 79 1 1 0 6 22
47594 27 1 1 0 6 22
49265 71 1 1 0 6 21
57732 57 1 0 0 6 24
69051 62 1 0 0 6 21
69969 21 1 0 0 5 23
70857 52 1 0 0 6 23
71666 67 1 0 5 5 22
72669 67 1 1 0 6 20
80035 8 1 1 0 6 25
88108 81 1 1 0 6 23
88110 24 1 0 0 6 22
88164 61 1 1 5 6 24
92755 5 1 1 0 6 22
101909 47 1 0 0 6 24
147418 11 1 1 0 5 24
158691 46 1 1 0 6 25
205239 20 1 0 0 6 18
230153 37 1 0 0 6 26
235204 46 1 0 0 6 24
235297 42 1 0 0 6 24
252340 39 1 1 3 6 23
