7352
19
1450
7352 197 1 1 0 6 21
100 113 1 0 0 6 21
760 72 1 0 0 6 20
819 97 1 1 0 6 21
861 78 0 0 0 6 20
1049 49 0 0 0 6 24
1086 60 0 0 0 6 21
1406 33 0 1 0 6 20
1709 80 0 0 0 6 19
2099 174 1 0 3 6 19
2104 67 0 0 0 6 21
2107 91 1 0 0 6 22
2609 109 1 0 0 5 21
2626 39 0 0 0 6 24
2843 313 1 0 4 6 22
2869 104 1 1 0 6 21
3003 56 0 0 0 6 20
3031 68 1 0 0 6 21
3042 27 0 0 9 6 21
3139 145 1 1 0 6 20
3255 56 0 0 0 6 22
3263 111 1 0 0 6 21
3345 129 0 0 0 6 20
3348 62 1 0 0 6 20
3363 140 1 0 0 6 22
3370 71 1 0 0 6 20
3383 38 0 0 0 6 22
3387 73 1 1 0 6 22
3394 23 0 1 4 6 21
3397 43 1 0 0 6 21
3438 88 1 0 0 6 20
3496 140 1 0 0 6 23
3497 94 1 1 0 6 21
3629 121 1 1 0 6 20
3859 49 1 0 0 6 21
4830 282 0 1 0 6 18
6464 74 1 0 0 5 26
6562 73 0 0 0 6 18
6757 112 1 1 0 6 19
6855 51 0 1 0 5 23
6867 76 1 1 0 5 19
6996 53 1 0 0 6 17
7169 23 1 1 0 6 18
7171 33 1 1 0 5 15
7269 103 1 0 0 6 20
7350 39 1 1 0 6 21
7757 78 1 0 0 6 20
7848 74 0 0 0 6 20
8064 32 0 0 0 6 18
8230 57 0 1 0 6 20
8368 67 0 0 0 6 19
8653 54 1 0 0 6 20
11454 27 0 0 0 6 23
11571 202 1 0 0 6 19
12020 130 1 0 0 5 21
12176 103 0 0 0 6 19
12379 90 0 1 0 6 22
13239 85 1 0 0 6 20
13283 173 1 0 0 6 19
13733 120 1 0 0 6 21
14242 140 1 1 0 6 23
14589 104 0 0 0 6 16
15052 114 1 0 0 6 20
15519 89 1 0 0 6 18
15570 22 0 1 0 6 21
15800 91 1 1 0 6 21
16497 77 1 1 4 6 22
16563 81 1 1 1 6 22
16675 51 1 1 0 6 23
17064 75 1 1 4 6 25
17160 17 0 1 0 6 21
17229 103 1 1 0 6 24
17264 41 1 0 0 6 24
17506 31 0 1 4 6 21
17651 34 0 1 0 6 21
17704 71 0 0 4 6 21
18157 40 0 1 0 6 21
18166 128 1 0 0 6 19
18169 57 0 0 0 6 21
18216 98 1 0 0 6 19
18537 71 0 0 0 6 21
18784 83 0 0 0 6 18
18900 100 0 0 4 6 17
19217 42 0 0 0 6 22
19550 54 0 0 0 6 19
19883 80 1 0 0 6 25
20004 51 0 1 0 6 21
20029 108 1 0 9 6 19
20315 92 1 1 0 6 19
20517 48 0 1 0 6 23
20557 86 1 0 0 6 22
20903 148 1 0 0 6 19
21283 142 1 1 1 6 21
21358 45 0 0 0 6 20
21579 46 0 0 0 6 20
21647 30 0 0 0 6 21
22083 52 1 1 0 6 21
22435 10 0 0 4 6 21
22450 41 0 0 0 6 21
22625 38 0 1 0 6 18
22700 15 0 1 0 6 32
23047 38 1 1 4 6 20
23122 164 1 1 0 6 24
23286 237 1 0 0 6 19
23318 29 0 0 0 6 22
23403 47 1 1 0 5 21
23414 105 0 0 0 6 20
23520 24 1 1 0 6 21
23592 59 0 1 4 6 21
23855 66 1 1 0 6 22
23967 100 1 0 0 6 19
24331 74 1 0 0 5 19
25256 72 0 1 0 6 22
25315 36 0 1 0 6 22
26080 97 1 0 0 6 20
26161 37 0 0 0 6 18
26291 18 0 1 0 6 33
26335 64 0 0 0 6 16
26598 108 0 0 0 6 17
27089 96 1 0 4 6 21
27106 128 1 1 0 6 22
27236 131 1 1 0 6 25
27477 68 1 1 0 6 22
28475 140 1 0 9 6 17
28690 68 1 0 0 6 23
29166 58 1 1 0 6 20
29237 66 0 0 0 6 23
29575 56 0 0 0 6 21
30091 34 1 0 0 6 22
30513 170 1 1 3 6 24
31807 223 1 1 9 6 21
32017 29 0 0 0 6 24
32462 114 1 0 0 6 21
33751 123 0 0 0 6 25
35224 28 1 1 0 6 22
35293 44 0 0 0 6 20
35711 74 1 1 0 6 21
36018 50 1 1 0 6 17
36032 40 1 1 0 6 20
36351 26 0 0 0 6 30
36683 39 0 0 0 6 21
37298 18 0 0 0 6 22
37773 118 1 0 0 6 19
41211 28 0 0 0 6 19
41258 65 1 1 0 6 17
41537 28 0 0 0 6 21
42023 72 1 0 0 6 19
42307 70 0 0 0 6 20
43821 138 1 0 4 6 16
43837 70 0 0 3 6 18
44066 43 1 1 0 6 20
44086 80 1 0 0 6 23
44748 7 0 0 0 5 18
45423 51 1 1 0 6 20
48896 78 1 1 0 6 16
49230 73 1 0 0 6 14
50608 2 0 0 0 6 17
54454 74 1 0 0 6 29
54475 17 1 0 3 5 21
55862 18 0 1 0 6 26
55878 74 1 1 0 6 17
60319 48 1 1 0 6 19
62460 15 0 1 0 6 23
64508 42 1 1 0 6 26
64947 27 0 0 1 6 21
68325 61 1 0 0 5 16
68409 81 1 1 0 6 29
68587 58 1 1 0 6 22
71875 39 1 1 0 5 22
77514 33 1 0 0 5 25
78593 15 1 1 0 6 23
79804 56 1 0 0 6 23
80664 15 0 1 0 6 19
81859 55 0 0 0 6 16
82077 32 0 0 0 6 24
89950 5 0 0 4 6 21
95759 50 1 1 0 6 20
104526 33 0 0 0 6 24
110010 8 0 0 0 6 25
116258 39 1 0 0 6 21
118275 45 1 0 0 6 17
139469 93 1 0 0 6 18
147884 10 1 1 5 6 13
150757 137 1 0 8 6 21
151622 74 1 1 0 6 22
151874 12 0 0 0 6 23
156947 141 1 0 8 6 17
158359 5 1 0 6 5 25
158360 121 1 1 8 6 19
158485 85 1 0 8 6 18
158574 39 1 0 1 6 20
158575 24 0 0 4 6 21
158633 16 1 1 0 5 18
158634 90 1 0 8 6 18
158775 2 0 1 0 6 26
159083 24 1 1 8 6 15
159381 2 0 0 0 6 29
159509 20 0 0 3 6 20
