11570
19
1368
11570 55 1 1 0 6 24
497 116 1 0 0 6 19
1279 47 0 0 0 6 20
1982 45 0 0 0 6 26
3147 31 1 0 0 6 23
5961 65 1 0 0 5 23
8610 19 0 0 0 6 23
9630 115 1 0 4 6 20
12523 126 1 0 0 5 21
12708 139 1 0 0 6 17
13352 41 0 0 0 5 21
14604 53 0 0 0 6 19
15026 118 1 1 0 6 19
17290 34 1 0 0 6 22
18897 88 1 0 0 6 19
20364 16 1 1 0 6 27
22547 41 0 0 0 6 18
22882 29 0 0 0 6 22
23365 127 1 0 0 6 21
23975 102 1 1 0 6 24
24096 114 1 1 0 6 22
25205 107 1 0 0 5 21
25208 70 1 1 0 6 22
25262 78 1 1 1 6 29
25269 15 0 0 0 6 21
25357 47 1 1 0 6 28
25365 28 0 0 0 6 22
25431 67 1 0 0 6 22
25712 69 1 1 0 6 19
29768 91 1 0 0 6 21
31088 39 0 1 0 6 24
31815 48 0 0 0 6 21
33517 23 0 1 0 6 25
37782 61 1 1 0 6 22
41003 16 0 1 0 6 23
41311 89 1 1 1 6 27
42246 38 1 0 0 6 16
44826 37 1 0 0 6 20
45934 23 1 1 0 6 22
46001 35 0 1 0 6 24
48039 84 1 0 0 6 15
48634 83 1 0 4 6 24
53730 35 0 0 0 6 24
57918 1254 1 1 0 6 27
59326 17 1 1 0 6 18
69052 128 1 0 0 6 19
72027 32 1 0 0 6 23
75408 22 0 0 3 6 24
86082 66 1 0 0 6 23
110614 174 1 0 3 6 21
110671 31 1 1 0 6 28
110930 23 0 1 0 6 19
111249 40 1 1 0 6 24
115158 24 1 1 0 6 18
145927 25 1 1 0 6 25
192848 35 1 1 0 6 22
