110564
19
1361
110564 30 1 1 0 6 25
719 47 0 0 0 6 22
4836 114 1 1 0 6 25
6767 137 1 1 0 6 22
11369 92 1 0 0 6 21
20187 59 1 1 0 5 21
23975 102 1 1 0 6 24
25262 78 1 1 1 6 29
41311 89 1 1 1 6 27
45936 22 1 1 0 5 25
45946 41 0 1 0 6 24
62640 78 1 1 0 6 24
65457 44 1 0 0 6 26
65675 25 1 0 0 6 26
68405 65 0 1 0 6 26
68584 36 1 1 0 6 25
75264 15 0 1 0 6 26
78248 83 1 0 0 6 19
82110 34 1 0 0 6 24
109139 168 1 0 4 6 21
110671 31 1 1 0 6 28
111249 40 1 1 0 6 24
115200 25 0 0 4 5 26
130385 18 1 1 0 5 22
147694 23 1 1 0 6 23
231968 28 1 0 0 6 24
319151 15 1 1 0 6 28
460913 68 0 0 7 6 21
567348 14 1 0 0 6 25
837028 14 0 0 0 6 25
895844 40 0 1 6 6 23
