19937
19
1392
19937 120 1 1 0 6 28
740 40 1 0 0 6 21
870 27 0 0 0 6 20
1442 88 0 0 0 6 19
1477 69 1 0 0 6 22
1725 30 0 0 0 6 24
1759 64 0 0 0 6 21
1976 95 0 0 0 6 21
2032 124 0 0 1 6 20
2049 59 0 0 0 6 20
2064 81 1 0 0 6 23
2098 88 0 0 0 6 22
2236 81 1 0 0 6 22
2257 189 1 0 9 6 22
2606 23 0 1 0 6 20
2721 111 1 0 0 6 25
2754 122 1 0 0 6 22
2849 30 0 0 0 6 30
3220 101 1 0 0 6 21
3363 140 1 0 0 6 22
3491 67 1 0 0 6 25
3576 42 0 0 0 6 25
3585 70 1 0 0 6 23
3832 98 0 0 0 6 24
4621 82 1 0 0 6 22
5271 106 0 1 0 6 19
5961 65 1 0 0 5 23
6331 60 0 0 0 6 22
6716 16 0 0 0 6 20
6757 112 1 1 0 6 19
6767 137 1 1 0 6 22
6995 93 1 0 0 6 27
8038 98 1 0 0 6 21
8133 65 0 0 0 6 21
9754 233 1 1 0 6 23
9910 46 1 0 0 6 19
11454 27 0 0 0 6 23
12020 130 1 0 0 5 21
12065 63 0 0 0 6 20
13056 135 1 0 0 6 18
13532 91 1 0 0 6 19
13829 74 0 0 0 6 21
14004 35 0 0 0 6 21
14052 164 0 0 0 6 20
15051 49 0 0 0 6 25
17401 124 1 0 0 6 20
18980 73 0 1 0 6 25
20454 118 1 0 0 6 24
20456 46 0 0 4 6 22
23238 39 0 0 0 5 24
23982 67 1 0 0 6 24
24887 34 1 1 0 6 28
25164 104 0 0 4 6 25
25269 15 0 0 0 6 21
25510 149 1 1 0 5 24
26898 113 1 0 0 6 20
27072 106 1 1 0 6 27
27164 81 1 0 0 6 20
27548 11 0 0 0 6 26
28475 140 1 0 9 6 17
29547 44 1 1 0 6 24
30260 126 1 0 4 6 19
30793 61 1 0 0 6 23
32021 49 1 1 0 6 24
32030 75 1 1 0 6 25
32515 101 0 0 0 6 18
37773 118 1 0 0 6 19
38771 70 1 0 0 6 23
39753 24 0 0 0 6 25
41641 39 0 0 0 6 20
41782 74 1 0 0 6 22
42447 50 1 1 0 6 20
46662 21 1 0 0 6 29
60774 77 1 1 0 6 24
62635 39 0 0 0 6 24
62779 99 1 1 4 6 20
67049 58 1 1 0 6 24
68405 65 0 1 0 6 26
69235 9 0 0 0 6 22
70794 14 0 0 0 6 21
77433 18 0 0 0 6 22
80164 29 1 0 0 6 22
88300 29 1 0 0 6 24
88812 54 1 0 0 6 24
102198 26 1 0 0 6 25
104197 78 0 0 0 6 23
107075 37 0 0 0 6 24
108325 24 1 0 0 5 28
109655 38 0 0 3 6 23
110570 69 1 0 0 6 23
111803 11 0 0 0 6 24
111880 47 0 0 0 6 24
112613 30 0 0 0 6 28
113709 27 1 0 0 6 25
128400 42 1 0 0 6 24
128654 22 0 1 0 6 25
146614 23 1 1 0 6 25
146886 44 1 1 0 6 26
175419 61 0 0 2 6 23
178557 16 0 1 0 6 25
193913 33 1 0 0 6 22
220740 19 0 0 0 6 26
221561 10 1 1 2 6 36
227096 8 0 0 0 6 29
259555 8 1 0 0 6 23
279498 3 1 1 1 6 22
281527 52 1 0 0 6 25
286659 58 1 0 0 6 18
304041 23 0 0 0 6 24
320478 49 1 0 3 6 24
320479 10 1 0 0 6 31
320513 66 1 1 4 6 25
320514 17 0 0 0 6 28
320599 8 1 1 1 6 36
320624 35 1 0 2 6 41
320625 13 0 0 0 6 25
320626 10 1 1 0 6 27
320646 169 1 0 5 6 39
338133 5 1 0 0 3 24
350042 7 1 0 0 6 10
731773 25 1 1 6 6 25
