912201
19
361
912201 23 1 1 7 6 18
117011 92 1 0 7 6 19
135572 96 1 1 7 6 16
137294 49 1 1 7 6 16
157748 41 0 1 7 6 19
271428 73 1 1 5 6 20
272646 44 1 0 7 6 18
275261 48 1 1 7 6 18
289579 128 0 0 7 6 17
302464 25 0 0 4 6 19
337862 149 1 0 7 6 16
357226 78 1 1 7 6 19
390942 56 0 0 7 6 17
408349 21 1 1 7 6 18
417228 53 1 1 5 6 19
453782 32 0 1 4 6 18
465232 81 0 1 7 6 19
637160 21 1 1 8 6 20
818188 25 1 1 7 6 18
861706 15 1 1 7 6 18
902845 50 1 1 7 6 18
927163 3 1 1 7 6 18
1523935 2 1 1 7 6 14
1523937 3 1 0 7 6 37
