106827
19
378
106827 59 1 0 7 6 20
4537 547 1 1 1 6 26
7933 157 1 0 7 6 20
37066 117 0 0 7 6 20
43583 63 1 0 7 6 16
54406 130 0 1 7 5 18
54963 78 0 0 7 6 20
79319 399 0 1 7 6 15
80407 105 1 0 7 6 20
85958 128 1 0 7 6 20
107862 98 1 0 7 6 21
184423 75 1 0 7 6 15
184702 138 1 1 7 6 21
203695 74 1 0 7 6 19
203882 136 1 0 7 5 20
216322 36 0 0 7 6 18
223923 69 0 0 7 6 18
224085 60 0 0 7 6 19
228980 13 1 0 7 6 13
249662 203 1 1 7 6 19
249764 109 1 0 7 6 19
285868 59 0 0 7 6 25
338171 204 1 1 6 6 34
401364 16 1 1 7 5 34
421741 62 1 0 7 6 18
435620 55 1 0 7 6 18
441535 160 1 0 7 6 18
442539 60 1 0 7 6 18
442583 137 1 0 7 5 18
442584 94 1 0 7 6 18
443945 107 1 0 7 6 19
444677 35 1 0 7 6 18
449371 45 0 1 7 6 19
481946 44 0 0 7 6 40
481950 52 1 0 7 6 18
483193 61 1 1 7 6 17
486204 58 1 0 7 6 19
488863 64 0 0 7 6 18
488945 36 0 0 7 6 20
493460 37 1 0 7 5 16
493767 29 1 1 4 6 19
494845 63 1 1 7 6 22
494958 18 0 0 4 5 27
495113 50 1 0 7 5 18
498270 26 0 0 7 5 15
511977 47 1 1 7 6 16
520467 36 0 1 7 6 24
546658 26 1 0 7 5 13
546800 67 1 1 7 6 15
546944 6 1 0 7 6 39
576706 33 1 1 1 5 15
614265 89 1 1 2 6 18
635653 145 1 1 7 6 49
684834 15 1 1 7 6 31
819546 33 1 0 7 6 17
871423 18 1 1 7 6 37
883611 4 1 1 7 6 22
883612 3 1 1 7 6 9
883613 5 1 0 7 5 33
883667 8 1 1 7 6 18
