16793
19
1340
16793 47 1 0 0 6 21
505 77 1 1 0 6 24
2485 79 1 1 0 6 21
3588 85 1 0 0 6 22
3620 72 1 1 0 6 24
3832 98 0 0 0 6 24
4836 114 1 1 0 6 25
6767 137 1 1 0 6 22
8129 126 1 0 0 6 22
12523 126 1 0 0 5 21
14383 56 1 0 0 6 23
16792 39 0 0 0 6 23
17295 54 0 0 0 6 21
18980 73 0 1 0 6 25
22977 87 0 0 0 6 22
24981 30 1 0 0 6 22
27476 74 1 0 0 6 23
29583 46 0 0 0 6 22
29768 91 1 0 0 6 21
32363 45 1 0 0 6 21
41311 89 1 1 1 6 27
42422 36 1 1 0 6 21
44596 67 1 1 0 6 21
49038 59 1 1 0 6 23
52595 92 1 0 0 5 21
62634 61 1 0 0 6 23
62636 24 1 1 0 6 24
62637 38 1 1 0 6 25
62640 78 1 1 0 6 24
62784 55 1 0 0 5 21
64982 66 1 0 0 6 22
64984 38 1 0 0 6 22
68500 63 1 1 0 6 23
68584 36 1 1 0 6 25
70417 87 1 0 0 6 22
80164 29 1 0 0 6 22
81112 55 1 1 0 6 24
81113 24 1 1 4 6 25
81117 40 1 0 0 6 22
82110 34 1 0 0 6 24
110671 31 1 1 0 6 28
124311 23 1 0 0 6 22
158167 32 0 1 4 6 35
176643 22 1 1 0 6 22
178837 18 1 1 0 6 15
292561 24 0 0 0 6 22
292563 22 1 1 9 5 26
292634 11 1 0 0 5 22
