37944
19
1464
37944 46 0 0 0 6 21
1491 157 1 1 0 6 21
1758 113 1 1 0 6 21
3367 62 1 0 0 6 21
3387 73 1 1 0 6 22
3500 56 1 0 0 6 20
4800 226 1 1 0 6 19
5484 103 1 1 0 6 22
6320 33 1 0 0 6 21
8044 82 1 1 0 6 23
8126 86 1 1 0 6 21
11844 57 1 0 0 6 21
13024 34 1 1 0 6 22
14440 157 1 1 0 6 27
15795 95 1 1 0 6 21
16497 77 1 1 4 6 22
16503 227 1 1 0 6 22
16791 153 1 0 0 6 20
17387 47 1 0 0 6 21
17443 60 1 0 0 6 21
18778 55 1 0 0 6 21
22284 33 1 0 0 6 21
23279 100 1 1 0 6 22
25359 75 1 0 0 6 20
30447 100 1 1 0 6 23
33472 64 1 0 0 6 20
36361 54 1 0 0 6 20
36427 54 1 1 0 6 22
36437 139 1 0 0 6 22
36650 74 1 0 0 6 21
47791 76 1 0 0 6 22
49728 113 1 1 0 6 24
57395 78 1 0 0 6 21
60774 77 1 1 0 6 24
62291 55 1 1 1 6 24
68836 58 1 1 0 6 23
77026 16 1 1 0 6 24
77687 30 1 1 0 6 26
77755 33 1 0 0 6 21
77756 69 1 1 0 6 26
77833 31 1 0 0 5 20
79721 20 1 1 0 6 11
79958 40 1 1 0 6 28
94533 36 1 1 0 6 23
106760 49 1 0 0 6 21
118271 15 1 1 0 6 22
166968 18 1 1 0 6 25
