28908
19
1477
28908 111 1 1 0 6 23
525 30 0 0 0 6 20
579 85 0 0 0 6 22
853 58 1 0 0 6 23
1262 79 1 1 0 6 22
1273 187 1 0 0 6 22
1612 45 0 0 0 6 21
1689 26 0 1 0 6 22
1818 44 1 0 0 6 22
2034 87 1 1 0 6 21
2103 120 0 1 0 6 23
2600 98 1 0 0 6 22
3085 89 0 0 0 6 20
3154 130 1 0 0 6 20
3345 129 0 0 0 6 20
3375 80 1 1 0 6 22
3413 154 1 0 0 6 21
4026 102 1 1 0 6 20
4059 65 1 0 0 6 21
4686 49 0 1 0 6 21
4688 64 1 0 0 6 22
5162 60 1 0 0 6 24
5500 66 1 1 0 6 23
6384 70 1 0 0 6 23
6729 89 0 0 0 6 19
7865 26 0 0 0 5 20
8133 65 0 0 0 6 21
8230 57 0 1 0 6 20
8361 87 1 0 0 6 20
9402 131 1 0 0 6 22
11086 14 0 0 0 6 20
11653 46 0 0 0 6 24
12020 130 1 0 0 5 21
13216 88 0 0 0 6 19
13223 63 0 0 8 6 20
13239 85 1 0 0 6 20
13269 129 1 0 0 6 20
13829 74 0 0 0 6 21
15070 39 0 1 0 6 26
15379 183 1 0 0 6 17
15401 39 1 1 0 5 18
16379 98 1 1 0 6 22
16830 64 0 0 0 6 21
16900 33 1 0 0 5 20
17123 49 1 0 0 6 21
17444 29 1 0 0 6 22
17614 78 0 0 0 6 21
18160 67 1 0 0 6 21
18454 88 1 1 0 6 24
18783 56 0 0 0 6 19
21295 42 0 0 1 6 21
21998 71 0 1 0 6 23
22320 55 0 0 0 6 20
22987 79 1 1 0 6 23
23977 109 0 0 0 6 19
25201 79 1 0 0 5 25
25254 42 0 0 0 6 20
25351 99 1 0 0 6 20
25756 39 0 0 0 6 20
26609 104 1 0 0 6 18
27923 81 1 0 0 6 22
27997 147 1 1 0 6 23
29429 23 0 0 0 6 23
29441 58 1 1 0 6 23
29708 50 1 0 0 6 21
30243 52 1 0 0 6 25
30446 31 1 1 0 6 22
30815 99 0 1 0 6 21
36437 139 1 0 0 6 22
39046 16 0 1 0 6 22
39074 124 1 0 0 6 18
39791 36 1 0 9 6 23
41420 148 1 0 0 6 22
42202 59 1 0 0 6 22
42249 72 1 1 0 6 17
43089 21 0 0 8 6 23
43360 35 0 1 3 6 22
44386 27 1 1 0 6 23
44689 79 1 1 0 6 22
46423 34 1 1 0 6 21
47184 69 1 1 0 6 21
49709 49 0 1 0 6 23
51268 46 0 1 0 6 21
59189 42 0 1 3 6 22
60631 71 1 0 0 6 21
63378 65 0 0 6 6 21
64644 45 0 1 0 6 19
69134 18 0 0 0 6 21
71237 15 0 1 0 6 32
72765 29 1 1 0 6 23
72806 75 1 0 0 6 22
73237 69 0 0 0 6 20
73899 15 1 1 0 5 25
75876 47 1 1 0 6 22
76156 34 0 0 0 6 22
77112 23 0 1 0 6 18
77754 32 0 0 0 6 21
80051 89 1 0 0 6 23
82288 53 1 1 0 6 23
85638 47 0 0 0 6 24
118661 90 1 0 0 6 21
121608 41 1 0 0 6 24
164740 50 1 1 0 6 23
174452 240 1 1 4 6 26
260087 20 0 1 8 6 22
269885 23 0 1 0 6 24
324061 9 0 1 0 6 24
344522 26 0 0 8 6 20
376190 36 1 0 0 6 18
399537 17 1 0 0 6 24
407351 5 1 1 0 5 15
407353 12 0 0 0 6 23
