25367
19
1440
25367 64 1 0 0 5 21
806 123 1 0 0 6 22
1806 62 1 1 0 6 21
3320 48 1 1 0 5 23
3375 80 1 1 0 6 22
5771 9 0 0 0 6 20
7456 42 0 0 0 6 20
8024 26 0 0 0 6 22
8126 86 1 1 0 6 21
8545 49 0 1 0 6 22
13998 50 1 0 0 6 20
16196 70 1 1 0 6 21
16682 58 0 0 0 6 20
16791 153 1 0 0 6 20
17002 40 0 1 0 6 23
17387 47 1 0 0 6 21
17394 37 0 0 0 6 21
17783 39 1 1 0 6 19
18851 34 1 0 0 6 22
19030 91 1 0 0 6 21
20014 80 1 0 1 6 20
21227 64 1 0 0 6 22
22799 28 0 1 0 6 23
23057 33 1 1 0 6 22
25359 75 1 0 0 6 20
26607 173 1 0 0 6 21
29026 41 0 0 0 6 21
29873 76 1 1 0 6 22
32729 136 1 1 0 6 21
33472 64 1 0 0 6 20
34359 32 1 1 0 6 24
34643 28 0 1 4 6 20
36437 139 1 0 0 6 22
38423 65 1 1 0 6 27
40544 39 0 1 0 6 21
41420 148 1 0 0 6 22
41534 44 1 0 0 5 21
41541 39 0 0 0 6 21
41634 27 0 1 0 6 21
41638 55 1 0 0 6 21
41641 39 0 0 0 6 20
41680 98 1 1 0 6 21
41926 42 1 1 0 6 20
42768 64 1 0 0 6 21
43098 37 1 1 0 6 22
43788 62 1 0 0 5 19
44044 48 1 1 0 6 21
44165 65 1 0 0 6 23
45331 40 0 1 0 6 19
48029 12 1 1 0 6 22
57991 38 0 1 0 6 21
61617 76 1 1 0 6 24
70715 45 0 1 0 6 36
75117 11 0 1 0 6 22
100709 61 1 1 0 6 23
162204 72 1 1 0 6 23
181035 34 1 0 4 6 24
233153 29 0 0 0 6 23
254220 20 1 1 0 6 21
254863 7 0 1 0 6 26
274403 23 0 0 1 6 22
377085 3 0 1 1 6 25
478426 3 1 1 0 6 25
708974 2 1 0 0 5 22
794448 46 1 1 7 3 25
