18217
19
1485
18217 70 0 0 0 6 22
480 55 1 0 0 6 18
681 138 1 1 4 6 21
800 70 1 0 0 6 22
832 153 1 0 0 6 22
921 62 1 0 0 6 21
2042 109 1 0 0 6 21
2332 89 1 0 0 6 20
3045 102 1 0 0 6 20
3066 63 1 0 0 6 19
3170 150 1 0 0 6 17
3357 69 1 0 0 6 21
3363 140 1 0 0 6 22
3367 62 1 0 0 6 21
3496 140 1 0 0 6 23
3629 121 1 1 0 6 20
8031 144 1 0 0 6 21
8129 126 1 0 0 6 22
8450 79 1 1 0 6 21
9732 79 1 0 0 6 21
11309 27 1 1 0 6 19
11436 103 1 1 4 6 20
14008 81 1 0 0 6 21
15519 89 1 0 0 6 18
16497 77 1 1 4 6 22
16905 30 1 1 0 6 20
17229 103 1 1 0 6 24
17397 83 1 0 0 6 23
17732 150 1 0 0 6 19
18462 33 1 0 0 6 17
18493 53 1 1 0 6 19
19075 101 1 0 0 6 19
19745 59 1 1 0 6 21
19756 47 1 0 0 6 22
19883 80 1 0 0 6 25
20026 71 1 1 0 5 19
20088 145 1 1 0 6 26
20230 42 1 0 0 6 20
20294 121 1 0 0 6 19
20558 131 1 1 0 6 17
20649 40 1 0 0 6 24
23170 26 1 1 0 5 22
24251 77 1 0 0 6 21
24443 84 1 0 0 6 19
26065 58 1 1 4 6 24
26607 173 1 0 0 6 21
29158 55 1 1 0 6 17
30306 80 1 0 0 6 22
30807 42 1 0 0 6 23
31586 89 1 0 0 6 18
33274 47 1 1 0 6 21
37901 45 1 1 0 6 20
41029 66 1 0 0 6 19
41680 98 1 1 0 6 21
42708 103 1 1 0 6 25
44482 60 1 1 0 6 21
44781 42 1 0 0 6 22
45030 62 1 0 0 6 23
62286 42 1 0 0 6 22
64251 103 1 1 0 6 22
70852 59 1 1 0 6 33
75297 29 1 0 0 6 21
100566 36 1 1 9 6 21
163233 31 1 1 0 6 22
175018 15 1 0 0 5 22
207329 22 1 0 0 6 19
325731 15 1 1 0 6 31
349832 39 1 0 6 6 27
369258 10 1 1 0 6 30
1342022 7 1 0 3 6 28
1603757 5 1 0 3 6 31
