26928
19
1373
26928 62 1 1 0 6 24
460 86 0 0 0 6 21
865 37 1 1 0 6 27
1825 21 0 0 0 6 26
5025 55 0 0 0 6 24
5963 53 1 1 0 6 23
6464 74 1 0 0 5 26
17221 57 1 1 0 6 23
17442 26 0 0 0 6 21
18784 83 0 0 0 6 18
19049 20 0 1 6 5 27
19578 50 0 1 0 6 27
19698 74 1 0 0 6 23
20454 118 1 0 0 6 24
20823 52 0 0 0 6 23
21132 74 1 0 0 6 23
21714 61 0 1 0 6 23
21979 36 0 1 0 6 24
22387 94 1 0 0 6 20
24042 54 1 0 0 6 23
24261 29 0 0 0 6 21
25097 73 1 1 0 6 24
25206 82 1 0 0 6 20
25257 49 1 1 0 5 24
25436 30 0 1 0 6 25
25510 149 1 1 0 5 24
25514 165 1 1 0 6 23
26607 173 1 0 0 6 21
26918 17 0 1 0 5 29
27236 131 1 1 0 6 25
27326 44 1 1 0 6 24
31087 103 1 1 0 6 24
36437 139 1 0 0 6 22
39385 22 1 1 0 6 24
40620 25 0 1 0 6 24
40956 27 0 1 0 6 23
40962 27 1 1 0 6 24
40963 62 1 1 0 6 24
41680 98 1 1 0 6 21
43279 48 1 1 0 6 24
43378 139 1 0 0 6 23
44041 109 1 1 0 6 24
44285 87 1 0 0 6 24
45599 30 0 1 0 5 26
45928 67 1 1 3 6 24
45962 14 0 1 0 6 29
49818 36 1 1 0 6 22
52056 32 1 0 0 6 26
60705 19 0 1 0 6 22
64178 13 0 1 0 5 22
71450 25 1 1 0 6 24
76975 77 1 1 0 6 24
117683 20 0 0 0 6 23
130385 18 1 1 0 5 22
132888 21 1 1 0 6 23
132928 19 1 1 0 6 24
144774 46 1 1 0 6 24
145223 20 1 1 0 6 24
188449 44 1 1 4 6 23
205656 33 1 1 0 6 24
233803 64 1 1 0 6 24
324145 32 1 1 1 6 25
378381 14 0 1 1 6 24
