110742
19
1261
110742 30 1 0 0 6 23
16665 24 0 0 0 6 23
16783 43 0 0 0 6 23
20812 36 1 0 4 6 23
22381 54 1 1 0 6 23
24653 105 1 1 0 6 26
25678 66 1 1 0 6 22
28808 42 0 0 0 6 23
31546 35 0 0 0 6 23
47002 31 0 1 0 6 22
68954 53 0 0 5 6 25
75311 84 1 0 5 6 23
77550 53 1 0 0 6 22
82247 31 0 0 5 6 23
91494 44 1 0 0 6 22
92013 29 0 1 1 6 26
107198 84 1 1 0 6 18
132976 45 0 0 5 6 23
143124 36 1 0 0 6 23
144377 37 1 1 0 5 23
158425 49 0 0 0 6 23
216803 22 1 0 5 6 23
216807 42 1 0 2 5 23
235568 36 1 0 0 6 23
247513 30 1 0 0 6 22
261663 40 0 1 0 6 21
262978 6 0 1 0 6 35
294959 14 0 0 0 6 23
329414 16 1 0 0 6 23
775700 28 1 1 7 6 22
814102 9 1 0 0 6 30
