473356
19
355
473356 29 0 0 2 6 18
35633 80 1 1 0 6 18
36947 53 1 1 5 6 20
47665 58 1 1 2 6 18
77058 69 1 1 2 6 20
99523 104 1 1 2 6 18
111498 102 1 0 2 6 19
115054 98 1 1 2 6 23
173671 34 1 1 2 6 21
180437 29 1 0 2 6 18
217394 42 1 1 2 6 19
233576 170 1 1 2 5 18
235614 87 1 0 2 6 18
274417 111 1 1 5 5 20
301391 25 1 0 2 6 16
339510 17 1 0 1 6 18
363915 35 1 1 7 6 18
380957 109 1 1 2 6 19
400821 105 1 0 2 6 18
402677 68 1 1 2 6 18
409703 96 1 0 2 6 18
500497 30 1 1 2 6 12
521726 10 1 1 1 6 19
528504 18 1 1 6 6 19
545808 31 1 1 2 6 20
550374 46 1 1 2 6 21
582061 28 1 1 2 6 17
651609 43 1 1 8 6 18
901735 46 1 1 6 6 16
1175597 14 1 1 2 6 19
