896180
19
394
896180 23 1 0 8 6 26
24126 30 0 0 8 6 21
110904 23 0 1 7 6 26
142038 68 0 1 2 6 29
187553 69 0 1 2 6 22
206345 65 1 1 8 6 24
236673 40 0 0 4 6 28
330765 56 1 0 8 6 25
337031 95 1 1 4 6 24
340454 42 0 1 8 6 23
417130 42 1 1 3 6 30
423047 15 0 1 8 6 28
426073 174 1 1 8 6 30
491413 90 1 0 7 6 20
589912 17 0 1 4 6 32
630396 63 1 1 8 6 22
729307 75 1 1 8 6 29
796417 5 0 1 8 6 28
816922 27 0 0 8 6 25
816937 18 0 0 8 6 24
1063690 8 1 1 3 6 30
1087666 13 0 1 8 6 31
1519958 4 1 1 0 5 26
1519982 1 0 1 2 6 24
