82290
19
1332
82290 40 1 1 0 6 27
3049 48 0 0 0 6 21
3620 72 1 1 0 6 24
4830 282 0 1 0 6 18
6767 137 1 1 0 6 22
8129 126 1 0 0 6 22
8931 35 0 0 0 6 17
19689 16 0 1 0 5 24
22977 87 0 0 0 6 22
25356 39 0 1 0 5 27
25357 47 1 1 0 6 28
25510 149 1 1 0 5 24
33751 123 0 0 0 6 25
37444 41 0 0 0 6 22
41311 89 1 1 1 6 27
41682 63 0 0 0 6 22
44329 35 1 0 0 6 26
45946 41 0 1 0 6 24
47080 49 1 0 0 6 27
48025 45 1 0 0 6 22
62640 78 1 1 0 6 24
62782 35 1 0 0 6 23
62785 62 1 1 0 6 26
65021 34 0 0 4 6 27
68584 36 1 1 0 6 25
70715 45 0 1 0 6 36
70809 58 1 1 0 6 22
81113 24 1 1 4 6 25
81879 92 1 0 3 6 23
82212 49 1 1 0 6 28
99366 21 0 0 0 6 26
111881 25 0 0 0 6 25
114504 29 1 1 1 6 25
118265 37 1 1 0 6 23
137213 72 1 1 0 6 27
139903 53 1 0 0 6 23
145927 25 1 1 0 6 25
153002 36 1 1 0 6 27
180429 38 1 1 0 6 24
217046 33 0 1 3 6 26
293766 7 0 1 0 6 26
