8580
19
1436
8580 177 1 0 0 6 18
136 40 1 1 0 6 22
778 65 1 1 0 6 20
849 122 1 1 0 5 18
869 34 0 0 0 5 20
938 120 1 0 0 6 18
2047 89 1 0 0 6 21
2362 64 0 1 0 6 21
3072 194 1 0 0 6 19
3363 140 1 0 0 6 22
4236 107 1 1 3 6 19
4769 35 0 1 2 6 21
4795 46 0 1 4 6 20
4800 226 1 1 0 6 19
4836 114 1 1 0 6 25
5597 51 1 1 0 6 20
7076 98 0 1 0 6 28
7386 92 0 1 0 6 24
7419 70 1 0 0 6 20
7629 19 0 1 0 6 19
7848 74 0 0 0 6 20
7870 55 0 1 0 5 21
7874 78 0 1 0 6 20
8129 126 1 0 0 6 22
8220 65 0 1 0 6 19
8249 83 0 1 0 6 18
8450 79 1 1 0 6 21
8463 141 1 1 0 6 19
8618 97 0 1 0 6 19
8844 156 1 1 0 6 18
8879 82 1 0 0 6 21
8895 121 1 1 0 6 20
8919 77 0 0 0 6 19
11683 117 1 1 0 6 19
12080 54 0 1 0 6 21
12523 126 1 0 0 5 21
13648 143 1 1 0 6 21
13884 57 1 0 0 6 20
14114 61 0 0 0 6 20
14559 96 1 1 0 6 21
14815 65 0 0 0 6 17
15042 105 1 0 0 6 19
15100 84 1 1 0 6 18
15367 76 0 0 0 6 18
15800 91 1 1 0 6 21
16116 37 0 0 4 6 19
16128 17 0 1 0 6 23
16393 28 0 1 0 6 18
16653 68 0 0 0 6 19
16805 83 1 1 0 6 21
16813 88 1 1 0 6 20
17295 54 0 0 0 6 21
17704 71 0 0 4 6 21
17921 33 0 0 0 6 20
18029 78 0 1 0 6 20
18242 99 1 0 4 6 20
18287 61 1 1 0 6 19
18631 50 0 0 0 6 18
18669 45 0 0 0 6 20
18944 50 0 0 4 6 19
19310 161 1 1 0 6 18
19424 125 1 0 0 6 19
19516 66 0 1 0 6 20
19895 84 1 1 0 6 18
20130 32 0 1 0 6 17
20150 102 1 0 0 6 17
20195 83 1 1 0 6 20
20395 19 0 1 0 6 24
20516 53 1 0 0 6 22
20558 131 1 1 0 6 17
20593 69 1 1 0 6 22
20775 58 0 0 0 6 18
20895 43 0 1 0 6 20
20969 18 1 1 0 6 29
22088 38 0 1 0 6 19
22131 85 1 1 0 6 19
22246 37 0 1 0 6 20
22346 71 1 0 0 6 20
22567 28 1 1 0 6 21
22761 154 1 1 0 6 19
23122 164 1 1 0 6 24
23692 33 1 1 0 6 19
23733 153 1 1 0 6 20
24694 60 1 1 0 6 19
24775 106 1 0 9 6 18
24779 39 0 0 0 6 16
24905 26 0 0 0 6 16
24987 59 1 0 0 6 20
25008 55 1 1 0 6 15
25014 40 0 1 0 6 18
25213 55 1 1 0 6 9
25768 41 1 0 0 6 18
25933 62 1 1 0 6 18
26016 24 0 1 0 6 19
26334 38 1 1 0 5 18
26335 64 0 0 0 6 16
26609 104 1 0 0 6 18
26753 25 1 1 7 6 18
26770 136 1 1 0 6 20
26821 38 1 1 0 6 18
26829 51 1 1 0 5 17
26830 50 1 1 0 6 18
26833 29 1 1 0 6 18
26834 39 0 0 0 5 17
26937 50 1 0 0 6 18
27234 15 0 0 0 6 19
27404 102 1 1 0 6 20
28056 21 0 1 0 6 18
28060 40 1 0 0 6 18
28560 66 1 1 0 6 19
28903 105 1 1 0 6 22
29037 27 0 1 0 6 19
29166 58 1 1 0 6 20
30032 70 1 1 0 6 21
33361 79 0 1 0 6 23
33642 71 0 1 0 6 21
33886 73 0 1 0 6 20
35711 74 1 1 0 6 21
37978 88 1 0 0 6 19
39241 77 1 0 0 6 23
40273 56 0 0 0 6 21
40728 67 1 1 8 6 20
41761 90 1 0 0 6 16
43786 42 0 1 0 6 21
44086 80 1 0 0 6 23
44267 11 1 1 0 6 19
44689 79 1 1 0 6 22
45002 28 0 1 0 6 18
46549 103 1 1 0 6 20
46658 115 1 0 0 6 22
49117 11 1 1 0 6 32
49643 79 1 1 0 6 29
49750 73 1 1 0 6 20
49798 24 1 1 0 6 23
50811 16 1 1 0 6 18
51568 17 0 0 0 6 20
55241 76 1 0 0 6 17
60631 71 1 0 0 6 21
62635 39 0 0 0 6 24
62779 99 1 1 4 6 20
68347 52 0 1 0 5 19
68463 19 0 0 0 6 21
68548 6 1 1 0 6 23
68789 51 1 1 0 6 17
69886 16 1 1 0 6 18
70846 56 1 1 0 6 19
71258 50 1 0 0 5 19
73417 53 0 1 0 6 20
74226 30 1 1 0 6 23
75353 62 0 0 4 6 25
77995 80 1 0 4 6 17
78835 73 1 1 0 5 30
78948 20 0 0 0 6 24
80550 20 0 0 4 6 18
86515 23 0 0 0 6 18
90205 33 0 0 0 6 20
90424 73 1 1 0 6 19
91072 103 1 1 3 6 20
95599 33 1 0 0 5 15
97560 52 0 0 0 6 21
100029 33 1 1 0 6 18
100665 11 0 1 0 6 18
103097 67 0 0 0 6 19
112836 23 0 1 4 6 18
129826 38 0 1 0 6 19
129918 71 1 1 0 6 21
131467 59 1 0 0 6 31
138845 33 0 1 0 6 18
139584 66 1 1 1 6 22
144479 24 1 0 0 6 12
153909 23 1 1 0 6 18
184835 25 0 1 0 6 27
187997 25 0 1 0 6 24
189284 38 1 1 7 6 32
189932 11 1 1 6 5 22
190036 54 1 1 3 6 19
190265 25 1 1 3 6 17
190359 26 1 1 0 6 19
