68405
19
1407
68405 65 0 1 0 6 26
2869 104 1 1 0 6 21
3620 72 1 1 0 6 24
4836 114 1 1 0 6 25
6385 67 1 0 0 6 23
6767 137 1 1 0 6 22
6995 93 1 0 0 6 27
8126 86 1 1 0 6 21
8640 121 1 1 0 6 23
9754 233 1 1 0 6 23
11531 42 1 1 0 6 23
12812 124 1 1 0 6 23
14216 83 1 0 0 6 20
14773 38 1 1 0 6 25
15012 92 1 0 0 6 21
17397 83 1 0 0 6 23
18166 128 1 0 0 6 19
19937 120 1 1 0 6 28
20088 145 1 1 0 6 26
20178 60 1 1 0 6 22
23663 111 1 0 0 6 20
23967 100 1 0 0 6 19
25074 107 1 1 0 6 23
25260 29 1 1 0 6 25
25439 130 1 1 0 6 25
29384 7 1 1 0 6 28
29547 44 1 1 0 6 24
29873 76 1 1 0 6 22
30793 61 1 0 0 6 23
33411 59 1 1 0 6 24
35302 58 1 0 0 6 23
36026 47 1 1 0 6 30
37165 25 1 1 0 6 25
37734 69 1 0 0 6 24
38568 67 1 1 4 6 23
42447 50 1 1 0 6 20
44274 42 1 1 0 6 20
47135 115 1 1 4 6 23
53401 40 1 0 0 6 26
56819 58 1 1 0 6 18
61153 30 1 0 0 5 23
67049 58 1 1 0 6 24
68420 103 1 1 0 6 18
68587 58 1 1 0 6 22
70808 66 1 1 0 6 25
73116 58 1 1 0 6 23
74911 32 1 1 0 6 25
75665 61 1 0 0 6 22
82455 72 1 0 0 6 24
86030 48 1 0 0 6 23
86331 41 1 1 0 6 26
110564 30 1 1 0 6 25
112420 141 1 0 0 6 24
117656 16 1 0 1 6 23
123806 31 1 0 0 5 26
185558 53 1 0 0 6 27
192848 35 1 1 0 6 22
205656 33 1 1 0 6 24
219545 24 1 0 0 6 23
264954 28 1 0 0 6 25
269458 22 1 0 0 6 25
284679 34 1 0 0 6 28
291664 14 1 0 0 6 24
428097 40 1 0 0 6 24
774244 17 1 0 5 6 39
1400944 11 1 0 0 5 36
