823304
19
328
823304 31 1 0 2 6 9
79922 71 0 1 8 6 19
88283 106 1 0 1 6 29
156161 203 1 1 8 6 16
191706 89 1 0 8 6 9
234778 286 1 0 0 6 12
264681 367 1 0 2 6 28
371745 155 1 1 4 6 19
438824 2 1 1 4 6 15
469967 165 1 0 8 6 18
501325 30 1 0 6 6 29
525992 46 1 1 1 6 19
560164 19 1 0 6 6 13
562485 84 1 1 8 6 30
627890 66 1 0 6 6 10
645034 110 1 1 1 6 22
671573 34 1 0 8 6 18
683044 35 1 0 8 6 18
750737 74 1 1 4 6 16
782554 16 1 0 4 6 19
792057 47 1 0 8 6 12
792067 43 1 0 4 6 12
822413 36 1 0 8 6 11
822959 14 1 0 4 6 14
824038 35 1 0 6 6 16
837509 21 1 0 4 6 11
1195695 11 1 0 2 6 29
1199147 20 1 0 0 6 13
1306868 3 1 0 3 6 11
1501165 2 1 1 2 5 22
1501289 1 0 1 8 5 16
1501323 2 0 0 8 6 20
