4847
19
1299
4847 69 0 0 0 6 24
141 63 1 0 0 6 23
2604 66 1 0 0 6 24
3387 73 1 1 0 6 22
3578 72 1 1 0 6 22
3588 85 1 0 0 6 22
4503 54 1 1 0 6 41
4510 19 1 0 0 6 24
4513 23 1 0 0 6 24
4751 29 1 0 0 6 24
4836 114 1 1 0 6 25
4842 58 1 0 0 6 24
6258 60 1 0 1 6 26
7379 40 1 1 0 5 23
8044 82 1 1 0 6 23
8640 121 1 1 0 6 23
13116 44 1 1 0 6 23
13283 173 1 0 0 6 19
14440 157 1 1 0 6 27
14472 44 1 1 0 6 26
14853 145 1 1 8 6 24
16667 18 1 0 0 6 24
18455 105 1 1 0 6 23
25097 73 1 1 0 6 24
25257 49 1 1 0 5 24
25307 23 1 1 0 6 25
25344 20 1 1 0 5 24
25510 149 1 1 0 5 24
25514 165 1 1 0 6 23
25978 19 1 0 0 6 20
26348 52 1 1 9 6 27
27472 69 1 1 0 6 26
31087 103 1 1 0 6 24
32146 44 1 1 0 5 25
38973 37 1 0 0 6 29
41680 98 1 1 0 6 21
43056 100 1 1 0 6 26
45610 21 1 0 0 6 24
47791 76 1 0 0 6 22
49728 113 1 1 0 6 24
51509 110 1 0 0 6 24
52595 92 1 0 0 5 21
61617 76 1 1 0 6 24
64106 25 1 1 0 6 24
69951 38 1 1 4 6 33
70417 87 1 0 0 6 22
70807 77 1 1 0 6 27
70809 58 1 1 0 6 22
81112 55 1 1 0 6 24
83281 32 1 0 0 6 24
83553 42 1 0 0 6 21
87776 82 1 1 0 6 25
88300 29 1 0 0 6 24
113472 96 1 0 0 6 24
115341 22 1 1 0 6 24
121118 32 1 1 0 5 24
138349 31 1 0 0 6 23
140112 31 1 1 0 6 26
142242 28 1 1 0 5 27
144378 28 1 1 0 6 23
146886 44 1 1 0 6 26
187210 15 1 1 0 6 27
218944 35 1 1 0 5 24
281801 22 1 1 1 5 26
324145 32 1 1 1 6 25
358378 26 1 0 0 6 24
359256 56 1 0 8 6 22
385472 27 1 1 0 6 24
573337 22 1 1 0 6 30
618769 55 1 0 6 6 22
