36309
19
1382
36309 37 0 1 0 6 23
1273 187 1 0 0 6 22
1821 141 1 0 0 6 20
2485 79 1 1 0 6 21
2486 84 1 1 0 6 22
3387 73 1 1 0 6 22
8129 126 1 0 0 6 22
8640 121 1 1 0 6 23
13269 129 1 0 0 6 20
13272 58 1 0 0 6 20
13606 46 1 0 0 5 24
14170 55 1 1 0 6 24
16791 153 1 0 0 6 20
17401 124 1 0 0 6 20
23122 164 1 1 0 6 24
25439 130 1 1 0 6 25
25466 62 1 0 0 6 23
30305 128 1 0 0 6 20
32729 136 1 1 0 6 21
33483 109 1 0 0 6 21
39074 124 1 0 0 6 18
43056 100 1 1 0 6 26
47791 76 1 0 0 6 22
51946 46 1 0 9 6 20
52052 50 1 1 0 6 24
57504 23 1 1 0 6 20
62640 78 1 1 0 6 24
63148 101 1 0 0 6 22
63190 43 1 1 0 6 26
68500 63 1 1 0 6 23
70417 87 1 0 0 6 22
78887 116 1 1 5 6 23
80115 56 1 0 0 6 23
81112 55 1 1 0 6 24
97342 27 1 1 0 6 23
237014 69 1 0 0 6 24
335005 43 1 0 0 6 22
439747 28 1 0 0 6 22
