67049
19
1408
67049 58 1 1 0 6 24
1565 127 0 1 0 6 21
2754 122 1 0 0 6 22
2864 92 0 1 0 6 21
5271 106 0 1 0 6 19
5961 65 1 0 0 5 23
6767 137 1 1 0 6 22
13172 144 1 0 0 6 20
13998 50 1 0 0 6 20
19937 120 1 1 0 6 28
20626 57 1 1 0 6 20
20758 25 1 1 0 6 21
21407 73 1 0 0 6 22
21856 80 1 0 0 6 19
22205 56 0 1 0 6 19
22369 91 0 1 0 6 24
22659 15 0 1 1 6 23
25439 130 1 1 0 6 25
25754 38 1 1 0 6 19
26020 61 0 0 0 6 19
26021 37 0 0 0 5 20
26167 92 1 1 0 6 19
26262 31 1 0 0 6 19
27072 106 1 1 0 6 27
28753 48 0 0 0 6 21
28808 42 0 0 0 6 23
29547 44 1 1 0 6 24
34619 59 1 1 4 6 21
34795 58 1 1 0 6 25
40420 25 1 1 0 5 22
40803 47 0 0 0 6 21
40820 36 0 0 0 6 19
42447 50 1 1 0 6 20
43537 47 0 0 0 6 21
44165 65 1 0 0 6 23
44441 36 1 0 0 6 24
44991 29 1 1 0 6 21
53817 54 0 0 0 6 23
60227 137 1 0 4 6 20
62491 45 1 0 0 6 23
62635 39 0 0 0 6 24
62779 99 1 1 4 6 20
62784 55 1 0 0 5 21
68405 65 0 1 0 6 26
68446 17 0 1 0 6 20
68500 63 1 1 0 6 23
83666 78 1 1 0 6 23
86645 44 1 1 0 6 31
90823 34 0 0 2 6 23
110569 25 1 0 0 6 23
110570 69 1 0 0 6 23
113339 124 1 1 0 6 23
128654 22 0 1 0 6 25
163508 5 0 1 0 6 24
205534 22 0 1 0 6 27
217162 17 1 0 0 6 26
217163 37 1 0 0 6 26
255114 10 0 0 3 6 25
415995 14 0 1 0 6 30
