62784
19
1341
62784 55 1 0 0 5 21
2485 79 1 1 0 6 21
2857 58 1 0 0 6 22
2864 92 0 1 0 6 21
4836 114 1 1 0 6 25
5271 106 0 1 0 6 19
8129 126 1 0 0 6 22
8133 65 0 0 0 6 21
15749 31 1 1 0 6 25
16150 64 1 1 0 6 22
16793 47 1 0 0 6 21
17242 39 0 1 0 6 27
18610 29 0 1 0 6 22
18980 73 0 1 0 6 25
20454 118 1 0 0 6 24
20456 46 0 0 4 6 22
21189 19 1 1 0 6 32
21741 74 1 0 0 6 22
21921 47 1 1 0 6 23
23093 23 1 1 0 6 22
23975 102 1 1 0 6 24
25205 107 1 0 0 5 21
25260 29 1 1 0 6 25
25439 130 1 1 0 6 25
25482 36 1 1 0 6 31
28737 43 0 1 4 6 22
30854 35 0 0 0 6 22
30983 7 0 1 0 6 24
35015 77 1 1 0 6 21
37298 18 0 0 0 6 22
38835 35 1 1 8 6 24
38868 22 0 1 7 6 24
45946 41 0 1 0 6 24
49554 25 0 1 0 6 23
57460 23 0 0 0 6 21
62575 33 1 1 0 6 24
62634 61 1 0 0 6 23
62637 38 1 1 0 6 25
62640 78 1 1 0 6 24
62779 99 1 1 4 6 20
62785 62 1 1 0 6 26
62867 11 0 1 0 6 24
64347 39 1 0 0 6 23
67049 58 1 1 0 6 24
68500 63 1 1 0 6 23
69082 73 1 1 0 6 35
74039 53 0 0 0 6 23
76862 39 1 1 0 6 24
88294 25 1 1 1 6 24
110569 25 1 0 0 6 23
110570 69 1 0 0 6 23
131339 31 0 0 0 6 25
137464 18 1 0 0 6 27
255964 9 0 0 0 6 33
284679 34 1 0 0 6 28
362575 4 0 0 0 6 29
