62575
19
1338
62575 33 1 1 0 6 24
2485 79 1 1 0 6 21
17221 57 1 1 0 6 23
23975 102 1 1 0 6 24
25097 73 1 1 0 6 24
25205 107 1 0 0 5 21
25305 42 1 1 9 6 23
25510 149 1 1 0 5 24
26607 173 1 0 0 6 21
31087 103 1 1 0 6 24
41311 89 1 1 1 6 27
45946 41 0 1 0 6 24
52073 83 1 1 2 6 24
62640 78 1 1 0 6 24
62784 55 1 0 0 5 21
62785 62 1 1 0 6 26
68500 63 1 1 0 6 23
69776 43 1 1 0 6 23
73116 58 1 1 0 6 23
110671 31 1 1 0 6 28
110674 40 0 0 0 6 21
110773 93 1 1 3 6 25
111249 40 1 1 0 6 24
122776 38 1 1 2 6 24
131339 31 0 0 0 6 25
132127 88 1 1 2 6 24
153538 62 0 0 3 6 18
300161 8 0 0 4 5 25
365446 2 1 1 0 6 25
447559 53 1 1 3 6 24
447643 40 1 1 3 6 27
554298 43 1 0 3 6 27
594675 15 0 1 3 6 17
692461 15 1 1 3 6 26
