400821
19
410
400821 105 1 0 2 6 18
21677 66 0 1 2 6 20
28001 28 0 1 2 6 19
32681 78 0 1 4 6 23
47665 58 1 1 2 6 18
57912 60 0 0 2 6 17
57950 72 1 1 2 6 19
57958 69 1 1 2 6 18
58137 62 1 1 2 6 18
58141 158 1 1 2 6 20
58300 102 1 0 2 6 18
58390 83 0 1 2 6 18
58399 48 0 0 2 5 17
63112 75 0 1 2 6 20
63318 36 1 1 2 6 18
74857 28 0 1 2 6 26
78501 48 0 1 2 6 19
95952 79 0 1 2 6 15
99523 104 1 1 2 6 18
99651 27 0 0 2 6 17
105392 53 0 1 2 6 21
107190 30 0 1 2 6 21
110492 45 0 1 4 6 27
120651 101 1 1 2 6 22
129107 35 1 1 2 6 25
129336 85 1 1 2 6 25
135777 80 1 1 2 5 20
137995 99 1 1 2 5 22
140894 16 1 0 2 6 15
143705 44 1 1 2 6 18
146713 81 1 1 2 6 19
151267 122 1 0 2 6 19
158255 50 1 1 2 6 17
158456 55 1 1 2 6 22
158461 52 0 1 2 6 21
169965 18 1 1 2 6 23
180437 29 1 0 2 6 18
187522 20 0 0 2 6 18
197381 21 0 0 2 5 18
203995 28 0 0 2 6 17
208126 111 1 1 2 6 20
217394 42 1 1 2 6 19
218814 90 1 1 2 6 21
221327 21 0 1 2 6 23
228175 68 1 1 2 6 23
231116 97 1 1 2 6 18
233492 248 1 0 2 6 19
233585 66 1 1 2 6 20
233748 31 0 0 2 6 17
254747 51 0 1 2 6 22
261754 50 1 1 2 6 20
261967 30 0 1 2 6 17
290592 33 0 1 2 6 21
296306 26 0 0 2 6 21
301474 46 1 0 2 6 21
320927 76 1 1 2 6 22
323522 49 1 1 2 6 20
372470 32 1 1 2 6 24
382244 22 0 1 2 6 19
385469 32 1 0 2 6 13
386366 21 0 1 2 6 21
398802 30 0 1 2 6 20
400984 39 1 1 1 6 20
401008 75 1 1 2 6 24
401041 56 0 1 2 6 22
401651 42 1 1 2 6 17
401652 17 0 1 2 6 18
401703 55 1 1 2 6 18
402677 68 1 1 2 6 18
402711 23 0 1 2 6 23
409283 98 1 1 2 6 17
417330 79 1 1 2 6 20
473356 29 0 0 2 6 18
474322 68 0 0 2 6 17
511964 46 1 1 2 6 23
525410 18 0 1 2 6 24
533227 48 1 1 2 6 21
544454 10 0 1 2 6 21
569408 54 1 0 2 5 22
581987 49 1 1 2 5 18
581997 22 0 1 2 6 18
582022 26 0 0 2 6 18
582262 78 1 1 2 6 21
582263 76 1 1 2 6 19
582279 48 1 1 2 6 17
602196 23 0 1 2 6 20
608120 38 1 1 2 6 17
624147 16 1 0 2 6 20
639530 62 1 1 2 6 23
652274 32 0 0 2 6 16
658584 28 1 1 2 6 19
660635 69 1 1 2 6 22
662415 14 1 1 2 6 20
690582 35 0 1 4 6 21
690696 24 1 1 3 6 22
696465 18 1 1 2 6 24
698525 38 1 1 2 6 23
776930 23 0 1 4 6 18
787800 43 1 0 7 6 19
788731 31 0 1 2 6 22
878026 13 0 1 2 6 22
900365 21 0 1 2 6 26
948621 3 0 1 2 6 22
951826 7 0 1 2 6 29
954276 14 0 0 2 6 21
1310788 1 0 1 2 6 24
