25207
19
1302
25207 36 0 1 0 6 22
806 123 1 0 0 6 22
2062 63 1 1 0 6 22
2231 71 1 1 0 6 25
2623 31 1 0 0 6 22
3588 85 1 0 0 6 22
5089 85 1 1 0 6 24
5192 122 1 1 0 6 22
6870 63 1 1 0 6 22
8126 86 1 1 0 6 21
8443 78 1 1 0 6 22
8640 121 1 1 0 6 23
16791 153 1 0 0 6 20
16837 122 1 1 0 6 21
17401 124 1 0 0 6 20
18455 105 1 1 0 6 23
21257 119 1 0 0 6 18
22188 57 1 1 0 6 21
25603 54 1 1 0 6 22
27076 44 1 0 0 6 21
28243 20 1 1 0 6 26
28978 35 1 0 0 5 22
29259 11 1 0 0 6 25
31086 52 1 1 0 6 20
34359 32 1 1 0 6 24
38568 67 1 1 4 6 23
41680 98 1 1 0 6 21
48081 22 1 0 0 6 21
48706 47 1 0 0 6 23
50549 32 1 1 0 6 23
52595 92 1 0 0 5 21
61153 30 1 0 0 5 23
65446 70 1 1 0 6 23
66768 23 1 1 0 6 22
114468 25 1 0 0 6 23
114575 20 1 1 0 6 20
121341 42 1 0 0 6 22
