33361
19
1446
33361 79 0 1 0 6 23
2072 31 1 0 0 6 20
2107 91 1 0 0 6 22
2436 71 1 1 0 6 24
2693 117 1 0 0 6 22
2874 90 1 1 0 6 21
5508 79 1 1 0 6 21
6800 112 1 1 0 6 23
8038 98 1 0 0 6 21
8044 82 1 1 0 6 23
8117 34 1 1 0 6 23
8231 103 1 1 0 6 19
8580 177 1 0 0 6 18
8788 113 1 0 0 6 21
12416 86 1 0 0 6 21
13215 24 1 1 0 6 27
13706 50 1 0 0 6 21
14051 191 1 0 3 6 21
14646 121 1 1 0 6 22
15983 62 1 1 0 6 24
16230 100 1 1 0 6 24
16839 52 1 1 0 6 23
17059 41 1 1 4 6 21
17071 17 1 0 0 6 21
17290 34 1 0 0 6 22
18454 88 1 1 0 6 24
20650 67 1 0 0 5 20
24109 108 1 0 0 6 21
24251 77 1 0 0 6 21
24382 63 1 1 0 6 23
26062 44 1 1 0 6 26
26898 113 1 0 0 6 20
26899 71 1 1 0 6 25
29873 76 1 1 0 6 22
33469 51 1 1 0 6 23
33483 109 1 0 0 6 21
39629 137 1 1 0 6 19
40374 52 1 0 0 6 22
41420 148 1 0 0 6 22
41638 55 1 0 0 6 21
42765 31 1 0 0 6 22
43378 139 1 0 0 6 23
46647 51 1 1 0 6 22
48120 70 1 0 0 6 22
49728 113 1 1 0 6 24
51573 48 1 0 0 6 20
60811 32 1 1 0 6 19
61527 36 1 1 0 6 25
62207 38 1 1 0 6 22
62290 55 1 1 0 6 23
63148 101 1 0 0 6 22
64506 45 1 0 0 6 26
65342 72 1 0 0 6 22
69051 62 1 0 0 6 21
70803 22 1 0 0 6 23
70853 103 1 0 3 6 23
71770 26 1 1 0 5 22
71841 57 1 1 0 6 24
79964 51 1 0 0 6 19
80627 78 1 0 4 6 24
88110 24 1 0 0 6 22
92570 46 1 0 0 6 22
97182 88 1 0 0 6 22
97315 49 1 0 0 6 21
122690 25 1 0 0 6 23
140361 32 1 0 0 5 23
142064 48 1 1 0 6 23
148473 32 1 1 0 6 23
163970 47 1 1 0 5 23
174814 40 1 1 0 6 23
174878 44 1 0 0 6 22
174946 32 1 0 0 5 23
175092 25 1 1 0 6 23
261554 36 1 0 0 6 23
297291 28 1 1 0 6 23
299949 38 1 0 0 6 23
335005 43 1 0 0 6 22
381316 5 1 0 9 6 21
385472 27 1 1 0 6 24
453975 16 1 0 0 6 27
