1758
19
1463
1758 113 1 1 0 6 21
123 110 1 1 0 6 21
806 123 1 0 0 6 22
1285 38 1 0 0 6 21
1813 56 1 0 0 6 21
1894 31 0 0 0 6 21
1902 51 0 0 0 5 21
2037 31 0 1 0 6 21
2043 68 0 0 0 6 20
2056 26 0 0 0 5 21
2059 48 1 0 0 6 21
2253 79 1 0 0 5 20
2352 158 1 0 0 6 20
3069 61 0 0 0 6 21
5940 44 1 0 0 6 19
6324 127 1 0 0 6 20
6729 89 0 0 0 6 19
7848 74 0 0 0 6 20
8038 98 1 0 0 6 21
8044 82 1 1 0 6 23
10791 115 1 1 0 6 21
13200 27 1 0 0 6 20
13210 61 1 0 0 6 20
13283 173 1 0 0 6 19
13293 51 0 1 0 6 20
13450 52 1 0 0 6 21
14095 53 1 1 0 5 21
14637 83 1 1 0 6 20
14760 91 1 1 0 6 23
15559 67 0 1 4 6 21
16791 153 1 0 0 6 20
17933 72 0 0 0 6 18
18788 89 1 0 0 6 20
18909 22 0 0 0 6 18
19218 31 1 0 0 6 21
19420 60 1 1 0 5 21
19623 183 1 1 0 6 20
19851 96 1 0 0 6 20
19865 139 1 1 0 6 19
20191 30 0 1 0 6 23
20453 58 1 0 0 6 21
22007 104 1 0 0 6 20
22320 55 0 0 0 6 20
22438 100 1 0 0 6 18
22786 71 1 0 0 6 19
23059 58 0 1 0 6 21
25206 82 1 0 0 6 20
25313 50 1 0 0 6 22
25460 55 1 0 0 6 22
25548 43 0 0 0 6 19
25608 93 1 0 0 6 19
27095 58 0 0 0 6 21
27650 57 1 0 0 6 20
27767 58 1 1 0 6 20
29011 34 1 0 4 6 21
29596 94 1 0 0 6 22
29629 37 1 0 0 6 21
30088 127 1 0 0 6 20
30093 152 1 0 0 6 19
32714 59 1 1 0 6 21
32717 45 1 1 0 6 21
32729 136 1 1 0 6 21
36187 68 1 0 0 6 21
36931 73 0 0 0 6 21
37167 74 1 0 0 6 20
37226 39 1 0 0 5 20
37228 20 0 0 0 6 21
37520 19 0 0 0 6 18
37944 46 0 0 0 6 21
38007 20 0 0 0 6 20
40273 56 0 0 0 6 21
40278 52 1 0 0 6 21
41034 58 1 0 0 5 19
41305 34 1 0 0 6 21
41641 39 0 0 0 6 20
42296 57 1 0 0 6 21
42409 54 1 0 0 6 19
42410 20 1 1 0 6 27
42416 56 1 1 0 6 21
42418 76 1 0 2 6 20
42419 25 0 0 0 6 21
42420 36 0 0 0 6 20
42421 105 1 0 8 6 20
42422 36 1 1 0 6 21
42447 50 1 1 0 6 20
42449 94 1 0 0 6 20
42450 71 1 0 0 6 21
42527 71 0 0 0 6 20
42528 123 1 0 0 6 19
42529 45 0 0 3 6 19
42530 50 1 0 0 6 21
42531 44 1 0 0 6 23
42534 37 1 0 0 6 21
42588 6 0 1 0 6 20
42590 49 1 1 0 5 21
42592 52 1 0 3 6 20
42687 30 1 1 0 6 20
42712 26 0 1 0 6 21
42713 72 1 0 0 6 19
42768 64 1 0 0 6 21
42769 90 1 0 4 6 20
42770 19 0 1 0 6 21
42771 69 1 1 0 6 20
42818 27 0 1 0 6 20
42821 75 1 0 0 6 21
42823 60 1 0 0 6 20
42825 36 1 1 0 6 21
42826 54 1 0 0 6 19
43311 64 1 1 0 6 20
43749 23 1 0 0 6 19
43750 99 1 1 0 6 25
43751 161 1 0 0 6 21
43753 47 1 1 0 6 21
43754 18 0 1 0 6 28
