30032
19
1470
30032 70 1 1 0 6 21
946 55 0 0 4 6 19
1074 87 1 0 0 6 18
1821 141 1 0 0 6 20
2304 50 0 1 0 6 20
2336 124 1 0 0 6 22
2362 64 0 1 0 6 21
2612 28 0 0 0 6 20
2864 92 0 1 0 6 21
3489 42 1 0 0 6 23
4510 19 1 0 0 6 24
5490 34 0 1 0 6 22
6855 51 0 1 0 5 23
7540 111 0 1 0 6 18
8129 126 1 0 0 6 22
8463 141 1 1 0 6 19
8580 177 1 0 0 6 18
12020 130 1 0 0 5 21
12434 168 1 0 0 6 23
12523 126 1 0 0 5 21
13024 34 1 1 0 6 22
14004 35 0 0 0 6 21
14760 91 1 1 0 6 23
14911 56 1 0 0 6 23
16002 53 1 1 0 6 20
17295 54 0 0 0 6 21
18029 78 0 1 0 6 20
18400 61 0 1 0 6 21
18537 71 0 0 0 6 21
19764 73 1 1 0 5 23
19932 33 1 1 0 6 19
20187 59 1 1 0 5 21
21311 66 1 0 0 6 22
21505 114 1 1 0 6 22
22977 87 0 0 0 6 22
23663 111 1 0 0 6 20
23975 102 1 1 0 6 24
24006 68 1 0 0 6 20
25266 85 0 0 0 6 21
25399 44 1 1 0 6 20
25439 130 1 1 0 6 25
26628 13 0 1 0 6 19
27070 69 1 0 0 6 18
29423 84 1 0 0 6 22
29466 48 1 1 0 6 26
29873 76 1 1 0 6 22
30704 57 1 0 0 6 24
37977 21 0 0 0 6 20
41121 37 1 1 0 6 22
41305 34 1 0 0 6 21
42160 19 0 1 0 6 23
43589 94 1 1 0 6 20
43786 42 0 1 0 6 21
43787 77 1 0 0 6 20
44067 82 1 1 0 6 20
44144 52 0 0 0 6 20
51414 140 1 0 0 6 23
52326 20 0 1 0 6 26
60478 67 1 0 0 6 18
60596 20 1 1 4 5 26
61153 30 1 0 0 5 23
62640 78 1 1 0 6 24
62778 34 0 1 0 6 25
78786 35 0 0 0 6 20
81100 25 0 0 0 6 22
83666 78 1 1 0 6 23
97593 33 1 0 0 6 24
104433 10 0 1 0 6 21
177211 24 0 1 0 6 19
252120 40 1 1 0 6 21
275391 9 1 1 0 6 25
