131339
19
1413
131339 31 0 0 0 6 25
5713 95 1 1 0 6 23
8788 113 1 0 0 6 21
12523 126 1 0 0 5 21
17290 34 1 0 0 6 22
25439 130 1 1 0 6 25
29540 102 1 1 0 6 23
36243 38 1 0 0 6 22
38219 72 1 0 0 6 25
38727 29 1 0 0 6 23
43056 100 1 1 0 6 26
62575 33 1 1 0 6 24
62634 61 1 0 0 6 23
62636 24 1 1 0 6 24
62637 38 1 1 0 6 25
62784 55 1 0 0 5 21
69776 43 1 1 0 6 23
86013 31 1 1 0 6 24
113654 41 1 0 0 6 24
226595 74 1 0 3 6 26
318103 57 1 1 5 6 25
327184 54 1 0 7 6 25
333304 50 1 0 1 6 24
343887 21 1 0 0 6 25
352191 77 1 1 0 6 24
388562 36 1 1 8 6 30
395221 41 1 1 8 6 24
395599 14 1 1 0 6 26
568648 33 1 1 1 6 25
678309 35 1 1 7 6 25
794750 21 1 0 0 5 26
898252 45 1 1 6 6 25
