26898
19
1433
26898 113 1 0 0 6 20
919 49 0 0 0 6 21
1022 643 1 1 0 6 21
1047 84 1 0 0 6 20
2043 68 0 0 0 6 20
2103 120 0 1 0 6 23
2874 90 1 1 0 6 21
3148 57 0 1 0 6 24
3497 94 1 1 0 6 21
3629 121 1 1 0 6 20
3729 68 0 0 0 6 19
4136 85 1 0 0 5 21
4956 57 0 1 0 6 23
5146 123 1 1 0 6 18
6796 234 0 1 2 6 31
6966 75 0 0 0 6 20
7304 89 1 0 0 6 20
8038 98 1 0 0 6 21
8231 103 1 1 0 6 19
8545 49 0 1 0 6 22
8788 113 1 0 0 6 21
8789 156 1 1 0 6 22
8933 38 0 0 0 6 17
9978 120 1 0 0 6 21
10084 112 1 1 0 6 19
13222 205 1 0 0 6 20
13352 41 0 0 0 5 21
13829 74 0 0 0 6 21
14051 191 1 0 3 6 21
14242 140 1 1 0 6 23
14610 35 0 0 0 6 17
14635 52 0 0 0 6 23
15023 63 1 0 0 6 16
15052 114 1 0 0 6 20
15246 95 1 0 0 6 21
15312 73 1 1 0 6 23
15519 89 1 0 0 6 18
15563 110 1 0 0 6 20
16012 57 1 1 0 6 19
16194 105 1 1 0 6 20
17229 103 1 1 0 6 24
17631 28 0 1 0 6 22
18326 49 1 1 0 6 21
18454 88 1 1 0 6 24
19851 96 1 0 0 6 20
19896 150 0 1 6 6 19
19937 120 1 1 0 6 28
20239 18 0 1 0 6 24
20264 14 0 1 0 6 25
20270 40 0 1 0 6 21
22369 91 0 1 0 6 24
22375 100 1 1 0 6 31
22494 64 1 1 0 6 27
22761 154 1 1 0 6 19
22840 36 0 1 0 6 20
22987 79 1 1 0 6 23
25319 57 1 1 0 6 22
25353 37 1 1 0 6 21
25364 67 1 1 0 6 21
26899 71 1 1 0 6 25
27236 131 1 1 0 6 25
28796 34 1 0 0 5 21
29540 102 1 1 0 6 23
29655 18 0 0 0 6 20
31998 27 0 1 0 5 21
33359 46 0 0 0 6 22
33361 79 0 1 0 6 23
33483 109 1 0 0 6 21
34026 53 1 0 1 6 19
34448 46 0 1 0 5 23
36210 8 0 0 0 6 18
36434 24 0 1 0 6 21
36517 36 0 1 0 6 22
38301 140 1 1 0 6 22
44040 22 0 1 0 6 27
44826 37 1 0 0 6 20
47199 31 0 1 0 6 22
48316 43 0 1 0 6 27
49604 44 1 1 0 5 26
52606 14 0 0 0 6 20
62016 51 0 0 0 6 21
63148 101 1 0 0 6 22
63853 18 0 0 0 6 24
66057 5 0 1 0 6 26
75484 26 0 1 0 6 23
80888 50 1 0 4 6 27
89144 35 1 1 0 6 24
89485 15 0 1 0 6 31
97315 49 1 0 0 6 21
97321 21 0 0 0 6 22
97540 40 1 1 0 6 22
97793 27 0 0 0 6 20
97919 21 1 0 0 6 21
114045 41 1 0 0 6 31
118271 15 1 1 0 6 22
126955 31 1 1 9 5 23
138670 70 1 1 0 6 19
153133 67 1 0 0 6 15
162498 29 1 1 0 6 29
169462 165 1 1 7 6 21
218350 87 1 0 3 6 20
219793 14 0 0 0 6 29
235571 25 1 1 0 6 25
252276 28 1 1 0 6 26
335584 12 0 1 0 6 27
341063 20 0 1 8 6 24
375348 19 1 1 0 6 25
390419 25 1 1 3 6 27
390420 22 1 0 8 6 14
390421 4 0 1 4 6 31
390490 41 0 1 3 6 28
390492 33 1 1 8 6 28
390525 12 0 0 0 6 29
390607 6 1 1 4 6 26
