42531
19
1278
42531 44 1 0 0 6 23
1758 113 1 1 0 6 21
8444 112 1 1 0 6 23
8450 79 1 1 0 6 21
14156 32 0 1 1 6 22
17399 46 1 0 0 6 21
19307 40 0 1 0 6 26
19812 147 1 1 0 6 20
20451 36 0 1 0 6 24
24110 33 0 0 0 6 22
25301 41 1 1 0 5 23
25439 130 1 1 0 6 25
25514 165 1 1 0 6 23
29139 16 0 1 0 6 30
29294 51 1 1 4 6 21
32714 59 1 1 0 6 21
33554 33 1 1 0 5 21
44071 33 1 1 0 6 23
44933 48 1 1 0 6 22
46948 68 1 1 0 6 22
50549 32 1 1 0 6 23
57164 49 1 1 0 6 22
62221 40 0 1 0 5 25
63584 52 1 1 0 5 23
70809 58 1 1 0 6 22
73116 58 1 1 0 6 23
81020 56 0 0 0 6 22
87776 82 1 1 0 6 25
110246 15 0 1 0 6 39
112657 66 1 1 1 6 27
112894 41 1 1 0 6 17
114432 55 1 1 3 6 24
115196 30 1 1 0 5 22
118256 14 0 1 0 5 23
119040 38 1 1 0 6 26
124861 25 0 0 0 6 24
138115 26 1 1 0 6 21
144377 37 1 1 0 5 23
145224 23 1 0 0 6 23
247119 84 1 1 0 6 21
264738 25 1 1 0 6 23
301784 8 0 0 0 6 23
303524 43 1 1 0 6 27
373786 28 0 1 0 3 20
458971 18 1 1 0 6 23
