33483
19
1403
33483 109 1 0 0 6 21
2103 120 0 1 0 6 23
2362 64 0 1 0 6 21
2436 71 1 1 0 6 24
2797 36 1 0 0 6 24
2801 19 0 0 0 6 25
2824 24 0 1 0 6 22
2874 90 1 1 0 6 21
3148 57 0 1 0 6 24
5083 75 1 0 0 6 21
5238 49 1 1 0 6 24
5508 79 1 1 0 6 21
7370 34 1 1 0 6 22
7874 78 0 1 0 6 20
8038 98 1 0 0 6 21
8044 82 1 1 0 6 23
8126 86 1 1 0 6 21
8231 103 1 1 0 6 19
8444 112 1 1 0 6 23
8448 51 1 1 0 6 21
10084 112 1 1 0 6 19
13148 70 0 1 0 6 21
13293 51 0 1 0 6 20
13733 120 1 0 0 6 21
13829 74 0 0 0 6 21
15559 67 0 1 4 6 21
15563 110 1 0 0 6 20
15802 37 1 1 0 5 21
16828 27 0 0 0 6 23
16837 122 1 1 0 6 21
17064 75 1 1 4 6 25
17067 39 1 1 0 6 22
17609 17 0 0 0 6 22
18454 88 1 1 0 6 24
18763 14 0 1 0 5 20
18770 35 0 1 0 6 22
19180 45 0 0 0 6 22
20259 30 1 1 0 6 23
20371 37 0 1 0 6 22
20517 48 0 1 0 6 23
20546 24 0 1 0 6 23
21458 38 1 1 0 6 17
21505 114 1 1 0 6 22
22840 36 0 1 0 6 20
23122 164 1 1 0 6 24
25256 72 0 1 0 6 22
25260 29 1 1 0 6 25
25439 130 1 1 0 6 25
26898 113 1 0 0 6 20
26899 71 1 1 0 6 25
27742 22 0 0 0 6 19
28266 20 1 0 0 6 23
28335 23 0 1 0 6 20
28447 111 1 0 0 6 21
29539 63 1 1 0 6 22
30559 20 0 1 0 6 20
31980 67 1 1 0 6 22
32109 84 1 0 0 6 22
32179 55 1 1 0 5 22
33356 28 0 1 0 6 21
33359 46 0 0 0 6 22
33361 79 0 1 0 6 23
33409 84 1 0 0 6 19
33411 59 1 1 0 6 24
33469 51 1 1 0 6 23
33472 64 1 0 0 6 20
33475 43 1 1 9 6 24
33479 24 0 0 0 6 21
35014 37 0 0 0 6 23
36183 13 0 0 0 6 22
36309 37 0 1 0 6 23
38041 70 1 1 7 6 25
40544 39 0 1 0 6 21
41680 98 1 1 0 6 21
42768 64 1 0 0 6 21
43786 42 0 1 0 6 21
44596 67 1 1 0 6 21
47465 34 0 0 0 6 22
48024 35 0 1 0 6 22
49728 113 1 1 0 6 24
50558 121 1 1 0 6 21
52052 50 1 1 0 6 24
52406 126 1 1 0 6 21
53822 10 1 1 0 6 21
58153 44 0 1 0 6 23
60641 30 1 1 0 6 22
62207 38 1 1 0 6 22
62210 36 1 1 0 6 26
67282 16 0 1 0 6 24
70679 30 1 1 0 6 25
71764 46 1 1 0 6 25
71841 57 1 1 0 6 24
73123 57 0 0 0 6 23
73309 66 1 0 0 6 20
73371 92 1 1 0 6 20
75876 47 1 1 0 6 22
79908 42 0 0 0 6 21
83442 72 1 1 0 6 22
97182 88 1 0 0 6 22
97342 27 1 1 0 6 23
118027 22 1 0 0 6 22
119338 33 1 0 0 6 21
119341 6 0 0 0 6 21
127622 25 1 1 0 6 22
159598 20 1 0 0 6 22
179469 25 1 1 4 6 20
186647 9 0 0 0 6 22
197531 43 1 0 7 6 21
262553 16 0 0 0 6 23
450495 2 1 1 0 6 28
