824038
19
376
824038 35 1 0 6 6 16
88479 93 1 1 4 6 19
89047 113 0 1 6 6 19
137692 54 1 0 2 6 12
156161 203 1 1 8 6 16
224620 444 1 0 8 6 18
371745 155 1 1 4 6 19
430823 54 1 0 2 6 12
469967 165 1 0 8 6 18
501325 30 1 0 6 6 29
525992 46 1 1 1 6 19
560164 19 1 0 6 6 13
562485 84 1 1 8 6 30
616511 93 1 0 8 6 9
627890 66 1 0 6 6 10
640935 114 0 0 8 6 9
644408 41 1 0 4 6 20
645034 110 1 1 1 6 22
683044 35 1 0 8 6 18
750737 74 1 1 4 6 16
782554 16 1 0 4 6 19
792040 23 1 0 8 6 12
792057 47 1 0 8 6 12
792067 43 1 0 4 6 12
822413 36 1 0 8 6 11
822959 14 1 0 4 6 14
823304 31 1 0 2 6 9
837509 21 1 0 4 6 11
1137127 5 1 1 4 6 18
1195695 11 1 0 2 6 29
1473229 4 1 1 2 6 13
1501151 1 0 0 7 5 11
1501165 2 1 1 2 5 22
1501294 1 1 1 2 5 22
1501323 2 0 0 8 6 20
1501387 1 1 1 8 6 13
