41311
19
1328
41311 89 1 1 1 6 27
804 82 0 1 0 6 27
3620 72 1 1 0 6 24
4836 114 1 1 0 6 25
4951 56 1 1 0 6 28
5961 65 1 0 0 5 23
6767 137 1 1 0 6 22
8129 126 1 0 0 6 22
11570 55 1 1 0 6 24
12523 126 1 0 0 5 21
13024 34 1 1 0 6 22
16793 47 1 0 0 6 21
17401 124 1 0 0 6 20
18980 73 0 1 0 6 25
19578 50 0 1 0 6 27
20454 118 1 0 0 6 24
21553 23 1 1 0 6 27
23975 102 1 1 0 6 24
24222 18 0 1 0 6 25
25198 31 0 0 0 6 26
25205 107 1 0 0 5 21
25208 70 1 1 0 6 22
25262 78 1 1 1 6 29
25357 47 1 1 0 6 28
25365 28 0 0 0 6 22
25439 130 1 1 0 6 25
26348 52 1 1 9 6 27
27120 37 0 1 0 6 22
27476 74 1 0 0 6 23
27529 67 1 0 0 6 20
27946 5 0 1 0 6 27
29768 91 1 0 0 6 21
32180 41 1 1 0 6 25
32862 91 1 1 0 6 25
33751 123 0 0 0 6 25
40898 26 0 1 0 6 25
41910 40 0 0 0 6 26
44329 35 1 0 0 6 26
45251 36 1 1 0 6 26
45936 22 1 1 0 5 25
45946 41 0 1 0 6 24
46357 55 0 0 0 6 21
56121 24 0 1 4 6 26
62575 33 1 1 0 6 24
62636 24 1 1 0 6 24
62637 38 1 1 0 6 25
62640 78 1 1 0 6 24
62782 35 1 0 0 6 23
62785 62 1 1 0 6 26
64509 14 0 1 0 6 27
68409 81 1 1 0 6 29
68584 36 1 1 0 6 25
70807 77 1 1 0 6 27
81112 55 1 1 0 6 24
81113 24 1 1 4 6 25
82170 23 0 1 0 6 25
82212 49 1 1 0 6 28
82290 40 1 1 0 6 27
90753 30 1 1 0 6 29
99366 21 0 0 0 6 26
110564 30 1 1 0 6 25
110570 69 1 0 0 6 23
110671 31 1 1 0 6 28
110674 40 0 0 0 6 21
111066 17 0 0 0 6 24
111249 40 1 1 0 6 24
112417 58 1 1 0 6 35
114504 29 1 1 1 6 25
115200 25 0 0 4 5 26
119040 38 1 1 0 6 26
130343 4 1 1 0 6 28
137213 72 1 1 0 6 27
144499 12 0 0 0 5 27
145927 25 1 1 0 6 25
153944 16 0 1 0 6 29
161335 8 0 1 0 6 30
164661 14 1 1 0 6 25
180429 38 1 1 0 6 24
242775 38 0 1 0 6 35
254793 15 0 1 0 6 24
268360 229 1 1 5 6 25
276322 25 1 1 0 6 29
531126 5 1 1 1 6 33
531130 54 1 0 7 6 26
531131 5 1 1 0 6 25
531165 13 0 1 2 6 33
531215 6 1 0 1 6 26
582586 48 1 0 0 6 27
1258958 5 1 0 0 6 27
1432714 5 1 1 4 6 29
