45946
19
1334
45946 41 0 1 0 6 24
1971 39 1 1 0 6 20
2899 80 1 0 0 6 21
3164 27 1 0 0 6 12
3363 140 1 0 0 6 22
4836 114 1 1 0 6 25
5963 53 1 1 0 6 23
6583 95 1 1 0 6 23
6767 137 1 1 0 6 22
8489 38 1 0 0 6 18
20454 118 1 0 0 6 24
23975 102 1 1 0 6 24
25205 107 1 0 0 5 21
25262 78 1 1 1 6 29
25357 47 1 1 0 6 28
32180 41 1 1 0 6 25
32931 193 1 0 3 6 21
41311 89 1 1 1 6 27
45936 22 1 1 0 5 25
52739 31 1 0 0 6 14
62575 33 1 1 0 6 24
62636 24 1 1 0 6 24
62640 78 1 1 0 6 24
62784 55 1 0 0 5 21
62785 62 1 1 0 6 26
70900 30 1 1 0 6 26
72055 99 1 0 1 5 20
82290 40 1 1 0 6 27
110564 30 1 1 0 6 25
111249 40 1 1 0 6 24
114504 29 1 1 1 6 25
117890 112 1 0 0 6 18
132927 51 1 1 4 6 26
138882 101 1 0 8 6 27
145927 25 1 1 0 6 25
237449 31 1 0 0 6 24
269975 6 1 0 0 6 16
428914 61 1 0 3 6 26
442098 51 1 1 3 6 29
659420 47 1 0 8 6 25
897068 16 1 1 3 6 25
1153997 26 1 0 8 6 25
