33472
19
1441
33472 64 1 0 0 6 20
172 103 1 1 0 6 20
2047 89 1 0 0 6 21
2362 64 0 1 0 6 21
4538 134 1 1 0 5 22
4699 168 1 1 0 6 21
7870 55 0 1 0 5 21
8038 98 1 0 0 6 21
8044 82 1 1 0 6 23
8126 86 1 1 0 6 21
8137 33 1 1 0 5 22
8640 121 1 1 0 6 23
14534 74 1 0 0 6 21
15862 35 0 0 0 6 21
15882 48 0 0 0 6 20
16305 35 1 1 0 6 20
16668 56 1 0 0 6 22
16819 14 0 0 0 6 21
16837 122 1 1 0 6 21
17067 39 1 1 0 6 22
17401 124 1 0 0 6 20
18632 109 1 0 0 6 21
20259 30 1 1 0 6 23
20516 53 1 0 0 6 22
22337 84 1 1 0 6 21
22566 32 0 0 1 6 21
23856 16 0 0 0 6 20
25302 14 1 1 0 6 21
25367 64 1 0 0 5 21
26080 97 1 0 0 6 20
29539 63 1 1 0 6 22
33178 40 1 0 0 6 21
33469 51 1 1 0 6 23
33477 124 1 1 0 6 21
33483 109 1 0 0 6 21
35129 44 1 1 0 6 24
36437 139 1 0 0 6 22
37295 110 1 1 0 6 22
37364 35 0 1 0 5 23
37944 46 0 0 0 6 21
40544 39 0 1 0 6 21
43844 51 1 1 0 6 20
44689 79 1 1 0 6 22
45687 61 1 1 0 6 21
46531 31 1 1 0 6 24
46912 44 1 1 0 4 21
51807 67 1 1 0 6 26
64733 30 0 1 0 6 21
68625 15 1 1 3 6 23
71841 57 1 1 0 6 24
77543 70 1 1 0 6 21
82213 21 0 1 0 6 21
83398 53 1 0 0 6 19
91378 26 1 0 0 6 21
97342 27 1 1 0 6 23
123167 72 1 0 0 6 21
250248 99 1 1 8 6 24
254489 23 1 0 0 6 11
272362 35 1 1 3 6 17
353286 15 0 0 0 6 18
395824 18 1 1 0 6 28
449024 9 0 1 0 6 23
451108 23 1 1 3 6 20
451154 4 1 0 0 6 46
451227 19 1 1 4 6 27
