505
19
1271
505 77 1 1 0 6 24
19 171 1 1 0 6 21
592 7 1 1 0 6 21
681 138 1 1 4 6 21
806 123 1 0 0 6 22
2235 33 0 0 0 6 21
2236 81 1 0 0 6 22
3006 111 1 0 0 6 23
3367 62 1 0 0 6 21
8129 126 1 0 0 6 22
15511 87 1 1 0 6 21
16657 27 1 0 0 6 22
16659 86 0 0 9 6 21
16662 14 0 0 0 6 29
16665 24 0 0 0 6 23
16666 7 0 1 4 6 22
16667 18 1 0 0 6 24
16668 56 1 0 0 6 22
16669 56 1 0 0 6 23
16671 26 0 1 0 6 17
16673 29 0 1 6 6 22
16675 51 1 1 0 6 23
16677 32 1 0 0 6 25
16679 43 0 0 0 6 22
16681 21 1 1 0 6 21
16775 12 0 1 1 6 21
16777 45 1 1 1 6 21
16779 51 1 1 0 6 23
16781 16 1 1 3 5 23
16783 43 0 0 0 6 23
16786 67 1 0 0 6 22
16787 17 0 0 0 6 27
16788 77 1 0 0 6 22
16789 85 0 0 0 6 20
16790 44 0 1 0 6 25
16791 153 1 0 0 6 20
16792 39 0 0 0 6 23
16793 47 1 0 0 6 21
16794 75 0 0 0 6 22
16823 43 1 1 1 6 22
16824 64 1 0 0 6 20
16826 33 1 1 0 6 12
16828 27 0 0 0 6 23
16830 64 0 0 0 6 21
16836 7 0 1 0 6 27
16837 122 1 1 0 6 21
16838 8 1 1 1 6 20
16839 52 1 1 0 6 23
16840 33 0 1 2 6 21
16842 24 0 1 0 6 15
16846 101 1 1 3 6 22
17203 10 0 0 0 6 23
17221 57 1 1 0 6 23
17229 103 1 1 0 6 24
17288 11 1 1 2 6 27
17290 34 1 0 0 6 22
17291 26 0 0 0 6 21
17292 23 0 0 0 6 22
17294 23 1 0 0 6 20
17295 54 0 0 0 6 21
17386 53 1 0 9 6 25
17387 47 1 0 0 6 21
17388 38 0 1 0 6 23
17389 40 1 0 0 6 21
17390 9 0 0 0 6 23
17391 46 1 1 1 6 25
17392 48 0 0 8 6 23
17394 37 0 0 0 6 21
17395 37 0 0 0 6 23
17397 83 1 0 0 6 23
17399 46 1 0 0 6 21
17401 124 1 0 0 6 20
17402 45 0 1 0 6 23
17439 89 1 0 0 6 23
17440 37 1 1 6 6 21
17442 26 0 0 0 6 21
17443 60 1 0 0 6 21
17444 29 1 0 0 6 22
