115039
19
1245
115039 25 0 0 0 6 23
5106 38 1 0 0 6 24
5142 796 1 1 0 6 25
5737 56 1 0 0 6 23
6800 112 1 1 0 6 23
6857 46 1 1 0 6 23
13893 38 1 0 0 6 23
14211 64 1 0 0 6 23
14278 81 1 1 0 6 22
19753 78 1 1 0 6 26
23956 53 1 1 0 6 21
24384 45 1 1 0 6 22
29253 35 1 1 0 6 24
37729 82 1 1 0 6 27
48372 67 1 1 1 6 23
62166 30 1 1 0 6 24
64988 43 1 1 1 6 27
65339 42 1 0 0 6 23
70792 27 1 0 0 6 25
128924 26 1 0 0 6 23
132348 51 1 1 0 6 15
153547 21 1 1 0 6 23
154459 22 1 0 0 6 24
169257 153 1 1 3 6 24
276869 7 1 1 0 6 34
1454230 7 1 0 0 6 29
