145224
19
1304
145224 23 1 0 0 6 23
6325 83 1 0 0 6 21
8640 121 1 1 0 6 23
12285 51 1 1 0 6 17
14580 48 0 1 0 6 22
17221 57 1 1 0 6 23
18697 91 1 1 0 6 23
19307 40 0 1 0 6 26
25301 41 1 1 0 5 23
25510 149 1 1 0 5 24
42531 44 1 0 0 6 23
47463 55 1 1 0 6 23
49728 113 1 1 0 6 24
57164 49 1 1 0 6 22
62162 40 0 1 0 6 26
73116 58 1 1 0 6 23
110965 348 1 1 0 6 27
291399 17 1 1 0 6 28
301368 43 1 0 3 6 23
301784 8 0 0 0 6 23
651409 17 1 1 1 5 23
705780 20 1 1 0 6 25
914155 27 1 1 4 6 25
982910 1 1 1 1 6 24
