20812
19
1256
20812 36 1 0 4 6 23
814 63 1 1 0 6 25
1740 148 1 1 0 6 28
5198 22 1 1 0 5 22
7507 33 1 0 0 6 22
16266 49 0 1 0 6 26
16665 24 0 0 0 6 23
16783 43 0 0 0 6 23
21174 25 0 1 0 6 24
23171 21 0 1 0 5 22
24170 21 0 1 0 6 27
24873 40 1 1 0 6 20
25524 47 0 1 0 6 22
28443 38 1 1 0 6 22
28808 42 0 0 0 6 23
38567 29 1 1 0 6 23
38828 43 1 0 0 5 23
45408 40 1 0 0 6 22
46066 44 1 1 0 6 26
46658 115 1 0 0 6 22
57164 49 1 1 0 6 22
65440 69 1 0 0 6 23
70896 19 0 0 0 6 23
81020 56 0 0 0 6 22
83570 30 1 1 0 6 23
88715 35 0 0 0 6 32
96851 12 1 1 0 6 23
110742 30 1 0 0 6 23
143124 36 1 0 0 6 23
164181 26 0 1 0 6 24
218886 28 0 1 0 6 22
278554 22 1 1 0 6 22
294959 14 0 0 0 6 23
329299 36 0 1 1 6 22
329414 16 1 0 0 6 23
329431 5 0 0 0 6 49
329432 18 1 0 1 6 21
