6324
19
1427
6324 127 1 0 0 6 20
172 103 1 1 0 6 20
305 87 1 1 0 6 27
585 360 1 0 0 6 21
587 37 1 0 0 6 19
641 37 0 1 0 6 21
851 107 1 1 0 6 25
1584 70 0 1 0 6 27
1639 97 1 1 0 6 24
1697 26 0 1 0 6 26
1758 113 1 1 0 6 21
1870 49 0 1 0 6 23
2034 87 1 1 0 6 21
3375 80 1 1 0 6 22
3572 31 1 0 0 6 18
5083 75 1 0 0 6 21
5484 103 1 1 0 6 22
7249 38 1 1 0 6 20
7265 55 1 1 0 6 22
7386 92 0 1 0 6 24
7569 23 0 1 0 6 21
8044 82 1 1 0 6 23
8383 40 1 1 0 6 25
8470 118 1 1 0 6 26
8581 98 0 1 0 6 21
11321 63 1 1 0 6 20
11412 94 1 0 0 6 19
11571 202 1 0 0 6 19
11667 51 0 1 0 6 20
13283 173 1 0 0 6 19
13293 51 0 1 0 6 20
13719 31 1 1 0 6 19
14389 169 1 1 0 6 21
14757 38 1 1 0 6 19
15068 144 1 0 0 6 20
15297 62 0 1 0 6 24
15559 67 0 1 4 6 21
15636 27 0 1 0 6 23
15882 48 0 0 0 6 20
15947 115 1 1 0 6 22
15957 47 1 1 0 6 22
16002 53 1 1 0 6 20
17844 53 1 1 0 6 23
18158 89 1 1 0 6 22
18168 32 0 1 0 5 21
18253 65 0 1 0 6 19
18404 28 0 1 0 6 21
18694 64 1 1 0 6 23
18719 39 1 1 0 6 20
18784 83 0 0 0 6 18
19576 49 1 1 0 6 19
19745 59 1 1 0 6 21
20088 145 1 1 0 6 26
21166 31 1 1 0 6 19
21183 34 1 1 0 6 28
22237 105 1 0 4 6 20
23059 58 0 1 0 6 21
23164 121 1 1 0 6 22
25097 73 1 1 0 6 24
25260 29 1 1 0 6 25
25359 75 1 0 0 6 20
25433 39 0 1 0 6 24
25439 130 1 1 0 6 25
25510 149 1 1 0 5 24
25542 102 1 1 0 6 19
25829 46 0 1 0 6 4
26183 81 1 1 0 5 18
26770 136 1 1 0 6 20
28477 43 1 1 0 6 17
28903 105 1 1 0 6 22
29873 76 1 1 0 6 22
30064 16 1 1 8 6 22
30478 76 1 1 0 6 21
33668 24 0 1 0 6 25
35724 101 1 0 0 6 17
36032 40 1 1 0 6 20
37731 140 1 1 0 6 23
40272 37 1 0 0 6 21
40544 39 0 1 0 6 21
41195 27 0 1 0 6 21
41976 28 1 0 0 6 19
42450 71 1 0 0 6 21
43098 37 1 1 0 6 22
43819 90 1 1 0 6 19
44067 82 1 1 0 6 20
44165 65 1 0 0 6 23
44689 79 1 1 0 6 22
44826 37 1 0 0 6 20
45961 40 1 1 0 6 24
46111 66 1 1 0 6 19
48225 13 0 0 0 6 21
50539 78 1 1 0 5 25
51268 46 0 1 0 6 21
51301 17 0 1 0 6 25
53917 26 1 1 0 6 25
57164 49 1 1 0 6 22
61652 22 0 0 0 6 23
63418 39 1 1 0 6 22
65548 71 1 0 0 6 19
66710 67 1 1 0 6 20
68511 45 0 1 0 6 22
68898 12 1 1 0 6 23
70228 41 0 1 0 6 19
71993 17 0 1 0 6 19
72238 37 0 1 0 6 19
74131 65 1 1 0 6 20
75444 39 1 1 0 6 20
75665 61 1 0 0 6 22
80892 6 1 1 0 5 25
90205 33 0 0 0 6 20
95864 76 1 1 0 6 19
100000 62 1 1 3 6 22
100709 61 1 1 0 6 23
113774 25 1 0 0 6 18
119043 31 0 0 0 6 18
135967 17 0 0 0 6 23
143058 19 1 1 0 6 24
144377 37 1 1 0 5 23
144378 28 1 1 0 6 23
144445 27 1 1 0 6 19
144448 30 1 0 0 6 19
144457 14 0 0 0 6 23
144459 89 0 1 2 6 19
144499 12 0 0 0 5 27
144555 20 0 1 0 6 22
179469 25 1 1 4 6 20
199923 29 1 1 0 6 23
297924 20 1 1 0 6 17
