19023
19
1385
19023 59 0 1 0 6 26
740 40 1 0 0 6 21
746 153 1 0 0 6 20
1450 90 1 0 0 6 20
1721 86 1 0 4 6 20
1866 102 1 1 0 6 22
2047 89 1 0 0 6 21
2527 36 1 1 0 6 21
2584 121 1 1 0 6 24
2782 80 1 0 0 6 20
3220 101 1 0 0 6 21
3568 209 1 0 0 6 18
3588 85 1 0 0 6 22
5089 85 1 1 0 6 24
5423 87 1 1 0 6 19
5657 62 1 1 0 6 25
5964 110 1 0 0 6 22
6012 24 1 0 0 6 26
6325 83 1 0 0 6 21
6865 67 1 0 0 6 20
8129 126 1 0 0 6 22
8470 118 1 1 0 6 26
12711 75 1 1 0 6 17
12740 48 1 0 4 6 26
14440 157 1 1 0 6 27
16805 83 1 1 0 6 21
18048 128 1 0 0 6 19
19935 14 1 0 0 6 11
19940 55 1 0 0 6 23
19942 38 1 0 0 6 15
20632 100 1 0 0 6 22
22987 79 1 1 0 6 23
25514 165 1 1 0 6 23
26270 221 1 0 0 6 24
28573 50 1 0 0 6 19
30260 126 1 0 4 6 19
30932 173 1 0 0 6 19
31086 52 1 1 0 6 20
31173 152 1 0 0 6 19
40374 52 1 0 0 6 22
45408 40 1 0 0 6 22
49798 24 1 1 0 6 23
52595 92 1 0 0 5 21
54034 25 1 1 0 6 39
60953 17 1 0 9 5 26
61915 86 1 0 0 6 15
69969 21 1 0 0 5 23
70417 87 1 0 0 6 22
70807 77 1 1 0 6 27
72272 70 1 1 0 6 25
74907 23 1 0 0 6 27
82479 106 1 0 0 6 19
89236 36 1 1 0 6 23
103221 6 1 1 0 6 13
110569 25 1 0 0 6 23
137106 7 1 0 0 6 23
184180 24 1 1 0 6 26
275245 3 1 0 0 6 22
288223 78 1 0 4 6 26
787472 38 1 0 5 6 24
