16665
19
1262
16665 24 0 0 0 6 23
505 77 1 1 0 6 24
806 123 1 0 0 6 22
6583 95 1 1 0 6 23
14008 81 1 0 0 6 21
16779 51 1 1 0 6 23
16786 67 1 0 0 6 22
16788 77 1 0 0 6 22
17229 103 1 1 0 6 24
20812 36 1 0 4 6 23
27472 69 1 1 0 6 26
38828 43 1 0 0 5 23
48076 45 1 0 0 6 23
57164 49 1 1 0 6 22
63379 22 1 1 0 6 29
71934 9 1 1 0 6 22
82187 24 1 0 0 6 23
89235 64 1 1 0 6 24
110313 60 1 0 0 6 22
110742 30 1 0 0 6 23
142160 55 1 0 0 6 22
143124 36 1 0 0 6 23
153547 21 1 1 0 6 23
154063 37 1 1 0 6 25
329414 16 1 0 0 6 23
