19745
19
1443
19745 59 1 1 0 6 21
46 45 0 0 0 5 21
598 96 1 0 0 6 21
1357 153 1 0 0 6 22
1688 13 0 0 0 6 24
2119 65 0 0 0 6 21
3072 194 1 0 0 6 19
3413 154 1 0 0 6 21
3496 140 1 0 0 6 23
4962 64 0 0 0 6 18
6324 127 1 0 0 6 20
6729 89 0 0 0 6 19
7874 78 0 1 0 6 20
11265 34 1 0 0 6 18
12161 102 1 0 0 6 18
13239 85 1 0 0 6 20
13283 173 1 0 0 6 19
14769 35 0 1 0 6 21
15367 76 0 0 0 6 18
15560 48 0 1 0 6 20
16305 35 1 1 0 6 20
17704 71 0 0 4 6 21
18172 28 1 1 0 6 23
18217 70 0 0 0 6 22
19883 80 1 0 0 6 25
20088 145 1 1 0 6 26
20226 52 0 0 0 6 20
23164 121 1 1 0 6 22
23166 32 0 1 0 6 21
23592 59 0 1 4 6 21
24005 50 0 0 0 6 20
24331 74 1 0 0 5 19
25919 88 1 0 0 6 19
26607 173 1 0 0 6 21
27236 131 1 1 0 6 25
28903 105 1 1 0 6 22
29237 66 0 0 0 6 23
29629 37 1 0 0 6 21
29908 119 1 0 0 6 18
30551 68 0 0 9 6 19
32515 101 0 0 0 6 18
38986 82 1 0 0 6 21
40898 26 0 1 0 6 25
41195 27 0 1 0 6 21
41420 148 1 0 0 6 22
41680 98 1 1 0 6 21
42450 71 1 0 0 6 21
42528 123 1 0 0 6 19
43754 18 0 1 0 6 28
68506 35 0 0 0 6 22
80729 46 0 0 0 6 22
81020 56 0 0 0 6 22
97994 77 1 0 2 6 22
113774 25 1 0 0 6 18
117135 32 0 0 0 6 20
127191 39 1 1 0 6 22
222733 6 1 0 0 5 16
302786 37 1 0 8 6 19
319227 4 1 0 4 5 19
319230 8 0 1 0 6 23
