3496
19
1452
3496 140 1 0 0 6 23
95 100 1 1 0 6 23
772 34 0 1 0 6 23
803 22 1 0 0 6 21
804 82 0 1 0 6 27
829 18 0 1 0 6 23
842 84 1 1 0 6 23
938 120 1 0 0 6 18
1995 80 1 1 0 6 22
2210 72 1 1 0 6 21
2336 124 1 0 0 6 22
2606 23 0 1 0 6 20
2829 102 1 1 0 6 23
3119 24 0 1 0 6 28
4714 7 0 1 0 6 23
5088 91 1 1 0 6 30
5186 34 0 1 0 6 25
6757 112 1 1 0 6 19
6798 24 1 1 0 6 25
6857 46 1 1 0 6 23
7264 72 1 1 4 6 23
7352 197 1 1 0 6 21
8444 112 1 1 0 6 23
10684 25 0 1 4 6 31
13137 108 1 1 0 6 26
13283 173 1 0 0 6 19
14242 140 1 1 0 6 23
15858 107 1 1 0 6 27
16342 35 1 1 7 6 24
16675 51 1 1 0 6 23
17308 49 0 1 0 6 22
17918 111 0 0 0 6 20
18172 28 1 1 0 6 23
18217 70 0 0 0 6 22
18315 34 1 1 0 6 26
19578 50 0 1 0 6 27
19745 59 1 1 0 6 21
19883 80 1 0 0 6 25
20088 145 1 1 0 6 26
20219 57 1 1 0 6 22
20221 220 1 0 0 6 20
20348 71 1 1 0 6 25
20369 354 0 1 4 6 22
20517 48 0 1 0 6 23
20518 26 1 0 0 6 23
20526 60 1 1 0 6 26
20627 25 0 1 0 6 23
20632 100 1 0 0 6 22
20646 40 1 1 0 6 23
21199 35 0 1 0 6 25
22597 40 0 1 0 6 22
22660 28 0 1 0 6 23
23164 121 1 1 0 6 22
23592 59 0 1 4 6 21
23905 24 1 1 0 6 25
24044 77 1 1 0 6 21
24107 47 0 1 0 6 21
24180 42 0 1 0 6 28
24258 73 1 0 0 6 23
24316 34 1 0 4 6 23
25198 31 0 0 0 6 26
25257 49 1 1 0 5 24
25418 27 1 0 0 5 18
25468 82 1 1 0 6 25
26772 34 0 0 4 5 21
26859 45 1 1 0 6 26
27282 31 1 1 0 6 22
27725 22 0 0 0 6 22
28447 111 1 0 0 6 21
29824 31 1 1 0 6 28
32199 38 0 0 0 6 17
32885 40 1 0 0 6 22
34922 124 1 0 7 6 28
36311 25 0 1 4 6 23
36931 73 0 0 0 6 21
37045 11 0 0 0 6 23
37290 166 0 1 7 6 24
40802 24 1 1 0 6 23
41142 48 1 0 0 6 23
41195 27 0 1 0 6 21
43114 56 1 0 0 6 22
43378 139 1 0 0 6 23
43754 18 0 1 0 6 28
44049 7 1 1 0 6 25
44933 48 1 1 0 6 22
49251 157 0 0 0 6 15
50097 37 0 1 0 6 21
51857 62 0 1 4 6 27
53817 54 0 0 0 6 23
53833 53 1 1 0 6 20
57276 10 0 0 0 6 25
60705 19 0 1 0 6 22
61730 51 1 0 0 6 23
62667 32 0 1 0 6 26
65208 45 1 0 0 6 22
65340 44 1 0 0 6 22
65449 31 0 0 0 6 23
67223 23 1 1 0 6 25
68466 28 0 1 0 6 18
68506 35 0 0 0 6 22
68700 20 0 1 0 6 30
69211 30 0 0 0 6 21
70804 12 1 1 0 6 27
71587 22 0 1 0 6 23
72472 23 1 0 0 6 19
74957 20 0 0 0 6 23
75026 16 0 1 0 5 23
76862 39 1 1 0 6 24
77433 18 0 0 0 6 22
80271 24 1 0 0 6 23
81020 56 0 0 0 6 22
82890 17 0 0 0 6 23
83312 25 0 1 0 6 29
83890 12 0 1 0 6 25
85880 14 1 1 0 5 39
85882 56 1 0 0 6 22
85888 4 0 0 4 6 20
85897 343 0 1 6 6 28
85932 18 1 0 4 6 14
85968 129 1 1 7 6 22
85969 29 0 0 0 6 15
85971 35 0 1 4 6 22
85995 26 1 0 0 6 18
85999 20 0 1 4 6 29
86002 83 1 0 0 6 28
86030 48 1 0 0 6 23
86081 6 1 1 9 6 38
86082 66 1 0 0 6 23
86083 40 1 0 0 6 23
86084 42 0 0 0 6 23
86085 40 0 0 0 6 23
86087 37 1 0 0 5 23
86189 99 1 0 0 6 23
86254 29 1 0 0 6 23
86258 70 1 1 0 6 23
86262 30 0 1 3 6 25
86923 16 1 0 2 6 32
87046 11 0 1 0 6 34
87118 11 1 1 0 6 27
87373 28 1 1 0 6 25
87374 61 1 0 1 6 43
