452912
19
414
452912 97 1 1 6 6 20
33461 296 1 0 6 6 21
44719 91 0 0 7 6 20
45009 101 1 0 6 6 23
48872 246 0 0 6 6 19
49207 185 0 0 6 6 19
58106 54 1 1 6 6 20
61479 99 0 0 6 6 20
76631 161 1 0 5 6 24
87305 131 1 0 6 6 19
92128 91 1 0 6 6 23
131412 184 0 0 7 6 18
140328 97 1 1 6 6 20
143532 92 1 0 7 6 17
143915 30 0 0 1 6 21
148940 36 1 1 6 6 18
149983 88 1 0 6 5 21
150827 266 1 0 7 6 16
164353 85 1 0 2 6 19
164413 67 0 0 6 6 24
217332 129 1 0 5 6 20
223656 111 1 0 6 6 17
233479 83 1 1 6 6 19
245804 41 1 0 1 6 21
258446 58 1 0 4 6 20
258472 20 1 0 6 6 30
258979 130 1 0 7 6 23
258982 129 1 1 6 6 22
261525 143 1 0 5 6 22
262812 171 1 0 6 6 17
262958 79 1 1 6 6 21
263263 173 1 0 2 6 18
287783 101 1 0 7 6 20
302665 216 0 0 6 6 19
305928 283 1 0 6 6 20
336267 128 1 0 6 6 16
336391 22 1 0 6 6 21
336395 67 1 0 6 6 20
336464 62 1 0 6 6 20
336570 252 1 0 6 6 21
336619 48 0 0 6 6 20
338372 136 0 0 6 6 17
366211 141 1 1 6 6 20
366248 67 1 1 6 6 24
366363 125 1 1 6 6 20
366389 100 1 0 6 6 21
368779 145 1 1 6 6 21
368928 66 1 1 6 6 20
389713 96 0 0 7 6 21
412072 128 1 1 6 6 20
415413 31 1 1 6 6 20
416531 152 1 0 2 6 18
418589 91 0 0 7 6 22
421614 263 1 0 7 6 21
428962 94 1 0 6 5 21
443036 44 0 0 1 6 23
443037 292 1 0 6 6 22
446377 87 1 0 5 6 18
456814 67 1 1 6 6 19
463239 62 1 1 6 6 20
479260 78 1 0 1 6 22
485569 126 1 0 7 6 21
486570 70 0 0 6 6 22
490614 88 1 0 6 6 17
527784 29 0 0 6 6 18
542522 61 1 1 6 6 20
559367 117 1 1 6 6 20
559591 58 1 0 6 6 19
559596 73 0 0 6 6 21
560444 40 1 1 6 6 19
597300 52 1 0 2 5 24
603838 182 1 0 6 6 21
603978 67 1 0 6 6 22
623102 18 0 0 6 5 21
636400 99 1 1 6 6 19
676235 137 1 0 6 5 18
676446 84 0 1 6 6 22
688951 73 1 0 6 6 19
690046 87 1 1 6 6 22
691187 49 0 0 6 6 23
691412 34 1 0 6 6 19
691439 64 1 1 6 6 19
711815 29 0 0 6 6 21
718346 80 1 1 6 5 19
724780 16 1 1 6 6 21
756517 43 1 0 2 6 19
777795 53 0 0 6 6 20
781949 99 1 0 6 6 21
790598 18 1 0 6 6 21
796822 78 1 0 6 6 20
817502 43 0 1 6 6 18
929031 21 0 1 6 6 20
971816 20 1 0 6 6 19
993455 52 0 0 9 6 20
1010354 24 1 0 7 6 23
1050202 9 1 0 6 6 22
1101049 9 1 0 7 6 19
1179544 60 1 0 6 6 22
