41420
19
1417
41420 148 1 0 0 6 22
2062 63 1 1 0 6 22
2231 71 1 1 0 6 25
3320 48 1 1 0 5 23
3332 69 1 1 0 6 26
3372 109 1 0 0 6 22
3498 59 0 0 0 6 23
3578 72 1 1 0 6 22
5142 796 1 1 0 6 25
5192 122 1 1 0 6 22
5369 80 1 1 0 6 24
5484 103 1 1 0 6 22
5500 66 1 1 0 6 23
5696 40 0 1 0 6 24
6800 112 1 1 0 6 23
6853 72 1 0 0 6 19
6861 106 1 0 0 6 19
6865 67 1 0 0 6 20
7186 104 1 0 0 6 20
7337 100 1 0 0 6 19
7470 37 0 1 0 6 21
7874 78 0 1 0 6 20
7972 36 0 0 0 6 21
8545 49 0 1 0 6 22
8789 156 1 1 0 6 22
9898 88 0 1 0 6 22
11315 70 0 1 0 6 19
13639 37 0 1 0 6 22
13825 43 1 1 0 6 23
14127 74 1 1 0 6 22
14242 140 1 1 0 6 23
14440 157 1 1 0 6 27
15292 30 1 1 0 5 25
15563 110 1 0 0 6 20
15805 78 1 1 0 6 20
17618 26 0 1 0 6 24
17731 3 0 1 0 5 23
18320 79 1 1 0 6 22
18400 61 0 1 0 6 21
18454 88 1 1 0 6 24
18851 34 1 0 0 6 22
19516 66 0 1 0 6 20
19523 81 0 1 0 6 22
19745 59 1 1 0 6 21
20023 31 0 0 0 6 21
20643 74 1 1 0 6 22
21461 56 1 1 0 5 23
21487 73 0 1 0 6 24
22119 87 1 0 0 6 21
22276 24 0 1 0 6 23
22507 75 1 0 0 5 19
22532 54 1 1 4 6 20
22793 43 1 1 0 6 21
22992 46 1 1 0 6 22
23122 164 1 1 0 6 24
23166 32 0 1 0 6 21
23169 65 1 1 0 6 22
25017 84 1 1 0 6 22
25054 65 1 1 0 6 23
25097 73 1 1 0 6 24
25316 20 0 1 0 6 22
25367 64 1 0 0 5 21
25439 130 1 1 0 6 25
25514 165 1 1 0 6 23
26607 173 1 0 0 6 21
26770 136 1 1 0 6 20
26859 45 1 1 0 6 26
26883 140 1 0 0 5 19
26897 49 1 1 0 6 24
26973 80 1 1 0 6 21
27297 27 0 0 0 5 19
27668 54 0 0 4 5 21
28908 111 1 1 0 6 23
29080 48 1 1 0 6 21
29873 76 1 1 0 6 22
30241 93 1 0 0 6 22
30711 61 1 0 0 6 22
31620 39 0 1 0 6 27
32179 55 1 1 0 5 22
32529 49 1 1 0 6 27
32681 78 0 1 4 6 23
33361 79 0 1 0 6 23
35053 78 1 1 0 6 24
36437 139 1 0 0 6 22
36609 47 0 1 0 6 24
36740 14 0 1 0 6 24
37429 41 1 1 0 6 25
38041 70 1 1 7 6 25
38423 65 1 1 0 6 27
40642 33 1 1 4 6 21
40803 47 0 0 0 6 21
40963 62 1 1 0 6 24
41614 21 0 1 0 6 23
41680 98 1 1 0 6 21
42525 40 1 1 0 6 18
43098 37 1 1 0 6 22
43132 142 1 1 4 6 23
43669 41 0 1 0 6 24
44023 37 0 0 4 6 19
44086 80 1 0 0 6 23
44165 65 1 0 0 6 23
44689 79 1 1 0 6 22
45604 74 1 1 0 6 24
46925 51 1 0 0 5 18
47088 55 1 0 0 6 20
47965 19 0 1 0 6 22
48023 31 1 1 0 6 22
48024 35 0 1 0 6 22
48025 45 1 0 0 6 22
48027 28 1 1 0 6 22
48029 12 1 1 0 6 22
49895 11 1 1 0 6 22
53919 4 0 1 0 6 20
56904 74 1 1 3 6 23
60777 74 1 1 0 6 22
62487 53 1 0 0 6 22
63418 39 1 1 0 6 22
63587 58 1 1 0 6 24
64393 66 1 1 0 5 20
68463 19 0 0 0 6 21
68836 58 1 1 0 6 23
69452 106 1 1 0 6 29
71993 17 0 1 0 6 19
74274 49 0 1 0 6 17
74991 45 1 0 0 6 21
76818 86 1 1 1 6 23
80332 18 0 1 1 6 22
83742 37 1 1 0 6 29
89144 35 1 1 0 6 24
101398 36 1 0 7 6 23
107528 43 0 1 0 5 25
109627 44 1 1 0 6 24
110826 33 1 0 0 6 24
114505 8 0 1 0 6 27
118423 36 0 0 0 6 22
130756 18 1 1 6 6 20
144378 28 1 1 0 6 23
154032 37 1 1 0 6 20
156133 18 0 1 4 6 22
183409 44 1 1 0 6 20
251177 23 1 1 1 6 27
281695 64 1 0 4 6 21
333571 17 1 0 0 6 25
376039 11 1 0 0 6 23
385437 41 1 1 5 5 24
387353 62 1 1 2 5 23
550273 46 1 1 7 6 23
600346 42 1 1 5 6 23
939438 20 1 1 5 6 21
