397335
19
329
397335 68 1 0 9 6 17
27578 174 1 1 2 6 21
33115 53 1 1 3 6 19
40451 95 1 1 9 6 18
87556 93 1 1 9 6 18
88479 93 1 1 4 6 19
88786 255 1 1 8 6 19
108197 61 1 0 6 6 20
156488 329 1 1 6 6 19
211819 159 1 1 4 6 18
212280 73 1 1 4 6 22
274308 76 1 1 5 6 23
323908 83 1 1 6 6 19
372718 56 1 1 6 6 20
372917 87 1 1 8 6 18
372984 133 1 1 4 5 18
373002 318 1 1 4 6 20
374388 73 1 1 4 6 17
375199 175 1 0 8 6 15
375483 96 1 1 8 6 17
375974 34 1 1 4 6 19
377956 13 1 0 9 6 29
407100 225 1 1 8 6 19
407760 196 1 1 8 6 19
433946 57 1 1 8 5 20
435645 151 1 1 4 6 21
467051 28 1 1 9 5 20
475474 22 1 0 9 6 18
497194 76 1 1 4 6 20
499508 14 1 1 0 6 18
507119 86 1 0 6 6 17
511666 39 1 0 1 6 19
513371 231 1 1 4 6 22
513482 102 1 1 8 6 20
514735 40 1 1 6 6 20
515121 112 1 1 6 6 20
515364 135 1 1 6 6 21
515405 68 1 1 9 6 19
515522 67 1 1 6 6 20
520850 94 1 1 6 6 23
521881 59 1 1 9 6 19
524607 93 1 1 4 6 20
530293 7 1 1 3 6 31
540579 16 1 0 4 6 21
544521 46 1 1 9 6 20
549018 74 1 1 8 6 20
566812 63 1 1 8 6 20
639076 49 1 1 4 6 17
653932 93 1 0 8 6 12
659883 57 1 1 2 6 19
699914 28 1 1 7 6 22
749168 25 1 0 9 5 14
750052 58 1 0 9 6 12
750872 29 1 0 9 6 16
750925 42 1 0 9 6 15
751075 22 1 0 9 5 16
762748 35 1 0 9 6 20
791284 17 1 1 9 5 13
810282 21 1 1 2 5 29
820111 8 1 1 9 5 19
885317 67 1 1 6 6 17
899014 19 1 1 9 6 19
928342 25 1 1 4 6 18
1015117 17 1 1 6 6 22
1029455 70 1 1 7 6 29
1074616 18 1 1 9 5 15
1265852 22 1 1 4 6 20
1267295 17 1 0 8 5 22
1405720 2 1 1 9 6 18
