87056
19
399
87056 206 1 0 8 6 20
6722 74 1 0 8 6 19
20983 59 0 1 8 6 24
21035 42 1 1 8 6 21
21446 58 1 1 2 6 22
30513 170 1 1 3 6 24
33670 50 0 1 0 6 20
55054 66 0 1 7 6 20
69048 36 1 1 5 6 28
70385 246 1 1 8 6 25
71995 23 1 0 5 6 21
75046 90 1 1 2 6 18
76954 68 1 0 8 6 20
79569 131 0 1 8 6 21
83228 269 1 1 8 6 20
88160 70 1 1 8 6 21
92654 61 0 0 8 6 17
100333 120 1 0 8 6 18
104259 25 0 0 8 6 20
104819 66 1 1 8 6 22
104900 91 1 0 8 6 20
106879 59 0 0 4 6 20
120135 75 1 1 8 6 21
122437 50 1 1 8 6 16
123555 91 1 0 8 6 20
123931 71 1 1 1 6 23
124923 96 1 1 9 6 22
127824 41 1 0 8 6 22
127916 14 1 0 8 6 22
137574 182 1 1 4 6 22
139982 32 0 1 8 6 21
140241 81 1 1 8 6 17
145972 71 1 1 8 6 19
146122 90 1 1 8 6 21
146249 21 0 0 8 5 19
146252 26 0 0 4 6 18
146255 122 1 1 4 6 21
146266 62 0 0 8 6 19
146697 148 1 1 2 6 19
146966 128 1 1 8 6 20
147033 82 1 1 8 6 20
151483 95 0 1 5 6 23
158241 69 0 1 8 6 25
177962 153 1 1 8 6 20
177998 101 1 1 8 6 23
180108 57 0 1 8 6 23
180427 67 1 0 8 6 19
181227 32 1 0 4 6 27
194968 47 0 1 6 5 21
207235 55 0 1 8 6 22
208184 59 1 0 6 6 26
209327 55 0 1 8 6 21
212792 48 0 0 8 6 20
216130 56 0 0 8 6 21
218960 57 1 1 8 6 24
220415 135 1 1 0 6 19
222345 31 1 1 8 6 21
222458 125 1 1 8 6 18
223912 150 1 0 4 6 21
225076 105 1 1 6 6 20
225621 210 1 1 5 6 22
225684 91 1 0 1 6 26
225692 43 0 1 6 5 20
226215 206 1 0 1 6 21
231739 45 0 1 4 6 28
234744 74 0 1 8 6 21
242007 89 1 1 5 6 21
247449 65 1 0 4 6 21
252269 74 1 0 5 6 20
255887 55 1 1 8 6 21
265980 31 0 1 0 5 20
268181 64 0 0 8 6 21
268848 75 1 1 6 6 20
269399 77 1 1 8 6 23
273261 64 1 1 4 6 21
274798 111 0 0 8 6 20
279715 51 1 0 6 6 20
287664 79 0 1 8 6 21
287769 105 1 1 8 6 22
294104 88 1 1 3 6 22
296920 20 0 0 8 6 18
301460 22 1 1 8 5 21
306257 48 1 1 6 6 26
318989 62 1 1 8 6 27
319637 38 0 0 8 6 20
322275 23 0 0 8 6 20
325730 54 0 1 8 6 26
331743 64 1 0 8 6 21
331994 43 0 1 4 6 21
333206 18 1 1 8 6 21
333357 50 1 0 8 6 21
333358 29 0 1 4 6 21
334156 120 1 0 8 6 21
334517 7 0 1 8 6 21
335549 21 0 1 8 6 19
335571 34 0 0 6 6 22
335634 53 1 1 8 6 20
335656 18 1 1 8 6 21
335713 27 1 0 8 6 21
335718 79 1 0 8 6 21
336292 56 1 1 8 6 23
336293 21 0 0 8 6 21
336327 40 1 0 8 6 21
336629 77 1 1 8 6 21
337188 40 1 1 8 6 21
338146 108 1 1 6 6 21
338234 120 1 1 8 6 22
339204 63 1 1 8 6 22
341448 37 1 1 8 5 20
343017 48 0 0 5 6 21
345260 83 1 0 8 6 21
350236 65 1 1 8 6 19
350676 57 1 0 8 6 21
358423 17 0 0 8 6 21
359137 35 1 1 0 6 20
365289 34 1 0 6 6 15
374473 21 0 0 8 6 19
388856 88 1 0 5 6 19
392971 111 1 1 8 6 22
393265 204 1 0 8 6 19
405725 49 1 1 5 5 23
409187 36 0 0 0 6 20
410338 48 1 1 8 6 22
410348 67 0 0 8 5 19
410497 79 1 0 8 6 24
423567 13 1 1 5 5 23
429788 100 1 1 6 6 20
430236 78 1 1 8 5 18
430540 101 1 1 4 6 20
460585 40 1 0 8 6 18
460899 54 1 0 8 6 19
461472 42 0 0 8 5 17
461474 85 1 0 8 6 17
461719 56 1 1 8 6 20
475324 88 1 1 4 6 21
476183 56 1 1 8 6 22
476303 27 0 0 8 6 27
483060 75 1 0 8 6 23
494734 45 1 0 8 5 20
498004 38 0 0 9 6 22
508524 83 1 1 8 5 26
521751 59 1 1 8 6 20
521785 43 1 0 8 6 16
527209 76 1 1 8 6 18
536413 30 0 1 8 6 21
545468 53 1 1 8 6 23
545532 37 1 1 2 6 22
545790 30 1 0 8 5 21
553121 30 1 0 4 6 18
553753 16 1 0 5 6 25
555419 15 0 1 8 6 25
556079 88 1 1 4 6 19
558666 94 1 1 6 6 25
562218 51 1 1 8 6 22
562345 35 0 1 8 6 20
568076 66 1 0 8 6 24
577120 62 1 1 8 6 21
577122 35 1 0 8 6 21
588081 65 1 1 8 6 23
592425 42 0 1 8 6 25
595775 39 1 0 8 6 21
598685 29 1 1 8 6 21
612740 53 0 0 8 6 21
615368 50 1 1 8 6 25
616030 28 0 0 8 6 19
617444 22 0 1 6 6 20
623394 113 1 0 8 6 23
627392 76 1 1 8 6 22
632282 54 1 1 8 6 23
633926 47 1 1 8 6 20
634996 16 0 1 8 6 21
660345 30 1 1 8 5 21
665869 61 1 0 6 6 20
665990 57 1 1 4 6 25
677116 48 1 0 8 6 26
679811 32 1 0 8 6 21
682547 96 1 0 6 6 19
685903 70 1 0 8 6 19
688069 13 1 1 1 6 23
725223 69 1 1 8 6 21
730429 72 1 0 8 6 22
735196 52 1 1 6 6 21
737453 84 1 0 6 6 19
738380 44 1 1 8 6 21
743070 54 1 1 8 6 21
754063 69 1 1 6 6 23
761950 22 0 0 8 6 17
771912 41 0 0 8 6 17
772266 37 0 0 8 6 20
773263 64 1 1 8 6 19
797792 27 1 0 1 6 16
817041 32 1 1 8 6 22
817473 36 1 1 8 6 22
817476 40 1 1 8 6 21
817477 26 1 0 6 6 31
817490 21 0 0 8 6 21
817506 32 1 1 1 6 22
817514 39 1 1 8 6 33
817515 27 0 1 8 6 18
817516 48 1 0 4 6 21
817551 120 1 0 4 6 21
817552 57 1 0 8 6 21
817586 25 0 1 3 6 21
817587 37 1 0 8 6 21
817622 10 0 0 8 6 18
817689 25 1 1 8 6 21
989049 60 1 1 8 6 22
