8450
19
1484
8450 79 1 1 0 6 21
136 40 1 1 0 6 22
579 85 0 0 0 6 22
598 96 1 0 0 6 21
938 120 1 0 0 6 18
2323 160 1 0 0 6 18
3006 111 1 0 0 6 23
3375 80 1 1 0 6 22
3494 21 0 0 0 6 20
3498 59 0 0 0 6 23
7870 55 0 1 0 5 21
8433 131 1 1 0 6 21
8578 56 1 1 0 6 22
8580 177 1 0 0 6 18
8581 98 0 1 0 6 21
8653 54 1 0 0 6 20
11684 36 1 1 0 6 20
12020 130 1 0 0 5 21
12845 107 1 0 0 6 18
13103 119 1 0 0 6 18
14938 64 0 1 0 6 18
15042 105 1 0 0 6 19
15563 110 1 0 0 6 20
15959 59 1 1 0 6 23
17401 124 1 0 0 6 20
18029 78 0 1 0 6 20
18217 70 0 0 0 6 22
19424 125 1 0 0 6 19
20650 67 1 0 0 5 20
21065 74 1 1 0 6 21
21487 73 0 1 0 6 24
22459 51 0 1 0 6 22
23365 127 1 0 0 6 21
25317 90 1 0 0 6 20
25514 165 1 1 0 6 23
26164 39 1 0 0 5 18
27056 98 1 1 5 6 21
28010 109 1 0 0 6 21
28059 136 1 0 0 6 21
28560 66 1 1 0 6 19
30447 100 1 1 0 6 23
32218 82 1 1 0 6 21
33751 123 0 0 0 6 25
34257 40 0 0 0 6 18
35523 24 0 1 0 6 23
36177 58 1 1 0 6 24
36211 40 0 0 0 6 18
37166 34 1 1 0 6 23
38096 203 1 0 0 6 19
38519 89 1 1 0 6 20
40914 92 1 0 1 6 20
41083 68 1 1 0 6 21
41113 47 1 1 0 6 25
42531 44 1 0 0 6 23
42993 77 0 1 4 6 20
43795 71 1 1 0 6 19
43821 138 1 0 4 6 16
46658 115 1 0 0 6 22
50541 47 1 0 0 6 20
51131 16 0 1 9 6 25
64254 88 1 1 0 6 18
67785 41 0 0 3 6 18
74865 51 1 1 8 5 19
77835 56 0 0 0 6 22
95714 21 0 1 0 6 20
122868 26 0 0 0 6 22
124076 141 0 0 7 6 20
125884 33 1 0 9 6 23
169755 18 0 1 0 6 21
177348 47 1 1 2 6 21
179639 20 1 1 0 5 21
181435 24 0 1 9 6 18
181967 6 1 1 1 6 18
181968 109 1 1 3 6 15
181970 17 0 0 7 6 18
181993 10 0 0 0 6 46
181995 5 1 0 9 6 19
182164 51 1 1 0 6 20
182221 32 1 1 3 6 21
182222 3 1 0 0 6 41
