62635
19
1411
62635 39 0 0 0 6 24
2485 79 1 1 0 6 21
4836 114 1 1 0 6 25
5961 65 1 0 0 5 23
6767 137 1 1 0 6 22
8580 177 1 0 0 6 18
14472 44 1 1 0 6 26
19937 120 1 1 0 6 28
20626 57 1 1 0 6 20
23093 23 1 1 0 6 22
23129 405 1 1 0 6 32
25439 130 1 1 0 6 25
26167 92 1 1 0 6 19
27072 106 1 1 0 6 27
29547 44 1 1 0 6 24
37528 47 1 0 0 6 23
37729 82 1 1 0 6 27
42447 50 1 1 0 6 20
44041 109 1 1 0 6 24
44165 65 1 0 0 6 23
45266 165 1 1 4 6 23
55259 45 1 1 0 6 28
62491 45 1 0 0 6 23
62779 99 1 1 4 6 20
67049 58 1 1 0 6 24
68500 63 1 1 0 6 23
110569 25 1 0 0 6 23
110570 69 1 0 0 6 23
113339 124 1 1 0 6 23
137426 52 1 1 0 6 30
147694 23 1 1 0 6 23
161763 52 1 1 0 6 28
181511 6 1 1 2 6 23
200752 23 1 1 0 6 27
304786 7 1 1 0 6 18
329136 49 1 1 2 6 24
346351 23 1 0 0 6 25
367935 13 1 1 0 6 26
414567 54 1 1 1 6 25
536888 33 1 1 7 6 25
