1821
19
1482
1821 141 1 0 0 6 20
27 119 1 1 0 6 23
123 110 1 1 0 6 21
136 40 1 1 0 6 22
172 103 1 1 0 6 20
508 64 0 0 0 6 19
1233 32 0 0 0 6 23
1790 34 0 1 0 5 20
1796 79 1 1 0 6 23
1959 31 0 1 0 6 24
1965 47 1 1 0 6 20
2034 87 1 1 0 6 21
2259 62 0 0 0 6 20
2325 26 1 1 0 6 21
2362 64 0 1 0 6 21
2458 98 1 1 0 5 20
2606 23 0 1 0 6 20
2612 28 0 0 0 6 20
2864 92 0 1 0 6 21
2869 104 1 1 0 6 21
3545 39 0 1 4 6 19
3579 25 0 1 0 5 22
4459 51 1 1 0 6 22
4699 168 1 1 0 6 21
5490 34 0 1 0 6 22
7252 34 1 1 0 6 19
7386 92 0 1 0 6 24
8035 35 1 1 0 6 20
8470 118 1 1 0 6 26
8578 56 1 1 0 6 22
8579 82 1 1 0 6 22
8618 97 0 1 0 6 19
11568 45 1 1 0 6 22
12126 102 1 1 0 5 19
13272 58 1 0 0 6 20
13291 114 1 0 4 6 19
13293 51 0 1 0 6 20
14051 191 1 0 3 6 21
14116 32 0 1 5 6 19
15068 144 1 0 0 6 20
15424 60 0 1 4 6 21
15747 30 1 1 0 6 21
16002 53 1 1 0 6 20
16632 96 0 1 0 6 22
18029 78 0 1 0 6 20
18719 39 1 1 0 6 20
18794 17 0 0 0 6 20
18803 488 1 0 2 6 27
18810 293 1 1 2 6 59
18909 22 0 0 0 6 18
19209 73 1 1 0 5 26
19218 31 1 0 0 6 21
19932 33 1 1 0 6 19
20088 145 1 1 0 6 26
20187 59 1 1 0 5 21
20259 30 1 1 0 6 23
20650 67 1 0 0 5 20
21405 29 0 0 0 6 20
22359 61 0 1 0 6 20
23057 33 1 1 0 6 22
23124 51 1 1 0 6 22
23973 30 0 1 0 6 21
24006 68 1 0 0 6 20
24331 74 1 0 0 5 19
25306 104 1 1 0 6 31
25364 67 1 1 0 6 21
25514 165 1 1 0 6 23
25519 31 1 1 0 6 23
25709 19 0 1 0 6 19
26268 48 0 0 0 6 19
26391 68 1 1 0 6 21
27108 69 1 0 0 6 20
29539 63 1 1 0 6 22
30032 70 1 1 0 6 21
31980 67 1 1 0 6 22
31998 27 0 1 0 5 21
32224 36 1 1 0 6 23
32714 59 1 1 0 6 21
35015 77 1 1 0 6 21
35423 53 1 0 0 6 22
36309 37 0 1 0 6 23
37226 39 1 0 0 5 20
37337 59 1 0 0 6 20
37977 21 0 0 0 6 20
38977 36 0 1 0 6 21
40544 39 0 1 0 6 21
41636 46 1 1 0 6 20
41657 65 1 1 0 6 20
42447 50 1 1 0 6 20
42705 28 1 1 0 6 20
42928 21 0 1 4 5 21
42931 68 1 1 0 6 21
43057 54 1 0 4 5 21
43287 32 1 1 0 6 23
43352 51 0 1 4 6 19
43536 31 1 1 0 6 24
43582 5 1 1 7 5 17
43583 63 1 0 7 6 16
43584 61 1 0 7 5 19
43585 18 0 0 0 6 17
43586 13 1 1 0 6 15
43587 35 0 1 0 6 36
43588 13 0 1 0 6 24
43589 94 1 1 0 6 20
43669 41 0 1 0 6 24
43670 31 1 0 0 6 17
43672 51 1 1 4 6 20
43673 45 1 1 4 6 20
43742 18 0 0 0 6 26
43744 31 1 1 0 6 24
43748 40 1 1 0 6 19
43781 33 1 1 0 6 23
43786 42 0 1 0 6 21
43787 77 1 0 0 6 20
43788 62 1 0 0 5 19
43790 123 1 1 0 6 19
43840 30 0 0 9 6 20
43841 92 1 1 3 6 20
43842 38 0 1 0 6 20
43843 95 1 1 4 6 18
43844 51 1 1 0 6 20
43845 16 1 0 0 6 26
43902 20 0 1 0 6 22
44066 43 1 1 0 6 20
44067 82 1 1 0 6 20
44069 117 1 0 0 6 20
44070 25 1 1 0 5 42
44071 33 1 1 0 6 23
44073 61 1 0 0 6 20
44141 48 1 1 0 5 18
44142 32 1 1 0 6 25
44143 88 1 1 3 6 21
44144 52 0 0 0 6 20
44184 12 1 1 0 6 23
44689 79 1 1 0 6 22
44690 36 1 1 0 6 22
44691 45 0 0 0 6 19
44692 49 1 1 0 6 25
44706 24 1 1 0 6 22
44730 89 1 0 0 6 26
44731 6 1 1 0 6 14
44816 65 1 0 0 6 20
