1565
19
1389
1565 127 0 1 0 6 21
92 82 1 0 0 6 22
256 56 1 1 0 6 24
487 123 1 0 0 6 20
522 49 1 0 0 6 18
731 101 1 0 0 6 21
806 123 1 0 0 6 22
950 52 1 0 0 6 21
1356 70 1 0 0 6 20
1754 25 1 0 0 6 21
1985 46 1 0 1 6 22
2450 114 1 0 0 6 18
2609 109 1 0 0 5 21
2754 122 1 0 0 6 22
2914 134 1 0 4 6 19
3031 68 1 0 0 6 21
3363 140 1 0 0 6 22
3387 73 1 1 0 6 22
3987 57 1 0 0 6 20
5895 162 1 0 0 6 19
6767 137 1 1 0 6 22
7517 30 1 1 0 6 22
7891 194 1 0 0 6 20
8361 87 1 0 0 6 20
8443 78 1 1 0 6 22
9624 157 1 0 0 6 18
10199 67 1 0 0 6 20
10783 69 1 1 0 6 22
12020 130 1 0 0 5 21
12326 78 1 0 0 6 20
13239 85 1 0 0 6 20
13991 56 1 1 0 6 25
14005 33 1 0 0 6 22
14170 55 1 1 0 6 24
14653 86 1 1 0 6 21
14684 46 1 0 0 6 18
14764 27 1 1 0 5 23
15242 86 1 0 0 6 21
15511 87 1 1 0 6 21
15902 80 1 1 0 6 21
15947 115 1 1 0 6 22
16132 48 1 0 0 6 20
16432 101 1 0 0 6 22
16528 68 1 0 0 6 18
16627 41 1 0 0 6 20
17401 124 1 0 0 6 20
18160 67 1 0 0 6 21
18166 128 1 0 0 6 19
18216 98 1 0 0 6 19
18759 53 1 0 0 6 20
19005 50 1 0 0 6 20
19931 80 1 0 0 6 23
20632 100 1 0 0 6 22
20771 94 1 0 0 6 21
21124 77 1 1 0 6 22
21335 80 1 0 4 6 18
22083 52 1 1 0 6 21
22119 87 1 0 0 6 21
22372 53 1 0 0 6 22
22513 65 1 0 0 6 21
22909 25 1 0 0 6 21
23122 164 1 1 0 6 24
24042 54 1 0 0 6 23
24316 34 1 0 4 6 23
25268 77 1 1 0 6 22
25317 90 1 0 0 6 20
25351 99 1 0 0 6 20
25434 78 1 1 4 6 21
25516 70 1 1 0 6 22
25519 31 1 1 0 6 23
25520 43 1 0 0 6 21
26877 116 1 0 0 6 21
26889 56 1 0 0 6 21
27289 80 1 0 4 6 19
28752 55 1 0 0 5 22
28903 105 1 1 0 6 22
29540 102 1 1 0 6 23
29768 91 1 0 0 6 21
30478 76 1 1 0 6 21
32729 136 1 1 0 6 21
33686 94 1 0 0 6 23
36012 98 1 0 0 6 19
36686 38 1 0 0 6 23
36708 102 1 1 0 6 22
36775 94 1 1 0 6 22
37230 76 1 0 0 6 22
37946 120 1 0 0 6 21
40476 88 1 0 0 6 26
40761 70 1 0 0 6 20
41125 78 1 0 0 6 19
42284 119 1 0 0 6 22
44164 21 1 1 0 6 22
45030 62 1 0 0 6 23
46408 59 1 0 0 6 22
46464 41 1 0 0 6 22
46466 71 1 0 0 5 22
46780 18 1 0 4 6 20
48076 45 1 0 0 6 23
49946 51 1 0 0 6 22
51861 67 1 0 0 6 22
51931 41 1 1 0 6 24
52168 20 1 1 0 6 23
52383 26 1 1 0 6 22
57164 49 1 1 0 6 22
59826 82 1 1 0 6 25
62050 44 1 0 0 6 22
64414 40 1 0 0 6 22
67049 58 1 1 0 6 24
72365 32 1 1 0 6 24
78835 73 1 1 0 5 30
87142 22 1 0 0 6 20
91495 25 1 1 0 6 22
147694 23 1 1 0 6 23
163970 47 1 1 0 5 23
178555 45 1 1 0 6 27
178558 23 1 1 0 5 12
186490 95 1 0 0 6 23
205582 28 1 0 0 6 37
205656 33 1 1 0 6 24
218041 28 1 0 0 6 26
266053 9 1 0 0 6 20
269351 16 1 0 0 6 25
276907 52 1 1 0 6 22
281695 64 1 0 4 6 21
325675 3 1 1 0 6 22
423667 11 1 1 0 6 22
521240 51 1 0 0 6 29
719049 8 1 0 0 6 23
