27476
19
1356
27476 74 1 0 0 6 23
736 91 1 1 0 6 27
808 60 1 1 0 6 21
1107 55 0 1 0 6 24
2103 120 0 1 0 6 23
3571 131 0 0 0 6 19
3860 133 1 0 0 6 20
4487 155 1 0 4 6 22
4836 114 1 1 0 6 25
6325 83 1 0 0 6 21
7665 33 0 1 0 6 21
7820 71 0 1 2 6 26
8129 126 1 0 0 6 22
12075 133 1 1 0 6 26
13024 34 1 1 0 6 22
14440 157 1 1 0 6 27
14472 44 1 1 0 6 26
16793 47 1 0 0 6 21
17463 46 1 1 0 6 24
18980 73 0 1 0 6 25
20014 80 1 0 1 6 20
20169 73 0 1 4 5 24
20517 48 0 1 0 6 23
22977 87 0 0 0 6 22
23120 84 0 1 0 6 24
24080 227 0 1 1 6 25
25308 51 1 1 0 5 24
25511 58 1 1 0 6 25
25598 38 0 1 0 6 25
26584 34 0 1 0 6 25
27505 48 1 1 0 6 20
28804 19 1 0 0 5 24
31164 30 0 1 0 6 26
35053 78 1 1 0 6 24
37232 9 0 0 0 5 21
37298 18 0 0 0 6 22
41093 43 1 0 0 6 25
41311 89 1 1 1 6 27
44596 67 1 1 0 6 21
45375 57 0 1 0 6 25
45442 17 0 1 0 6 30
52595 92 1 0 0 5 21
53403 13 0 1 0 6 31
57460 23 0 0 0 6 21
62637 38 1 1 0 6 25
68281 181 1 1 4 6 30
70938 17 0 0 0 6 30
81113 24 1 1 4 6 25
82077 32 0 0 0 6 24
89722 154 1 1 0 6 24
102273 76 0 1 1 6 22
102427 43 1 0 0 6 24
110497 34 1 1 0 6 26
125974 119 0 1 0 6 34
126576 17 0 1 0 6 24
140346 299 1 1 7 6 31
141343 17 1 1 0 6 24
142076 25 0 1 0 5 24
151077 43 1 1 0 6 20
158167 32 0 1 4 6 35
159052 14 0 0 0 6 25
176593 7 0 1 0 6 28
217485 25 0 1 1 6 31
278281 40 1 1 2 6 31
322512 10 0 1 0 6 31
362961 9 0 1 0 6 32
371064 24 0 1 4 6 16
381068 11 0 0 0 6 26
392823 9 0 1 6 6 30
394694 15 1 1 4 6 28
395245 26 1 1 7 6 27
395246 29 1 1 4 6 29
395403 31 0 1 1 5 24
395404 6 0 1 0 6 27
395405 77 1 1 7 6 27
