40273
19
1453
40273 56 0 0 0 6 21
1641 69 1 0 0 6 21
1758 113 1 1 0 6 21
1826 71 1 0 0 6 21
2352 158 1 0 0 6 20
3427 165 1 1 0 6 22
3467 201 1 1 0 6 20
3490 50 1 0 0 5 20
5238 49 1 1 0 6 24
6793 115 1 1 6 6 23
8044 82 1 1 0 6 23
8126 86 1 1 0 6 21
8580 177 1 0 0 6 18
8879 82 1 0 0 6 21
14389 169 1 1 0 6 21
14704 61 1 1 0 6 22
19865 139 1 1 0 6 19
20088 145 1 1 0 6 26
22007 104 1 0 0 6 20
22476 60 1 1 0 6 25
23309 46 1 0 0 6 12
25160 41 1 1 0 6 23
25510 149 1 1 0 5 24
25835 122 1 1 0 6 20
31086 52 1 1 0 6 20
32067 41 1 1 0 6 22
33405 26 1 1 0 6 28
36427 54 1 1 0 6 22
36786 47 1 0 0 6 21
39047 26 1 1 0 6 24
40272 37 1 0 0 6 21
40278 52 1 0 0 6 21
40345 26 1 1 0 6 21
43274 10 1 1 0 5 24
43753 47 1 1 0 6 21
44689 79 1 1 0 6 22
45413 22 1 0 0 6 20
46912 44 1 1 0 4 21
47711 56 1 1 0 5 19
57274 35 1 1 0 6 21
59291 24 1 1 0 6 24
60631 71 1 0 0 6 21
63740 63 1 1 5 5 23
70809 58 1 1 0 6 22
75876 47 1 1 0 6 22
89215 17 1 1 2 5 17
107797 142 1 0 0 6 19
143951 17 1 0 0 6 21
179469 25 1 1 4 6 20
241465 82 1 1 3 6 28
271212 149 1 1 7 6 27
282020 38 1 0 0 6 20
359950 34 1 0 0 6 21
406740 48 1 1 2 6 22
586590 63 1 1 1 6 24
671837 5 1 1 7 6 23
983435 16 1 0 0 6 32
