17401
19
1294
17401 124 1 0 0 6 20
145 30 0 1 4 6 21
172 103 1 1 0 6 20
505 77 1 1 0 6 24
719 47 0 0 0 6 22
806 123 1 0 0 6 22
921 62 1 0 0 6 21
1565 127 0 1 0 6 21
2869 104 1 1 0 6 21
3069 61 0 0 0 6 21
3427 165 1 1 0 6 22
3497 94 1 1 0 6 21
3851 41 0 1 4 5 22
5490 34 0 1 0 6 22
6201 72 1 0 0 6 21
6855 51 0 1 0 5 23
7874 78 0 1 0 6 20
8038 98 1 0 0 6 21
8126 86 1 1 0 6 21
8358 21 0 0 0 6 20
8450 79 1 1 0 6 21
8545 49 0 1 0 6 22
8788 113 1 0 0 6 21
12523 126 1 0 0 5 21
13024 34 1 1 0 6 22
13650 37 0 0 0 6 21
13989 50 1 1 0 6 23
14559 96 1 1 0 6 21
15563 110 1 0 0 6 20
16791 153 1 0 0 6 20
16837 122 1 1 0 6 21
17221 57 1 1 0 6 23
17443 60 1 0 0 6 21
18320 79 1 1 0 6 22
18323 108 1 0 0 6 21
18455 105 1 1 0 6 23
19014 47 1 1 0 5 21
19578 50 0 1 0 6 27
19937 120 1 1 0 6 28
20226 52 0 0 0 6 20
20281 118 1 1 0 6 19
20738 33 0 1 0 6 22
20895 43 0 1 0 6 20
21065 74 1 1 0 6 21
21921 47 1 1 0 6 23
23065 43 1 1 0 6 20
23584 33 1 0 0 6 11
23637 99 1 0 0 6 21
23813 18 0 1 0 6 22
24044 77 1 1 0 6 21
24206 81 1 1 0 6 22
24942 18 0 1 0 5 22
25017 84 1 1 0 6 22
25204 16 0 0 0 6 22
25207 36 0 1 0 6 22
25256 72 0 1 0 6 22
25264 59 1 0 0 6 21
25267 22 0 1 0 6 24
25268 77 1 1 0 6 22
25315 36 0 1 0 6 22
25360 20 0 1 0 6 23
25364 67 1 1 0 6 21
25365 28 0 0 0 6 22
25434 78 1 1 4 6 21
25439 130 1 1 0 6 25
25508 42 1 0 0 5 23
25510 149 1 1 0 5 24
25603 54 1 1 0 6 22
25604 109 1 0 0 6 21
25612 26 1 1 0 6 22
25698 49 1 1 0 6 22
25984 28 1 1 0 6 22
26607 173 1 0 0 6 21
27095 58 0 0 0 6 21
27120 37 0 1 0 6 22
28243 20 1 1 0 6 26
28248 47 0 1 0 6 21
28815 74 1 1 0 6 21
28823 55 1 0 0 6 21
29539 63 1 1 0 6 22
29768 91 1 0 0 6 21
30360 27 0 1 0 6 22
30815 99 0 1 0 6 21
31087 103 1 1 0 6 24
31100 5 0 1 0 6 19
33472 64 1 0 0 6 20
33517 23 0 1 0 6 25
36174 63 1 1 0 6 21
36309 37 0 1 0 6 23
38458 52 0 1 0 6 24
39019 14 0 1 0 6 23
41121 37 1 1 0 6 22
41311 89 1 1 1 6 27
41682 63 0 0 0 6 22
42708 103 1 1 0 6 25
43091 46 1 0 0 6 21
45961 40 1 1 0 6 24
47259 15 1 1 0 6 22
47837 27 0 0 0 6 22
49644 29 0 0 0 6 20
49728 113 1 1 0 6 24
50999 37 1 1 0 6 23
59703 11 0 0 0 6 21
62634 61 1 0 0 6 23
68587 58 1 1 0 6 22
69134 18 0 0 0 6 21
77835 56 0 0 0 6 22
79908 42 0 0 0 6 21
89239 17 1 1 0 6 23
90205 33 0 0 0 6 20
92263 32 1 1 3 6 20
92266 77 1 1 3 6 21
97342 27 1 1 0 6 23
100566 36 1 1 9 6 21
110243 29 0 1 0 6 27
117940 87 1 1 0 6 21
136861 15 0 1 0 5 20
160782 24 0 1 3 6 19
177020 15 1 1 0 5 21
187150 49 1 1 0 6 24
198758 10 0 1 0 6 25
263795 34 1 1 0 6 25
278554 22 1 1 0 6 22
303749 4 1 1 0 6 21
304462 2 1 0 0 6 19
