25516
19
1285
25516 70 1 1 0 6 22
719 47 0 0 0 6 22
806 123 1 0 0 6 22
1565 127 0 1 0 6 21
3363 140 1 0 0 6 22
3588 85 1 0 0 6 22
6583 95 1 1 0 6 23
8024 26 0 0 0 6 22
11870 108 1 0 0 6 20
11938 219 1 0 0 6 21
12074 31 0 1 0 6 23
13272 58 1 0 0 6 20
14056 31 0 0 0 6 21
15476 53 1 0 0 6 22
15902 80 1 1 0 6 21
15947 115 1 1 0 6 22
16305 35 1 1 0 6 20
16632 96 0 1 0 6 22
16791 153 1 0 0 6 20
16828 27 0 0 0 6 23
17221 57 1 1 0 6 23
19101 23 1 0 0 6 21
19217 42 0 0 0 6 22
22882 29 0 0 0 6 22
23057 33 1 1 0 6 22
23333 38 1 0 0 6 26
24669 47 1 0 0 6 24
24788 15 0 1 0 6 23
25097 73 1 1 0 6 24
25266 85 0 0 0 6 21
25268 77 1 1 0 6 22
25301 41 1 1 0 5 23
25364 67 1 1 0 6 21
25365 28 0 0 0 6 22
25513 20 0 0 0 6 22
25520 43 1 0 0 6 21
25598 38 0 1 0 6 25
27282 31 1 1 0 6 22
29289 19 0 1 0 6 25
32363 45 1 0 0 6 21
35015 77 1 1 0 6 21
35423 53 1 0 0 6 22
41484 51 0 0 0 6 20
41682 63 0 0 0 6 22
42152 27 0 0 3 6 21
43055 44 1 0 0 6 21
44706 24 1 1 0 6 22
45297 32 0 1 0 6 32
45397 61 1 1 0 6 22
56038 37 1 1 0 6 27
62221 40 0 1 0 5 25
65446 70 1 1 0 6 23
70393 116 0 0 4 6 22
70682 21 0 1 0 6 24
74991 45 1 0 0 6 21
80164 29 1 0 0 6 22
86083 40 1 0 0 6 23
116418 27 0 0 0 6 21
116481 36 1 0 0 6 21
139903 53 1 0 0 6 23
147694 23 1 1 0 6 23
155778 16 0 0 0 6 22
161088 43 1 1 3 6 22
174814 40 1 1 0 6 23
179400 9 0 0 0 6 24
186457 36 1 0 0 5 23
254220 20 1 1 0 6 21
281699 14 1 1 0 6 24
337849 23 1 1 9 6 25
380179 6 0 0 0 6 24
380321 65 1 1 6 6 22
