42450
19
1442
42450 71 1 0 0 6 21
870 27 0 0 0 6 20
1758 113 1 1 0 6 21
2062 63 1 1 0 6 22
2352 158 1 0 0 6 20
3320 48 1 1 0 5 23
3631 49 0 1 0 6 20
5025 55 0 0 0 6 24
5964 110 1 0 0 6 22
6324 127 1 0 0 6 20
6729 89 0 0 0 6 19
6861 106 1 0 0 6 19
8038 98 1 0 0 6 21
8126 86 1 1 0 6 21
11585 117 1 1 0 6 20
13283 173 1 0 0 6 19
13295 41 1 1 2 6 20
14121 84 1 1 0 6 19
14760 91 1 1 0 6 23
15559 67 0 1 4 6 21
15560 48 0 1 0 6 20
16791 153 1 0 0 6 20
18033 28 0 1 0 6 21
19525 21 1 1 0 6 20
19623 183 1 1 0 6 20
19745 59 1 1 0 6 21
20088 145 1 1 0 6 26
20197 46 1 1 0 6 22
20240 56 0 1 0 6 23
20453 58 1 0 0 6 21
23059 58 0 1 0 6 21
23122 164 1 1 0 6 24
24044 77 1 1 0 6 21
24648 99 1 1 0 6 20
25266 85 0 0 0 6 21
25514 165 1 1 0 6 23
26897 49 1 1 0 6 24
26996 60 1 1 0 6 20
27236 131 1 1 0 6 25
27734 75 0 0 0 6 18
28712 30 0 0 0 5 21
28903 105 1 1 0 6 22
29629 37 1 0 0 6 21
29873 76 1 1 0 6 22
30088 127 1 0 0 6 20
30478 76 1 1 0 6 21
32714 59 1 1 0 6 21
32717 45 1 1 0 6 21
32729 136 1 1 0 6 21
33567 61 1 1 0 6 19
33571 61 1 1 0 6 19
35020 19 0 1 0 6 20
35132 30 1 1 0 6 22
36187 68 1 0 0 6 21
40898 26 0 1 0 6 25
41195 27 0 1 0 6 21
41641 39 0 0 0 6 20
42416 56 1 1 0 6 21
42768 64 1 0 0 6 21
42771 69 1 1 0 6 20
42825 36 1 1 0 6 21
42993 77 0 1 4 6 20
46912 44 1 1 0 4 21
50269 21 0 1 0 6 22
59248 38 1 0 0 6 21
60634 19 1 1 0 6 22
61585 14 0 1 0 6 21
64733 30 0 1 0 6 21
68516 56 1 1 0 6 21
254220 20 1 1 0 6 21
276351 24 0 0 0 6 25
537347 7 1 0 5 6 26
