8444
19
1253
8444 112 1 1 0 6 23
136 40 1 1 0 6 22
842 84 1 1 0 6 23
1102 59 1 0 4 6 21
1894 31 0 0 0 6 21
2032 124 0 0 1 6 20
2238 105 0 0 0 6 20
2245 23 0 1 4 6 23
3038 86 0 1 4 6 22
3496 140 1 0 0 6 23
4026 102 1 1 0 6 20
5174 105 1 1 0 6 22
5565 24 1 0 1 6 21
6397 78 1 0 0 6 22
7739 13 0 0 0 5 20
7870 55 0 1 0 5 21
8037 72 1 1 0 6 22
8038 98 1 0 0 6 21
8133 65 0 0 0 6 21
8581 98 0 1 0 6 21
8919 77 0 0 0 6 19
12992 70 1 1 0 6 23
13272 58 1 0 0 6 20
14052 164 0 0 0 6 20
14217 18 0 0 0 5 21
15959 59 1 1 0 6 23
16135 35 0 1 0 6 20
16222 33 0 1 0 6 26
16679 43 0 0 0 6 22
17064 75 1 1 4 6 25
17397 83 1 0 0 6 23
17399 46 1 0 0 6 21
17442 26 0 0 0 6 21
18697 91 1 1 0 6 23
19090 73 1 0 0 6 23
19217 42 0 0 0 6 22
22487 27 0 0 0 6 23
22843 25 0 0 0 6 19
23171 21 0 1 0 5 22
23972 29 0 1 0 6 23
25927 30 0 0 0 6 19
26609 104 1 0 0 6 18
27153 57 1 1 0 6 23
27668 54 0 0 4 5 21
28839 28 0 0 0 6 25
29429 23 0 0 0 6 23
30477 35 0 1 0 6 21
32067 41 1 1 0 6 22
33356 28 0 1 0 6 21
33483 109 1 0 0 6 21
41256 21 0 0 0 6 22
42531 44 1 0 0 6 23
44071 33 1 1 0 6 23
44689 79 1 1 0 6 22
45823 74 1 0 0 6 22
46584 44 1 1 0 6 24
53821 36 0 0 0 6 22
57164 49 1 1 0 6 22
58696 23 1 0 0 6 23
59826 82 1 1 0 6 25
60705 19 0 1 0 6 22
61733 93 1 0 0 6 22
63584 52 1 1 0 5 23
64628 5 0 1 2 6 33
68003 94 1 1 0 6 24
68506 35 0 0 0 6 22
69524 25 0 1 0 6 26
70896 19 0 0 0 6 23
72904 32 1 1 0 6 22
73188 22 1 0 0 6 23
75876 47 1 1 0 6 22
76432 53 0 0 0 6 21
79804 56 1 0 0 6 23
81020 56 0 0 0 6 22
87127 13 0 0 0 6 23
101980 21 0 0 0 6 22
105448 3 0 1 0 6 25
112894 41 1 1 0 6 17
115196 30 1 1 0 5 22
116417 66 1 0 0 5 24
121608 41 1 0 0 6 24
125806 37 1 0 0 6 23
129672 34 1 0 0 6 23
130525 31 0 0 0 6 20
139903 53 1 0 0 6 23
142007 40 0 0 0 6 24
144377 37 1 1 0 5 23
149140 35 1 1 0 6 30
164158 15 0 0 0 6 23
166438 28 1 1 0 6 22
169755 18 0 1 0 6 21
173198 11 1 1 0 6 24
178415 24 0 1 0 6 23
181035 34 1 0 4 6 24
184233 7 1 1 0 6 22
185248 11 1 0 0 6 23
186281 48 1 0 0 6 30
186282 37 0 1 0 6 16
186315 54 1 0 0 6 17
186365 28 1 1 3 6 23
186366 27 1 1 4 6 27
186367 11 0 0 0 6 24
186370 103 1 1 3 6 23
186371 13 0 0 0 5 24
186568 26 0 1 7 6 22
186569 11 0 0 0 6 22
186644 39 1 1 0 6 23
186645 7 0 1 0 6 30
186646 6 1 1 0 6 27
186647 9 0 0 0 6 22
186679 13 0 1 3 6 23
186719 46 1 1 3 5 15
186722 14 0 1 7 6 22
