3832
19
1378
3832 98 0 0 0 6 24
242 83 1 1 0 6 25
851 107 1 1 0 6 25
1022 643 1 1 0 6 21
3620 72 1 1 0 6 24
3621 37 1 0 0 6 25
3628 31 1 0 0 5 25
4836 114 1 1 0 6 25
4901 122 1 1 0 6 23
5088 91 1 1 0 6 30
8640 121 1 1 0 6 23
11488 139 1 1 0 6 24
12523 126 1 0 0 5 21
13272 58 1 0 0 6 20
14195 77 1 0 0 6 21
15887 118 1 1 0 6 20
16037 2 1 0 0 5 20
16254 94 1 1 0 6 23
16793 47 1 0 0 6 21
18928 82 1 1 0 6 21
19849 17 1 1 0 5 24
19937 120 1 1 0 6 28
21633 36 1 1 4 6 32
23129 405 1 1 0 6 32
23311 30 1 1 0 6 17
23848 60 1 1 0 6 24
23905 24 1 1 0 6 25
25097 73 1 1 0 6 24
25257 49 1 1 0 5 24
27236 131 1 1 0 6 25
37429 41 1 1 0 6 25
37729 82 1 1 0 6 27
41615 79 1 1 0 6 25
42708 103 1 1 0 6 25
43036 204 1 1 0 6 25
43988 58 1 0 0 6 25
45005 7 1 0 0 6 28
45423 51 1 1 0 6 20
46352 13 1 0 1 6 23
52523 7 1 1 0 6 17
52706 20 1 1 0 6 26
53460 12 1 1 0 6 32
57849 34 1 1 0 6 25
62634 61 1 0 0 6 23
62636 24 1 1 0 6 24
63004 12 1 1 0 6 23
64113 91 1 0 0 6 22
68368 39 1 1 0 6 30
77919 154 1 1 6 6 22
81113 24 1 1 4 6 25
81318 21 1 1 0 6 26
81488 34 1 1 0 6 23
86214 24 1 1 0 6 25
92403 40 1 0 0 6 24
110441 25 1 1 0 6 27
113200 9 1 1 9 6 27
123474 172 1 0 3 6 21
141984 18 1 0 0 6 27
153548 58 1 1 5 6 24
162900 61 1 1 7 6 21
163826 164 1 1 7 6 36
166902 9 1 1 0 6 30
169548 152 1 1 4 6 26
175874 18 1 1 0 6 31
180429 38 1 1 0 6 24
186648 36 1 0 0 6 25
190846 44 1 0 0 6 25
191537 91 1 1 5 6 22
192848 35 1 1 0 6 22
205335 24 1 1 1 6 25
217756 51 1 0 2 6 29
220149 33 1 0 0 6 24
224110 92 1 0 7 6 22
225959 19 1 1 0 6 26
249101 91 1 1 2 6 27
262612 12 1 0 0 6 26
264954 28 1 0 0 6 25
293115 89 1 1 2 6 20
328324 34 1 1 0 6 29
347237 56 1 1 4 6 23
367935 13 1 1 0 6 26
375880 60 1 1 4 6 22
375994 79 1 1 4 5 22
407996 23 1 0 0 6 28
408257 63 1 1 4 6 20
409016 45 1 1 0 6 28
415742 125 1 1 4 6 25
448312 108 1 1 5 6 21
481331 64 1 1 6 6 28
513779 51 1 1 4 6 13
523660 3 1 1 2 5 32
555982 89 1 1 2 6 24
560697 47 1 1 2 6 20
612596 25 1 1 8 6 24
702219 11 1 1 0 6 32
733230 58 1 1 6 6 24
895263 5 1 0 0 6 24
957781 7 1 1 0 6 28
1062736 12 1 1 2 6 29
