25357
19
1330
25357 47 1 1 0 6 28
806 123 1 0 0 6 22
5961 65 1 0 0 5 23
6583 95 1 1 0 6 23
6767 137 1 1 0 6 22
11570 55 1 1 0 6 24
12020 130 1 0 0 5 21
13991 56 1 1 0 6 25
20454 118 1 0 0 6 24
20823 52 0 0 0 6 23
22977 87 0 0 0 6 22
23975 102 1 1 0 6 24
25205 107 1 0 0 5 21
25262 78 1 1 1 6 29
29289 19 0 1 0 6 25
32180 41 1 1 0 6 25
32448 35 0 0 0 6 22
33751 123 0 0 0 6 25
39057 21 1 0 0 6 23
39784 14 0 1 0 6 29
41311 89 1 1 1 6 27
41910 40 0 0 0 6 26
45946 41 0 1 0 6 24
46729 11 0 0 0 6 28
47688 10 0 1 0 6 29
52326 20 0 1 0 6 26
53682 61 1 1 0 6 15
62493 20 1 0 0 6 27
62640 78 1 1 0 6 24
62785 62 1 1 0 6 26
63830 50 1 0 0 6 20
70900 30 1 1 0 6 26
81100 25 0 0 0 6 22
81113 24 1 1 4 6 25
82212 49 1 1 0 6 28
82290 40 1 1 0 6 27
86022 14 0 0 0 5 23
99366 21 0 0 0 6 26
104197 78 0 0 0 6 23
110671 31 1 1 0 6 28
110674 40 0 0 0 6 21
111249 40 1 1 0 6 24
115200 25 0 0 4 5 26
145927 25 1 1 0 6 25
377151 3 1 1 0 6 25
377286 61 1 0 0 6 29
377287 21 1 1 4 6 30
377288 19 1 1 3 6 36
