374388
19
325
374388 73 1 1 4 6 17
24860 70 1 0 9 6 16
39729 115 1 0 4 6 16
56239 18 1 1 8 6 15
56442 107 0 0 8 5 21
56487 17 1 1 8 6 18
57336 19 1 1 8 6 8
57650 18 1 1 8 5 7
60916 81 1 1 2 6 11
62767 30 1 1 2 5 7
134702 20 1 1 8 6 12
136891 66 1 0 1 6 17
156073 172 1 1 4 6 17
165495 783 1 0 4 6 17
178704 112 0 0 9 6 16
192422 27 1 0 9 6 19
252999 64 1 1 4 6 18
253444 104 1 0 4 6 14
268497 222 1 0 4 6 15
278387 190 1 0 2 6 16
282378 95 1 0 8 6 18
287035 35 1 0 1 6 17
305422 35 1 0 4 6 16
340076 113 1 0 8 6 17
340078 152 1 0 8 6 18
340079 63 1 0 8 5 17
342362 25 1 0 4 6 19
348549 182 1 0 4 6 18
355741 198 1 0 4 5 19
371592 71 1 0 4 6 15
372134 272 1 1 8 6 16
372921 198 1 0 8 6 20
382088 73 1 0 4 6 18
384731 35 1 0 4 6 17
397335 68 1 0 9 6 17
408602 127 0 1 4 6 19
431990 121 1 0 8 6 18
455722 117 0 0 8 6 18
469665 45 0 0 8 5 17
472805 89 1 0 9 6 28
483180 200 1 0 8 6 16
494815 231 1 0 4 6 18
496389 144 1 0 6 6 18
504736 259 1 1 8 6 19
512043 38 1 1 8 6 19
514631 90 1 0 6 6 17
517949 29 1 0 6 5 16
532545 27 1 1 1 6 16
533563 88 0 0 4 6 19
533832 129 1 0 6 6 18
540995 28 1 0 8 6 18
556553 72 1 0 4 6 16
566096 38 1 0 4 6 16
571789 93 0 0 4 6 15
638761 32 1 0 4 6 14
644488 76 1 0 4 5 14
653722 26 1 1 4 6 14
653752 32 1 0 8 6 14
655485 65 1 0 4 6 13
711343 25 1 0 1 6 13
750839 3 1 0 4 6 17
759389 28 1 0 4 6 17
766341 69 1 0 8 6 16
784786 26 1 0 6 6 16
786595 36 1 0 2 6 15
808799 38 1 0 4 6 15
808901 22 1 1 6 6 15
825298 17 1 0 4 6 14
964548 3 1 0 4 6 15
1007406 21 1 1 4 5 34
1025455 5 1 0 8 5 14
1046230 12 1 0 4 6 17
1046440 29 1 0 4 6 19
1288317 1 1 0 4 5 15
