15068
19
1459
15068 144 1 0 0 6 20
128 48 0 1 0 6 21
488 59 1 0 0 6 20
553 77 1 0 0 6 19
588 58 1 0 0 6 23
938 120 1 0 0 6 18
951 61 0 0 0 6 20
1480 145 1 1 0 6 20
1785 78 1 1 4 6 21
1821 141 1 0 0 6 20
2049 59 0 0 0 6 20
2103 120 0 1 0 6 23
2314 21 0 1 0 6 18
2362 64 0 1 0 6 21
3000 76 1 0 0 6 20
3348 62 1 0 0 6 20
3370 71 1 0 0 6 20
3427 165 1 1 0 6 22
3774 25 0 1 0 6 21
5174 105 1 1 0 6 22
6324 127 1 0 0 6 20
6615 75 1 0 0 6 20
6857 46 1 1 0 6 23
7258 55 0 1 0 6 23
7386 92 0 1 0 6 24
7741 168 1 1 0 6 20
7848 74 0 0 0 6 20
8126 86 1 1 0 6 21
8443 78 1 1 0 6 22
8470 118 1 1 0 6 26
8618 97 0 1 0 6 19
9504 74 0 1 0 6 22
11863 41 1 1 3 6 20
11990 30 0 1 0 6 20
12080 54 0 1 0 6 21
13272 58 1 0 0 6 20
13293 51 0 1 0 6 20
13867 26 1 1 0 6 20
14723 31 0 1 0 6 23
16124 29 0 1 0 6 20
16305 35 1 1 0 6 20
16837 122 1 1 0 6 21
17757 59 1 0 0 6 19
18438 23 0 0 0 6 20
18669 45 0 0 0 6 20
18719 39 1 1 0 6 20
18757 100 1 0 0 6 20
18759 53 1 0 0 6 20
18783 56 0 0 0 6 19
18859 60 1 1 0 6 20
19217 42 0 0 0 6 22
19218 31 1 0 0 6 21
19310 161 1 1 0 6 18
19424 125 1 0 0 6 19
19585 76 1 1 0 6 19
19715 52 0 1 0 6 24
20191 30 0 1 0 6 23
20315 92 1 1 0 6 19
21487 73 0 1 0 6 24
21505 114 1 1 0 6 22
22131 85 1 1 0 6 19
22670 59 1 1 0 6 23
23169 65 1 1 0 6 22
23198 92 0 1 0 5 18
23383 52 0 0 0 6 16
23603 86 1 1 7 6 20
24873 40 1 1 0 6 20
25250 86 1 1 0 6 20
25256 72 0 1 0 6 22
25542 102 1 1 0 6 19
25610 97 1 1 0 6 19
25707 58 0 1 0 6 22
25709 19 0 1 0 6 19
25828 87 1 1 0 6 19
25831 30 0 1 0 6 20
25835 122 1 1 0 6 20
26267 59 0 1 0 6 19
26631 54 1 1 0 6 20
26770 136 1 1 0 6 20
27108 69 1 0 0 6 20
29769 64 1 1 0 6 22
29974 47 0 1 0 6 21
32067 41 1 1 0 6 22
32729 136 1 1 0 6 21
33477 124 1 1 0 6 21
34800 14 0 1 0 6 20
36033 16 0 1 0 6 19
37473 30 0 0 0 6 20
39722 132 1 1 0 6 22
40415 24 0 1 0 6 22
40544 39 0 1 0 6 21
41085 33 1 1 0 6 20
41478 29 1 0 0 6 19
41636 46 1 1 0 6 20
41653 42 0 1 0 6 21
41680 98 1 1 0 6 21
42713 72 1 0 0 6 19
42771 69 1 1 0 6 20
43146 22 0 1 0 6 20
43360 35 0 1 3 6 22
43786 42 0 1 0 6 21
43819 90 1 1 0 6 19
43842 38 0 1 0 6 20
44067 82 1 1 0 6 20
44073 61 1 0 0 6 20
44596 67 1 1 0 6 21
47637 15 0 1 0 6 21
48542 41 1 1 0 6 20
49163 130 1 1 0 6 20
50770 23 1 1 0 6 22
58702 30 1 1 0 6 22
61081 54 0 1 0 6 23
61433 49 1 0 0 6 19
61555 25 1 0 0 6 19
62173 38 1 1 0 6 20
62566 5 0 0 0 6 20
62783 47 1 0 0 6 21
63822 43 1 1 0 6 21
67666 18 0 0 0 5 21
70003 16 0 0 0 6 21
70089 12 0 1 0 6 23
70647 10 0 1 0 6 30
70819 22 1 1 0 6 20
73001 34 0 1 4 5 21
73724 35 1 1 0 6 20
75128 18 0 1 0 6 20
75444 39 1 1 0 6 20
75791 60 1 1 0 6 20
77543 70 1 1 0 6 21
78702 38 1 1 0 6 21
79031 47 1 1 0 5 23
80064 58 0 1 4 6 20
81618 63 1 1 0 6 19
82063 21 1 1 4 6 16
83518 57 0 1 0 6 20
86306 680 1 1 6 5 25
105096 31 0 1 0 6 20
154647 19 1 1 0 6 20
169755 18 0 1 0 6 21
181482 40 1 1 0 6 22
270884 6 0 0 0 5 28
273538 40 1 1 5 6 19
274082 3 1 1 0 6 19
274138 23 1 1 0 5 18
274235 5 1 0 0 6 34
