32180
19
1364
32180 41 1 1 0 6 25
1284 76 1 0 0 6 18
2485 79 1 1 0 6 21
6583 95 1 1 0 6 23
18583 103 1 0 0 6 18
20823 52 0 0 0 6 23
22369 91 0 1 0 6 24
23975 102 1 1 0 6 24
25357 47 1 1 0 6 28
25514 165 1 1 0 6 23
29237 66 0 0 0 6 23
29289 19 0 1 0 6 25
39057 21 1 0 0 6 23
39622 3 0 1 0 6 28
41311 89 1 1 1 6 27
41910 40 0 0 0 6 26
42823 60 1 0 0 6 20
45946 41 0 1 0 6 24
54037 23 1 1 0 6 26
62493 20 1 0 0 6 27
62571 29 1 1 0 6 29
62572 11 1 0 0 6 25
62640 78 1 1 0 6 24
62785 62 1 1 0 6 26
63830 50 1 0 0 6 20
64347 39 1 0 0 6 23
70900 30 1 1 0 6 26
75242 21 0 1 0 6 36
80885 50 1 1 0 6 23
81100 25 0 0 0 6 22
99366 21 0 0 0 6 26
112762 18 1 0 0 6 29
115474 14 0 1 0 6 25
126077 13 0 0 0 6 23
145927 25 1 1 0 6 25
180429 38 1 1 0 6 24
220929 15 1 0 0 6 23
233151 21 1 1 0 6 24
254793 15 0 1 0 6 24
284679 34 1 0 0 6 28
285598 14 1 1 0 6 24
438024 12 0 0 0 5 23
