16788
19
1273
16788 77 1 0 0 6 22
505 77 1 1 0 6 24
585 360 1 0 0 6 21
1093 175 1 1 4 6 22
2271 280 0 1 0 6 24
2352 158 1 0 0 6 20
3119 24 0 1 0 6 28
4035 87 0 1 0 6 24
7464 88 1 1 0 6 22
7874 78 0 1 0 6 20
8126 86 1 1 0 6 21
13426 45 1 1 0 6 23
13921 52 1 1 0 6 24
14161 79 1 1 0 6 22
14195 77 1 0 0 6 21
14376 77 1 1 0 6 22
14384 48 1 1 4 6 23
14563 25 0 1 0 6 23
15074 85 1 0 0 6 23
15902 80 1 1 0 6 21
15983 62 1 1 0 6 24
16101 16 0 1 0 6 22
16224 44 0 1 0 6 25
16665 24 0 0 0 6 23
16675 51 1 1 0 6 23
16779 51 1 1 0 6 23
16783 43 0 0 0 6 23
16786 67 1 0 0 6 22
16839 52 1 1 0 6 23
17229 103 1 1 0 6 24
17402 45 0 1 0 6 23
18096 22 0 1 0 6 22
18636 35 0 1 0 6 22
18696 27 0 0 0 6 19
18781 63 0 1 0 6 25
19535 83 1 0 0 6 22
21407 73 1 0 0 6 22
21582 74 1 0 0 5 22
23593 37 0 1 3 6 26
25482 36 1 1 0 6 31
25533 65 1 0 0 6 18
28447 111 1 0 0 6 21
28840 24 1 1 0 6 25
30675 58 1 1 0 6 22
32858 31 1 0 0 6 22
35220 24 1 1 0 6 21
36995 32 1 0 0 6 22
37338 44 1 0 0 6 20
40963 62 1 1 0 6 24
41484 51 0 0 0 6 20
44328 39 0 0 0 6 23
45978 39 1 1 0 6 28
47463 55 1 1 0 6 23
48022 31 1 1 0 6 22
48324 43 1 1 0 6 27
48987 57 1 1 0 6 22
50717 46 1 0 0 6 23
51855 47 1 0 0 6 21
53465 41 0 0 0 6 21
56616 30 0 1 0 6 23
61548 28 1 1 0 6 25
62487 53 1 0 0 6 22
78626 153 1 1 2 6 21
86647 61 1 1 0 6 22
89235 64 1 1 0 6 24
109965 36 1 0 0 6 22
110012 12 0 0 0 5 21
119154 86 1 1 0 6 23
160340 22 0 1 0 6 23
163490 28 0 1 0 6 27
176973 24 1 1 0 6 26
198685 10 0 1 3 6 26
290529 33 1 1 0 6 24
291018 20 0 1 0 6 25
291028 52 1 0 6 6 18
291154 30 0 0 6 6 19
291156 31 1 1 3 6 27
291593 3 0 1 4 5 25
