1017327
19
420
1017327 53 1 1 4 6 11
161222 112 1 0 2 6 16
168626 117 0 0 4 6 14
171791 73 1 0 4 6 18
224980 43 0 0 4 6 14
285113 308 1 1 4 6 16
348493 68 1 0 4 6 15
348670 258 1 0 4 6 16
386815 121 1 0 4 6 13
438908 190 1 1 4 6 15
474773 103 1 0 9 6 16
479295 62 0 1 4 6 18
504028 33 1 0 2 6 11
512067 189 1 0 4 6 12
521331 192 1 0 2 5 12
521869 100 1 0 2 6 12
566132 31 1 0 6 6 10
575111 38 0 0 1 6 10
576193 34 1 1 1 6 16
609098 52 1 0 6 6 11
651366 56 0 0 4 6 11
654201 18 1 0 4 6 17
654241 66 1 0 6 6 12
662488 59 1 0 2 6 12
686575 28 1 1 6 6 17
712944 50 1 0 1 6 13
723718 22 1 0 1 6 13
749869 61 1 0 2 6 10
764743 60 1 1 6 6 13
819361 18 1 1 4 6 29
870029 19 1 1 4 6 16
900515 41 1 0 1 6 11
919554 18 1 0 4 5 15
925397 13 1 0 4 6 17
953204 14 1 1 6 5 10
955885 14 1 1 6 6 18
992001 11 1 1 6 6 11
999463 37 1 0 2 6 17
1031251 7 1 0 6 6 10
1034032 30 1 0 4 6 11
1035658 13 0 0 2 6 14
1129911 8 1 1 6 5 9
1204995 15 0 0 6 6 24
1206870 16 1 1 4 6 6
1253110 26 1 0 4 6 29
1261356 20 1 0 4 6 10
1355606 7 1 1 6 6 20
1379860 10 1 0 4 6 11
1380336 13 1 0 4 6 11
1402906 11 1 0 4 6 11
1426831 5 1 0 4 6 11
1427303 7 1 0 4 6 9
1427307 12 1 0 6 6 11
1548013 1 1 1 2 6 18
