46357
19
1468
46357 55 0 0 0 6 21
1813 56 1 0 0 6 21
2486 84 1 1 0 6 22
3320 48 1 1 0 5 23
4836 114 1 1 0 6 25
7373 75 1 1 0 6 23
8038 98 1 0 0 6 21
8443 78 1 1 0 6 22
8640 121 1 1 0 6 23
11571 202 1 0 0 6 19
13022 11 1 1 0 6 29
13831 27 1 0 0 5 21
15471 31 1 1 0 6 21
16034 112 1 1 0 6 26
16791 153 1 0 0 6 20
19420 60 1 1 0 5 21
22898 104 1 1 0 6 21
25438 41 1 0 0 6 20
25439 130 1 1 0 6 25
27902 51 1 0 0 6 21
30967 30 1 1 0 6 25
35711 74 1 1 0 6 21
38641 35 1 0 0 6 21
41311 89 1 1 1 6 27
42768 64 1 0 0 6 21
43753 47 1 1 0 6 21
45251 36 1 1 0 6 26
45687 61 1 1 0 6 21
46912 44 1 1 0 4 21
47076 53 1 0 0 5 22
49258 43 1 0 0 6 21
49728 113 1 1 0 6 24
50004 17 1 1 0 6 24
51262 19 1 1 4 5 31
52447 30 1 1 0 6 23
62640 78 1 1 0 6 24
68588 40 1 1 0 6 23
79580 113 1 0 0 6 19
81112 55 1 1 0 6 24
113472 96 1 0 0 6 24
152756 70 1 0 0 6 15
163970 47 1 1 0 5 23
186490 95 1 0 0 6 23
211584 21 1 0 3 6 23
243617 32 1 1 0 6 23
273208 24 1 1 4 6 22
323868 4 1 1 0 6 23
338597 25 1 0 0 6 21
367120 30 1 0 3 6 20
379362 48 1 1 6 6 18
444328 74 1 0 0 5 23
491312 91 1 1 4 6 24
504470 56 1 1 2 6 25
534613 6 1 1 0 6 29
699253 34 1 0 3 6 25
733849 4 1 1 0 6 25
