2485
19
1348
2485 79 1 1 0 6 21
93 84 1 1 0 6 21
100 113 1 0 0 6 21
2032 124 0 0 1 6 20
2114 78 1 1 0 6 23
2482 58 0 1 0 6 21
2484 111 1 1 0 6 22
2486 84 1 1 0 6 22
2869 104 1 1 0 6 21
3003 56 0 0 0 6 20
3387 73 1 1 0 6 22
8031 144 1 0 0 6 21
8129 126 1 0 0 6 22
12074 31 0 1 0 6 23
16101 16 0 1 0 6 22
16379 98 1 1 0 6 22
16793 47 1 0 0 6 21
17889 49 0 1 0 6 25
18459 57 0 0 0 6 20
18537 71 0 0 0 6 21
18980 73 0 1 0 6 25
20454 118 1 0 0 6 24
20823 52 0 0 0 6 23
21189 19 1 1 0 6 32
22791 72 1 1 0 6 24
23414 105 0 0 0 6 20
23975 102 1 1 0 6 24
25266 85 0 0 0 6 21
25439 130 1 1 0 6 25
26016 24 0 1 0 6 19
29540 102 1 1 0 6 23
30392 61 1 1 0 6 20
32180 41 1 1 0 6 25
36185 54 0 1 0 6 22
36309 37 0 1 0 6 23
36517 36 0 1 0 6 22
40802 24 1 1 0 6 23
41113 47 1 1 0 6 25
43114 56 1 0 0 6 22
44072 23 0 1 0 6 25
45297 32 0 1 0 6 32
48717 21 0 1 0 5 22
49265 71 1 1 0 6 21
54037 23 1 1 0 6 26
56616 30 0 1 0 6 23
56845 35 0 1 0 6 22
57460 23 0 0 0 6 21
59182 21 0 1 0 6 22
61624 17 1 1 0 6 22
61733 93 1 0 0 6 22
62485 40 0 1 0 6 21
62486 31 1 1 0 6 22
62487 53 1 0 0 6 22
62489 7 0 1 0 6 28
62491 45 1 0 0 6 23
62493 20 1 0 0 6 27
62570 5 0 1 0 6 30
62571 29 1 1 0 6 29
62572 11 1 0 0 6 25
62574 4 0 0 0 6 27
62575 33 1 1 0 6 24
62634 61 1 0 0 6 23
62635 39 0 0 0 6 24
62636 24 1 1 0 6 24
62637 38 1 1 0 6 25
62639 31 1 1 0 6 25
62640 78 1 1 0 6 24
62777 32 0 1 0 6 20
62778 34 0 1 0 6 25
62779 99 1 1 4 6 20
62782 35 1 0 0 6 23
62783 47 1 0 0 6 21
62784 55 1 0 0 5 21
62785 62 1 1 0 6 26
62863 8 0 1 0 6 29
62867 11 0 1 0 6 24
69819 36 1 0 0 6 21
110570 69 1 0 0 6 23
137464 18 1 0 0 6 27
329326 4 1 1 0 6 30
