26973
19
1416
26973 80 1 1 0 6 21
854 126 1 0 0 6 21
951 61 0 0 0 6 20
1061 22 1 1 0 6 21
2336 124 1 0 0 6 22
3254 74 1 0 0 6 21
3320 48 1 1 0 5 23
3375 80 1 1 0 6 22
3498 59 0 0 0 6 23
3629 121 1 1 0 6 20
3859 49 1 0 0 6 21
4956 57 0 1 0 6 23
6767 137 1 1 0 6 22
6800 112 1 1 0 6 23
7386 92 0 1 0 6 24
7853 38 1 0 0 6 22
8038 98 1 0 0 6 21
8133 65 0 0 0 6 21
8470 118 1 1 0 6 26
9917 106 1 0 4 6 19
12385 40 1 1 0 6 20
13269 129 1 0 0 6 20
13829 74 0 0 0 6 21
14216 83 1 0 0 6 20
14242 140 1 1 0 6 23
15294 239 1 0 0 6 19
15347 147 1 1 0 6 23
16270 46 1 1 0 6 23
17229 103 1 1 0 6 24
18400 61 0 1 0 6 21
19878 38 1 1 0 6 22
20315 92 1 1 0 6 19
20823 52 0 0 0 6 23
21461 56 1 1 0 5 23
21509 37 0 0 0 6 15
21759 45 0 0 0 6 21
22043 49 1 1 0 6 20
22119 87 1 0 0 6 21
22476 60 1 1 0 6 25
22587 41 1 1 0 6 21
22599 46 0 1 0 5 23
23173 33 0 0 0 6 24
23663 111 1 0 0 6 20
24702 24 1 1 0 6 19
25359 75 1 0 0 6 20
25434 78 1 1 4 6 21
26000 82 1 0 0 6 18
26080 97 1 0 0 6 20
26607 173 1 0 0 6 21
28938 40 1 0 0 6 22
29014 113 1 0 0 6 22
29872 25 1 1 0 6 22
29873 76 1 1 0 6 22
36437 139 1 0 0 6 22
36740 14 0 1 0 6 24
37233 23 1 1 0 5 23
38041 70 1 1 7 6 25
38423 65 1 1 0 6 27
38971 43 1 0 3 6 19
41420 148 1 0 0 6 22
41641 39 0 0 0 6 20
43864 52 1 0 0 6 21
44165 65 1 0 0 6 23
44690 36 1 1 0 6 22
47791 76 1 0 0 6 22
53353 86 1 0 0 6 21
56813 36 0 1 0 6 26
57460 23 0 0 0 6 21
60777 74 1 1 0 6 22
64983 19 1 1 0 6 21
70808 66 1 1 0 6 25
71673 37 0 0 0 6 24
79351 116 1 0 0 6 21
79460 80 0 0 0 6 21
88809 22 0 0 0 6 20
100709 61 1 1 0 6 23
128654 22 0 1 0 6 25
156394 131 1 0 0 6 22
231566 33 1 1 3 6 23
278554 22 1 1 0 6 22
390629 3 0 1 0 6 26
