110570
19
1349
110570 69 1 0 0 6 23
2271 280 0 1 0 6 24
2485 79 1 1 0 6 21
4836 114 1 1 0 6 25
5961 65 1 0 0 5 23
6767 137 1 1 0 6 22
13843 51 0 1 0 6 31
18980 73 0 1 0 6 25
19937 120 1 1 0 6 28
23975 102 1 1 0 6 24
24662 25 0 1 0 6 22
24911 13 1 1 0 6 22
25439 130 1 1 0 6 25
26167 92 1 1 0 6 19
29237 66 0 0 0 6 23
29547 44 1 1 0 6 24
29768 91 1 0 0 6 21
33517 23 0 1 0 6 25
37528 47 1 0 0 6 23
41311 89 1 1 1 6 27
42447 50 1 1 0 6 20
43036 204 1 1 0 6 25
43238 22 1 1 0 6 22
44165 65 1 0 0 6 23
45297 32 0 1 0 6 32
48316 43 0 1 0 6 27
48377 47 0 1 6 6 23
62460 15 0 1 0 6 23
62491 45 1 0 0 6 23
62634 61 1 0 0 6 23
62635 39 0 0 0 6 24
62640 78 1 1 0 6 24
62779 99 1 1 4 6 20
62784 55 1 0 0 5 21
67049 58 1 1 0 6 24
68500 63 1 1 0 6 23
68584 36 1 1 0 6 25
68696 35 0 1 0 6 23
68866 10 0 1 0 6 23
69946 43 1 0 0 6 23
71432 15 0 1 0 6 23
81745 19 0 0 0 6 22
81746 28 1 0 0 6 21
83666 78 1 1 0 6 23
110569 25 1 0 0 6 23
110671 31 1 1 0 6 28
111249 40 1 1 0 6 24
126168 34 1 1 0 6 30
128654 22 0 1 0 6 25
147694 23 1 1 0 6 23
149000 49 1 1 0 6 31
156447 27 1 1 0 5 27
165425 12 0 1 0 6 28
176883 15 1 1 0 6 34
183343 21 0 1 0 6 26
192848 35 1 1 0 6 22
205534 22 0 1 0 6 27
205656 33 1 1 0 6 24
215637 11 0 0 0 6 21
217365 36 0 1 0 6 40
239610 11 0 1 0 6 32
273245 14 1 1 0 6 23
302260 22 1 1 0 6 32
324791 14 1 0 0 6 41
503967 29 1 1 0 6 26
677275 10 1 1 0 6 31
693068 5 0 1 0 6 29
693148 14 0 1 0 6 31
869925 4 1 1 0 6 32
895254 1 1 1 1 6 38
