44165
19
1437
44165 65 1 0 0 6 23
1937 132 1 0 0 6 22
2864 92 0 1 0 6 21
3320 48 1 1 0 5 23
3375 80 1 1 0 6 22
5244 71 1 1 3 6 22
6324 127 1 0 0 6 20
6800 112 1 1 0 6 23
7252 34 1 1 0 6 19
8037 72 1 1 0 6 22
11454 27 0 0 0 6 23
11838 20 0 0 0 6 24
14453 94 1 1 0 6 23
16789 85 0 0 0 6 20
18851 34 1 0 0 6 22
21014 52 1 1 0 6 23
21563 16 0 0 0 6 21
22119 87 1 0 0 6 21
22799 28 0 1 0 6 23
25367 64 1 0 0 5 21
26021 37 0 0 0 5 20
26973 80 1 1 0 6 21
27072 106 1 1 0 6 27
29547 44 1 1 0 6 24
29873 76 1 1 0 6 22
36437 139 1 0 0 6 22
37241 10 0 1 0 6 23
38041 70 1 1 7 6 25
38423 65 1 1 0 6 27
40803 47 0 0 0 6 21
41420 148 1 0 0 6 22
42939 60 1 0 3 5 22
43098 37 1 1 0 6 22
44052 120 0 1 0 6 24
44992 30 0 0 0 6 22
45250 26 0 0 0 6 27
60777 74 1 1 0 6 22
62634 61 1 0 0 6 23
62635 39 0 0 0 6 24
63148 101 1 0 0 6 22
65212 29 1 0 0 6 23
67049 58 1 1 0 6 24
67174 51 1 0 5 6 22
72767 61 1 1 4 6 22
83666 78 1 1 0 6 23
100048 52 0 0 0 6 22
107553 32 1 1 0 6 23
110569 25 1 0 0 6 23
110570 69 1 0 0 6 23
119040 38 1 1 0 6 26
126247 44 1 0 5 6 18
128654 22 0 1 0 6 25
137463 32 0 0 0 6 24
161333 12 0 1 0 6 26
172612 8 0 1 0 6 23
187108 23 0 0 0 6 25
202962 52 1 0 0 6 22
263703 16 0 0 0 6 23
269484 24 1 1 0 6 24
278667 9 0 0 0 5 28
373073 13 0 0 3 6 22
478426 3 1 1 0 6 25
544747 27 1 0 7 6 24
550331 38 1 1 3 6 25
550332 22 1 1 7 6 28
550427 36 1 1 3 6 26
