28943
19
1281
28943 34 1 1 0 6 21
1219 108 1 0 0 6 18
1863 15 0 1 0 6 26
2034 87 1 1 0 6 21
6325 83 1 0 0 6 21
6583 95 1 1 0 6 23
6857 46 1 1 0 6 23
8156 29 0 1 0 6 23
12015 85 1 0 4 6 19
14637 83 1 1 0 6 20
14769 35 0 1 0 6 21
16779 51 1 1 0 6 23
16786 67 1 0 0 6 22
18871 23 0 1 0 6 17
20014 80 1 0 1 6 20
21708 36 1 0 0 5 24
24206 81 1 1 0 6 22
27359 37 0 0 0 6 19
32821 93 1 1 0 6 20
38828 43 1 0 0 5 23
42296 57 1 0 0 6 21
47788 32 0 0 0 6 22
47861 35 0 0 0 6 21
47866 9 0 1 0 5 21
50541 47 1 0 0 6 20
60640 42 1 1 0 6 25
61440 53 1 0 0 6 21
61595 26 1 0 0 6 22
79027 20 0 1 0 6 21
80945 11 0 0 0 6 21
83273 12 1 1 0 6 27
89242 22 1 0 0 5 21
144773 35 1 1 2 5 20
180985 31 1 0 0 5 21
262802 27 0 0 1 6 21
