21647
19
1449
21647 30 0 0 0 6 21
806 123 1 0 0 6 22
2231 71 1 1 0 6 25
3427 165 1 1 0 6 22
3746 93 1 0 0 6 20
7352 197 1 1 0 6 21
8044 82 1 1 0 6 23
8448 51 1 1 0 6 21
8578 56 1 1 0 6 22
8640 121 1 1 0 6 23
8788 113 1 0 0 6 21
8789 156 1 1 0 6 22
12523 126 1 0 0 5 21
14506 121 1 1 2 6 25
16837 122 1 1 0 6 21
17443 60 1 0 0 6 21
21086 94 1 1 0 6 18
23191 48 1 0 0 6 21
24251 77 1 0 0 6 21
27796 35 1 0 0 6 20
31173 152 1 0 0 6 19
41680 98 1 1 0 6 21
43672 51 1 1 4 6 20
43843 95 1 1 4 6 18
45990 75 1 1 0 6 21
49728 113 1 1 0 6 24
50558 121 1 1 0 6 21
63250 36 1 1 0 6 23
78835 73 1 1 0 5 30
166368 23 1 1 0 5 24
182399 13 1 1 0 6 17
