70417
19
1384
70417 87 1 0 0 6 22
579 85 0 0 0 6 22
3005 67 1 0 0 6 21
3040 73 1 1 0 6 22
3588 85 1 0 0 6 22
4836 114 1 1 0 6 25
4847 69 0 0 0 6 24
7386 92 0 1 0 6 24
7665 33 0 1 0 6 21
8577 42 0 0 0 6 22
8640 121 1 1 0 6 23
13022 11 1 1 0 6 29
14242 140 1 1 0 6 23
14760 91 1 1 0 6 23
14853 145 1 1 8 6 24
15275 19 0 1 0 6 28
16793 47 1 0 0 6 21
17616 33 1 0 0 6 22
18265 40 1 1 4 6 23
19023 59 0 1 0 6 26
19709 26 1 1 4 6 24
20259 30 1 1 0 6 23
20546 24 0 1 0 6 23
20824 79 1 0 0 6 22
21092 28 0 1 0 6 23
22100 30 0 0 0 6 19
22720 10 1 1 0 6 24
22977 87 0 0 0 6 22
23124 51 1 1 0 6 22
24300 86 0 0 4 6 22
24942 18 0 1 0 5 22
25360 20 0 1 0 6 23
30443 15 0 1 0 6 27
30444 49 0 0 0 6 25
31177 14 0 1 0 6 26
31545 34 1 0 0 6 22
35053 78 1 1 0 6 24
35129 44 1 1 0 6 24
36309 37 0 1 0 6 23
41782 74 1 0 0 6 22
43706 11 0 0 0 5 21
44596 67 1 1 0 6 21
45961 40 1 1 0 6 24
46584 44 1 1 0 6 24
47155 38 1 1 0 6 23
47791 76 1 0 0 6 22
49038 59 1 1 0 6 23
51099 66 1 1 0 6 22
51103 43 0 0 0 6 21
52595 92 1 0 0 5 21
60637 17 0 1 0 6 26
61733 93 1 0 0 6 22
63852 40 1 0 0 6 22
64508 42 1 1 0 6 26
64959 25 0 1 0 6 32
68588 40 1 1 0 6 23
70659 18 0 1 4 6 24
70809 58 1 1 0 6 22
81112 55 1 1 0 6 24
81117 40 1 0 0 6 22
85839 24 0 0 0 6 22
89236 36 1 1 0 6 23
89722 154 1 1 0 6 24
130383 31 1 1 0 6 29
133539 14 0 1 0 6 24
136698 53 1 1 2 6 25
137213 72 1 1 0 6 27
148140 22 1 0 0 6 23
158167 32 0 1 4 6 35
162204 72 1 1 0 6 23
167010 36 1 0 0 6 22
179252 26 0 1 0 6 26
185979 57 1 1 4 6 24
227642 23 0 1 0 6 27
229365 21 0 1 0 6 28
240128 37 1 1 0 6 24
244506 13 0 0 0 6 23
292563 22 1 1 9 5 26
315121 77 1 0 0 6 21
329722 17 1 0 0 6 21
346706 5 0 0 0 6 44
346751 10 0 0 0 6 49
351868 65 1 1 1 5 20
554590 48 1 1 1 6 24
615225 26 1 1 0 5 18
616884 2 0 1 0 6 29
699287 75 1 1 2 6 25
855694 11 1 1 7 5 24
