3588
19
1309
3588 85 1 0 0 6 22
95 100 1 1 0 6 23
719 47 0 0 0 6 22
1714 36 0 0 0 5 22
2231 71 1 1 0 6 25
2245 23 0 1 4 6 23
3295 30 0 0 0 6 22
3427 165 1 1 0 6 22
3589 46 1 0 0 6 23
4847 69 0 0 0 6 24
5484 103 1 1 0 6 22
8129 126 1 0 0 6 22
8577 42 0 0 0 6 22
8640 121 1 1 0 6 23
9504 74 0 1 0 6 22
13293 51 0 1 0 6 20
14005 33 1 0 0 6 22
14440 157 1 1 0 6 27
16791 153 1 0 0 6 20
16793 47 1 0 0 6 21
17742 71 0 0 0 6 21
18980 73 0 1 0 6 25
19023 59 0 1 0 6 26
19307 40 0 1 0 6 26
19578 50 0 1 0 6 27
19709 26 1 1 4 6 24
20008 52 1 0 0 6 26
20187 59 1 1 0 5 21
20546 24 0 1 0 6 23
22280 59 1 0 4 6 22
22977 87 0 0 0 6 22
23122 164 1 1 0 6 24
23124 51 1 1 0 6 22
24300 86 0 0 4 6 22
24866 33 0 1 0 6 26
24942 18 0 1 0 5 22
25207 36 0 1 0 6 22
25256 72 0 1 0 6 22
25364 67 1 1 0 6 21
25468 82 1 1 0 6 25
25510 149 1 1 0 5 24
25516 70 1 1 0 6 22
25986 9 0 1 1 6 23
28471 64 1 1 0 6 21
29441 58 1 1 0 6 23
30443 15 0 1 0 6 27
30447 100 1 1 0 6 23
33751 123 0 0 0 6 25
37109 29 0 0 4 6 23
37333 4 0 0 0 6 22
37334 37 0 0 0 6 22
38041 70 1 1 7 6 25
42830 37 0 0 3 6 21
44077 43 1 0 0 6 19
44321 28 0 1 0 6 26
45218 32 1 1 0 6 23
45961 40 1 1 0 6 24
46157 84 1 0 0 6 26
46722 27 0 1 0 6 25
47791 76 1 0 0 6 22
51321 18 1 1 3 6 21
52595 92 1 0 0 5 21
61733 93 1 0 0 6 22
62640 78 1 1 0 6 24
68588 40 1 1 0 6 23
70417 87 1 0 0 6 22
70807 77 1 1 0 6 27
71587 22 0 1 0 6 23
75378 28 1 1 0 6 24
75434 16 0 1 0 5 24
80882 32 0 1 2 6 26
80883 53 0 1 8 6 25
80884 11 1 1 0 6 25
80885 50 1 1 0 6 23
80927 11 1 1 0 6 22
80928 14 1 1 0 6 16
81100 25 0 0 0 6 22
81101 9 0 0 0 6 25
81102 24 0 1 0 6 24
81112 55 1 1 0 6 24
81113 24 1 1 4 6 25
81114 19 1 1 0 5 35
81116 5 0 1 0 6 29
81117 40 1 0 0 6 22
81129 40 0 1 0 6 30
81578 6 0 1 0 6 25
