181227
19
400
181227 32 1 0 4 6 27
41455 65 0 1 1 6 26
58295 43 0 0 3 6 23
80061 124 0 1 2 6 22
81356 40 1 1 2 6 29
87056 206 1 0 8 6 20
151853 74 0 1 2 6 26
153470 69 1 1 1 6 20
170312 33 1 1 4 6 23
195193 48 0 1 0 6 28
217429 67 1 1 2 6 29
231739 45 0 1 4 6 28
275613 5 0 1 1 6 30
278076 59 1 1 6 6 31
445881 50 1 1 0 5 29
559049 26 1 1 4 6 25
602965 8 0 1 4 6 34
608598 11 1 1 8 6 32
631194 6 0 1 5 6 45
641878 102 1 0 2 6 27
651792 8 1 1 4 6 30
671797 22 1 1 2 6 26
677116 48 1 0 8 6 26
678258 17 0 1 6 6 34
730369 15 0 1 6 6 22
817477 26 1 0 6 6 31
838256 5 1 0 5 6 34
852516 17 1 0 2 6 26
914395 35 1 1 4 6 29
1067013 9 1 0 8 6 36
1067015 27 1 1 8 6 27
1067016 14 1 1 2 6 35
1067039 5 0 1 1 6 32
