13024
19
1466
13024 34 1 1 0 6 22
719 47 0 0 0 6 22
2060 29 0 0 0 6 19
7848 74 0 0 0 6 20
8129 126 1 0 0 6 22
8361 87 1 0 0 6 20
9642 37 0 0 2 6 22
12074 31 0 1 0 6 23
14769 35 0 1 0 6 21
17401 124 1 0 0 6 20
18610 29 0 1 0 6 22
20632 100 1 0 0 6 22
21132 74 1 0 0 6 23
21661 138 1 0 0 6 20
22977 87 0 0 0 6 22
23813 18 0 1 0 6 22
24364 27 1 0 0 6 24
25256 72 0 1 0 6 22
27476 74 1 0 0 6 23
27548 11 0 0 0 6 26
27650 57 1 0 0 6 20
30032 70 1 1 0 6 21
33751 123 0 0 0 6 25
37944 46 0 0 0 6 21
41130 12 0 0 0 6 21
41305 34 1 0 0 6 21
41311 89 1 1 1 6 27
41682 63 0 0 0 6 22
47837 27 0 0 0 6 22
52595 92 1 0 0 5 21
56731 39 1 0 0 6 20
59252 57 1 0 0 6 23
81100 25 0 0 0 6 22
177010 22 1 1 0 6 23
249159 10 1 1 9 5 28
