2231
19
1422
2231 71 1 1 0 6 25
79 157 1 1 0 6 23
86 82 1 1 0 6 24
701 15 0 1 0 6 25
1639 97 1 1 0 6 24
2025 41 1 1 0 6 25
2032 124 0 0 1 6 20
2062 63 1 1 0 6 22
2557 113 0 0 6 6 29
2568 24 0 0 0 5 24
2845 19 0 1 0 6 31
3457 20 1 1 0 6 23
3478 81 1 1 0 6 25
3588 85 1 0 0 6 22
3731 16 0 1 4 6 24
3797 39 0 0 0 6 23
4496 29 1 1 0 6 24
4690 27 0 1 0 6 23
4947 50 0 0 0 5 22
5083 75 1 0 0 6 21
5161 23 1 0 0 6 22
6325 83 1 0 0 6 21
7386 92 0 1 0 6 24
8129 126 1 0 0 6 22
8377 48 1 1 0 6 25
9402 131 1 0 0 6 22
9802 95 1 1 0 5 24
10063 103 1 1 0 6 24
12246 85 0 0 0 6 25
13829 74 0 0 0 6 21
16791 153 1 0 0 6 20
16794 75 0 0 0 6 22
16842 24 0 1 0 6 15
19307 40 0 1 0 6 26
20711 39 0 0 0 5 22
21647 30 0 0 0 6 21
22150 129 1 0 0 6 22
23169 65 1 1 0 6 22
25207 36 0 1 0 6 22
26080 97 1 0 0 6 20
27056 98 1 1 5 6 21
30981 10 0 1 0 6 25
35882 10 0 1 0 6 25
37344 15 1 0 0 5 23
37772 31 1 0 0 6 24
41138 42 1 0 0 6 24
41203 36 1 0 0 6 12
41420 148 1 0 0 6 22
42416 56 1 1 0 6 21
42768 64 1 0 0 6 21
44951 25 0 0 0 6 23
45402 26 0 0 0 6 23
45961 40 1 1 0 6 24
47076 53 1 0 0 5 22
48050 20 0 1 0 6 22
49728 113 1 1 0 6 24
51002 75 1 0 0 6 23
60165 137 1 0 6 6 24
60631 71 1 0 0 6 21
61452 68 1 0 8 6 23
61453 14 1 0 7 6 28
61454 35 0 0 0 6 23
61455 19 0 0 4 6 25
61547 20 0 1 0 6 25
61548 28 1 1 0 6 25
61549 22 1 0 0 6 26
61551 26 1 1 1 6 26
61595 26 1 0 0 6 22
61601 12 1 1 0 6 29
61652 22 0 0 0 6 23
61660 102 1 0 7 6 24
61661 19 1 0 0 5 24
