20088
19
1409
20088 145 1 1 0 6 26
641 37 0 1 0 6 21
1821 141 1 0 0 6 20
1870 49 0 1 0 6 23
2032 124 0 0 1 6 20
2263 35 0 0 4 6 19
2557 113 0 0 6 6 29
2822 53 0 0 0 6 17
3119 24 0 1 0 6 28
3302 45 0 0 0 6 22
3336 21 0 0 0 6 21
3363 140 1 0 0 6 22
3375 80 1 1 0 6 22
3413 154 1 0 0 6 21
3417 155 1 0 5 6 20
3461 164 1 0 0 6 18
3496 140 1 0 0 6 23
3500 56 1 0 0 6 20
3631 49 0 1 0 6 20
3713 29 0 1 0 6 24
3729 68 0 0 0 6 19
4059 65 1 0 0 6 21
4474 63 0 0 0 6 21
5501 50 0 1 4 6 23
5964 110 1 0 0 6 22
6324 127 1 0 0 6 20
6329 41 0 0 0 5 21
6391 24 0 0 0 6 21
6729 89 0 0 0 6 19
7379 40 1 1 0 5 23
7848 74 0 0 0 6 20
8245 63 0 0 0 6 19
8361 87 1 0 0 6 20
8463 141 1 1 0 6 19
9467 90 0 0 0 6 20
9755 74 0 0 0 6 25
13116 44 1 1 0 6 23
13283 173 1 0 0 6 19
13713 41 1 0 4 6 19
13824 11 0 0 0 6 25
14554 26 0 1 0 5 23
14773 38 1 1 0 6 25
15052 114 1 0 0 6 20
15560 48 0 1 0 6 20
16575 52 0 1 0 6 20
16790 44 0 1 0 6 25
17704 71 0 0 4 6 21
18217 70 0 0 0 6 22
18400 61 0 1 0 6 21
19578 50 0 1 0 6 27
19745 59 1 1 0 6 21
19883 80 1 0 0 6 25
20340 68 0 0 0 6 19
20517 48 0 1 0 6 23
20632 100 1 0 0 6 22
21199 35 0 1 0 6 25
21505 114 1 1 0 6 22
22007 104 1 0 0 6 20
22584 42 1 0 0 6 21
23164 121 1 1 0 6 22
24331 74 1 0 0 5 19
25188 69 1 0 0 6 18
25252 21 0 1 0 6 28
25257 49 1 1 0 5 24
25514 165 1 1 0 6 23
25604 109 1 0 0 6 21
26067 92 1 0 4 6 18
26268 48 0 0 0 6 19
26348 52 1 1 9 6 27
26883 140 1 0 0 5 19
27236 131 1 1 0 6 25
27240 72 0 0 0 6 17
27796 35 1 0 0 6 20
28830 23 0 0 0 6 24
28834 28 0 0 1 6 25
28903 105 1 1 0 6 22
29575 56 0 0 0 6 21
29629 37 1 0 0 6 21
29873 76 1 1 0 6 22
30085 37 0 1 0 6 20
30478 76 1 1 0 6 21
30956 18 0 1 0 6 26
31055 12 0 1 0 6 25
31173 152 1 0 0 6 19
31949 16 0 0 0 6 23
32367 64 1 0 0 6 21
33751 123 0 0 0 6 25
40273 56 0 0 0 6 21
40286 35 0 0 0 6 19
40898 26 0 1 0 6 25
41195 27 0 1 0 6 21
41255 47 1 1 0 6 30
41680 98 1 1 0 6 21
42450 71 1 0 0 6 21
42528 123 1 0 0 6 19
43114 56 1 0 0 6 22
43754 18 0 1 0 6 28
44634 76 0 0 0 6 20
46839 27 0 0 4 6 20
46871 18 0 1 0 6 31
53833 53 1 1 0 6 20
56121 24 0 1 4 6 26
60631 71 1 0 0 6 21
62074 34 1 0 0 6 20
64821 60 0 0 4 6 23
68405 65 0 1 0 6 26
68458 69 1 0 0 6 18
68466 28 0 1 0 6 18
68506 35 0 0 0 6 22
68516 56 1 1 0 6 21
71450 25 1 1 0 6 24
71673 37 0 0 0 6 24
75875 29 0 0 0 6 25
84537 10 1 1 0 6 38
87419 48 1 0 0 6 21
94398 26 0 0 0 6 24
95655 40 0 0 0 6 21
99366 21 0 0 0 6 26
113802 21 1 1 0 6 21
118262 37 0 0 0 6 26
118393 14 1 0 0 6 27
123502 13 0 1 0 6 26
124940 31 1 0 0 6 23
138349 31 1 0 0 6 23
138450 22 1 0 0 6 24
152876 16 0 0 0 6 26
154459 22 1 0 0 6 24
166368 23 1 1 0 5 24
179971 28 1 0 0 6 19
186164 15 1 0 0 6 23
217161 11 1 0 0 6 28
236742 13 0 0 0 6 24
238990 17 0 0 0 6 22
276786 7 0 0 0 6 26
288842 111 1 0 0 6 19
299949 38 1 0 0 6 23
313343 4 0 0 0 6 17
321931 38 0 0 9 5 20
321975 101 1 0 6 6 20
321980 19 0 0 4 6 19
322202 37 0 0 2 6 21
322347 26 0 0 2 6 23
322493 56 0 0 6 5 20
322519 24 1 0 0 6 28
322520 16 1 0 7 6 24
323031 16 0 0 0 6 25
