16779
19
1272
16779 51 1 1 0 6 23
505 77 1 1 0 6 24
1949 45 0 1 0 6 21
2465 41 1 0 0 6 22
3295 30 0 0 0 6 22
3586 29 0 1 0 6 21
4942 15 0 1 0 6 22
6583 95 1 1 0 6 23
6767 137 1 1 0 6 22
7372 58 1 1 0 6 21
8756 19 0 1 0 6 24
9137 40 0 0 0 6 20
9504 74 0 1 0 6 22
13352 41 0 0 0 5 21
15511 87 1 1 0 6 21
16331 139 1 1 5 6 22
16379 98 1 1 0 6 22
16381 100 1 1 0 6 22
16665 24 0 0 0 6 23
16671 26 0 1 0 6 17
16681 21 1 1 0 6 21
16783 43 0 0 0 6 23
16786 67 1 0 0 6 22
16788 77 1 0 0 6 22
17399 46 1 0 0 6 21
17402 45 0 1 0 6 23
20191 30 0 1 0 6 23
20226 52 0 0 0 6 20
20557 86 1 0 0 6 22
22599 46 0 1 0 5 23
22735 33 1 1 0 5 22
28943 34 1 1 0 6 21
29237 66 0 0 0 6 23
29540 102 1 1 0 6 23
33158 65 1 0 0 6 22
33885 71 1 1 0 6 22
35711 74 1 1 0 6 21
41680 98 1 1 0 6 21
43378 139 1 0 0 6 23
44878 15 0 0 0 6 26
53463 30 0 1 0 5 22
56616 30 0 1 0 6 23
68699 59 1 1 0 6 22
89722 154 1 1 0 6 24
100709 61 1 1 0 6 23
187997 25 0 1 0 6 24
235215 27 0 1 0 5 19
244573 24 1 0 0 6 28
249160 34 1 1 0 5 21
287752 27 1 1 2 6 22
292870 100 1 1 3 6 19
292998 18 0 1 3 6 41
