13283
19
1398
13283 173 1 0 0 6 19
499 45 1 0 0 6 20
1285 38 1 0 0 6 21
1758 113 1 1 0 6 21
2043 68 0 0 0 6 20
2103 120 0 1 0 6 23
2869 104 1 1 0 6 21
3139 145 1 1 0 6 20
3148 57 0 1 0 6 24
3254 74 1 0 0 6 21
3496 140 1 0 0 6 23
3560 39 1 1 0 6 18
3620 72 1 1 0 6 24
3631 49 0 1 0 6 20
4214 19 0 1 0 6 18
4847 69 0 0 0 6 24
6324 127 1 0 0 6 20
6729 89 0 0 0 6 19
6855 51 0 1 0 5 23
6861 106 1 0 0 6 19
7352 197 1 1 0 6 21
7874 78 0 1 0 6 20
8067 126 1 1 4 6 19
8443 78 1 1 0 6 22
8486 51 1 1 0 6 19
8761 62 0 1 0 6 24
11253 78 0 1 0 6 20
11404 134 0 1 9 6 26
11512 26 1 1 0 6 18
11585 117 1 1 0 6 20
11589 47 0 0 4 6 19
12756 39 0 1 0 6 20
13148 70 0 1 0 6 21
13293 51 0 1 0 6 20
13930 71 0 1 0 6 20
14109 95 1 0 0 6 21
14121 84 1 1 0 6 19
14554 26 0 1 0 5 23
14652 82 1 1 0 6 19
15042 105 1 0 0 6 19
15559 67 0 1 4 6 21
15560 48 0 1 0 6 20
15634 74 1 0 0 6 19
15635 65 1 0 0 6 18
15789 107 1 1 0 6 21
15800 91 1 1 0 6 21
15887 118 1 1 0 6 20
15947 115 1 1 0 6 22
16497 77 1 1 4 6 22
16791 153 1 0 0 6 20
16837 122 1 1 0 6 21
17229 103 1 1 0 6 24
17506 31 0 1 4 6 21
17933 72 0 0 0 6 18
18031 15 0 1 0 6 21
18033 28 0 1 0 6 21
18322 31 0 0 0 6 21
18450 52 0 1 0 6 21
18539 89 1 1 0 6 22
18671 110 1 1 0 6 19
19215 44 1 0 0 6 19
19420 60 1 1 0 5 21
19576 49 1 1 0 6 19
19578 50 0 1 0 6 27
19623 183 1 1 0 6 20
19633 73 1 1 0 6 19
19745 59 1 1 0 6 21
19865 139 1 1 0 6 19
20088 145 1 1 0 6 26
20197 46 1 1 0 6 22
20557 86 1 0 0 6 22
20738 33 0 1 0 6 22
21173 42 1 0 0 6 19
22276 24 0 1 0 6 23
22320 55 0 0 0 6 20
22571 30 0 0 0 6 21
23059 58 0 1 0 6 21
23122 164 1 1 0 6 24
23166 32 0 1 0 6 21
23281 39 1 1 0 6 15
23507 46 1 1 0 6 12
23586 50 1 1 0 6 19
23592 59 0 1 4 6 21
24648 99 1 1 0 6 20
25256 72 0 1 0 6 22
25315 36 0 1 0 6 22
25604 109 1 0 0 6 21
25709 19 0 1 0 6 19
25829 46 0 1 0 6 4
25830 96 1 1 0 6 20
25831 30 0 1 0 6 20
26183 81 1 1 0 5 18
26264 57 1 0 0 6 18
26267 59 0 1 0 6 19
26268 48 0 0 0 6 19
26607 173 1 0 0 6 21
26897 49 1 1 0 6 24
26996 60 1 1 0 6 20
27120 37 0 1 0 6 22
27620 23 0 1 0 6 19
28442 21 1 1 0 6 21
29294 51 1 1 4 6 21
29629 37 1 0 0 6 21
30085 37 0 1 0 6 20
31090 72 1 1 4 6 21
31164 30 0 1 0 6 26
31173 152 1 0 0 6 19
31177 14 0 1 0 6 26
32059 52 1 1 0 6 22
32095 25 0 1 0 6 22
32156 50 1 1 0 6 19
32415 28 1 1 0 6 19
32421 30 1 1 0 6 19
32714 59 1 1 0 6 21
32717 45 1 1 0 6 21
32723 25 0 0 0 6 21
32729 136 1 1 0 6 21
33567 61 1 1 0 6 19
33571 61 1 1 0 6 19
35676 23 1 1 0 6 10
35711 74 1 1 0 6 21
36187 68 1 0 0 6 21
36605 55 0 0 0 6 19
36931 73 0 0 0 6 21
37521 44 1 0 0 6 19
39691 86 1 1 0 6 19
40725 19 0 1 0 6 21
40898 26 0 1 0 6 25
41195 27 0 1 0 6 21
41657 65 1 1 0 6 20
41680 98 1 1 0 6 21
42296 57 1 0 0 6 21
42447 50 1 1 0 6 20
42450 71 1 0 0 6 21
42713 72 1 0 0 6 19
42761 42 0 0 0 6 18
42768 64 1 0 0 6 21
42771 69 1 1 0 6 20
42993 77 0 1 4 6 20
42994 27 0 0 0 6 19
43353 32 0 1 0 6 20
43753 47 1 1 0 6 21
44177 198 1 0 1 6 21
44481 18 1 1 0 6 20
46658 115 1 0 0 6 22
46912 44 1 1 0 4 21
47085 40 1 1 0 6 19
49265 71 1 1 0 6 21
49814 54 0 1 4 6 20
51528 31 0 1 4 5 21
53463 30 0 1 0 5 22
53982 131 1 1 0 6 20
57991 38 0 1 0 6 21
62295 39 1 1 0 6 20
64733 30 0 1 0 6 21
68347 52 0 1 0 5 19
70791 39 0 1 0 6 18
70846 56 1 1 0 6 19
72238 37 0 1 0 6 19
79580 113 1 0 0 6 19
82468 22 1 1 0 6 22
89006 31 1 0 3 6 19
89969 56 0 1 0 6 19
94516 40 0 0 0 6 19
96225 18 1 0 0 6 18
97186 23 0 1 0 6 22
100709 61 1 1 0 6 23
139403 29 1 1 0 6 18
139733 25 0 1 0 6 19
144445 27 1 1 0 6 19
178320 44 1 1 0 6 19
250701 5 0 1 0 6 36
251069 1 1 0 0 6 8
253438 41 1 0 0 6 19
