5961
19
1351
5961 65 1 0 0 5 23
305 87 1 1 0 6 27
851 107 1 1 0 6 25
3620 72 1 1 0 6 24
4824 28 0 1 4 6 24
4836 114 1 1 0 6 25
5490 34 0 1 0 6 22
6583 95 1 1 0 6 23
6767 137 1 1 0 6 22
11570 55 1 1 0 6 24
16828 27 0 0 0 6 23
17067 39 1 1 0 6 22
17388 38 0 1 0 6 23
18980 73 0 1 0 6 25
19937 120 1 1 0 6 28
20819 77 0 1 0 6 18
23975 102 1 1 0 6 24
24042 54 1 0 0 6 23
24222 18 0 1 0 6 25
25267 22 0 1 0 6 24
25357 47 1 1 0 6 28
25439 130 1 1 0 6 25
27072 106 1 1 0 6 27
32021 49 1 1 0 6 24
34359 32 1 1 0 6 24
38212 688 1 0 0 6 2
41188 25 0 0 0 6 23
41311 89 1 1 1 6 27
42447 50 1 1 0 6 20
44328 39 0 0 0 6 23
45251 36 1 1 0 6 26
45936 22 1 1 0 5 25
45961 40 1 1 0 6 24
50057 53 0 1 0 6 35
56121 24 0 1 4 6 26
57991 38 0 1 0 6 21
60706 26 1 1 0 6 25
62634 61 1 0 0 6 23
62635 39 0 0 0 6 24
62636 24 1 1 0 6 24
62637 38 1 1 0 6 25
62640 78 1 1 0 6 24
62778 34 0 1 0 6 25
62779 99 1 1 4 6 20
67049 58 1 1 0 6 24
80927 11 1 1 0 6 22
81113 24 1 1 4 6 25
82170 23 0 1 0 6 25
82212 49 1 1 0 6 28
85839 24 0 0 0 6 22
88110 24 1 0 0 6 22
110568 11 1 1 0 6 28
110569 25 1 0 0 6 23
110570 69 1 0 0 6 23
130275 10 1 0 6 5 12
130342 19 1 0 0 5 23
130343 4 1 1 0 6 28
130345 24 1 0 0 6 22
130383 31 1 1 0 6 29
130385 18 1 1 0 5 22
130386 30 1 0 0 6 23
130388 10 0 1 1 5 43
131460 13 0 1 0 6 26
169610 16 1 1 0 6 23
185248 11 1 0 0 6 23
273245 14 1 1 0 6 23
