62640
19
1331
62640 78 1 1 0 6 24
2485 79 1 1 0 6 21
3588 85 1 0 0 6 22
4836 114 1 1 0 6 25
5961 65 1 0 0 5 23
5963 53 1 1 0 6 23
6079 49 1 0 0 6 26
6767 137 1 1 0 6 22
8129 126 1 0 0 6 22
8610 19 0 0 0 6 23
13272 58 1 0 0 6 20
14051 191 1 0 3 6 21
15842 53 0 0 0 6 19
16793 47 1 0 0 6 21
19764 73 1 1 0 5 23
20395 19 0 1 0 6 24
20454 118 1 0 0 6 24
20823 52 0 0 0 6 23
21553 23 1 1 0 6 27
22977 87 0 0 0 6 22
23967 100 1 0 0 6 19
23975 102 1 1 0 6 24
25015 160 1 0 0 6 19
25205 107 1 0 0 5 21
25262 78 1 1 1 6 29
25357 47 1 1 0 6 28
25439 130 1 1 0 6 25
28837 38 0 0 0 6 24
29289 19 0 1 0 6 25
30032 70 1 1 0 6 21
32180 41 1 1 0 6 25
36309 37 0 1 0 6 23
38641 35 1 0 0 6 21
41311 89 1 1 1 6 27
41910 40 0 0 0 6 26
44041 109 1 1 0 6 24
45297 32 0 1 0 6 32
45936 22 1 1 0 5 25
45946 41 0 1 0 6 24
46357 55 0 0 0 6 21
47791 76 1 0 0 6 22
51414 140 1 0 0 6 23
53730 35 0 0 0 6 24
62575 33 1 1 0 6 24
62634 61 1 0 0 6 23
62636 24 1 1 0 6 24
62637 38 1 1 0 6 25
62782 35 1 0 0 6 23
62784 55 1 0 0 5 21
62785 62 1 1 0 6 26
62867 11 0 1 0 6 24
64347 39 1 0 0 6 23
65004 238 1 0 2 6 20
65457 44 1 0 0 6 26
68500 63 1 1 0 6 23
69776 43 1 1 0 6 23
70900 30 1 1 0 6 26
82212 49 1 1 0 6 28
82290 40 1 1 0 6 27
91921 23 0 0 0 6 21
99366 21 0 0 0 6 26
110564 30 1 1 0 6 25
110570 69 1 0 0 6 23
110671 31 1 1 0 6 28
111066 17 0 0 0 6 24
115200 25 0 0 4 5 26
126077 13 0 0 0 6 23
132927 51 1 1 4 6 26
132930 27 0 0 4 6 28
145927 25 1 1 0 6 25
179909 46 1 0 2 6 26
237449 31 1 0 0 6 24
254793 15 0 1 0 6 24
263063 76 1 0 7 6 25
288944 64 0 0 7 6 18
397197 19 1 0 1 6 18
494064 39 1 0 9 6 22
695946 21 1 0 0 6 26
696438 25 0 1 8 5 29
