12523
19
1357
12523 126 1 0 0 5 21
165 114 1 1 0 6 23
806 123 1 0 0 6 22
1061 22 1 1 0 6 21
1086 60 0 0 0 6 21
1227 66 1 1 0 6 21
1498 62 1 0 0 6 21
1518 32 0 0 0 6 20
1624 70 1 0 0 6 19
1691 54 1 1 0 6 24
1763 36 0 0 0 6 21
2062 63 1 1 0 6 22
2584 121 1 1 0 6 24
2935 51 1 0 0 6 21
2939 39 0 1 0 6 21
2944 56 0 0 0 6 21
3098 52 1 1 0 6 21
3119 24 0 1 0 6 28
3148 57 0 1 0 6 24
3336 21 0 0 0 6 21
3345 129 0 0 0 6 20
3497 94 1 1 0 6 21
3527 84 1 1 0 6 20
3755 127 1 1 0 6 24
3832 98 0 0 0 6 24
3859 49 1 0 0 6 21
3860 133 1 0 0 6 20
4623 71 1 0 4 6 21
4797 90 0 1 0 6 20
4800 226 1 1 0 6 19
5142 796 1 1 0 6 25
6201 72 1 0 0 6 21
7221 15 1 1 0 6 21
8129 126 1 0 0 6 22
8545 49 0 1 0 6 22
8580 177 1 0 0 6 18
8788 113 1 0 0 6 21
11324 27 0 0 0 6 20
11454 27 0 0 0 6 23
11488 139 1 1 0 6 24
11570 55 1 1 0 6 24
12646 56 1 1 0 6 23
12648 29 0 0 0 6 21
12993 199 1 1 4 6 20
13140 43 1 0 0 6 21
13352 41 0 0 0 5 21
14152 133 1 1 3 6 22
14157 61 1 0 0 6 21
14242 140 1 1 0 6 23
15137 88 0 0 0 6 20
15255 114 1 0 0 6 20
15519 89 1 0 0 6 18
15557 112 1 0 0 6 21
15563 110 1 0 0 6 20
16270 46 1 1 0 6 23
16793 47 1 0 0 6 21
17125 54 1 1 0 6 20
17295 54 0 0 0 6 21
17401 124 1 0 0 6 20
17647 51 1 1 0 6 22
17702 110 1 0 0 6 21
18164 36 1 1 0 6 21
18169 57 0 0 0 6 21
18326 49 1 1 0 6 21
18980 73 0 1 0 6 25
19035 49 0 1 4 6 19
19778 32 1 0 0 6 24
20281 118 1 1 0 6 19
21311 66 1 0 0 6 22
21563 16 0 0 0 6 21
21647 30 0 0 0 6 21
22790 130 1 0 0 6 19
22882 29 0 0 0 6 22
22977 87 0 0 0 6 22
23327 121 1 1 0 6 20
23848 60 1 1 0 6 24
24006 68 1 0 0 6 20
24981 30 1 0 0 6 22
25074 107 1 1 0 6 23
25205 107 1 0 0 5 21
25260 29 1 1 0 6 25
25266 85 0 0 0 6 21
25365 28 0 0 0 6 22
25439 130 1 1 0 6 25
26881 42 0 1 4 6 21
28780 34 1 0 0 5 21
29540 102 1 1 0 6 23
29768 91 1 0 0 6 21
30032 70 1 1 0 6 21
33729 71 1 0 0 6 21
35224 28 1 1 0 6 22
36386 55 0 1 0 5 25
36746 31 1 0 0 6 25
37429 41 1 1 0 6 25
40803 47 0 0 0 6 21
41311 89 1 1 1 6 27
44041 109 1 1 0 6 24
44826 37 1 0 0 6 20
46525 48 1 1 0 6 23
47164 47 1 0 0 6 20
47371 38 1 1 0 6 27
54970 54 1 0 0 6 21
57991 38 0 1 0 6 21
58702 30 1 1 0 6 22
62451 66 0 1 7 6 22
62634 61 1 0 0 6 23
63106 13 1 1 0 5 23
63203 27 0 1 0 6 24
68368 39 1 1 0 6 30
74447 27 0 0 0 6 25
74992 35 1 1 0 6 23
77835 56 0 0 0 6 22
82012 20 0 1 1 6 22
84186 34 0 1 0 6 24
94072 45 0 0 0 6 17
94533 36 1 1 0 6 23
110674 40 0 0 0 6 21
119284 30 1 0 0 6 16
131339 31 0 0 0 6 25
153535 21 1 1 0 6 25
176719 25 1 1 0 6 25
247587 7 1 1 0 6 25
247588 9 1 0 0 6 45
247742 28 1 1 0 6 18
247914 36 0 1 6 6 27
285971 10 1 1 0 6 22
298563 14 1 1 0 6 21
