8133
19
1393
8133 65 0 0 0 6 21
136 40 1 1 0 6 22
681 138 1 1 4 6 21
921 62 1 0 0 6 21
1006 74 1 0 0 6 19
2034 87 1 1 0 6 21
2325 26 1 1 0 6 21
3578 72 1 1 0 6 22
4026 102 1 1 0 6 20
4459 51 1 1 0 6 22
4836 114 1 1 0 6 25
5174 105 1 1 0 6 22
5192 122 1 1 0 6 22
5369 80 1 1 0 6 24
5484 103 1 1 0 6 22
5500 66 1 1 0 6 23
6767 137 1 1 0 6 22
8433 131 1 1 0 6 21
8444 112 1 1 0 6 23
13136 198 1 1 0 6 22
15738 49 1 0 0 6 20
16297 59 1 1 0 5 21
17106 130 1 1 0 6 20
17910 125 1 0 0 6 19
18697 91 1 1 0 6 23
19937 120 1 1 0 6 28
20454 118 1 0 0 6 24
21561 65 1 1 0 6 25
22554 79 1 1 0 6 18
23975 102 1 1 0 6 24
24514 84 1 0 0 6 19
25260 29 1 1 0 6 25
25439 130 1 1 0 6 25
26770 136 1 1 0 6 20
26973 80 1 1 0 6 21
28908 111 1 1 0 6 23
29540 102 1 1 0 6 23
29596 94 1 0 0 6 22
32529 49 1 1 0 6 27
33477 124 1 1 0 6 21
43091 46 1 0 0 6 21
44113 16 1 1 0 6 13
44689 79 1 1 0 6 22
49265 71 1 1 0 6 21
51157 19 1 1 1 6 26
51160 32 1 1 0 6 24
59291 24 1 1 0 6 24
59826 82 1 1 0 6 25
62784 55 1 0 0 5 21
63190 43 1 1 0 6 26
63584 52 1 1 0 5 23
67501 120 1 1 0 6 17
68500 63 1 1 0 6 23
70807 77 1 1 0 6 27
72669 67 1 1 0 6 20
75876 47 1 1 0 6 22
86072 39 1 1 9 6 23
95864 76 1 1 0 6 19
99103 66 1 1 7 6 26
100808 85 1 1 7 6 21
103834 54 1 1 0 6 19
124438 35 1 0 0 6 24
128400 42 1 0 0 6 24
176068 26 1 1 0 6 23
176440 27 1 1 3 6 25
231697 29 1 1 5 6 21
