3363
19
1374
3363 140 1 0 0 6 22
95 100 1 1 0 6 23
136 40 1 1 0 6 22
641 37 0 1 0 6 21
719 47 0 0 0 6 22
806 123 1 0 0 6 22
842 84 1 1 0 6 23
851 107 1 1 0 6 25
1565 127 0 1 0 6 21
1949 45 0 1 0 6 21
2362 64 0 1 0 6 21
2486 84 1 1 0 6 22
2864 92 0 1 0 6 21
3467 201 1 1 0 6 20
3729 68 0 0 0 6 19
4206 69 0 0 0 6 22
4699 168 1 1 0 6 21
4793 112 1 1 0 6 21
4836 114 1 1 0 6 25
6767 137 1 1 0 6 22
7076 98 0 1 0 6 28
7352 197 1 1 0 6 21
7848 74 0 0 0 6 20
7870 55 0 1 0 5 21
7874 78 0 1 0 6 20
8129 126 1 0 0 6 22
8140 48 1 1 0 6 20
8433 131 1 1 0 6 21
8578 56 1 1 0 6 22
8580 177 1 0 0 6 18
8618 97 0 1 0 6 19
12814 95 1 1 0 6 22
13148 70 0 1 0 6 21
13424 90 0 1 0 6 21
14005 33 1 0 0 6 22
14760 91 1 1 0 6 23
14764 27 1 1 0 5 23
15347 147 1 1 0 6 23
15481 52 0 1 0 6 22
15511 87 1 1 0 6 21
15902 80 1 1 0 6 21
15947 115 1 1 0 6 22
16237 62 0 1 0 6 20
16242 112 1 1 0 6 21
16270 46 1 1 0 6 23
16424 73 0 1 0 6 19
16463 51 0 0 0 6 19
16790 44 0 1 0 6 25
17295 54 0 0 0 6 21
18029 78 0 1 0 6 20
18217 70 0 0 0 6 22
18680 97 0 1 3 6 21
19310 161 1 1 0 6 18
19516 66 0 1 0 6 20
19756 47 1 0 0 6 22
19878 38 1 1 0 6 22
19937 120 1 1 0 6 28
20088 145 1 1 0 6 26
20315 92 1 1 0 6 19
20395 19 0 1 0 6 24
20516 53 1 0 0 6 22
20626 57 1 1 0 6 20
20966 36 1 1 0 6 24
20969 18 1 1 0 6 29
22459 51 0 1 0 6 22
22469 30 0 1 0 6 26
22977 87 0 0 0 6 22
23020 18 0 0 0 6 22
23122 164 1 1 0 6 24
23129 405 1 1 0 6 32
23247 25 1 0 0 6 23
23252 47 0 0 3 6 22
23592 59 0 1 4 6 21
23975 102 1 1 0 6 24
24429 24 0 1 0 6 27
24644 57 0 0 0 6 22
24702 24 1 1 0 6 19
25054 65 1 1 0 6 23
25091 33 1 0 0 6 26
25213 55 1 1 0 6 9
25250 86 1 1 0 6 20
25268 77 1 1 0 6 22
25315 36 0 1 0 6 22
25434 78 1 1 4 6 21
25516 70 1 1 0 6 22
26770 136 1 1 0 6 20
27477 68 1 1 0 6 22
28903 105 1 1 0 6 22
29294 51 1 1 4 6 21
29539 63 1 1 0 6 22
31451 68 0 1 3 6 21
32367 64 1 0 0 6 21
33469 51 1 1 0 6 23
33477 124 1 1 0 6 21
33745 45 1 1 0 6 20
33751 123 0 0 0 6 25
35711 74 1 1 0 6 21
37484 17 1 1 0 6 19
41680 98 1 1 0 6 21
41928 16 0 1 0 6 21
42771 69 1 1 0 6 20
43786 42 0 1 0 6 21
44144 52 0 0 0 6 20
44689 79 1 1 0 6 22
44781 42 1 0 0 6 22
45946 41 0 1 0 6 24
46423 34 1 1 0 6 21
51268 46 0 1 0 6 21
51606 22 0 1 0 6 24
51852 36 0 1 0 6 25
55241 76 1 0 0 6 17
59263 45 1 1 0 6 17
62232 11 1 0 0 6 22
63501 3 0 1 0 6 27
63956 23 0 1 0 6 23
68409 81 1 1 0 6 29
68836 58 1 1 0 6 23
71841 57 1 1 0 6 24
72904 32 1 1 0 6 22
75238 15 1 0 2 5 21
75239 44 0 0 3 6 22
75240 26 1 0 6 5 21
75241 26 0 0 4 6 29
75242 21 0 1 0 6 36
75297 29 1 0 0 6 21
75298 57 1 0 0 6 36
75353 62 0 0 4 6 25
75355 16 1 1 0 5 22
75407 10 1 1 9 6 25
75408 22 0 0 3 6 24
75409 44 0 1 0 6 20
75484 26 0 1 0 6 23
75508 10 1 1 8 6 37
75871 22 0 1 3 6 23
75872 37 1 1 0 6 23
75874 15 1 0 9 6 22
75875 29 0 0 0 6 25
75876 47 1 1 0 6 22
75877 25 1 1 0 6 24
76431 19 1 1 0 6 25
76437 13 0 1 0 6 22
