18166
19
1473
18166 128 1 0 0 6 19
681 138 1 1 4 6 21
1048 32 1 1 0 6 21
1491 157 1 1 0 6 21
1565 127 0 1 0 6 21
2034 87 1 1 0 6 21
2720 59 1 1 0 6 21
2869 104 1 1 0 6 21
3149 64 0 1 0 6 21
3427 165 1 1 0 6 22
3582 124 1 1 0 6 24
3629 121 1 1 0 6 20
4011 76 1 0 0 6 19
6420 61 0 1 0 6 19
6646 27 1 1 0 5 21
6855 51 0 1 0 5 23
6925 52 0 1 0 6 19
7051 18 1 0 0 6 25
7352 197 1 1 0 6 21
7386 92 0 1 0 6 24
7477 44 0 0 0 6 19
7771 67 1 0 0 6 22
8155 38 0 0 0 6 23
8230 57 0 1 0 6 20
8443 78 1 1 0 6 22
8463 141 1 1 0 6 19
8750 45 0 1 0 6 25
9906 90 1 1 0 6 23
9998 36 0 0 0 6 19
11580 26 1 0 0 6 18
11914 46 0 1 0 6 18
12993 199 1 1 4 6 20
13222 205 1 0 0 6 20
13829 74 0 0 0 6 21
14109 95 1 0 0 6 21
14653 86 1 1 0 6 21
15030 56 1 1 0 6 21
15388 85 1 1 0 6 22
15481 52 0 1 0 6 22
15853 46 0 1 0 6 25
15887 118 1 1 0 6 20
15947 115 1 1 0 6 22
16131 26 1 1 0 5 22
18174 25 1 1 0 6 24
18216 98 1 0 0 6 19
18391 71 1 1 0 6 19
18744 35 0 1 0 6 20
18770 35 0 1 0 6 22
18795 62 0 0 4 6 19
18797 43 0 0 0 6 19
18940 73 1 0 0 6 18
19075 101 1 0 0 6 19
19577 23 0 1 0 6 19
19764 73 1 1 0 5 23
19878 38 1 1 0 6 22
20015 50 0 1 0 6 20
20220 109 1 0 0 6 19
20751 26 1 1 0 6 21
21310 41 0 0 0 5 18
21330 128 1 1 0 6 19
21487 73 0 1 0 6 24
21505 114 1 1 0 6 22
21810 96 1 0 0 6 18
23122 164 1 1 0 6 24
23745 41 0 1 0 6 27
24702 24 1 1 0 6 19
25256 72 0 1 0 6 22
25267 22 0 1 0 6 24
25645 35 1 1 0 6 23
25695 60 0 1 4 6 19
25868 21 0 1 0 6 28
26080 97 1 0 0 6 20
26166 53 0 0 0 6 19
26183 81 1 1 0 5 18
26387 54 1 1 0 6 22
29933 89 1 1 0 6 20
29974 47 0 1 0 6 21
30478 76 1 1 0 6 21
31913 31 0 0 0 6 19
32142 9 1 1 0 6 19
32262 51 1 0 0 6 18
32263 85 1 1 0 6 18
33150 53 1 0 0 6 21
33573 31 1 1 0 6 20
36516 45 1 1 0 6 22
36708 102 1 1 0 6 22
38004 56 1 0 0 6 19
39629 137 1 1 0 6 19
40771 19 0 1 0 6 27
40820 36 0 0 0 6 19
43501 19 0 1 0 6 19
43821 138 1 0 4 6 16
44023 37 0 0 4 6 19
44113 16 1 1 0 6 13
45518 52 0 1 0 6 20
46909 28 1 0 4 6 21
51702 21 0 1 0 6 24
57991 38 0 1 0 6 21
58156 9 0 1 0 6 22
60018 18 1 1 0 6 22
60810 18 1 1 0 6 26
61547 20 0 1 0 6 25
61555 25 1 0 0 6 19
68405 65 0 1 0 6 26
70228 41 0 1 0 6 19
71250 50 1 1 1 6 30
71670 46 1 0 0 6 18
73410 61 0 0 0 6 18
73959 158 1 1 2 6 18
75203 39 1 1 0 6 19
76620 4 1 1 4 5 21
78732 24 0 1 0 6 21
83480 21 0 1 0 6 19
95056 47 1 1 0 6 19
95736 16 0 0 0 6 18
96226 43 0 0 0 6 19
108691 118 1 1 5 6 21
121432 14 0 1 0 6 22
125267 116 1 1 3 6 21
130283 16 0 1 0 6 26
144445 27 1 1 0 6 19
197820 10 1 1 1 6 30
231395 57 1 1 0 6 16
233793 4 1 1 0 6 20
295284 14 0 1 0 6 19
308581 2 1 0 0 6 33
308710 42 0 1 7 6 20
308976 30 0 0 8 6 19
308995 1 0 1 4 5 26
