17387
19
1465
17387 47 1 0 0 6 21
505 77 1 1 0 6 24
914 17 0 0 0 6 21
3367 62 1 0 0 6 21
3755 127 1 1 0 6 24
4844 16 0 1 0 6 24
7865 26 0 0 0 5 20
7874 78 0 1 0 6 20
8038 98 1 0 0 6 21
8044 82 1 1 0 6 23
8126 86 1 1 0 6 21
8448 51 1 1 0 6 21
8470 118 1 1 0 6 26
13829 74 0 0 0 6 21
16842 24 0 1 0 6 15
17394 37 0 0 0 6 21
17442 26 0 0 0 6 21
17443 60 1 0 0 6 21
18164 36 1 1 0 6 21
18404 28 0 1 0 6 21
18696 27 0 0 0 6 19
21227 64 1 0 0 6 22
21404 41 1 1 0 6 17
21487 73 0 1 0 6 24
22129 62 0 1 0 6 22
25359 75 1 0 0 6 20
25367 64 1 0 0 5 21
25510 149 1 1 0 5 24
25604 109 1 0 0 6 21
25612 26 1 1 0 6 22
29237 66 0 0 0 6 23
29656 81 1 1 0 6 24
30047 28 0 0 0 6 20
32113 21 0 1 0 6 21
37944 46 0 0 0 6 21
41085 33 1 1 0 6 20
41634 27 0 1 0 6 21
51476 19 0 0 0 6 20
53205 16 0 0 0 6 20
53207 34 0 0 0 6 20
53508 68 1 1 0 6 21
69372 22 0 1 5 6 21
70794 14 0 0 0 6 21
75665 61 1 0 0 6 22
77680 9 0 0 0 6 21
88809 22 0 0 0 6 20
298406 6 0 1 0 6 22
298563 14 1 1 0 6 21
