29873
19
1418
29873 76 1 1 0 6 22
1249 45 1 1 0 6 22
1937 132 1 0 0 6 22
2238 105 0 0 0 6 20
2598 140 1 0 0 6 21
2829 102 1 1 0 6 23
3320 48 1 1 0 5 23
3345 129 0 0 0 6 20
3375 80 1 1 0 6 22
6324 127 1 0 0 6 20
6767 137 1 1 0 6 22
6800 112 1 1 0 6 23
7622 21 0 1 4 6 22
7874 78 0 1 0 6 20
12003 103 1 0 0 6 22
13301 44 0 0 1 6 24
15560 48 0 1 0 6 20
16632 96 0 1 0 6 22
16675 51 1 1 0 6 23
18851 34 1 0 0 6 22
18980 73 0 1 0 6 25
20088 145 1 1 0 6 26
20101 13 1 1 0 6 31
21590 23 0 1 0 6 22
22459 51 0 1 0 6 22
22799 28 0 1 0 6 23
23975 102 1 1 0 6 24
24044 77 1 1 0 6 21
25367 64 1 0 0 5 21
25514 165 1 1 0 6 23
26607 173 1 0 0 6 21
26878 99 1 1 0 6 22
26973 80 1 1 0 6 21
28903 105 1 1 0 6 22
29516 97 0 0 0 6 20
30032 70 1 1 0 6 21
30704 57 1 0 0 6 24
33361 79 0 1 0 6 23
33571 61 1 1 0 6 19
36174 63 1 1 0 6 21
36437 139 1 0 0 6 22
36740 14 0 1 0 6 24
38041 70 1 1 7 6 25
38423 65 1 1 0 6 27
40725 19 0 1 0 6 21
41420 148 1 0 0 6 22
42296 57 1 0 0 6 21
42450 71 1 0 0 6 21
43098 37 1 1 0 6 22
44044 48 1 1 0 6 21
44072 23 0 1 0 6 25
44165 65 1 0 0 6 23
44430 72 0 0 0 6 21
44992 30 0 0 0 6 22
45250 26 0 0 0 6 27
45516 60 1 1 0 6 20
45517 15 1 1 0 6 21
45554 47 1 1 0 6 22
47636 17 0 1 0 6 22
48263 39 1 1 0 6 26
50410 69 0 0 2 6 23
56813 36 0 1 0 6 26
60777 74 1 1 0 6 22
62778 34 0 1 0 6 25
63148 101 1 0 0 6 22
68405 65 0 1 0 6 26
72763 22 0 0 0 6 21
75073 33 0 1 0 6 22
75117 11 0 1 0 6 22
79312 19 1 1 0 6 27
83666 78 1 1 0 6 23
187108 23 0 0 0 6 25
367679 23 0 1 0 6 24
407372 4 1 1 0 6 25
417345 15 1 1 7 6 26
418080 32 1 1 5 6 22
418081 63 1 1 6 6 22
