16786
19
1270
16786 67 1 0 0 6 22
505 77 1 1 0 6 24
6384 70 1 0 0 6 23
7008 22 0 1 0 6 25
11404 134 0 1 9 6 26
12187 42 0 0 0 6 23
12860 66 1 0 0 6 23
12883 28 1 1 0 6 22
14371 35 1 0 0 6 23
15297 62 0 1 0 6 24
16665 24 0 0 0 6 23
16669 56 1 0 0 6 23
16779 51 1 1 0 6 23
16783 43 0 0 0 6 23
16788 77 1 0 0 6 22
17229 103 1 1 0 6 24
17402 45 0 1 0 6 23
18430 24 0 1 0 5 23
25005 36 0 0 0 6 23
25161 31 0 1 0 6 25
25206 82 1 0 0 6 20
25979 46 1 1 0 6 21
28943 34 1 1 0 6 21
32086 54 1 0 0 6 25
37167 74 1 0 0 6 20
37772 31 1 0 0 6 24
37774 52 0 0 0 6 20
45930 26 1 0 0 6 26
46664 83 1 0 0 6 22
49163 130 1 1 0 6 20
49305 58 1 0 0 6 22
57164 49 1 1 0 6 22
59709 20 0 1 0 6 23
61558 28 1 1 0 6 23
61566 35 1 0 0 6 23
61621 15 0 1 0 6 24
61668 26 0 1 0 6 21
61893 24 0 1 0 6 24
61894 73 1 1 0 6 24
65021 34 0 0 4 6 27
71934 9 1 1 0 6 22
74957 20 0 0 0 6 23
81101 9 0 0 0 6 25
86012 31 1 1 0 6 24
86013 31 1 1 0 6 24
97596 28 1 1 0 6 26
107627 23 1 0 0 6 23
110313 60 1 0 0 6 22
111881 25 0 0 0 6 25
137214 79 0 1 3 6 24
142149 19 0 1 0 6 22
142152 39 0 0 0 6 22
142154 16 0 0 3 6 23
142160 55 1 0 0 6 22
142222 32 0 0 0 6 23
146886 44 1 1 0 6 26
154063 37 1 1 0 6 25
156218 22 1 1 0 6 26
177387 16 1 0 0 6 23
183957 47 1 1 0 6 23
232814 23 0 1 0 6 21
247513 30 1 0 0 6 22
265658 11 0 1 0 6 31
268295 15 0 0 0 6 22
294878 16 1 0 0 6 45
294941 9 0 0 3 6 21
294959 14 0 0 0 6 23
294968 36 1 1 0 6 24
