20632
19
1426
20632 100 1 0 0 6 22
804 82 0 1 0 6 27
842 84 1 1 0 6 23
1565 127 0 1 0 6 21
2968 17 0 1 0 6 25
3085 89 0 0 0 6 20
3496 140 1 0 0 6 23
4301 35 0 0 0 6 16
5192 122 1 1 0 6 22
7936 69 1 0 0 6 19
8031 144 1 0 0 6 21
8217 21 1 1 0 5 22
8640 121 1 1 0 6 23
8761 62 0 1 0 6 24
11488 139 1 1 0 6 24
13024 34 1 1 0 6 22
15738 49 1 0 0 6 20
15858 107 1 1 0 6 27
16675 51 1 1 0 6 23
17308 49 0 1 0 6 22
17459 60 0 1 4 6 25
17647 51 1 1 0 6 22
18172 28 1 1 0 6 23
18454 88 1 1 0 6 24
19023 59 0 1 0 6 26
19578 50 0 1 0 6 27
19764 73 1 1 0 5 23
19883 80 1 0 0 6 25
20088 145 1 1 0 6 26
20517 48 0 1 0 6 23
20518 26 1 0 0 6 23
20646 40 1 1 0 6 23
20895 43 0 1 0 6 20
21283 142 1 1 1 6 21
21505 114 1 1 0 6 22
21714 61 0 1 0 6 23
21737 34 1 0 0 6 22
22561 84 0 1 0 6 24
22977 87 0 0 0 6 22
23129 405 1 1 0 6 32
23975 102 1 1 0 6 24
24382 63 1 1 0 6 23
25308 51 1 1 0 5 24
25986 9 0 1 1 6 23
26812 56 0 0 4 6 22
27741 20 0 1 0 6 28
28737 43 0 1 4 6 22
29540 102 1 1 0 6 23
30807 42 1 0 0 6 23
31823 18 0 1 0 5 29
33411 59 1 1 0 6 24
33477 124 1 1 0 6 21
33668 24 0 1 0 6 25
34624 63 1 1 0 6 29
36098 29 1 1 0 6 21
36305 61 1 0 0 6 24
37916 46 1 1 0 6 27
40802 24 1 1 0 6 23
41256 21 0 0 0 6 22
43860 39 1 1 0 6 86
44503 184 1 1 0 6 29
44689 79 1 1 0 6 22
46808 26 0 1 3 6 25
49161 85 1 1 0 6 25
49639 10 0 1 0 6 26
50002 64 1 1 0 6 17
63190 43 1 1 0 6 26
65208 45 1 0 0 6 22
68506 35 0 0 0 6 22
68516 56 1 1 0 6 21
70808 66 1 1 0 6 25
71366 18 1 1 8 6 25
74957 20 0 0 0 6 23
77172 34 1 1 0 6 25
79804 56 1 0 0 6 23
81020 56 0 0 0 6 22
82955 72 0 1 0 6 23
83890 12 0 1 0 6 25
84596 58 1 0 0 6 23
86083 40 1 0 0 6 23
86258 70 1 1 0 6 23
87373 28 1 1 0 6 25
88129 21 0 1 0 6 30
91519 78 1 1 0 6 26
115033 12 1 1 0 6 30
136349 153 1 1 6 6 24
154600 8 0 0 4 5 17
164205 2 0 0 0 6 21
180090 23 1 0 0 6 22
281397 28 1 0 0 6 23
282015 37 0 1 2 6 24
297940 7 0 0 0 6 22
298353 5 0 1 0 6 24
327083 34 0 1 3 6 25
327830 25 1 0 0 6 28
327831 12 1 0 0 6 30
327834 28 0 0 8 6 22
327879 13 1 0 0 6 23
327925 20 0 1 0 6 32
327926 4 1 1 0 6 22
327936 2 0 1 0 6 26
