23122
19
1381
23122 164 1 1 0 6 24
100 113 1 0 0 6 21
647 135 0 0 0 6 19
910 47 0 0 0 6 20
1049 49 0 0 0 6 24
1189 58 1 0 0 6 20
1339 82 0 0 0 6 19
1565 127 0 1 0 6 21
1813 56 1 0 0 6 21
2104 67 0 0 0 6 21
2486 84 1 1 0 6 22
2609 109 1 0 0 5 21
2775 74 1 0 0 6 19
2869 104 1 1 0 6 21
3079 59 0 0 0 6 21
3252 36 1 0 0 6 21
3261 52 0 0 0 6 22
3320 48 1 1 0 5 23
3363 140 1 0 0 6 22
3387 73 1 1 0 6 22
3498 59 0 0 0 6 23
3587 48 0 0 4 6 19
3588 85 1 0 0 6 22
3590 46 0 0 0 6 23
3766 52 1 0 0 5 21
3843 12 0 1 0 6 22
3963 125 0 0 0 6 20
5702 25 1 1 0 6 23
5893 109 1 0 0 6 20
6325 83 1 0 0 6 21
6729 89 0 0 0 6 19
6855 51 0 1 0 5 23
6996 53 1 0 0 6 17
7141 64 0 1 2 6 22
7179 76 1 0 0 6 24
7298 127 1 0 0 6 21
7352 197 1 1 0 6 21
7354 83 1 0 0 6 22
8074 66 0 0 0 6 19
8129 126 1 0 0 6 22
8230 57 0 1 0 6 20
8332 39 1 0 0 6 19
8443 78 1 1 0 6 22
8580 177 1 0 0 6 18
8618 97 0 1 0 6 19
12020 130 1 0 0 5 21
12816 99 1 0 0 6 20
13283 173 1 0 0 6 19
13901 93 0 0 0 6 21
14170 55 1 1 0 6 24
15052 114 1 0 0 6 20
15347 147 1 1 0 6 23
15519 89 1 0 0 6 18
15563 110 1 0 0 6 20
16270 46 1 1 0 6 23
18166 128 1 0 0 6 19
18759 53 1 0 0 6 20
19263 34 1 1 3 6 24
19302 19 0 1 0 5 24
19307 40 0 1 0 6 26
21283 142 1 1 1 6 21
21487 73 0 1 0 6 24
22083 52 1 1 0 6 21
22279 22 0 1 0 5 23
22590 36 1 0 0 6 20
22659 15 0 1 1 6 23
22798 49 1 0 0 6 21
22987 79 1 1 0 6 23
23024 29 1 0 0 6 20
23414 105 0 0 0 6 20
25015 160 1 0 0 6 19
25266 85 0 0 0 6 21
25431 67 1 0 0 6 22
25468 82 1 1 0 6 25
25510 149 1 1 0 5 24
25514 165 1 1 0 6 23
26080 97 1 0 0 6 20
26166 53 0 0 0 6 19
27405 61 1 0 4 6 17
27884 11 0 0 0 6 19
29253 35 1 1 0 6 24
29575 56 0 0 0 6 21
31246 67 1 0 0 6 20
31992 43 1 1 0 6 24
32161 41 0 0 0 6 19
32448 35 0 0 0 6 22
33483 109 1 0 0 6 21
34104 20 0 1 0 6 17
35293 44 0 0 0 6 20
35509 49 0 0 0 5 21
36309 37 0 1 0 6 23
36609 47 0 1 0 6 24
36683 39 0 0 0 6 21
37444 41 0 0 0 6 22
38423 65 1 1 0 6 27
39865 29 0 0 0 6 18
40374 52 1 0 0 6 22
40899 21 0 1 0 6 26
41131 101 1 0 0 6 23
41142 48 1 0 0 6 23
41370 189 1 1 3 6 23
41420 148 1 0 0 6 22
42450 71 1 0 0 6 21
44086 80 1 0 0 6 23
46722 27 0 1 0 6 25
53771 59 1 1 0 6 22
57164 49 1 1 0 6 22
62294 35 0 0 0 5 22
63148 101 1 0 0 6 22
63418 39 1 1 0 6 22
65307 106 1 1 0 6 27
68899 39 0 1 6 6 23
69051 62 1 0 0 6 21
70897 16 0 1 0 6 27
73410 61 0 0 0 6 18
73493 86 1 0 4 6 21
74039 53 0 0 0 6 23
78816 24 1 0 0 6 22
79209 124 1 1 3 6 25
79541 13 1 1 0 6 22
82254 77 1 1 0 6 28
85999 20 0 1 4 6 29
87419 48 1 0 0 6 21
89236 36 1 1 0 6 23
98022 24 0 1 0 6 25
101980 21 0 0 0 6 22
113472 96 1 0 0 6 24
114432 55 1 1 3 6 24
116481 36 1 0 0 6 21
123583 32 1 1 0 6 25
125899 43 1 1 0 6 24
144346 86 1 1 3 6 17
145395 27 1 1 0 6 19
151572 9 1 0 9 5 19
164740 50 1 1 0 6 23
165951 250 1 1 2 6 23
172561 11 1 1 0 6 19
178586 23 1 0 4 5 23
179400 9 0 0 0 6 24
180901 53 1 1 3 6 28
182122 75 1 1 0 6 27
183961 87 1 0 0 6 19
185969 14 0 1 0 6 17
219791 19 0 0 1 6 25
225431 73 0 0 5 6 17
264039 42 0 0 7 6 23
275464 23 0 0 0 6 25
276336 17 0 0 0 6 23
305502 10 1 0 0 6 18
314474 11 0 1 6 6 23
338221 11 1 1 0 6 25
341520 44 1 1 3 6 22
354848 42 0 1 0 6 22
355338 22 0 1 8 6 21
358198 1 0 1 0 6 18
358199 42 1 0 2 6 16
358232 21 0 1 7 6 26
358234 69 1 1 3 6 22
358250 14 0 1 2 6 24
358261 21 0 1 3 6 18
358353 15 0 0 0 6 24
358378 26 1 0 0 6 24
358417 25 1 0 0 6 25
651564 73 1 0 7 6 23
969460 64 1 1 8 6 21
