45961
19
1423
45961 40 1 1 0 6 24
1759 64 0 0 0 6 21
2032 124 0 0 1 6 20
2058 53 1 0 0 6 20
2231 71 1 1 0 6 25
3588 85 1 0 0 6 22
3797 39 0 0 0 6 23
4213 135 1 0 0 5 21
5083 75 1 0 0 6 21
5961 65 1 0 0 5 23
6324 127 1 0 0 6 20
9402 131 1 0 0 6 22
13272 58 1 0 0 6 20
16828 27 0 0 0 6 23
17388 38 0 1 0 6 23
17389 40 1 0 0 6 21
17401 124 1 0 0 6 20
20240 56 0 1 0 6 23
24942 18 0 1 0 5 22
25360 20 0 1 0 6 23
35014 37 0 0 0 6 23
36437 139 1 0 0 6 22
41022 20 0 1 0 6 23
49084 91 0 0 7 6 23
49728 113 1 1 0 6 24
50549 32 1 1 0 6 23
52595 92 1 0 0 5 21
62210 36 1 1 0 6 26
64987 14 1 1 4 6 24
65875 12 0 1 0 6 23
70417 87 1 0 0 6 22
111881 25 0 0 0 6 25
130386 30 1 0 0 6 23
140885 23 1 0 0 6 23
145223 20 1 1 0 6 24
148140 22 1 0 0 6 23
283664 14 0 0 0 6 29
291621 12 1 1 0 6 22
298837 27 1 0 9 6 23
386887 6 1 1 0 5 24
569954 7 1 0 4 6 30
