2032
19
1410
2032 124 0 0 1 6 20
123 110 1 1 0 6 21
828 61 1 1 0 6 24
2107 91 1 0 0 6 22
2172 130 1 1 0 6 27
2231 71 1 1 0 6 25
2485 79 1 1 0 6 21
2584 121 1 1 0 6 24
3467 201 1 1 0 6 20
3578 72 1 1 0 6 22
5088 91 1 1 0 6 30
5174 105 1 1 0 6 22
5192 122 1 1 0 6 22
5734 80 1 1 0 6 27
6320 33 1 0 0 6 21
6522 33 1 0 0 6 13
7211 37 1 1 0 6 22
8126 86 1 1 0 6 21
8433 131 1 1 0 6 21
8444 112 1 1 0 6 23
8640 121 1 1 0 6 23
12993 199 1 1 4 6 20
13991 56 1 1 0 6 25
14127 74 1 1 0 6 22
14646 121 1 1 0 6 22
16837 122 1 1 0 6 21
16873 122 1 1 9 6 26
17067 39 1 1 0 6 22
18673 257 1 0 1 6 29
19764 73 1 1 0 5 23
19937 120 1 1 0 6 28
20088 145 1 1 0 6 26
23144 33 1 1 0 6 15
23564 189 1 1 3 6 26
25017 84 1 1 0 6 22
25250 86 1 1 0 6 20
25439 130 1 1 0 6 25
25510 149 1 1 0 5 24
29210 121 1 1 0 6 21
31980 67 1 1 0 6 22
32224 36 1 1 0 6 23
32560 77 1 1 7 6 24
32661 42 1 1 0 6 21
32752 36 1 1 0 6 23
35040 59 1 1 0 6 26
37729 82 1 1 0 6 27
39722 132 1 1 0 6 22
41926 42 1 1 0 6 20
44113 16 1 1 0 6 13
45626 77 1 1 0 6 26
45961 40 1 1 0 6 24
47261 40 1 1 0 6 32
49030 695 1 1 1 6 25
49474 64 1 1 7 6 22
49728 113 1 1 0 6 24
55259 45 1 1 0 6 28
57274 35 1 1 0 6 21
58140 66 1 1 0 6 20
58427 52 1 1 4 5 25
59717 38 1 1 0 5 21
59784 19 1 1 0 5 28
59826 82 1 1 0 6 25
62291 55 1 1 1 6 24
62295 39 1 1 0 6 20
62783 47 1 0 0 6 21
63582 31 1 1 0 6 24
68473 146 1 1 1 6 24
70807 77 1 1 0 6 27
76431 19 1 1 0 6 25
79092 422 1 1 1 6 26
81763 333 1 1 1 6 36
82288 53 1 1 0 6 23
92137 23 1 1 7 6 21
103036 127 1 1 2 6 21
109164 76 1 1 0 6 21
109642 877 1 1 7 6 27
113707 45 1 1 0 6 27
130509 78 1 1 3 6 20
134129 43 1 1 0 6 29
158646 295 1 1 4 6 29
158691 46 1 1 0 6 25
163053 104 1 1 1 6 30
171880 306 1 1 3 6 25
179469 25 1 1 4 6 20
188605 9 1 1 0 6 22
201983 60 1 1 2 6 18
209151 155 1 1 6 6 41
213339 150 1 1 8 6 22
228254 54 1 0 1 6 25
228476 52 1 1 2 6 22
231421 37 1 1 0 6 26
267270 287 1 1 2 6 24
292563 22 1 1 9 5 26
295332 20 1 1 3 6 22
301221 34 1 1 0 6 25
323229 15 1 1 0 6 31
328721 5 1 1 7 6 27
369158 115 1 1 8 6 22
377558 240 1 1 5 5 26
399758 17 1 1 4 6 45
418931 129 1 1 7 6 32
426052 41 1 1 0 6 27
457360 57 1 1 8 6 22
466879 26 1 1 1 6 35
492096 21 1 1 6 6 24
507975 8 1 1 5 5 15
510298 25 1 1 1 6 22
513903 35 1 1 1 6 29
529073 33 1 1 4 6 31
531072 57 1 1 7 5 30
532225 44 1 1 4 6 28
548489 19 1 1 0 5 32
555238 15 1 1 4 6 26
592159 53 1 1 1 6 25
601739 21 1 1 1 6 28
632492 39 1 1 7 6 29
659488 44 1 1 4 6 27
663660 50 1 0 2 6 19
713631 20 1 1 1 6 25
903230 37 1 1 1 6 23
925369 30 1 1 1 6 30
1027567 12 1 1 1 6 14
1051246 14 1 1 1 6 32
1108549 1 1 1 1 6 24
1242848 11 1 1 4 6 38
