21487
19
1474
21487 73 0 1 0 6 24
596 38 1 0 0 6 21
2720 59 1 1 0 6 21
3005 67 1 0 0 6 21
3034 51 1 0 0 6 21
3045 102 1 0 0 6 20
3357 69 1 0 0 6 21
3375 80 1 1 0 6 22
3616 50 1 0 0 6 24
5893 109 1 0 0 6 20
6757 112 1 1 0 6 19
7935 63 1 0 0 5 21
8044 82 1 1 0 6 23
8126 86 1 1 0 6 21
8443 78 1 1 0 6 22
8450 79 1 1 0 6 21
8556 24 1 1 0 6 24
9013 37 1 0 0 6 19
9630 115 1 0 4 6 20
10084 112 1 1 0 6 19
10141 18 1 1 0 6 46
10696 41 1 1 0 6 25
11369 92 1 0 0 6 21
12416 86 1 0 0 6 21
13116 44 1 1 0 6 23
13884 57 1 0 0 6 20
14666 72 1 0 0 6 23
14773 38 1 1 0 6 25
15068 144 1 0 0 6 20
15961 72 1 1 0 6 24
16667 18 1 0 0 6 24
16837 122 1 1 0 6 21
17386 53 1 0 9 6 25
17387 47 1 0 0 6 21
18166 128 1 0 0 6 19
19075 101 1 0 0 6 19
20150 102 1 0 0 6 17
23122 164 1 1 0 6 24
23857 90 1 1 6 6 24
28816 44 1 1 0 6 22
29238 46 1 0 0 6 20
29390 65 1 1 0 6 26
31246 67 1 0 0 6 20
36026 47 1 1 0 6 30
38973 37 1 0 0 6 29
40543 44 1 0 0 6 22
40794 75 1 1 0 6 18
40963 62 1 1 0 6 24
41420 148 1 0 0 6 22
41821 54 1 0 0 6 24
41926 42 1 1 0 6 20
42202 59 1 0 0 6 22
44142 32 1 1 0 6 25
45155 36 1 0 0 6 20
49728 113 1 1 0 6 24
51509 110 1 0 0 6 24
52733 40 1 1 0 6 26
53771 59 1 1 0 6 22
59263 45 1 1 0 6 17
63526 23 1 1 0 6 26
63616 28 1 1 0 6 11
63824 26 1 1 0 6 33
67707 23 1 1 0 6 24
77756 69 1 1 0 6 26
83553 42 1 0 0 6 21
91555 35 1 0 0 5 22
124438 35 1 0 0 6 24
124441 53 1 1 0 6 23
147694 23 1 1 0 6 23
206294 30 1 1 0 6 25
254799 45 1 0 0 6 29
264269 9 1 1 0 6 21
477103 14 1 1 0 6 33
494332 31 1 1 0 6 35
