17221
19
1284
17221 57 1 1 0 6 23
505 77 1 1 0 6 24
806 123 1 0 0 6 22
1737 36 0 1 0 6 24
5490 34 0 1 0 6 22
6583 95 1 1 0 6 23
14389 169 1 1 0 6 21
16790 44 0 1 0 6 25
16791 153 1 0 0 6 20
16828 27 0 0 0 6 23
17401 124 1 0 0 6 20
25097 73 1 1 0 6 24
25256 72 0 1 0 6 22
25269 15 0 0 0 6 21
25301 41 1 1 0 5 23
25305 42 1 1 9 6 23
25510 149 1 1 0 5 24
25514 165 1 1 0 6 23
25516 70 1 1 0 6 22
26928 62 1 1 0 6 24
30551 68 0 0 9 6 19
31087 103 1 1 0 6 24
33411 59 1 1 0 6 24
38641 35 1 0 0 6 21
41115 65 1 1 0 5 24
41682 63 0 0 0 6 22
42416 56 1 1 0 6 21
46613 40 0 0 8 6 23
49728 113 1 1 0 6 24
59660 93 1 1 0 6 21
60773 23 0 1 8 6 25
62291 55 1 1 1 6 24
62575 33 1 1 0 6 24
73116 58 1 1 0 6 23
79665 38 1 0 0 6 23
84186 34 0 1 0 6 24
86026 58 1 1 0 5 24
89239 17 1 1 0 6 23
102824 13 0 0 0 6 24
113472 96 1 0 0 6 24
145224 23 1 0 0 6 23
152768 14 0 1 0 6 23
174814 40 1 1 0 6 23
246222 47 1 1 8 6 25
263311 33 0 0 7 6 23
298837 27 1 0 9 6 23
299853 56 1 0 8 6 22
300201 52 1 0 1 6 21
300222 12 0 1 6 5 24
300257 39 1 0 5 5 24
300263 19 1 0 9 6 28
300267 10 0 1 3 6 24
300270 7 1 1 7 6 26
300271 22 1 1 7 6 24
300302 16 0 0 1 6 24
300332 47 1 1 0 6 23
300355 6 1 1 1 6 25
300462 3 1 1 0 6 28
