8126
19
1406
8126 86 1 1 0 6 21
136 40 1 1 0 6 22
1736 66 1 0 0 6 20
2032 124 0 0 1 6 20
3119 24 0 1 0 6 28
3413 154 1 0 0 6 21
3584 38 0 0 0 6 21
5083 75 1 0 0 6 21
5490 34 0 1 0 6 22
7874 78 0 1 0 6 20
8038 98 1 0 0 6 21
8044 82 1 1 0 6 23
8231 103 1 1 0 6 19
8443 78 1 1 0 6 22
8448 51 1 1 0 6 21
8470 118 1 1 0 6 26
9504 74 0 1 0 6 22
11844 57 1 0 0 6 21
13272 58 1 0 0 6 20
14576 56 0 0 0 6 20
14637 83 1 1 0 6 20
14769 35 0 1 0 6 21
15068 144 1 0 0 6 20
16668 56 1 0 0 6 22
16788 77 1 0 0 6 22
16791 153 1 0 0 6 20
16837 122 1 1 0 6 21
17387 47 1 0 0 6 21
17401 124 1 0 0 6 20
17443 60 1 0 0 6 21
17704 71 0 0 4 6 21
17880 61 1 0 0 6 20
17933 72 0 0 0 6 18
18632 109 1 0 0 6 21
19883 80 1 0 0 6 25
20824 79 1 0 0 6 22
21257 119 1 0 0 6 18
21487 73 0 1 0 6 24
21590 23 0 1 0 6 22
22007 104 1 0 0 6 20
22055 69 0 0 0 6 20
25207 36 0 1 0 6 22
25266 85 0 0 0 6 21
25359 75 1 0 0 6 20
25367 64 1 0 0 5 21
25510 149 1 1 0 5 24
26080 97 1 0 0 6 20
26877 116 1 0 0 6 21
27237 223 1 0 0 6 19
29026 41 0 0 0 6 21
33472 64 1 0 0 6 20
33474 31 1 0 0 6 20
33483 109 1 0 0 6 21
36174 63 1 1 0 6 21
37944 46 0 0 0 6 21
40273 56 0 0 0 6 21
41116 39 1 0 1 6 20
41634 27 0 1 0 6 21
41926 42 1 1 0 6 20
42025 32 0 0 0 6 20
42450 71 1 0 0 6 21
42823 60 1 0 0 6 20
43793 89 1 0 0 6 19
44069 117 1 0 0 6 20
47374 24 1 1 0 6 21
49406 45 0 0 0 6 22
49728 113 1 1 0 6 24
50165 25 0 0 0 5 21
50541 47 1 0 0 6 20
57274 35 1 1 0 6 21
60631 71 1 0 0 6 21
62224 23 0 0 0 6 22
62291 55 1 1 1 6 24
62566 5 0 0 0 6 20
62783 47 1 0 0 6 21
63250 36 1 1 0 6 23
64982 66 1 0 0 6 22
68405 65 0 1 0 6 26
70663 34 1 1 0 6 20
86030 48 1 0 0 6 23
106760 49 1 0 0 6 21
131703 59 1 0 0 6 19
159133 25 1 0 0 6 22
178778 26 1 1 0 6 25
178871 16 1 0 0 5 25
179398 30 1 0 0 6 22
179400 9 0 0 0 6 24
