24044
19
1454
24044 77 1 1 0 6 21
660 34 1 1 0 6 21
3496 140 1 0 0 6 23
3556 83 0 0 0 5 20
5893 109 1 0 0 6 20
7249 38 1 1 0 6 20
7372 58 1 1 0 6 21
8433 131 1 1 0 6 21
8470 118 1 1 0 6 26
9630 115 1 0 4 6 20
11253 78 0 1 0 6 20
11585 117 1 1 0 6 20
13041 24 0 0 0 6 21
13148 70 0 1 0 6 21
13269 129 1 0 0 6 20
14216 83 1 0 0 6 20
14769 35 0 1 0 6 21
15026 118 1 1 0 6 19
15561 50 1 0 0 5 20
15674 35 1 1 0 6 26
16681 21 1 1 0 6 21
16789 85 0 0 0 6 20
16791 153 1 0 0 6 20
17401 124 1 0 0 6 20
21065 74 1 1 0 6 21
21627 48 0 0 3 6 19
22761 154 1 1 0 6 19
23592 59 0 1 4 6 21
23972 29 0 1 0 6 23
24206 81 1 1 0 6 22
25268 77 1 1 0 6 22
25712 69 1 1 0 6 19
25838 107 1 1 0 6 21
26020 61 0 0 0 6 19
26178 32 1 1 0 6 19
28251 51 1 0 0 6 21
29873 76 1 1 0 6 22
30034 52 1 0 0 6 17
30477 35 0 1 0 6 21
31173 152 1 0 0 6 19
32723 25 0 0 0 6 21
33304 150 1 1 3 6 21
41083 68 1 1 0 6 21
41680 98 1 1 0 6 21
42450 71 1 0 0 6 21
42768 64 1 0 0 6 21
44816 65 1 0 0 6 20
46107 48 1 1 9 6 21
46925 51 1 0 0 5 18
48263 39 1 1 0 6 26
49307 22 0 1 0 6 26
51852 36 0 1 0 6 25
56038 37 1 1 0 6 27
64082 76 1 0 0 6 20
68516 56 1 1 0 6 21
69708 37 1 1 0 6 21
70809 58 1 1 0 6 22
75375 26 1 1 0 6 21
80850 21 0 1 0 6 21
95714 21 0 1 0 6 20
113472 96 1 0 0 6 24
114661 27 0 0 5 6 18
118834 93 0 1 1 6 20
118903 90 0 0 3 6 20
124185 27 0 0 0 6 20
140287 76 0 0 5 6 15
147777 30 1 0 0 6 20
174814 40 1 1 0 6 23
181727 10 1 1 0 6 23
281676 69 0 1 1 6 32
345621 68 1 1 3 6 21
359134 89 1 0 4 6 19
367910 15 1 0 8 5 29
367911 27 1 1 5 6 17
367912 55 1 0 4 6 19
367942 49 1 0 3 6 19
368006 6 1 0 0 6 31
368007 10 0 0 1 6 25
