81113
19
1355
81113 24 1 1 4 6 25
3588 85 1 0 0 6 22
3620 72 1 1 0 6 24
3832 98 0 0 0 6 24
5961 65 1 0 0 5 23
8129 126 1 0 0 6 22
13272 58 1 0 0 6 20
16792 39 0 0 0 6 23
16793 47 1 0 0 6 21
18980 73 0 1 0 6 25
21553 23 1 1 0 6 27
25357 47 1 1 0 6 28
27476 74 1 0 0 6 23
41311 89 1 1 1 6 27
41682 63 0 0 0 6 22
62637 38 1 1 0 6 25
81101 9 0 0 0 6 25
82110 34 1 0 0 6 24
82212 49 1 1 0 6 28
82290 40 1 1 0 6 27
99366 21 0 0 0 6 26
114504 29 1 1 1 6 25
147047 15 0 1 0 6 26
161758 34 1 0 0 6 24
162410 60 1 0 4 6 22
