28808
19
1260
28808 42 0 0 0 6 23
851 107 1 1 0 6 25
5182 41 1 0 0 6 23
5606 18 1 1 0 6 23
5708 30 1 0 0 6 23
6800 112 1 1 0 6 23
7464 88 1 1 0 6 22
17152 51 1 0 0 6 23
20812 36 1 0 4 6 23
23164 121 1 1 0 6 22
24258 73 1 0 0 6 23
24383 87 1 0 0 6 24
25308 51 1 1 0 5 24
25982 39 1 1 0 6 20
28447 111 1 0 0 6 21
29709 64 1 0 0 6 22
31547 40 1 0 0 6 23
34619 59 1 1 4 6 21
36027 58 1 0 0 6 23
38039 28 1 0 0 6 22
38828 43 1 0 0 5 23
42376 70 1 1 0 6 29
44595 66 1 1 0 6 25
46070 15 1 0 0 6 23
57164 49 1 1 0 6 22
67049 58 1 1 0 6 24
78017 102 1 1 0 5 26
78816 24 1 0 0 6 22
78904 30 1 1 0 6 22
83667 67 1 0 8 6 23
84596 58 1 0 0 6 23
86087 37 1 0 0 5 23
86254 29 1 0 0 6 23
110742 30 1 0 0 6 23
116938 49 1 0 0 6 23
117410 30 1 1 0 6 22
124556 61 1 1 0 5 28
143124 36 1 0 0 6 23
153547 21 1 1 0 6 23
266719 26 1 0 0 5 23
286054 12 1 1 0 6 22
329112 36 1 0 3 6 23
460212 53 1 0 3 6 25
