12020
19
1391
12020 130 1 0 0 5 21
650 237 1 0 0 6 20
684 51 0 0 0 6 20
880 31 0 0 0 6 21
1028 58 1 1 0 6 24
1038 116 0 1 0 6 20
1565 127 0 1 0 6 21
2304 50 0 1 0 6 20
2486 84 1 1 0 6 22
2864 92 0 1 0 6 21
3371 92 0 0 0 6 20
3532 217 1 1 0 6 20
3561 131 1 0 0 6 18
3723 83 1 1 0 6 21
4827 106 1 1 0 6 21
5089 85 1 1 0 6 24
5093 100 0 1 0 6 25
5146 123 1 1 0 6 18
5174 105 1 1 0 6 22
5271 106 0 1 0 6 19
5501 50 0 1 4 6 23
6800 112 1 1 0 6 23
6852 38 0 1 0 6 22
6855 51 0 1 0 5 23
7352 197 1 1 0 6 21
7382 35 1 1 0 6 23
7540 111 0 1 0 6 18
7905 40 0 1 0 6 19
7922 227 1 0 0 6 18
8059 21 0 1 0 6 21
8067 126 1 1 4 6 19
8230 57 0 1 0 6 20
8378 83 0 1 0 6 19
8395 45 0 1 0 6 21
8450 79 1 1 0 6 21
8788 113 1 0 0 6 21
8789 156 1 1 0 6 22
11584 89 0 0 0 6 18
12074 31 0 1 0 6 23
12601 158 1 1 0 6 19
13148 70 0 1 0 6 21
13611 27 0 1 0 6 23
13988 76 0 1 4 6 20
15102 53 1 1 0 6 21
15266 33 0 1 0 6 22
15380 27 1 1 0 6 23
15407 59 1 1 0 6 18
15681 78 1 0 0 6 20
15795 95 1 1 0 6 21
15987 19 1 1 0 6 21
16002 53 1 1 0 6 20
16684 85 1 1 0 6 20
16803 67 1 0 0 6 21
16805 83 1 1 0 6 21
16916 55 1 0 0 6 20
17004 30 0 0 0 6 21
17005 68 1 0 0 6 20
17308 49 0 1 0 6 22
18029 78 0 1 0 6 20
18450 52 0 1 0 6 21
18610 29 0 1 0 6 22
19310 161 1 1 0 6 18
19878 38 1 1 0 6 22
19937 120 1 1 0 6 28
20189 104 1 1 0 6 20
20738 33 0 1 0 6 22
20819 77 0 1 0 6 18
20895 43 0 1 0 6 20
21280 69 1 1 0 6 24
21332 77 1 0 0 6 17
21481 100 1 0 0 6 19
22237 105 1 0 4 6 20
22339 52 1 1 0 5 19
22369 91 0 1 0 6 24
23037 36 0 0 0 6 20
23093 23 1 1 0 6 22
23122 164 1 1 0 6 24
23592 59 0 1 4 6 21
23667 23 1 1 0 6 18
23975 102 1 1 0 6 24
24302 81 0 1 0 6 20
24694 60 1 1 0 6 19
25357 47 1 1 0 6 28
25533 65 1 0 0 6 18
25698 49 1 1 0 6 22
25989 55 0 0 0 6 19
26077 72 1 1 0 6 20
26333 106 1 1 0 6 18
26431 81 1 0 0 6 18
27674 29 0 0 2 6 19
27793 68 1 0 0 6 17
27905 56 1 1 0 6 22
28908 111 1 1 0 6 23
29163 20 0 1 0 6 21
29289 19 0 1 0 6 25
29539 63 1 1 0 6 22
30032 70 1 1 0 6 21
30477 35 0 1 0 6 21
32209 4 1 1 0 5 20
33517 23 0 1 0 6 25
34857 181 1 1 1 6 21
35711 74 1 1 0 6 21
39691 86 1 1 0 6 19
41121 37 1 1 0 6 22
43589 94 1 1 0 6 20
43786 42 0 1 0 6 21
43843 95 1 1 4 6 18
44242 63 1 1 0 6 19
45424 55 1 1 0 6 19
45942 17 0 1 0 6 21
46589 15 0 1 3 6 21
47595 11 0 1 0 6 21
48689 70 1 0 0 6 18
62779 99 1 1 4 6 20
68576 44 0 1 0 6 17
69776 43 1 1 0 6 23
71587 22 0 1 0 6 23
77117 34 0 1 0 6 21
81267 41 0 1 8 6 20
82212 49 1 1 0 6 28
82562 55 1 1 0 6 20
83702 20 1 0 0 6 20
115200 25 0 0 4 5 26
145927 25 1 1 0 6 25
163233 31 1 1 0 6 22
177211 24 0 1 0 6 19
187997 25 0 1 0 6 24
192135 20 0 1 0 6 21
200909 6 0 0 0 6 18
235161 74 1 1 7 6 21
236222 4 1 1 6 6 25
