818188
19
335
818188 25 1 1 7 6 18
86940 99 1 1 7 6 19
131884 144 1 0 7 6 16
135645 33 1 1 7 6 18
145505 39 1 1 7 5 19
215890 64 1 0 1 6 18
223642 70 1 0 7 6 17
223746 134 1 1 4 6 18
223822 80 1 0 7 6 18
223824 41 1 0 7 6 17
414880 95 1 1 7 6 20
419359 536 1 1 7 6 32
425645 39 1 0 7 6 17
482211 163 0 1 7 6 25
482536 45 0 1 1 6 27
489129 47 1 1 7 6 19
549601 43 1 1 7 6 19
559484 16 1 1 7 6 18
568508 28 0 1 7 6 18
578245 87 1 0 7 6 18
595385 29 1 0 2 6 17
607373 38 0 0 7 6 18
654651 20 1 1 7 6 18
912201 23 1 1 7 6 18
1089095 13 0 1 7 6 21
1132513 6 1 1 7 6 18
