498270
19
377
498270 26 0 0 7 5 15
43583 63 1 0 7 6 16
71374 65 1 1 7 6 17
99405 135 1 1 7 6 15
106827 59 1 0 7 6 20
164755 117 1 0 7 6 17
222758 69 1 1 7 6 22
247725 96 1 0 3 6 12
249662 203 1 1 7 6 19
257935 89 1 1 7 5 15
357483 30 1 1 7 6 15
441535 160 1 0 7 6 18
479609 22 1 0 7 6 14
483193 61 1 1 7 6 17
485385 57 1 1 7 6 16
493460 37 1 0 7 5 16
497742 18 1 0 7 6 14
544682 92 1 1 7 6 15
546658 26 1 0 7 5 13
547322 13 1 0 7 5 12
668316 14 1 1 7 6 13
808934 5 1 1 7 6 14
1071636 10 1 1 7 5 19
1112431 17 1 0 7 6 28
1213252 3 1 0 7 6 13
1362038 11 1 0 7 6 41
1364089 5 1 0 7 6 12
