49728
19
1297
49728 113 1 1 0 6 24
1115 49 0 0 0 6 24
2032 124 0 0 1 6 20
2107 91 1 0 0 6 22
2231 71 1 1 0 6 25
2235 33 0 0 0 6 21
2336 124 1 0 0 6 22
3293 41 0 0 0 5 24
3978 44 1 0 0 6 21
4847 69 0 0 0 6 24
5238 49 1 1 0 6 24
7874 78 0 1 0 6 20
8044 82 1 1 0 6 23
8126 86 1 1 0 6 21
8448 51 1 1 0 6 21
8470 118 1 1 0 6 26
9504 74 0 1 0 6 22
12174 140 1 0 0 6 20
12416 86 1 0 0 6 21
13135 33 0 0 0 6 23
13272 58 1 0 0 6 20
13825 43 1 1 0 6 23
13829 74 0 0 0 6 21
14440 157 1 1 0 6 27
14661 98 1 0 0 6 20
14766 31 0 0 0 6 20
16837 122 1 1 0 6 21
17221 57 1 1 0 6 23
17388 38 0 1 0 6 23
17395 37 0 0 0 6 23
17401 124 1 0 0 6 20
17442 26 0 0 0 6 21
17443 60 1 0 0 6 21
17920 60 0 0 0 6 20
18780 120 1 1 0 6 24
19358 38 0 1 0 6 25
19751 71 0 0 0 6 19
21487 73 0 1 0 6 24
21647 30 0 0 0 6 21
22281 53 1 0 0 6 24
22660 28 0 1 0 6 23
22798 49 1 0 0 6 21
22977 87 0 0 0 6 22
24059 78 1 0 0 6 20
25097 73 1 1 0 6 24
25307 23 1 1 0 6 25
25510 149 1 1 0 5 24
25514 165 1 1 0 6 23
25966 24 0 0 0 6 23
30047 28 0 0 0 6 20
32561 8 0 0 0 5 20
33158 65 1 0 0 6 22
33178 40 1 0 0 6 21
33361 79 0 1 0 6 23
33474 31 1 0 0 6 20
33483 109 1 0 0 6 21
36564 29 0 0 0 6 21
37518 49 1 0 0 6 19
37944 46 0 0 0 6 21
40584 35 0 1 0 6 24
41277 41 0 1 0 6 24
41634 27 0 1 0 6 21
44077 43 1 0 0 6 19
44992 30 0 0 0 6 22
45961 40 1 1 0 6 24
46357 55 0 0 0 6 21
46989 56 1 0 0 6 23
49406 45 0 0 0 6 22
53205 16 0 0 0 6 20
53817 54 0 0 0 6 23
61547 20 0 1 0 6 25
62291 55 1 1 1 6 24
69051 62 1 0 0 6 21
70660 35 0 1 0 5 23
70682 21 0 1 0 6 24
72190 43 1 0 0 6 24
73116 58 1 1 0 6 23
74133 17 0 0 0 6 24
80334 41 0 1 0 6 24
84521 14 0 0 0 6 23
88300 29 1 0 0 6 24
88812 54 1 0 0 6 24
89235 64 1 1 0 6 24
91342 16 0 1 0 6 24
95085 76 1 0 3 6 24
100709 61 1 1 0 6 23
101039 16 0 0 2 6 19
104762 28 1 0 0 5 24
110674 40 0 0 0 6 21
111881 25 0 0 0 6 25
142079 28 0 0 0 6 23
143062 23 1 1 0 6 24
143248 27 0 0 0 6 23
144614 18 1 1 0 6 25
145224 23 1 0 0 6 23
153765 81 1 0 0 6 20
163570 21 0 0 0 5 24
169611 19 1 0 0 6 22
179398 30 1 0 0 6 22
181327 51 1 0 0 6 21
181729 44 1 0 0 5 22
186347 5 0 1 0 6 26
186490 95 1 0 0 6 23
186649 5 0 1 1 6 30
221137 80 1 0 0 6 20
237778 63 0 1 7 6 26
290172 91 1 0 0 6 25
331308 10 0 0 0 6 23
374339 38 1 0 4 6 25
386626 4 0 1 1 6 26
533615 13 1 0 1 6 22
596263 7 0 1 3 6 24
596264 2 1 0 0 6 23
596602 18 0 1 3 6 24
