750737
19
402
750737 74 1 1 4 6 16
72294 254 1 1 4 6 17
80789 270 1 1 4 6 15
89057 63 1 0 3 6 13
107412 261 0 0 8 6 15
121918 52 1 0 4 5 2
156078 109 1 1 4 6 14
184299 105 1 0 4 6 19
211685 236 1 0 4 6 17
258134 26 1 0 2 6 12
258494 74 1 0 2 6 16
275745 126 1 0 4 6 22
332690 232 1 1 8 6 16
356394 104 1 0 8 6 16
356790 98 1 0 1 6 18
361714 79 1 0 8 6 14
369725 27 1 0 8 6 12
371528 25 1 0 8 6 15
371607 60 1 0 6 6 16
371732 35 1 0 8 5 12
372915 27 1 1 8 5 15
382566 151 1 0 4 6 15
400102 211 1 0 6 6 14
429934 20 1 0 8 6 16
432091 22 1 0 8 6 14
437613 100 1 0 8 6 15
448878 83 1 0 8 6 40
469967 165 1 0 8 6 18
473000 55 0 0 6 6 16
475445 24 1 0 4 6 14
489786 114 1 0 4 6 16
506783 90 1 1 4 6 21
514001 62 1 1 8 6 19
550285 18 0 0 5 6 20
561506 223 1 1 6 6 14
562485 84 1 1 8 6 30
562736 169 1 0 4 6 17
568037 171 1 1 8 6 60
575864 10 1 0 7 5 13
602693 62 1 1 8 6 13
603001 18 1 0 8 6 13
617281 79 1 0 4 6 28
617282 47 1 1 8 5 9
619639 283 1 0 8 6 11
676912 118 1 0 2 6 15
684015 28 1 0 8 6 18
705615 34 1 0 4 6 6
705616 29 1 1 8 6 7
705618 22 1 1 2 5 13
710315 13 1 0 2 6 14
719939 37 1 1 6 6 11
739995 75 1 0 8 6 27
792040 23 1 0 8 6 12
792057 47 1 0 8 6 12
802582 15 1 1 8 5 15
823304 31 1 0 2 6 9
823519 18 1 1 8 6 22
824038 35 1 0 6 6 16
836651 6 1 1 4 6 12
837509 21 1 0 4 6 11
837617 36 1 1 4 6 8
837618 17 1 1 8 6 15
837628 24 1 1 8 5 15
924073 42 1 1 6 6 12
981422 11 1 1 8 6 9
982185 10 1 1 4 6 15
1003502 4 1 0 8 6 15
1115192 14 1 0 2 6 12
1195695 11 1 0 2 6 29
1320264 5 1 1 8 6 18
1347957 6 1 1 6 6 12
1470908 1 1 1 8 6 15
1472696 2 1 0 8 5 15
1472716 1 1 0 9 6 17
1473229 4 1 1 2 6 13
