16792
19
1359
16792 39 0 0 0 6 23
505 77 1 1 0 6 24
2604 66 1 0 0 6 24
4836 114 1 1 0 6 25
5117 55 1 1 0 6 22
6337 74 1 1 0 6 23
8129 126 1 0 0 6 22
9802 95 1 1 0 5 24
10063 103 1 1 0 6 24
12325 35 1 0 0 6 21
16793 47 1 0 0 6 21
22476 60 1 1 0 6 25
23141 63 1 0 0 6 23
25439 130 1 1 0 6 25
29768 91 1 0 0 6 21
29890 63 1 1 0 6 22
30035 62 1 0 0 6 23
36784 40 1 0 0 6 23
45520 20 1 1 0 6 24
45645 93 1 1 0 6 26
62636 24 1 1 0 6 24
62637 38 1 1 0 6 25
65015 22 1 1 0 6 25
67944 57 1 0 0 5 22
68584 36 1 1 0 6 25
81113 24 1 1 4 6 25
82110 34 1 0 0 6 24
86189 99 1 0 0 6 23
89252 54 1 0 0 6 15
91729 9 1 1 0 6 19
95695 81 1 0 3 6 20
128089 29 1 0 0 6 24
184181 21 1 0 0 6 27
262804 19 1 0 0 6 24
282058 6 1 1 0 6 27
291662 27 1 0 3 6 24
291664 14 1 0 0 6 24
369487 41 1 1 3 6 27
395756 4 1 0 0 5 24
440048 21 1 0 0 6 14
