62634
19
1350
62634 61 1 0 0 6 23
2485 79 1 1 0 6 21
2728 23 1 0 0 6 23
3832 98 0 0 0 6 24
4751 29 1 0 0 6 24
5961 65 1 0 0 5 23
6855 51 0 1 0 5 23
8129 126 1 0 0 6 22
11454 27 0 0 0 6 23
11838 20 0 0 0 6 24
12523 126 1 0 0 5 21
13140 43 1 0 0 6 21
14666 72 1 0 0 6 23
14902 22 1 0 0 6 22
14999 23 0 0 0 6 24
15149 54 1 0 3 6 23
15150 21 0 0 0 6 23
15151 29 1 0 0 6 22
15152 55 1 0 0 6 23
16793 47 1 0 0 6 21
17290 34 1 0 0 6 22
17292 23 0 0 0 6 22
17401 124 1 0 0 6 20
18980 73 0 1 0 6 25
20454 118 1 0 0 6 24
20711 39 0 0 0 5 22
21563 16 0 0 0 6 21
22977 87 0 0 0 6 22
23813 18 0 1 0 6 22
23975 102 1 1 0 6 24
25015 160 1 0 0 6 19
25204 16 0 0 0 6 22
25269 15 0 0 0 6 21
25316 20 0 1 0 6 22
25365 28 0 0 0 6 22
29768 91 1 0 0 6 21
38179 27 0 1 0 6 23
39823 18 0 0 0 6 23
44165 65 1 0 0 6 23
53395 59 1 1 0 6 27
62491 45 1 0 0 6 23
62637 38 1 1 0 6 25
62640 78 1 1 0 6 24
62784 55 1 0 0 5 21
65212 29 1 0 0 6 23
68587 58 1 1 0 6 22
70857 52 1 0 0 6 23
71432 15 0 1 0 6 23
74447 27 0 0 0 6 25
80927 11 1 1 0 6 22
98083 29 1 0 0 6 23
110570 69 1 0 0 6 23
114218 29 1 0 0 6 27
131339 31 0 0 0 6 25
137463 32 0 0 0 6 24
192848 35 1 1 0 6 22
200979 15 1 1 0 6 25
220150 9 0 0 0 6 25
223964 14 1 1 0 6 23
273245 14 1 1 0 6 23
310207 20 1 0 0 6 26
395599 14 1 1 0 6 26
