145927
19
1366
145927 25 1 1 0 6 25
1802 24 0 1 0 6 25
6583 95 1 1 0 6 23
11570 55 1 1 0 6 24
12020 130 1 0 0 5 21
23975 102 1 1 0 6 24
25262 78 1 1 1 6 29
25357 47 1 1 0 6 28
29289 19 0 1 0 6 25
32180 41 1 1 0 6 25
39057 21 1 0 0 6 23
41311 89 1 1 1 6 27
41910 40 0 0 0 6 26
44329 35 1 0 0 6 26
45946 41 0 1 0 6 24
62640 78 1 1 0 6 24
62785 62 1 1 0 6 26
70900 30 1 1 0 6 26
82290 40 1 1 0 6 27
99366 21 0 0 0 6 26
114504 29 1 1 1 6 25
115200 25 0 0 4 5 26
180429 38 1 1 0 6 24
237449 31 1 0 0 6 24
254793 15 0 1 0 6 24
531131 5 1 1 0 6 25
