3006
19
1321
3006 111 1 0 0 6 23
27 119 1 1 0 6 23
113 83 1 1 0 6 22
505 77 1 1 0 6 24
798 35 0 0 0 6 22
2103 120 0 1 0 6 23
2500 44 0 1 0 6 25
3149 64 0 1 0 6 21
5093 100 0 1 0 6 25
5271 106 0 1 0 6 19
8450 79 1 1 0 6 21
8637 35 0 1 0 6 25
11424 161 1 1 0 6 28
14440 157 1 1 0 6 27
15074 85 1 0 0 6 23
15085 15 0 1 0 6 27
15636 27 0 1 0 6 23
16442 19 0 0 0 6 27
16790 44 0 1 0 6 25
17242 39 0 1 0 6 27
17663 25 1 1 0 6 25
18430 24 0 1 0 5 23
18454 88 1 1 0 6 24
19307 40 0 1 0 6 26
20190 45 1 1 0 6 24
20191 30 0 1 0 6 23
20259 30 1 1 0 6 23
20451 36 0 1 0 6 24
22365 43 0 1 0 6 23
22458 44 0 1 0 6 32
22620 20 0 1 0 6 28
22987 79 1 1 0 6 23
23171 21 0 1 0 5 22
23848 60 1 1 0 6 24
25306 104 1 1 0 6 31
25436 30 0 1 0 6 25
25439 130 1 1 0 6 25
25468 82 1 1 0 6 25
25514 165 1 1 0 6 23
29159 46 1 0 0 6 23
29198 26 0 1 0 6 26
29409 16 1 1 0 6 25
29555 38 0 1 0 6 27
32222 24 0 1 0 6 26
32223 25 0 1 0 6 26
32529 49 1 1 0 6 27
32551 68 0 1 0 6 22
33478 27 0 1 0 6 27
33577 16 0 1 0 6 23
33751 123 0 0 0 6 25
34907 13 0 1 0 6 30
35925 16 0 1 0 6 27
36354 17 0 1 0 6 24
37528 47 1 0 0 6 23
38458 52 0 1 0 6 24
41682 63 0 0 0 6 22
42440 36 1 1 0 6 24
42447 50 1 1 0 6 20
43056 100 1 1 0 6 26
43750 99 1 1 0 6 25
44243 24 1 1 0 6 23
44391 13 0 1 0 5 27
46584 44 1 1 0 6 24
46722 27 0 1 0 6 25
48324 43 1 1 0 6 27
50539 78 1 1 0 5 25
53400 27 0 1 0 6 27
62595 29 0 1 4 6 25
62785 62 1 1 0 6 26
70647 10 0 1 0 6 30
70657 10 1 0 0 6 25
70658 25 1 1 0 6 29
70659 18 0 1 4 6 24
70660 35 0 1 0 5 23
70661 35 1 0 0 6 31
70678 14 0 1 0 6 25
70679 30 1 1 0 6 25
70680 7 0 1 0 6 30
70682 21 0 1 0 6 24
70715 45 0 1 0 6 36
70716 19 0 1 0 5 28
70717 7 0 1 0 6 31
70718 32 1 1 0 6 31
70722 12 0 1 0 6 31
70724 17 0 1 0 6 22
70726 15 0 0 0 5 22
70803 22 1 0 0 6 23
70804 12 1 1 0 6 27
70805 16 1 1 0 6 27
70806 11 1 1 0 6 23
70807 77 1 1 0 6 27
70808 66 1 1 0 6 25
70809 58 1 1 0 6 22
70852 59 1 1 0 6 33
70853 103 1 0 3 6 23
70854 41 0 0 7 6 23
70855 86 1 0 2 6 24
70856 21 1 0 0 6 20
70857 52 1 0 0 6 23
70858 30 0 1 0 6 23
70895 10 0 1 0 6 30
70896 19 0 0 0 6 23
70897 16 0 1 0 6 27
70900 30 1 1 0 6 26
70920 18 0 1 0 6 31
71448 38 1 0 0 6 24
71450 25 1 1 0 6 24
71453 12 0 1 0 6 27
71455 16 0 1 2 6 19
71462 16 0 1 1 6 25
71465 11 0 0 0 5 23
71493 4 1 1 0 6 25
