3148
19
1434
3148 57 0 1 0 6 24
94 44 1 1 4 6 20
143 104 1 0 0 6 21
531 84 1 0 0 6 21
590 98 1 0 0 6 21
681 138 1 1 4 6 21
711 90 1 0 0 6 23
894 43 1 0 0 5 22
1102 59 1 0 4 6 21
1104 38 1 0 0 6 24
1273 187 1 0 0 6 22
1624 70 1 0 0 6 19
2042 109 1 0 0 6 21
3389 190 1 0 0 6 20
4487 155 1 0 4 6 22
6201 72 1 0 0 6 21
6222 82 1 0 0 6 20
7505 60 1 0 0 6 23
7723 47 1 0 0 6 21
8038 98 1 0 0 6 21
11488 139 1 1 0 6 24
12523 126 1 0 0 5 21
13283 173 1 0 0 6 19
14167 19 1 1 0 5 23
15557 112 1 0 0 6 21
15563 110 1 0 0 6 20
16046 49 1 1 0 6 23
17439 89 1 0 0 6 23
17702 110 1 0 0 6 21
19764 73 1 1 0 5 23
20454 118 1 0 0 6 24
20534 43 1 1 0 6 27
20564 14 1 1 0 6 27
20697 64 1 1 0 6 24
22119 87 1 0 0 6 21
25260 29 1 1 0 6 25
25423 41 1 0 0 6 23
25439 130 1 1 0 6 25
25604 109 1 0 0 6 21
25608 93 1 0 0 6 19
26898 113 1 0 0 6 20
27102 48 1 1 0 6 23
28475 140 1 0 9 6 17
30481 31 1 1 0 6 24
30967 30 1 1 0 6 25
33483 109 1 0 0 6 21
36574 100 1 0 0 6 21
36772 66 1 0 0 6 23
37727 59 1 0 0 6 24
42769 90 1 0 4 6 20
48709 99 1 0 2 6 22
57164 49 1 1 0 6 22
71841 57 1 1 0 6 24
79580 113 1 0 0 6 19
149873 23 1 0 0 6 23
175618 27 1 0 0 6 23
185558 53 1 0 0 6 27
255530 25 1 1 0 6 23
