100709
19
1305
100709 61 1 1 0 6 23
2532 35 0 0 0 6 21
3498 59 0 0 0 6 23
3580 33 0 0 0 6 25
4333 100 1 0 0 6 21
6324 127 1 0 0 6 20
6583 95 1 1 0 6 23
6729 89 0 0 0 6 19
6852 38 0 1 0 6 22
7865 26 0 0 0 5 20
8614 28 1 0 0 6 23
8640 121 1 1 0 6 23
13283 173 1 0 0 6 19
13733 120 1 0 0 6 21
16779 51 1 1 0 6 23
16791 153 1 0 0 6 20
16839 52 1 1 0 6 23
18455 105 1 1 0 6 23
20240 56 0 1 0 6 23
20281 118 1 1 0 6 19
20819 77 0 1 0 6 18
21661 138 1 0 0 6 20
22561 84 0 1 0 6 24
25359 75 1 0 0 6 20
25367 64 1 0 0 5 21
25540 53 1 0 0 5 23
26973 80 1 1 0 6 21
29575 56 0 0 0 6 21
31173 152 1 0 0 6 19
32059 52 1 1 0 6 22
32067 41 1 1 0 6 22
32717 45 1 1 0 6 21
32729 136 1 1 0 6 21
35509 49 0 0 0 5 21
36931 73 0 0 0 6 21
38219 72 1 0 0 6 25
39722 132 1 1 0 6 22
41261 50 1 0 3 6 22
41682 63 0 0 0 6 22
44690 36 1 1 0 6 22
47078 51 0 0 0 5 23
48695 31 0 0 3 6 20
48706 47 1 0 0 6 23
48831 56 1 0 3 6 20
49728 113 1 1 0 6 24
57991 38 0 1 0 6 21
62491 45 1 0 0 6 23
63061 29 0 0 4 6 23
64082 76 1 0 0 6 20
69776 43 1 1 0 6 23
74293 28 0 0 0 6 21
74376 38 1 1 0 6 23
78901 21 0 1 0 6 23
85522 66 1 1 0 6 23
86267 30 0 1 0 6 24
90703 42 1 1 0 6 23
93264 26 0 0 0 6 23
121587 27 0 1 0 6 22
199923 29 1 1 0 6 23
275939 62 1 0 3 5 21
315499 18 0 1 3 6 24
372346 33 0 1 4 6 20
