4836
19
1316
4836 114 1 1 0 6 25
141 63 1 0 0 6 23
460 86 0 0 0 6 21
773 61 0 0 0 6 21
804 82 0 1 0 6 27
833 44 0 0 4 6 20
2557 113 0 0 6 6 29
3293 41 0 0 0 5 24
3363 140 1 0 0 6 22
3620 72 1 1 0 6 24
3832 98 0 0 0 6 24
4847 69 0 0 0 6 24
5961 65 1 0 0 5 23
6325 83 1 0 0 6 21
6767 137 1 1 0 6 22
7366 62 1 0 0 6 24
7853 38 1 0 0 6 22
8129 126 1 0 0 6 22
8133 65 0 0 0 6 21
8436 37 0 0 4 6 22
8580 177 1 0 0 6 18
8640 121 1 1 0 6 23
11258 81 1 0 0 6 8
14004 35 0 0 0 6 21
14200 95 1 0 0 6 24
14911 56 1 0 0 6 23
15544 48 1 1 0 6 23
16792 39 0 0 0 6 23
16793 47 1 0 0 6 21
18680 97 0 1 3 6 21
18980 73 0 1 0 6 25
20454 118 1 0 0 6 24
21553 23 1 1 0 6 27
22882 29 0 0 0 6 22
22977 87 0 0 0 6 22
23252 47 0 0 3 6 22
23975 102 1 1 0 6 24
24331 74 1 0 0 5 19
25204 16 0 0 0 6 22
25205 107 1 0 0 5 21
25208 70 1 1 0 6 22
25439 130 1 1 0 6 25
26020 61 0 0 0 6 19
26847 44 0 0 0 6 19
26985 68 0 0 0 6 22
27476 74 1 0 0 6 23
28689 84 1 0 0 6 23
28753 48 0 0 0 6 21
28830 23 0 0 0 6 24
28834 28 0 0 1 6 25
28835 75 0 0 0 6 24
28837 38 0 0 0 6 24
29547 44 1 1 0 6 24
29768 91 1 0 0 6 21
30793 61 1 0 0 6 23
33517 23 0 1 0 6 25
33751 123 0 0 0 6 25
37230 76 1 0 0 6 22
37298 18 0 0 0 6 22
38219 72 1 0 0 6 25
41311 89 1 1 1 6 27
42723 41 1 0 0 6 23
44328 39 0 0 0 6 23
44441 36 1 0 0 6 24
44951 25 0 0 0 6 23
45375 57 0 1 0 6 25
45946 41 0 1 0 6 24
46357 55 0 0 0 6 21
47489 20 0 0 0 6 21
51436 51 0 0 0 6 24
52595 92 1 0 0 5 21
53817 54 0 0 0 6 23
56121 24 0 1 4 6 26
62635 39 0 0 0 6 24
62637 38 1 1 0 6 25
62639 31 1 1 0 6 25
62640 78 1 1 0 6 24
62778 34 0 1 0 6 25
62784 55 1 0 0 5 21
65021 34 0 0 4 6 27
68405 65 0 1 0 6 26
68584 36 1 1 0 6 25
69946 43 1 0 0 6 23
70417 87 1 0 0 6 22
75353 62 0 0 4 6 25
77680 9 0 0 0 6 21
82110 34 1 0 0 6 24
101786 36 0 0 8 6 25
103222 25 0 0 0 6 26
104073 15 1 0 0 6 25
108971 18 0 0 0 6 25
110563 3 0 1 0 6 30
110564 30 1 1 0 6 25
110565 14 1 1 0 6 9
110566 16 1 1 0 6 54
110567 26 0 0 0 6 25
110568 11 1 1 0 6 28
110569 25 1 0 0 6 23
110570 69 1 0 0 6 23
110610 49 1 0 0 6 22
110671 31 1 1 0 6 28
110673 10 0 0 0 6 24
110674 40 0 0 0 6 21
111065 14 0 0 0 6 23
111066 17 0 0 0 6 24
111067 45 0 0 3 6 25
111249 40 1 1 0 6 24
111250 59 1 0 0 6 20
111802 30 0 0 3 6 26
111803 11 0 0 0 6 24
111804 39 1 0 0 6 22
111805 39 1 0 0 5 24
111880 47 0 0 0 6 24
111881 25 0 0 0 6 25
111882 23 0 0 3 6 24
