62636
19
1352
62636 24 1 1 0 6 24
2485 79 1 1 0 6 21
3620 72 1 1 0 6 24
3832 98 0 0 0 6 24
5961 65 1 0 0 5 23
8129 126 1 0 0 6 22
13272 58 1 0 0 6 20
16792 39 0 0 0 6 23
16793 47 1 0 0 6 21
18980 73 0 1 0 6 25
20454 118 1 0 0 6 24
23975 102 1 1 0 6 24
25205 107 1 0 0 5 21
28837 38 0 0 0 6 24
41311 89 1 1 1 6 27
43056 100 1 1 0 6 26
45946 41 0 1 0 6 24
53591 14 0 0 0 6 18
56121 24 0 1 4 6 26
62637 38 1 1 0 6 25
62640 78 1 1 0 6 24
62782 35 1 0 0 6 23
70724 17 0 1 0 6 22
82110 34 1 0 0 6 24
131339 31 0 0 0 6 25
