196720
19
431
196720 71 1 0 2 6 18
8999 612 1 1 2 6 20
11338 142 1 0 2 6 18
28001 28 0 1 2 6 19
32490 30 0 0 2 6 17
32576 731 1 1 1 6 22
45200 218 1 1 3 6 18
57139 238 1 1 2 6 18
57912 60 0 0 2 6 17
57965 40 0 1 7 6 20
58134 64 0 0 2 6 18
58137 62 1 1 2 6 18
58141 158 1 1 2 6 20
58389 202 1 1 2 6 20
58521 75 0 1 2 6 19
63112 75 0 1 2 6 20
78193 45 0 1 2 6 20
95738 71 1 0 2 6 18
99281 50 1 1 1 6 19
99460 28 0 0 2 6 17
99519 25 0 0 2 6 17
99524 160 1 0 2 6 17
99532 74 0 1 2 6 18
123565 49 0 0 8 6 19
135598 59 1 0 2 6 17
136028 33 0 1 7 6 21
158186 63 1 1 2 6 18
161268 69 1 0 4 6 18
180433 115 1 0 2 6 19
180437 29 1 0 2 6 18
183631 96 0 0 2 6 18
183637 44 0 0 2 6 18
183664 98 1 0 2 6 18
194809 76 0 1 2 6 37
208126 111 1 1 2 6 20
208835 78 0 1 2 6 19
209170 76 1 1 2 6 20
215483 63 0 0 2 6 18
229624 86 1 0 2 6 17
233492 248 1 0 2 6 19
233576 170 1 1 2 5 18
235614 87 1 0 2 6 18
235729 29 1 1 2 6 16
278663 52 1 0 2 6 18
301534 67 0 0 2 6 17
322970 51 0 1 2 6 19
325762 67 0 0 2 6 19
401625 100 1 1 2 6 18
401710 26 0 1 2 5 18
411079 65 1 0 2 6 19
416592 46 1 1 2 6 20
419510 96 1 0 2 6 18
423297 73 1 1 0 6 40
476712 94 1 1 2 6 28
511480 40 0 1 2 6 18
545869 14 0 0 2 6 19
545919 54 1 1 2 6 18
545921 24 0 1 4 6 19
546068 41 0 0 2 6 19
561375 34 0 1 2 6 22
567390 18 0 1 2 6 22
572009 53 1 0 2 6 18
602605 41 0 1 4 6 20
604535 8 0 1 2 5 20
609998 37 1 0 2 6 14
627913 49 1 1 8 5 20
658759 55 1 1 2 5 16
688712 8 1 1 2 6 31
784513 53 1 0 6 6 17
1022856 6 1 0 2 6 38
1090633 7 1 0 2 6 14
1090657 2 1 1 2 6 21
