25514
19
1292
25514 165 1 1 0 6 23
806 123 1 0 0 6 22
856 47 1 1 0 6 21
1664 134 1 0 0 6 19
1737 36 0 1 0 6 24
1821 141 1 0 0 6 20
2261 242 1 0 3 6 23
2604 66 1 0 0 6 24
2609 109 1 0 0 5 21
2857 58 1 0 0 6 22
3006 111 1 0 0 6 23
3017 54 1 0 0 6 24
3375 80 1 1 0 6 22
3520 46 1 0 0 6 24
3963 125 0 0 0 6 20
4513 23 1 0 0 6 24
4830 282 0 1 0 6 18
4847 69 0 0 0 6 24
5093 100 0 1 0 6 25
7138 53 0 1 0 6 24
8031 144 1 0 0 6 21
8038 98 1 0 0 6 21
8129 126 1 0 0 6 22
8450 79 1 1 0 6 21
8640 121 1 1 0 6 23
9504 74 0 1 0 6 22
9974 36 0 0 0 6 22
10086 33 1 1 0 6 19
11382 12 0 1 0 6 24
13116 44 1 1 0 6 23
13733 120 1 0 0 6 21
14242 140 1 1 0 6 23
15012 92 1 0 0 6 21
15739 205 1 0 0 6 19
16222 33 0 1 0 6 26
16789 85 0 0 0 6 20
16794 75 0 0 0 6 22
16837 122 1 1 0 6 21
17221 57 1 1 0 6 23
17386 53 1 0 9 6 25
17397 83 1 0 0 6 23
17732 150 1 0 0 6 19
18321 21 0 1 0 6 22
18323 108 1 0 0 6 21
19023 59 0 1 0 6 26
19688 50 1 0 0 6 19
20088 145 1 1 0 6 26
20451 36 0 1 0 6 24
21714 61 0 1 0 6 23
22339 52 1 1 0 5 19
22786 71 1 0 0 6 19
22791 72 1 1 0 6 24
23059 58 0 1 0 6 21
23122 164 1 1 0 6 24
23975 102 1 1 0 6 24
24042 54 1 0 0 6 23
25267 22 0 1 0 6 24
25305 42 1 1 9 6 23
25468 82 1 1 0 6 25
25510 149 1 1 0 5 24
25706 57 1 1 0 5 20
25921 42 1 1 0 6 19
25986 9 0 1 1 6 23
26065 58 1 1 4 6 24
26885 68 0 0 0 6 22
26928 62 1 1 0 6 24
27095 58 0 0 0 6 21
27298 43 0 1 0 6 18
28636 26 0 1 0 6 22
29237 66 0 0 0 6 23
29873 76 1 1 0 6 22
30541 86 1 1 1 6 20
31087 103 1 1 0 6 24
31942 26 1 0 0 6 22
32180 41 1 1 0 6 25
32222 24 0 1 0 6 26
32223 25 0 1 0 6 26
32529 49 1 1 0 6 27
32884 15 1 0 0 5 26
33359 46 0 0 0 6 22
33413 53 1 0 0 6 27
33470 41 1 1 0 6 25
33553 19 0 0 0 6 22
33751 123 0 0 0 6 25
34442 46 0 0 0 6 22
34619 59 1 1 4 6 21
35634 32 0 1 0 6 22
36609 47 0 1 0 6 24
37773 118 1 0 0 6 19
37788 77 1 1 0 6 23
38219 72 1 0 0 6 25
41211 28 0 0 0 6 19
41277 41 0 1 0 6 24
41420 148 1 0 0 6 22
41982 175 1 0 4 6 21
42450 71 1 0 0 6 21
42531 44 1 0 0 6 23
42760 30 0 0 0 6 20
43669 41 0 1 0 6 24
45446 22 0 0 0 6 23
49728 113 1 1 0 6 24
51569 46 1 0 0 6 22
52224 63 1 1 2 6 25
55372 73 0 0 0 6 18
60631 71 1 0 0 6 21
61700 113 1 0 5 5 20
62175 39 1 1 0 6 24
62783 47 1 0 0 6 21
63190 43 1 1 0 6 26
63852 40 1 0 0 6 22
64224 74 1 0 3 6 24
65442 48 1 0 0 5 23
70679 30 1 1 0 6 25
70809 58 1 1 0 6 22
70900 30 1 1 0 6 26
71450 25 1 1 0 6 24
71742 21 1 0 4 6 28
74226 30 1 1 0 6 23
75005 34 0 0 0 6 20
75434 16 0 1 0 5 24
80115 56 1 0 0 6 23
81100 25 0 0 0 6 22
82289 23 0 1 0 6 24
82353 28 0 0 0 6 23
82454 36 1 0 0 6 23
82455 72 1 0 0 6 24
83625 67 1 0 0 6 23
84191 67 1 0 0 6 24
89722 154 1 1 0 6 24
93007 14 0 0 0 6 24
102824 13 0 0 0 6 24
113595 53 1 0 0 6 22
116417 66 1 0 0 5 24
119031 18 0 0 0 6 20
130174 65 1 0 0 6 23
145223 20 1 1 0 6 24
148103 42 1 0 1 6 25
152876 16 0 0 0 6 26
153816 71 1 0 3 5 21
156346 29 1 1 0 6 27
156529 49 1 1 0 6 25
158928 99 1 1 3 6 24
184672 36 1 0 0 6 24
187292 30 0 0 0 6 24
192135 20 0 1 0 6 21
215571 8 0 1 0 6 24
221842 50 1 0 0 6 18
233151 21 1 1 0 6 24
239360 65 1 1 1 6 25
264953 10 1 0 4 6 17
280048 54 0 1 6 6 23
284657 31 0 0 0 6 21
310117 46 1 0 0 6 24
321618 11 0 1 0 6 27
367679 23 0 1 0 6 24
378832 22 1 1 1 6 26
379434 3 0 0 0 5 20
379493 70 1 0 8 6 22
379494 34 0 1 1 6 25
379536 7 0 0 3 6 29
379537 13 1 1 1 6 24
379597 16 0 1 4 6 22
379628 35 1 1 3 6 25
379691 10 1 1 3 6 26
379953 28 0 0 0 6 25
379955 7 1 1 4 6 24
