63190
19
1424
63190 43 1 1 0 6 26
1769 60 0 0 0 6 23
2236 81 1 0 0 6 22
3419 62 0 0 0 6 25
3498 59 0 0 0 6 23
3500 56 1 0 0 6 20
3578 72 1 1 0 6 22
8133 65 0 0 0 6 21
9785 97 1 0 0 6 19
14114 61 0 0 0 6 20
16790 44 0 1 0 6 25
17106 130 1 1 0 6 20
18537 71 0 0 0 6 21
18980 73 0 1 0 6 25
19193 41 1 0 0 6 24
20454 118 1 0 0 6 24
20632 100 1 0 0 6 22
22119 87 1 0 0 6 21
25167 22 0 1 0 6 27
25260 29 1 1 0 6 25
25439 130 1 1 0 6 25
25514 165 1 1 0 6 23
26607 173 1 0 0 6 21
32529 49 1 1 0 6 27
33751 123 0 0 0 6 25
36309 37 0 1 0 6 23
36437 139 1 0 0 6 22
39870 37 1 0 0 6 24
42296 57 1 0 0 6 21
44328 39 0 0 0 6 23
44689 79 1 1 0 6 22
57460 23 0 0 0 6 21
59826 82 1 1 0 6 25
74039 53 0 0 0 6 23
86647 61 1 1 0 6 22
111881 25 0 0 0 6 25
167062 18 1 1 0 6 23
264736 16 0 0 0 6 21
297934 72 1 1 3 6 22
301115 7 0 1 0 6 26
307886 41 0 0 2 6 25
439667 25 1 1 2 6 29
697028 9 0 1 0 6 30
697949 13 0 0 6 6 42
