144377
19
1250
144377 37 1 1 0 5 23
1902 51 0 0 0 5 21
6324 127 1 0 0 6 20
8444 112 1 1 0 6 23
16783 43 0 0 0 6 23
16794 75 0 0 0 6 22
16824 64 1 0 0 6 20
17439 89 1 0 0 6 23
17882 44 0 0 4 6 19
19307 40 0 1 0 6 26
22508 42 0 0 0 6 19
23028 63 0 0 0 6 21
23171 21 0 1 0 5 22
24331 74 1 0 0 5 19
25452 38 0 0 4 6 23
25460 55 1 0 0 6 22
29253 35 1 1 0 6 24
33126 25 0 0 0 6 22
37923 82 1 0 4 5 18
42531 44 1 0 0 6 23
43091 46 1 0 0 6 21
44266 76 1 0 0 6 20
44992 30 0 0 0 6 22
48076 45 1 0 0 6 23
57164 49 1 1 0 6 22
65441 38 0 0 0 6 24
70896 19 0 0 0 6 23
73320 41 1 0 0 6 23
76900 14 0 0 0 6 22
81020 56 0 0 0 6 22
110742 30 1 0 0 6 23
124861 25 0 0 0 6 24
145944 35 1 0 0 6 24
153547 21 1 1 0 6 23
165476 33 1 0 0 6 20
320291 15 0 0 4 6 22
383160 11 0 0 0 6 23
410217 8 1 1 0 6 27
