52595
19
1311
52595 92 1 0 0 5 21
579 85 0 0 0 6 22
2843 313 1 0 4 6 22
3145 60 0 1 0 6 23
3427 165 1 1 0 6 22
3588 85 1 0 0 6 22
4836 114 1 1 0 6 25
4847 69 0 0 0 6 24
6337 74 1 1 0 6 23
7665 33 0 1 0 6 21
8129 126 1 0 0 6 22
8157 57 1 1 0 6 22
8577 42 0 0 0 6 22
8640 121 1 1 0 6 23
13022 11 1 1 0 6 29
13024 34 1 1 0 6 22
13891 65 1 0 0 6 22
14440 157 1 1 0 6 27
14853 145 1 1 8 6 24
15275 19 0 1 0 6 28
16657 27 1 0 0 6 22
16793 47 1 0 0 6 21
17397 83 1 0 0 6 23
17616 33 1 0 0 6 22
18455 105 1 1 0 6 23
18980 73 0 1 0 6 25
19023 59 0 1 0 6 26
19302 19 0 1 0 5 24
19420 60 1 1 0 5 21
19709 26 1 1 4 6 24
20008 52 1 0 0 6 26
21819 22 1 1 0 6 22
22100 30 0 0 0 6 19
22119 87 1 0 0 6 21
22720 10 1 1 0 6 24
22793 43 1 1 0 6 21
22977 87 0 0 0 6 22
22992 46 1 1 0 6 22
23170 26 1 1 0 5 22
23975 102 1 1 0 6 24
24942 18 0 1 0 5 22
25207 36 0 1 0 6 22
25603 54 1 1 0 6 22
27476 74 1 0 0 6 23
27997 147 1 1 0 6 23
28471 64 1 1 0 6 21
30392 61 1 1 0 6 20
30444 49 0 0 0 6 25
31177 14 0 1 0 6 26
32367 64 1 0 0 6 21
33751 123 0 0 0 6 25
34922 124 1 0 7 6 28
35053 78 1 1 0 6 24
37411 61 1 0 3 6 23
43587 35 0 1 0 6 36
43706 11 0 0 0 5 21
44482 60 1 1 0 6 21
44634 76 0 0 0 6 20
44887 69 1 0 3 6 22
45961 40 1 1 0 6 24
47164 47 1 0 0 6 20
47791 76 1 0 0 6 22
47821 24 1 0 0 6 22
49038 59 1 1 0 6 23
62565 24 0 0 0 6 26
63148 101 1 0 0 6 22
63852 40 1 0 0 6 22
68516 56 1 1 0 6 21
68588 40 1 1 0 6 23
70417 87 1 0 0 6 22
70659 18 0 1 4 6 24
70726 15 0 0 0 5 22
72154 18 0 0 0 6 24
80850 21 0 1 0 6 21
80927 11 1 1 0 6 22
81021 27 0 0 0 5 23
81100 25 0 0 0 6 22
81112 55 1 1 0 6 24
81117 40 1 0 0 6 22
89722 154 1 1 0 6 24
158167 32 0 1 4 6 35
173542 22 0 0 0 6 21
199327 125 1 1 3 6 22
222811 33 1 0 0 6 21
234144 78 1 1 0 6 20
315121 77 1 0 0 6 21
411653 64 1 1 0 6 24
497331 12 1 1 0 6 27
522321 48 1 1 8 6 22
560782 40 1 1 0 6 29
604055 43 1 0 6 5 28
615225 26 1 1 0 5 18
615708 6 0 0 6 6 24
