122868
19
1247
122868 26 0 0 0 6 22
5484 103 1 1 0 6 22
5737 56 1 0 0 6 23
6800 112 1 1 0 6 23
8450 79 1 1 0 6 21
13893 38 1 0 0 6 23
14211 64 1 0 0 6 23
14278 81 1 1 0 6 22
14384 48 1 1 4 6 23
16209 60 1 1 8 6 26
29253 35 1 1 0 6 24
35129 44 1 1 0 6 24
39241 77 1 0 0 6 23
41592 111 1 0 0 6 18
57164 49 1 1 0 6 22
65339 42 1 0 0 6 23
70792 27 1 0 0 6 25
70853 103 1 0 3 6 23
70855 86 1 0 2 6 24
74959 24 1 1 0 6 25
132348 51 1 1 0 6 15
153547 21 1 1 0 6 23
154459 22 1 0 0 6 24
169257 153 1 1 3 6 24
185979 57 1 1 4 6 24
186490 95 1 0 0 6 23
297026 13 1 1 4 6 23
