33517
19
1369
33517 23 0 1 0 6 25
1105 178 1 0 3 6 20
3620 72 1 1 0 6 24
4836 114 1 1 0 6 25
5526 69 1 0 0 6 21
6767 137 1 1 0 6 22
11570 55 1 1 0 6 24
12020 130 1 0 0 5 21
12644 91 1 0 0 6 18
13989 50 1 1 0 6 23
17401 124 1 0 0 6 20
21553 23 1 1 0 6 27
23975 102 1 1 0 6 24
25205 107 1 0 0 5 21
25439 130 1 1 0 6 25
28689 84 1 0 0 6 23
44826 37 1 0 0 6 20
45936 22 1 1 0 5 25
68584 36 1 1 0 6 25
69821 32 1 1 0 6 25
110570 69 1 0 0 6 23
111249 40 1 1 0 6 24
250215 41 1 0 0 6 14
417637 7 1 0 9 6 26
