69051
19
1445
69051 62 1 0 0 6 21
1047 84 1 0 0 6 20
2043 68 0 0 0 6 20
2103 120 0 1 0 6 23
2869 104 1 1 0 6 21
2874 90 1 1 0 6 21
3385 50 1 1 0 6 26
3629 121 1 1 0 6 20
4624 43 1 1 0 6 102
8044 82 1 1 0 6 23
8231 103 1 1 0 6 19
8383 40 1 1 0 6 25
8545 49 0 1 0 6 22
8788 113 1 0 0 6 21
8933 38 0 0 0 6 17
10086 33 1 1 0 6 19
13214 61 1 0 0 6 20
13444 32 0 1 0 6 16
13714 39 1 1 0 6 20
14242 140 1 1 0 6 23
14428 44 1 1 0 6 18
14610 35 0 0 0 6 17
15519 89 1 0 0 6 18
15563 110 1 0 0 6 20
17229 103 1 1 0 6 24
17506 31 0 1 4 6 21
17743 58 0 1 0 6 20
18326 49 1 1 0 6 21
18900 100 0 0 4 6 17
19578 50 0 1 0 6 27
19744 41 1 1 0 5 22
20080 50 1 0 0 6 18
20819 77 0 1 0 6 18
21810 96 1 0 0 6 18
22840 36 0 1 0 6 20
22987 79 1 1 0 6 23
23122 164 1 1 0 6 24
25315 36 0 1 0 6 22
26858 23 0 0 0 6 17
27236 131 1 1 0 6 25
33361 79 0 1 0 6 23
33363 57 0 0 0 6 17
33409 84 1 0 0 6 19
34448 46 0 1 0 5 23
35014 37 0 0 0 6 23
36018 50 1 1 0 6 17
37734 69 1 0 0 6 24
38301 140 1 1 0 6 22
40620 25 0 1 0 6 24
40956 27 0 1 0 6 23
48316 43 0 1 0 6 27
49728 113 1 1 0 6 24
61601 12 1 1 0 6 29
63085 20 1 1 0 6 24
63587 58 1 1 0 6 24
67282 16 0 1 0 6 24
68481 93 1 1 1 6 27
71764 46 1 1 0 6 25
71782 61 1 1 0 5 17
76318 19 1 1 0 6 17
118271 15 1 1 0 6 22
118358 32 0 1 0 6 16
703674 56 1 1 5 6 24
