19307
19
1390
19307 40 0 1 0 6 26
711 90 1 0 0 6 23
2062 63 1 1 0 6 22
2231 71 1 1 0 6 25
3006 111 1 0 0 6 23
3387 73 1 1 0 6 22
3588 85 1 0 0 6 22
5238 49 1 1 0 6 24
5353 28 1 0 0 6 26
6325 83 1 0 0 6 21
6464 74 1 0 0 5 26
7179 76 1 0 0 6 24
8031 144 1 0 0 6 21
14440 157 1 1 0 6 27
16791 153 1 0 0 6 20
18759 53 1 0 0 6 20
20008 52 1 0 0 6 26
21257 119 1 0 0 6 18
23122 164 1 1 0 6 24
25438 41 1 0 0 6 20
27472 69 1 1 0 6 26
36244 45 1 0 0 5 27
37841 24 1 1 0 6 25
38717 32 1 1 0 6 26
40278 52 1 0 0 6 21
42531 44 1 0 0 6 23
42768 64 1 0 0 6 21
48051 30 1 1 0 6 22
60631 71 1 0 0 6 21
89140 46 1 0 0 6 22
116481 36 1 0 0 6 21
144377 37 1 1 0 5 23
144932 47 1 0 0 6 22
145224 23 1 0 0 6 23
145395 27 1 1 0 6 19
156218 22 1 1 0 6 26
156346 29 1 1 0 6 27
181209 49 1 0 0 6 25
229862 15 1 0 0 6 24
274086 36 1 1 0 6 25
392240 12 1 0 0 6 26
