23592
19
1397
23592 59 0 1 4 6 21
598 96 1 0 0 6 21
3363 140 1 0 0 6 22
3496 140 1 0 0 6 23
3629 121 1 1 0 6 20
3860 133 1 0 0 6 20
4487 155 1 0 4 6 22
7352 197 1 1 0 6 21
7753 70 1 1 0 6 20
7757 78 1 0 0 6 20
8160 97 1 1 0 6 20
8678 95 1 1 0 6 22
11571 202 1 0 0 6 19
12020 130 1 0 0 5 21
12174 140 1 0 0 6 20
13208 118 1 1 0 6 20
13283 173 1 0 0 6 19
15052 114 1 0 0 6 20
15255 114 1 0 0 6 20
15519 89 1 0 0 6 18
15557 112 1 0 0 6 21
15561 50 1 0 0 5 20
15563 110 1 0 0 6 20
16652 63 1 1 0 6 21
16675 51 1 1 0 6 23
17229 103 1 1 0 6 24
17868 51 1 1 0 6 21
18455 105 1 1 0 6 23
19745 59 1 1 0 6 21
19812 147 1 1 0 6 20
20903 148 1 0 0 6 19
21283 142 1 1 1 6 21
22387 94 1 0 0 6 20
23967 100 1 0 0 6 19
24044 77 1 1 0 6 21
25257 49 1 1 0 5 24
25510 149 1 1 0 5 24
26080 97 1 0 0 6 20
27505 48 1 1 0 6 20
27881 20 1 0 0 6 19
31086 52 1 1 0 6 20
31087 103 1 1 0 6 24
31090 72 1 1 4 6 21
31173 152 1 0 0 6 19
32921 50 1 1 0 6 23
35711 74 1 1 0 6 21
40982 29 1 0 0 5 21
41680 98 1 1 0 6 21
42447 50 1 1 0 6 20
42534 37 1 0 0 6 21
47791 76 1 0 0 6 22
48943 83 1 1 0 6 21
75180 36 1 1 0 6 22
113472 96 1 0 0 6 24
127702 30 1 0 9 6 20
180235 121 1 0 3 6 19
276907 52 1 1 0 6 22
312065 55 1 0 0 6 20
381316 5 1 0 9 6 21
530900 44 1 0 3 6 20
