68500
19
1387
68500 63 1 1 0 6 23
2178 37 0 1 0 6 23
2864 92 0 1 0 6 21
5271 106 0 1 0 6 19
5717 62 0 1 4 6 20
6859 40 1 0 0 6 23
7922 227 1 0 0 6 18
8129 126 1 0 0 6 22
8133 65 0 0 0 6 21
11454 27 0 0 0 6 23
13000 75 1 1 0 6 19
13491 26 1 0 1 6 22
14979 55 1 1 0 6 17
16793 47 1 0 0 6 21
21741 74 1 0 0 6 22
23093 23 1 1 0 6 22
25524 47 0 1 0 6 22
26167 92 1 1 0 6 19
27574 115 1 0 0 6 21
28365 48 0 0 0 6 24
29768 91 1 0 0 6 21
30854 35 0 0 0 6 22
32348 42 1 1 4 6 26
33157 36 1 0 0 6 21
36309 37 0 1 0 6 23
44570 138 1 0 0 6 20
54037 23 1 1 0 6 26
54463 41 1 1 4 4 27
56119 52 1 1 0 6 19
57460 23 0 0 0 6 21
62491 45 1 0 0 6 23
62575 33 1 1 0 6 24
62635 39 0 0 0 6 24
62637 38 1 1 0 6 25
62640 78 1 1 0 6 24
62779 99 1 1 4 6 20
62784 55 1 0 0 5 21
62867 11 0 1 0 6 24
64347 39 1 0 0 6 23
65457 44 1 0 0 6 26
67049 58 1 1 0 6 24
67834 53 1 1 0 6 15
68704 27 1 1 4 6 21
74039 53 0 0 0 6 23
79690 10 0 0 3 6 22
110569 25 1 0 0 6 23
110570 69 1 0 0 6 23
111249 40 1 1 0 6 24
112894 41 1 1 0 6 17
113806 82 1 0 0 6 23
137464 18 1 0 0 6 27
157542 31 0 1 4 6 25
162376 9 1 1 8 6 25
237621 13 0 1 4 6 26
293839 29 1 0 3 6 22
324791 14 1 0 0 6 41
346351 23 1 0 0 6 25
349864 64 1 1 1 6 24
357624 2 0 1 0 6 29
575013 26 1 1 4 5 26
577023 31 1 0 0 6 30
628768 38 1 0 3 6 22
638834 11 1 1 4 6 25
727888 18 1 1 3 6 28
