22987
19
1380
22987 79 1 1 0 6 23
921 62 1 0 0 6 21
948 53 0 1 0 6 24
2618 36 0 0 0 6 23
3006 111 1 0 0 6 23
3220 101 1 0 0 6 21
3344 141 0 0 0 6 17
3498 59 0 0 0 6 23
3584 38 0 0 0 6 21
3820 37 0 1 4 6 25
6258 60 1 0 1 6 26
8129 126 1 0 0 6 22
9504 74 0 1 0 6 22
10275 69 0 0 0 6 19
13239 85 1 0 0 6 20
13269 129 1 0 0 6 20
13829 74 0 0 0 6 21
13901 93 0 0 0 6 21
18455 105 1 1 0 6 23
19023 59 0 1 0 6 26
20454 118 1 0 0 6 24
20711 39 0 0 0 5 22
20826 28 1 0 0 6 22
22055 69 0 0 0 6 20
22146 320 1 0 0 6 20
22249 81 1 0 0 6 23
23122 164 1 1 0 6 24
23279 100 1 1 0 6 22
23414 105 0 0 0 6 20
23663 111 1 0 0 6 20
25260 29 1 1 0 6 25
25439 130 1 1 0 6 25
26898 113 1 0 0 6 20
28055 29 0 0 0 6 23
28280 134 0 0 0 6 22
28908 111 1 1 0 6 23
29549 38 0 0 0 6 32
29596 94 1 0 0 6 22
29929 34 0 0 0 6 32
30185 22 0 0 0 6 22
33751 123 0 0 0 6 25
34903 91 1 1 0 6 17
36027 58 1 0 0 6 23
36349 17 0 0 0 6 21
37166 34 1 1 0 6 23
38828 43 1 0 0 5 23
40671 9 0 0 0 6 25
44701 34 1 0 0 6 21
45552 42 0 1 0 6 26
51414 140 1 0 0 6 23
58286 34 1 1 0 6 22
59826 82 1 1 0 6 25
62487 53 1 0 0 6 22
65442 48 1 0 0 5 23
69051 62 1 0 0 6 21
69969 21 1 0 0 5 23
70807 77 1 1 0 6 27
74039 53 0 0 0 6 23
76487 56 0 0 0 6 20
79804 56 1 0 0 6 23
80850 21 0 1 0 6 21
89236 36 1 1 0 6 23
103818 25 1 0 0 6 23
113465 33 0 0 0 6 23
113654 41 1 0 0 6 24
113740 33 1 0 0 6 25
114113 49 0 0 0 6 19
138532 61 0 0 4 6 21
156346 29 1 1 0 6 27
159598 20 1 0 0 6 22
180859 11 0 0 4 6 27
184086 14 0 0 0 5 23
186371 13 0 0 0 5 24
188449 44 1 1 4 6 23
202296 25 1 0 0 6 31
284657 31 0 0 0 6 21
328144 5 0 1 4 6 23
357487 15 0 1 8 6 19
357488 18 1 1 1 5 26
357538 2 0 0 0 6 21
