68584
19
1342
68584 36 1 1 0 6 25
2869 104 1 1 0 6 21
3041 36 0 0 0 6 20
3049 48 0 0 0 6 21
3620 72 1 1 0 6 24
4830 282 0 1 0 6 18
4836 114 1 1 0 6 25
6767 137 1 1 0 6 22
8129 126 1 0 0 6 22
9754 233 1 1 0 6 23
16679 43 0 0 0 6 22
16792 39 0 0 0 6 23
16793 47 1 0 0 6 21
18980 73 0 1 0 6 25
19689 16 0 1 0 5 24
20604 78 1 1 0 6 20
22977 87 0 0 0 6 22
29768 91 1 0 0 6 21
33517 23 0 1 0 6 25
33751 123 0 0 0 6 25
36244 45 1 0 0 5 27
41311 89 1 1 1 6 27
41682 63 0 0 0 6 22
62637 38 1 1 0 6 25
62782 35 1 0 0 6 23
69776 43 1 1 0 6 23
70809 58 1 1 0 6 22
82110 34 1 0 0 6 24
82168 10 0 0 0 6 23
82290 40 1 1 0 6 27
110564 30 1 1 0 6 25
110570 69 1 0 0 6 23
111249 40 1 1 0 6 24
111881 25 0 0 0 6 25
116410 23 0 1 0 6 29
169610 16 1 1 0 6 23
478039 21 1 0 0 6 27
