17295
19
1377
17295 54 0 0 0 6 21
505 77 1 1 0 6 24
2828 44 1 1 0 6 27
2843 313 1 0 4 6 22
3363 140 1 0 0 6 22
3620 72 1 1 0 6 24
3808 58 1 0 0 6 21
4351 178 1 1 0 5 19
4859 10 1 1 0 6 24
5669 22 1 0 0 6 25
8129 126 1 0 0 6 22
8580 177 1 0 0 6 18
12523 126 1 0 0 5 21
16793 47 1 0 0 6 21
16905 30 1 1 0 6 20
17443 60 1 0 0 6 21
18158 89 1 1 0 6 22
20454 118 1 0 0 6 24
20593 69 1 1 0 6 22
20969 18 1 1 0 6 29
23365 127 1 0 0 6 21
23637 99 1 0 0 6 21
23692 33 1 1 0 6 19
23848 60 1 1 0 6 24
24227 71 1 1 0 6 20
25213 55 1 1 0 6 9
25439 130 1 1 0 6 25
25520 43 1 0 0 6 21
26969 95 1 0 0 6 18
27237 223 1 0 0 6 19
29768 91 1 0 0 6 21
30032 70 1 1 0 6 21
31659 126 1 0 0 6 18
36026 47 1 1 0 6 30
39241 77 1 0 0 6 23
41761 90 1 0 0 6 16
44285 87 1 0 0 6 24
44415 91 1 0 0 6 20
44503 184 1 1 0 6 29
44826 37 1 0 0 6 20
48482 54 1 1 0 6 24
55241 76 1 0 0 6 17
57657 14 1 0 0 6 22
59513 27 1 1 0 6 29
60470 25 1 1 0 6 21
78816 24 1 0 0 6 22
114651 2 1 0 0 6 30
116788 20 1 1 0 6 26
129918 71 1 1 0 6 21
131467 59 1 0 0 6 31
144479 24 1 0 0 6 12
181077 49 1 0 0 6 21
257933 13 1 0 0 6 22
362557 13 1 0 0 6 33
380632 16 1 0 0 6 28
