13272
19
1358
13272 58 1 0 0 6 20
469 132 1 0 0 6 20
1821 141 1 0 0 6 20
3295 30 0 0 0 6 22
3620 72 1 1 0 6 24
3832 98 0 0 0 6 24
6767 137 1 1 0 6 22
8027 30 1 1 3 6 22
8044 82 1 1 0 6 23
8126 86 1 1 0 6 21
8444 112 1 1 0 6 23
13733 120 1 0 0 6 21
15068 144 1 0 0 6 20
16791 153 1 0 0 6 20
16837 122 1 1 0 6 21
18980 73 0 1 0 6 25
21227 64 1 0 0 6 22
21405 29 0 0 0 6 20
25260 29 1 1 0 6 25
25364 67 1 1 0 6 21
25439 130 1 1 0 6 25
25516 70 1 1 0 6 22
28712 30 0 0 0 5 21
29237 66 0 0 0 6 23
32729 136 1 1 0 6 21
32821 93 1 1 0 6 20
35227 41 0 1 0 6 19
35300 37 0 0 0 6 21
36309 37 0 1 0 6 23
38977 36 0 1 0 6 21
39146 34 1 0 0 6 20
41657 65 1 1 0 6 20
42823 60 1 0 0 6 20
42940 31 1 0 0 6 21
43842 38 0 1 0 6 20
43844 51 1 1 0 6 20
44073 61 1 0 0 6 20
45961 40 1 1 0 6 24
47711 56 1 1 0 5 19
49728 113 1 1 0 6 24
50561 22 1 1 0 6 20
51573 48 1 0 0 6 20
62636 24 1 1 0 6 24
62640 78 1 1 0 6 24
70660 35 0 1 0 5 23
81113 24 1 1 4 6 25
81114 19 1 1 0 5 35
89236 36 1 1 0 6 23
95714 21 0 1 0 6 20
131765 19 0 0 0 6 19
140112 31 1 1 0 6 26
141090 22 1 0 0 6 21
179469 25 1 1 4 6 20
226464 13 0 1 0 6 25
250488 6 0 0 0 6 20
254635 14 0 1 3 6 25
254660 8 1 1 0 6 36
254861 16 0 1 0 5 26
254863 7 0 1 0 6 26
