44689
19
1431
44689 79 1 1 0 6 22
1821 141 1 0 0 6 20
2028 41 0 0 0 6 26
2103 120 0 1 0 6 23
2236 81 1 0 0 6 22
2857 58 1 0 0 6 22
3085 89 0 0 0 6 20
3263 111 1 0 0 6 21
3363 140 1 0 0 6 22
3397 43 1 0 0 6 21
3413 154 1 0 0 6 21
3498 59 0 0 0 6 23
3808 58 1 0 0 6 21
4026 102 1 1 0 6 20
4686 49 0 1 0 6 21
5174 105 1 1 0 6 22
5500 66 1 1 0 6 23
6324 127 1 0 0 6 20
7370 34 1 1 0 6 22
8038 98 1 0 0 6 21
8133 65 0 0 0 6 21
8444 112 1 1 0 6 23
8580 177 1 0 0 6 18
8618 97 0 1 0 6 19
9504 74 0 1 0 6 22
14699 29 0 0 0 6 20
15563 110 1 0 0 6 20
15959 59 1 1 0 6 23
16668 56 1 0 0 6 22
16733 28 0 1 0 6 21
17386 53 1 0 9 6 25
17702 110 1 0 0 6 21
18029 78 0 1 0 6 20
18160 67 1 0 0 6 21
18169 57 0 0 0 6 21
18537 71 0 0 0 6 21
20632 100 1 0 0 6 22
21132 74 1 0 0 6 23
22843 25 0 0 0 6 19
24314 32 0 1 5 6 21
24331 74 1 0 0 5 19
24698 56 1 1 0 6 18
28693 46 1 0 0 6 21
28908 111 1 1 0 6 23
28970 40 1 0 0 6 22
29441 58 1 1 0 6 23
31173 152 1 0 0 6 19
32067 41 1 1 0 6 22
32095 25 0 1 0 6 22
32179 55 1 1 0 5 22
33472 64 1 0 0 6 20
36427 54 1 1 0 6 22
36437 139 1 0 0 6 22
40273 56 0 0 0 6 21
41420 148 1 0 0 6 22
43819 90 1 1 0 6 19
47837 27 0 0 0 6 22
48225 13 0 0 0 6 21
51268 46 0 1 0 6 21
60631 71 1 0 0 6 21
62783 47 1 0 0 6 21
63190 43 1 1 0 6 26
64254 88 1 1 0 6 18
64918 17 0 0 0 6 21
72234 94 1 0 0 6 25
75876 47 1 1 0 6 22
77835 56 0 0 0 6 22
79580 113 1 0 0 6 19
80051 89 1 0 0 6 23
81117 40 1 0 0 6 22
82468 22 1 1 0 6 22
115196 30 1 1 0 5 22
118423 36 0 0 0 6 22
122361 13 0 1 0 6 21
128400 42 1 0 0 6 24
156133 18 0 1 4 6 22
156137 22 1 1 0 6 16
194192 12 0 0 0 6 23
289193 23 1 1 0 5 22
335005 43 1 0 0 6 22
