2869
19
1472
2869 104 1 1 0 6 21
93 84 1 1 0 6 21
100 113 1 0 0 6 21
779 51 0 0 4 6 20
900 111 1 0 0 6 20
1227 66 1 1 0 6 21
1709 80 0 0 0 6 19
1821 141 1 0 0 6 20
2249 69 1 0 0 6 21
2259 62 0 0 0 6 20
2484 111 1 1 0 6 22
2485 79 1 1 0 6 21
2486 84 1 1 0 6 22
2489 11 1 1 0 6 21
2494 62 0 1 0 6 21
2606 23 0 1 0 6 20
2997 44 0 1 0 6 19
3003 56 0 0 0 6 20
3042 27 0 0 9 6 21
3072 194 1 0 0 6 19
3494 21 0 0 0 6 20
3963 125 0 0 0 6 20
4830 282 0 1 0 6 18
6637 53 0 0 0 6 18
6729 89 0 0 0 6 19
6855 51 0 1 0 5 23
6996 53 1 0 0 6 17
7169 23 1 1 0 6 18
7171 33 1 1 0 5 15
7352 197 1 1 0 6 21
7356 26 0 0 0 6 17
7848 74 0 0 0 6 20
8129 126 1 0 0 6 22
8245 63 0 0 0 6 19
8443 78 1 1 0 6 22
8463 141 1 1 0 6 19
9412 133 0 1 0 6 21
11522 116 1 1 4 6 19
13283 173 1 0 0 6 19
13713 41 1 0 4 6 19
14195 77 1 0 0 6 21
15052 114 1 0 0 6 20
15519 89 1 0 0 6 18
15557 112 1 0 0 6 21
15634 74 1 0 0 6 19
15767 84 0 0 0 6 20
16297 59 1 1 0 5 21
17401 124 1 0 0 6 20
18166 128 1 0 0 6 19
18537 71 0 0 0 6 21
21283 142 1 1 1 6 21
21579 46 0 0 0 6 20
21714 61 0 1 0 6 23
22435 10 0 0 4 6 21
22898 104 1 1 0 6 21
23122 164 1 1 0 6 24
24206 81 1 1 0 6 22
24648 99 1 1 0 6 20
25256 72 0 1 0 6 22
25512 16 0 1 0 6 24
26067 92 1 0 4 6 18
26161 37 0 0 0 6 18
26335 64 0 0 0 6 16
27106 128 1 1 0 6 22
27650 57 1 0 0 6 20
28099 15 0 0 0 6 19
29575 56 0 0 0 6 21
29581 44 1 0 0 6 22
29908 119 1 0 0 6 18
35224 28 1 1 0 6 22
35293 44 0 0 0 6 20
35509 49 0 0 0 5 21
39865 29 0 0 0 6 18
40820 36 0 0 0 6 19
43821 138 1 0 4 6 16
44067 82 1 1 0 6 20
44077 43 1 0 0 6 19
44086 80 1 0 0 6 23
44433 54 1 1 0 6 21
45423 51 1 1 0 6 20
55878 74 1 1 0 6 17
64082 76 1 0 0 6 20
64947 27 0 0 1 6 21
64982 66 1 0 0 6 22
68217 11 1 0 0 6 23
68218 8 1 1 0 6 20
68223 11 1 0 0 6 13
68325 61 1 0 0 5 16
68326 6 0 0 0 6 22
68405 65 0 1 0 6 26
68409 81 1 1 0 6 29
68412 6 0 1 0 6 20
68475 22 0 1 0 6 21
68481 93 1 1 1 6 27
68532 98 1 1 0 6 21
68584 36 1 1 0 6 25
68585 14 0 1 0 5 21
68586 114 1 1 3 6 21
68587 58 1 1 0 6 22
68588 40 1 1 0 6 23
69018 158 1 0 0 6 17
69048 36 1 1 5 6 28
69050 9 0 1 2 6 30
69051 62 1 0 0 6 21
69052 128 1 0 0 6 19
