9504
19
1414
9504 74 0 1 0 6 22
921 62 1 0 0 6 21
1232 115 1 0 0 6 22
1335 81 1 0 0 6 16
1624 70 1 0 0 6 19
1984 69 1 0 0 6 21
2107 91 1 0 0 6 22
2253 79 1 0 0 5 20
2323 160 1 0 0 6 18
3139 145 1 1 0 6 20
3427 165 1 1 0 6 22
3438 88 1 0 0 6 20
3588 85 1 0 0 6 22
4026 102 1 1 0 6 20
5174 105 1 1 0 6 22
5964 110 1 0 0 6 22
7006 37 1 0 0 6 22
7342 65 1 0 0 6 21
7517 30 1 1 0 6 22
7922 227 1 0 0 6 18
8031 144 1 0 0 6 21
8126 86 1 1 0 6 21
8247 91 1 0 0 6 21
8578 56 1 1 0 6 22
8640 121 1 1 0 6 23
9249 59 1 0 0 5 22
9402 131 1 0 0 6 22
12326 78 1 0 0 6 20
13208 118 1 1 0 6 20
13269 129 1 0 0 6 20
13739 88 1 1 0 6 22
14389 169 1 1 0 6 21
15068 144 1 0 0 6 20
15347 147 1 1 0 6 23
15561 50 1 0 0 5 20
16779 51 1 1 0 6 23
18216 98 1 0 0 6 19
18326 49 1 1 0 6 21
18455 105 1 1 0 6 23
18666 49 1 0 0 6 19
19987 79 1 1 0 6 22
20885 101 1 0 0 6 18
22554 79 1 1 0 6 18
22987 79 1 1 0 6 23
22992 46 1 1 0 6 22
25015 160 1 0 0 6 19
25206 82 1 0 0 6 20
25439 130 1 1 0 6 25
25514 165 1 1 0 6 23
25795 93 1 0 0 6 20
30541 86 1 1 1 6 20
34903 91 1 1 0 6 17
36772 66 1 0 0 6 23
37230 76 1 0 0 6 22
38641 35 1 0 0 6 21
41131 101 1 0 0 6 23
43056 100 1 1 0 6 26
44689 79 1 1 0 6 22
46423 34 1 1 0 6 21
46464 41 1 0 0 6 22
46735 62 1 0 0 6 22
47076 53 1 0 0 5 22
49728 113 1 1 0 6 24
55650 64 1 1 0 6 16
62074 34 1 0 0 6 20
65012 65 1 0 0 6 21
70807 77 1 1 0 6 27
71764 46 1 1 0 6 25
75876 47 1 1 0 6 22
92797 161 1 0 6 6 20
115196 30 1 1 0 5 22
130330 24 1 0 0 6 23
181729 44 1 0 0 5 22
289193 23 1 1 0 5 22
399638 43 1 0 3 6 23
