143124
19
1258
143124 36 1 0 0 6 23
6342 71 0 0 0 6 23
6398 66 1 0 0 6 23
12187 42 0 0 0 6 23
16665 24 0 0 0 6 23
16783 43 0 0 0 6 23
18455 105 1 1 0 6 23
20812 36 1 0 4 6 23
23171 21 0 1 0 5 22
23413 32 0 0 0 6 24
28447 111 1 0 0 6 21
28808 42 0 0 0 6 23
38567 29 1 1 0 6 23
38828 43 1 0 0 5 23
42765 31 1 0 0 6 22
44606 32 1 0 0 6 23
56950 27 0 0 0 6 23
65342 72 1 0 0 6 22
65441 38 0 0 0 6 24
70896 19 0 0 0 6 23
73319 26 1 0 0 6 23
78739 43 1 0 0 6 24
81020 56 0 0 0 6 22
110742 30 1 0 0 6 23
123037 46 1 0 0 6 23
137978 25 0 0 0 6 23
143240 50 1 0 0 5 23
144932 47 1 0 0 6 22
153547 21 1 1 0 6 23
234734 24 1 0 0 6 25
254990 26 1 0 0 6 24
266719 26 1 0 0 5 23
294959 14 0 0 0 6 23
297061 22 1 0 0 6 19
317500 27 1 0 0 6 23
329414 16 1 0 0 6 23
927448 48 1 0 8 5 23
