546658
19
353
546658 26 1 0 7 5 13
43582 5 1 1 7 5 17
43583 63 1 0 7 6 16
43584 61 1 0 7 5 19
56266 208 1 0 7 6 13
106827 59 1 0 7 6 20
224015 67 0 0 7 6 16
228980 13 1 0 7 6 13
257935 89 1 1 7 5 15
257990 79 1 1 7 6 18
401718 31 1 0 7 6 19
407123 65 1 1 7 5 16
424825 21 0 0 7 6 14
431966 84 1 1 7 6 21
442583 137 1 0 7 5 18
444677 35 1 0 7 6 18
454481 170 1 1 7 6 16
463483 67 1 1 7 6 17
486204 58 1 0 7 6 19
493460 37 1 0 7 5 16
495113 50 1 0 7 5 18
498270 26 0 0 7 5 15
503972 3 1 1 7 6 15
514275 75 1 0 7 6 14
562855 14 1 0 7 6 15
648524 47 1 0 7 6 16
883612 3 1 1 7 6 9
