8129
19
1310
8129 126 1 0 0 6 22
136 40 1 1 0 6 22
505 77 1 1 0 6 24
800 70 1 0 0 6 22
804 82 0 1 0 6 27
2069 80 0 1 0 6 30
2231 71 1 1 0 6 25
2485 79 1 1 0 6 21
2869 104 1 1 0 6 21
3363 140 1 0 0 6 22
3427 165 1 1 0 6 22
3489 42 1 0 0 6 23
3588 85 1 0 0 6 22
3620 72 1 1 0 6 24
3871 61 1 1 0 6 22
4836 114 1 1 0 6 25
4842 58 1 0 0 6 24
5089 85 1 1 0 6 24
6325 83 1 0 0 6 21
6767 137 1 1 0 6 22
7379 40 1 1 0 5 23
7386 92 0 1 0 6 24
7874 78 0 1 0 6 20
8545 49 0 1 0 6 22
8580 177 1 0 0 6 18
8640 121 1 1 0 6 23
10821 51 0 1 0 6 33
12523 126 1 0 0 5 21
13024 34 1 1 0 6 22
14440 157 1 1 0 6 27
16224 44 0 1 0 6 25
16792 39 0 0 0 6 23
16793 47 1 0 0 6 21
17295 54 0 0 0 6 21
18217 70 0 0 0 6 22
18455 105 1 1 0 6 23
18980 73 0 1 0 6 25
19023 59 0 1 0 6 26
19689 16 0 1 0 5 24
19756 47 1 0 0 6 22
20259 30 1 1 0 6 23
20395 19 0 1 0 6 24
20516 53 1 0 0 6 22
22458 44 0 1 0 6 32
22977 87 0 0 0 6 22
22987 79 1 1 0 6 23
23122 164 1 1 0 6 24
23247 25 1 0 0 6 23
24942 18 0 1 0 5 22
24981 30 1 0 0 6 22
25260 29 1 1 0 6 25
25438 41 1 0 0 6 20
25439 130 1 1 0 6 25
25510 149 1 1 0 5 24
25511 58 1 1 0 6 25
25514 165 1 1 0 6 23
25603 54 1 1 0 6 22
26348 52 1 1 9 6 27
27476 74 1 0 0 6 23
28837 38 0 0 0 6 24
29540 102 1 1 0 6 23
29652 20 1 1 0 6 24
29768 91 1 0 0 6 21
30030 57 0 1 0 6 25
30032 70 1 1 0 6 21
30360 27 0 1 0 6 22
31086 52 1 1 0 6 20
32222 24 0 1 0 6 26
33374 33 1 1 0 6 23
33751 123 0 0 0 6 25
35669 24 1 1 3 6 28
36309 37 0 1 0 6 23
40725 19 0 1 0 6 21
41311 89 1 1 1 6 27
43844 51 1 1 0 6 20
44040 22 0 1 0 6 27
46749 26 0 1 0 6 29
47788 32 0 0 0 6 22
47861 35 0 0 0 6 21
49161 85 1 1 0 6 25
52595 92 1 0 0 5 21
53730 35 0 0 0 6 24
56121 24 0 1 4 6 26
58683 40 0 1 0 6 26
62634 61 1 0 0 6 23
62636 24 1 1 0 6 24
62637 38 1 1 0 6 25
62640 78 1 1 0 6 24
62782 35 1 0 0 6 23
62784 55 1 0 0 5 21
64622 73 1 1 6 6 21
68500 63 1 1 0 6 23
68584 36 1 1 0 6 25
68588 40 1 1 0 6 23
68836 58 1 1 0 6 23
69776 43 1 1 0 6 23
70658 25 1 1 0 6 29
70715 45 0 1 0 6 36
70807 77 1 1 0 6 27
75264 15 0 1 0 6 26
75355 16 1 1 0 5 22
76431 19 1 1 0 6 25
81112 55 1 1 0 6 24
81113 24 1 1 4 6 25
81116 5 0 1 0 6 29
82110 34 1 0 0 6 24
82212 49 1 1 0 6 28
82290 40 1 1 0 6 27
82564 63 1 1 2 6 19
83704 17 1 1 0 6 19
84186 34 0 1 0 6 24
87776 82 1 1 0 6 25
100566 36 1 1 9 6 21
108210 8 0 1 4 6 23
110671 31 1 1 0 6 28
114504 29 1 1 1 6 25
119040 38 1 1 0 6 26
126168 34 1 1 0 6 30
137213 72 1 1 0 6 27
147047 15 0 1 0 6 26
156529 49 1 1 0 6 25
158167 32 0 1 4 6 35
174166 58 0 1 1 6 25
180429 38 1 1 0 6 24
180430 26 0 1 3 6 25
180647 62 1 1 1 6 24
215467 27 1 1 2 6 26
