17402
19
1276
17402 45 0 1 0 6 23
505 77 1 1 0 6 24
594 108 1 0 0 6 21
6583 95 1 1 0 6 23
13739 88 1 1 0 6 22
14376 77 1 1 0 6 22
15902 80 1 1 0 6 21
16779 51 1 1 0 6 23
16786 67 1 0 0 6 22
16788 77 1 0 0 6 22
16791 153 1 0 0 6 20
16824 64 1 0 0 6 20
16839 52 1 1 0 6 23
17399 46 1 0 0 6 21
17444 29 1 0 0 6 22
18336 47 1 1 0 6 21
18539 89 1 1 0 6 22
19987 79 1 1 0 6 22
20190 45 1 1 0 6 24
20197 46 1 1 0 6 22
21311 66 1 0 0 6 22
21407 73 1 0 0 6 22
23453 35 1 1 0 6 23
46735 62 1 0 0 6 22
48709 99 1 0 2 6 22
51474 128 1 1 2 6 23
52006 21 1 0 3 6 22
52009 79 1 0 0 6 23
52010 24 1 1 8 6 22
52031 58 1 0 8 6 23
52033 54 1 0 8 6 24
82187 24 1 0 0 6 23
98589 59 1 1 0 6 22
110313 60 1 0 0 6 22
110610 49 1 0 0 6 22
125766 62 1 1 0 6 21
154407 48 1 1 2 6 22
160598 44 1 0 0 5 22
174878 44 1 0 0 6 22
194062 20 1 0 3 6 23
210777 79 1 0 8 6 20
246722 52 1 1 2 6 24
283515 54 1 0 2 5 23
327013 47 1 1 8 6 23
336334 29 1 0 0 6 23
491868 55 1 0 6 6 22
