48076
19
1263
48076 45 1 0 0 6 23
1565 127 0 1 0 6 21
1898 41 1 0 0 6 22
5501 50 0 1 4 6 23
13136 198 1 1 0 6 22
15749 31 1 1 0 6 25
16665 24 0 0 0 6 23
16783 43 0 0 0 6 23
22073 43 1 0 0 5 19
23383 52 0 0 0 6 16
25969 30 1 1 0 6 20
29407 33 0 0 0 6 22
29977 41 0 1 0 6 24
36027 58 1 0 0 6 23
36609 47 0 1 0 6 24
38828 43 1 0 0 5 23
43056 100 1 1 0 6 26
46906 61 1 0 3 6 26
47196 35 1 0 0 6 21
48439 15 1 1 0 6 21
49169 37 1 0 0 6 23
52645 63 0 1 5 6 41
55639 62 1 0 0 6 24
57164 49 1 1 0 6 22
65441 38 0 0 0 6 24
70647 10 0 1 0 6 30
71432 15 0 1 0 6 23
71587 22 0 1 0 6 23
81020 56 0 0 0 6 22
114625 39 0 1 3 6 25
131047 30 0 1 6 5 34
132628 192 0 1 3 6 32
133433 8 1 1 0 6 32
144377 37 1 1 0 5 23
173979 32 0 0 0 6 19
179670 123 1 1 1 6 29
222887 47 1 1 0 6 22
229856 11 1 1 0 6 31
304527 30 0 1 3 6 24
320291 15 0 0 4 6 22
417096 38 0 1 0 6 20
496126 16 1 0 0 6 27
501674 30 0 1 3 6 35
583954 1 1 1 0 6 26
586701 63 1 1 8 6 23
586860 1 0 1 6 6 25
