1246412
19
382
1246412 25 1 0 6 6 11
326326 153 1 0 6 6 47
526096 172 0 1 6 6 25
609098 52 1 0 6 6 11
687542 59 1 0 6 6 12
770416 51 1 0 6 6 16
780473 56 1 0 6 6 13
1033643 27 1 0 6 6 11
1033644 11 1 1 6 6 14
1034032 30 1 0 4 6 11
1046423 25 1 0 6 6 10
1246408 27 1 1 6 6 5
1246410 21 1 0 6 6 8
1261356 20 1 0 4 6 10
1379860 10 1 0 4 6 11
1380336 13 1 0 4 6 11
1385719 12 1 0 4 6 6
1402906 11 1 0 4 6 11
1411519 10 1 0 4 6 10
1426706 5 1 0 4 6 9
1427303 7 1 0 4 6 9
1427304 4 1 0 4 6 10
1427305 5 1 0 2 6 11
1427306 4 1 0 6 6 11
1427307 12 1 0 6 6 11
1552036 5 1 0 4 6 11
