6583
19
1280
6583 95 1 1 0 6 23
460 86 0 0 0 6 21
806 123 1 0 0 6 22
1709 80 0 0 0 6 19
3131 147 1 0 0 6 18
3498 59 0 0 0 6 23
3963 125 0 0 0 6 20
5961 65 1 0 0 5 23
7865 26 0 0 0 5 20
8066 214 1 0 4 6 19
8295 67 1 0 0 6 21
11170 194 1 0 2 6 21
11265 34 1 0 0 6 18
15511 87 1 1 0 6 21
16665 24 0 0 0 6 23
16779 51 1 1 0 6 23
16791 153 1 0 0 6 20
17221 57 1 1 0 6 23
17402 45 0 1 0 6 23
17920 60 0 0 0 6 20
18169 57 0 0 0 6 21
18537 71 0 0 0 6 21
20454 118 1 0 0 6 24
20823 52 0 0 0 6 23
22119 87 1 0 0 6 21
22245 35 1 0 0 6 20
22365 43 0 1 0 6 23
22387 94 1 0 0 6 20
22843 25 0 0 0 6 19
23972 29 0 1 0 6 23
23975 102 1 1 0 6 24
25097 73 1 1 0 6 24
25257 49 1 1 0 5 24
25268 77 1 1 0 6 22
25301 41 1 1 0 5 23
25357 47 1 1 0 6 28
25440 50 1 0 0 6 21
25509 42 1 0 0 6 22
25510 149 1 1 0 5 24
25516 70 1 1 0 6 22
25540 53 1 0 0 5 23
25982 39 1 1 0 6 20
26568 52 0 0 0 6 20
27282 31 1 1 0 6 22
28943 34 1 1 0 6 21
32180 41 1 1 0 6 25
33559 28 1 0 3 6 17
34652 201 1 0 8 6 19
34796 50 1 0 0 6 24
34850 75 1 1 4 6 20
37047 71 1 1 1 6 25
45549 62 0 0 4 6 18
45946 41 0 1 0 6 24
47078 51 0 0 0 5 23
48706 47 1 0 0 6 23
61454 35 0 0 0 6 23
62785 62 1 1 0 6 26
64082 76 1 0 0 6 20
70682 21 0 1 0 6 24
70900 30 1 1 0 6 26
76487 56 0 0 0 6 20
77835 56 0 0 0 6 22
78092 25 0 0 0 6 21
81934 18 0 0 3 6 21
81937 71 1 1 3 6 25
85522 66 1 1 0 6 23
100709 61 1 1 0 6 23
101435 35 0 0 3 6 22
110671 31 1 1 0 6 28
125961 28 0 0 3 6 23
130327 26 1 0 3 6 22
145927 25 1 1 0 6 25
148828 6 1 0 0 6 19
150057 84 1 0 4 6 26
150058 7 1 0 1 6 18
150059 13 1 0 0 5 30
150060 22 1 0 0 6 15
150061 5 1 0 0 5 20
150062 33 1 1 1 5 21
150182 58 1 0 3 6 22
150184 26 1 0 0 6 19
150368 38 1 1 1 6 24
150373 15 1 0 3 6 23
150458 30 0 1 3 6 24
150465 31 0 0 1 6 25
150468 20 0 1 0 6 26
150472 83 0 0 1 6 23
150544 16 1 1 0 6 22
150546 42 1 1 3 6 23
150548 55 1 0 3 6 22
150551 46 1 1 8 6 26
177010 22 1 1 0 6 23
239199 80 1 0 0 6 18
344460 86 1 1 3 5 22
400544 46 1 0 9 6 19
805766 4 1 0 0 6 19
