15519
19
1478
15519 89 1 0 0 6 18
559 159 1 0 0 6 18
565 33 0 1 0 6 21
648 35 1 1 0 6 20
1284 76 1 0 0 6 18
2092 36 1 1 0 6 23
2869 104 1 1 0 6 21
3352 24 0 0 0 5 18
3497 94 1 1 0 6 21
3755 127 1 1 0 6 24
4830 282 0 1 0 6 18
5093 100 0 1 0 6 25
5419 33 0 1 0 6 20
6855 51 0 1 0 5 23
6867 76 1 1 0 5 19
6926 58 1 1 0 6 17
7053 20 0 0 0 6 19
7352 197 1 1 0 6 21
8067 126 1 1 4 6 19
8480 59 1 1 0 6 21
8533 80 1 1 0 6 18
9511 77 0 0 4 6 18
12458 66 1 1 0 6 20
12523 126 1 0 0 5 21
14121 84 1 1 0 6 19
14242 140 1 1 0 6 23
14572 40 1 1 0 6 20
14594 47 1 1 0 6 18
15234 41 0 1 0 6 18
15347 147 1 1 0 6 23
15590 51 1 1 0 6 18
15688 113 1 0 0 5 18
15947 115 1 1 0 6 22
16139 115 1 1 0 6 18
16224 44 0 1 0 6 25
16675 51 1 1 0 6 23
16839 52 1 1 0 6 23
17459 60 0 1 4 6 25
17732 150 1 0 0 6 19
18162 40 0 0 2 6 21
18217 70 0 0 0 6 22
18326 49 1 1 0 6 21
18455 105 1 1 0 6 23
18897 88 1 0 0 6 19
20034 68 0 0 0 6 18
20517 48 0 1 0 6 23
20626 57 1 1 0 6 20
20792 27 0 1 0 6 24
20895 43 0 1 0 6 20
21283 142 1 1 1 6 21
22554 79 1 1 0 6 18
22790 130 1 0 0 6 19
23122 164 1 1 0 6 24
23592 59 0 1 4 6 21
24249 28 1 1 0 6 23
25256 72 0 1 0 6 22
25505 28 0 0 0 6 18
26696 18 1 0 0 6 18
26898 113 1 0 0 6 20
26899 71 1 1 0 6 25
27236 131 1 1 0 6 25
27355 24 0 0 0 6 19
30418 63 0 1 0 6 18
31586 89 1 0 0 6 18
32369 73 1 1 0 6 17
33745 45 1 1 0 6 20
34448 46 0 1 0 5 23
35224 28 1 1 0 6 22
36731 20 0 0 0 6 17
40620 25 0 1 0 6 24
42409 54 1 0 0 6 19
44876 28 1 0 0 6 17
45791 69 1 1 0 6 19
47078 51 0 0 0 5 23
57400 44 1 0 4 6 17
67501 120 1 1 0 6 17
69051 62 1 0 0 6 21
70846 56 1 1 0 6 19
76150 54 1 1 0 6 19
97321 21 0 0 0 6 22
108794 40 0 1 4 5 19
156320 30 0 0 0 6 17
229015 37 0 1 4 6 20
255344 103 0 0 0 6 18
278980 12 1 0 0 6 27
279018 36 0 1 7 6 26
279111 97 1 1 7 6 26
355528 129 1 1 4 6 17
601312 15 1 1 3 5 19
703872 2 1 1 0 6 26
