7386
19
1429
7386 92 0 1 0 6 24
659 68 1 0 0 6 20
1061 22 1 1 0 6 21
1273 187 1 0 0 6 22
1378 79 1 0 0 6 20
1821 141 1 0 0 6 20
2231 71 1 1 0 6 25
2455 102 1 0 0 6 22
2608 122 1 0 0 6 18
2693 117 1 0 0 6 22
2863 140 1 0 0 6 18
3131 147 1 0 0 6 18
4328 40 1 1 0 6 19
5081 76 1 0 0 6 19
6178 62 1 0 0 6 19
6201 72 1 0 0 6 21
6324 127 1 0 0 6 20
6325 83 1 0 0 6 21
8066 214 1 0 4 6 19
8092 41 1 0 0 6 18
8129 126 1 0 0 6 22
8470 118 1 1 0 6 26
8482 61 1 0 0 6 18
8580 177 1 0 0 6 18
9630 115 1 0 4 6 20
13647 68 1 0 0 6 21
13884 57 1 0 0 6 20
14440 157 1 1 0 6 27
14869 52 1 0 0 6 21
15068 144 1 0 0 6 20
15092 111 1 1 0 6 24
15563 110 1 0 0 6 20
15657 33 1 0 0 6 20
15681 78 1 0 0 6 20
18166 128 1 0 0 6 19
18470 125 1 1 0 6 24
18897 88 1 0 0 6 19
19013 101 1 0 0 6 20
20085 53 1 1 9 6 24
20294 121 1 0 0 6 19
20771 94 1 0 0 6 21
21257 119 1 0 0 6 18
21288 35 1 0 0 6 15
22119 87 1 0 0 6 21
22237 105 1 0 4 6 20
23663 111 1 0 0 6 20
24154 18 1 0 0 6 15
24474 179 1 0 3 6 19
25145 137 1 0 0 6 24
25156 141 1 0 0 6 18
26080 97 1 0 0 6 20
26709 111 1 0 0 6 19
26877 116 1 0 0 6 21
26972 16 1 0 0 6 21
26973 80 1 1 0 6 21
27072 106 1 1 0 6 27
28310 58 1 1 0 6 21
30512 101 1 0 4 6 20
31246 67 1 0 0 6 20
31859 33 1 0 0 5 18
32514 90 1 0 0 6 15
35053 78 1 1 0 6 24
36437 139 1 0 0 6 22
36589 36 1 0 0 6 23
37687 55 1 1 0 6 21
37773 118 1 0 0 6 19
42528 123 1 0 0 6 19
42708 103 1 1 0 6 25
44041 109 1 1 0 6 24
49707 128 1 0 3 6 20
61548 28 1 1 0 6 25
62491 45 1 0 0 6 23
64082 76 1 0 0 6 20
64982 66 1 0 0 6 22
64988 43 1 1 1 6 27
68587 58 1 1 0 6 22
70417 87 1 0 0 6 22
70853 103 1 0 3 6 23
79907 49 1 0 0 5 20
80922 106 1 0 0 6 15
81682 33 1 0 0 6 16
105388 112 1 0 7 6 20
121663 44 1 0 0 6 23
122918 85 1 0 0 6 23
143062 23 1 1 0 6 24
165476 33 1 0 0 6 20
181327 51 1 0 0 6 21
229024 32 1 0 0 6 16
240561 69 1 0 0 6 16
245193 88 1 0 0 6 18
265069 69 1 0 3 6 21
334796 22 1 0 0 6 23
524184 29 1 1 9 6 29
