41682
19
1298
41682 63 0 0 0 6 22
3006 111 1 0 0 6 23
3387 73 1 1 0 6 22
5088 91 1 1 0 6 30
5142 796 1 1 0 6 25
5145 178 1 1 0 6 18
6325 83 1 0 0 6 21
6383 43 1 1 7 6 22
8640 121 1 1 0 6 23
12075 133 1 1 0 6 26
13024 34 1 1 0 6 22
13305 66 1 0 7 5 21
15900 39 1 1 0 6 22
16837 122 1 1 0 6 21
16839 52 1 1 0 6 23
17221 57 1 1 0 6 23
17401 124 1 0 0 6 20
18455 105 1 1 0 6 23
20281 118 1 1 0 6 19
21505 114 1 1 0 6 22
22337 84 1 1 0 6 21
25257 49 1 1 0 5 24
25510 149 1 1 0 5 24
25511 58 1 1 0 6 25
25516 70 1 1 0 6 22
25979 46 1 1 0 6 21
27236 131 1 1 0 6 25
31086 52 1 1 0 6 20
33991 50 1 0 3 6 23
35040 59 1 1 0 6 26
35262 204 1 1 1 6 21
36174 63 1 1 0 6 21
40963 62 1 1 0 6 24
41680 98 1 1 0 6 21
41926 42 1 1 0 6 20
44595 66 1 1 0 6 25
49643 79 1 1 0 6 29
50999 37 1 1 0 6 23
61617 76 1 1 0 6 24
64508 42 1 1 0 6 26
68584 36 1 1 0 6 25
70807 77 1 1 0 6 27
81113 24 1 1 4 6 25
82290 40 1 1 0 6 27
100709 61 1 1 0 6 23
113472 96 1 0 0 6 24
130345 24 1 0 0 6 22
130965 43 1 1 4 6 23
137213 72 1 1 0 6 27
144774 46 1 1 0 6 24
180429 38 1 1 0 6 24
180676 36 1 0 0 6 20
240566 79 1 1 1 6 23
262706 39 1 0 0 6 22
304775 50 1 0 4 6 24
319980 92 1 1 2 6 18
416120 24 1 1 3 6 28
529424 49 1 1 5 6 24
586825 24 1 1 5 6 22
659219 15 1 1 1 5 25
744014 11 1 1 6 6 23
771741 25 1 1 5 6 22
866751 20 1 1 7 6 26
1303941 2 1 1 0 6 28
