14440
19
1308
14440 157 1 1 0 6 27
500 80 1 0 0 6 20
798 35 0 0 0 6 22
1612 45 0 0 0 6 21
2103 120 0 1 0 6 23
2235 33 0 0 0 6 21
2336 124 1 0 0 6 22
2589 100 1 1 0 6 26
2693 117 1 0 0 6 22
2721 111 1 0 0 6 25
3006 111 1 0 0 6 23
3365 41 0 0 0 6 24
3367 62 1 0 0 6 21
3414 44 0 0 9 6 19
3419 62 0 0 0 6 25
3492 27 0 0 0 6 24
3588 85 1 0 0 6 22
3859 49 1 0 0 6 21
4847 69 0 0 0 6 24
5238 49 1 1 0 6 24
6325 83 1 0 0 6 21
6384 70 1 0 0 6 23
6464 74 1 0 0 5 26
6720 38 0 0 4 6 21
7386 92 0 1 0 6 24
8038 98 1 0 0 6 21
8129 126 1 0 0 6 22
8470 118 1 1 0 6 26
9402 131 1 0 0 6 22
10148 36 0 0 0 5 26
12416 86 1 0 0 6 21
13829 74 0 0 0 6 21
15092 111 1 1 0 6 24
15767 84 0 0 0 6 20
16034 112 1 1 0 6 26
16659 86 0 0 9 6 21
16668 56 1 0 0 6 22
16794 75 0 0 0 6 22
16837 122 1 1 0 6 21
17389 40 1 0 0 6 21
17394 37 0 0 0 6 21
17397 83 1 0 0 6 23
17443 60 1 0 0 6 21
17837 69 1 0 0 6 20
18450 52 0 1 0 6 21
19023 59 0 1 0 6 26
19030 91 1 0 0 6 21
19307 40 0 1 0 6 26
19724 20 0 1 0 6 23
20008 52 1 0 0 6 26
20240 56 0 1 0 6 23
20711 39 0 0 0 5 22
22977 87 0 0 0 6 22
24080 227 0 1 1 6 25
24300 86 0 0 4 6 22
25305 42 1 1 9 6 23
25360 20 0 1 0 6 23
25510 149 1 1 0 5 24
25511 58 1 1 0 6 25
26877 116 1 0 0 6 21
27476 74 1 0 0 6 23
27544 49 0 0 0 6 24
29198 26 0 1 0 6 26
31087 103 1 1 0 6 24
32816 13 0 0 0 6 23
33751 123 0 0 0 6 25
35014 37 0 0 0 6 23
36380 126 1 1 0 6 22
37944 46 0 0 0 6 21
38458 52 0 1 0 6 24
41420 148 1 0 0 6 22
42410 20 1 1 0 6 27
42708 103 1 1 0 6 25
43864 52 1 0 0 6 21
44077 43 1 0 0 6 19
45402 26 0 0 0 6 23
46664 83 1 0 0 6 22
48709 99 1 0 2 6 22
49406 45 0 0 0 6 22
49728 113 1 1 0 6 24
49946 51 1 0 0 6 22
51002 75 1 0 0 6 23
51131 16 0 1 9 6 25
52056 32 1 0 0 6 26
52595 92 1 0 0 5 21
62291 55 1 1 1 6 24
62294 35 0 0 0 5 22
62783 47 1 0 0 6 21
64988 43 1 1 1 6 27
65442 48 1 0 0 5 23
65872 33 1 1 0 6 24
68070 64 1 0 9 6 29
70852 59 1 1 0 6 33
70856 21 1 0 0 6 20
71675 46 1 0 0 6 22
75665 61 1 0 0 6 22
79030 60 1 1 0 6 29
79402 17 0 0 0 6 22
79404 7 0 0 0 6 22
79665 38 1 0 0 6 23
80115 56 1 0 0 6 23
80891 58 1 1 0 6 26
83106 20 0 0 0 6 24
84186 34 0 1 0 6 24
84693 17 1 0 0 6 16
85764 64 1 0 0 5 23
86023 19 1 0 0 6 22
86262 30 0 1 3 6 25
88715 35 0 0 0 6 32
89298 8 0 0 0 6 27
107563 57 1 0 0 6 26
110674 40 0 0 0 6 21
115140 34 0 0 5 6 23
115151 37 1 0 9 6 20
116418 27 0 0 0 6 21
116481 36 1 0 0 6 21
119340 17 0 1 4 6 27
126236 95 1 0 0 6 21
142587 14 0 1 0 6 27
143248 27 0 0 0 6 23
143904 10 0 1 9 6 30
144676 34 1 1 0 6 32
144774 46 1 1 0 6 24
144847 53 1 0 0 6 25
144933 13 1 1 0 6 27
218080 60 0 0 2 6 24
218273 30 0 1 4 6 24
221696 23 1 0 0 6 24
235178 35 0 0 9 6 24
242983 11 0 0 0 6 25
244480 50 0 0 2 6 21
255275 92 1 0 3 6 24
263795 34 1 1 0 6 25
264445 35 1 0 9 5 24
266123 9 0 0 0 6 25
266645 34 0 0 9 6 23
267978 20 0 1 9 6 21
268169 37 0 0 1 6 23
268216 45 0 0 1 6 24
268231 50 1 0 1 6 22
268232 8 0 0 0 6 27
268233 2 0 0 4 6 22
268276 34 1 0 4 6 25
268277 52 1 0 4 6 27
268279 35 1 0 9 6 20
268362 34 1 0 0 6 26
268365 21 1 1 1 6 27
268367 55 1 1 2 6 21
268455 26 0 0 6 6 25
268475 33 0 0 1 6 22
268477 118 1 0 3 6 25
268483 29 1 0 9 6 22
268484 25 0 0 0 6 25
268506 33 1 0 2 6 32
268507 54 0 0 4 6 25
268508 85 1 0 1 6 25
524184 29 1 1 9 6 29
580472 38 1 0 0 6 26
