65441
19
1264
65441 38 0 0 0 6 24
2605 59 1 0 0 6 23
6337 74 1 1 0 6 23
15074 85 1 0 0 6 23
20649 40 1 0 0 6 24
22629 19 1 1 0 6 24
24756 33 1 1 0 6 24
33475 43 1 1 9 6 24
36027 58 1 0 0 6 23
38828 43 1 0 0 5 23
40962 27 1 1 0 6 24
47791 76 1 0 0 6 22
48076 45 1 0 0 6 23
52447 30 1 1 0 6 23
57164 49 1 1 0 6 22
62739 34 1 1 0 6 24
64516 30 1 1 0 6 27
65291 6 1 1 0 5 26
65437 43 1 1 0 6 24
65442 48 1 0 0 5 23
68582 49 1 1 0 5 25
71448 38 1 0 0 6 24
86189 99 1 0 0 6 23
89793 14 1 0 4 6 24
110312 45 1 0 0 6 26
128399 23 1 0 0 6 29
143124 36 1 0 0 6 23
144377 37 1 1 0 5 23
153547 21 1 1 0 6 23
160857 18 1 0 0 5 14
163970 47 1 1 0 5 23
229862 15 1 0 0 6 24
266719 26 1 0 0 5 23
274086 36 1 1 0 6 25
278589 10 1 0 0 6 24
293160 51 1 1 0 6 27
321845 68 1 1 3 6 29
357433 6 1 1 0 6 25
708415 11 1 0 0 6 35
