156161
19
327
156161 203 1 1 8 6 16
7067 243 1 0 8 6 15
20806 12 0 0 0 6 21
28378 23 0 0 7 6 2
28969 147 1 0 6 6 16
39503 100 0 0 6 6 17
42576 110 0 0 4 5 17
42738 73 1 0 5 5 19
43736 181 1 0 6 6 18
63452 170 1 0 4 6 15
67449 157 1 0 6 6 17
72014 33 0 0 4 6 19
76742 128 0 1 1 6 31
88786 255 1 1 8 6 19
90584 223 0 0 4 6 17
90888 117 0 0 6 6 16
91935 163 1 0 4 6 20
107814 182 0 0 4 6 16
120880 89 1 0 4 6 14
122834 21 1 0 4 6 17
137992 76 1 0 9 6 20
161525 53 1 0 6 6 15
165299 83 1 0 4 6 18
166028 148 0 0 4 6 18
171389 395 1 0 8 6 18
172142 139 1 1 8 6 17
182296 112 0 0 4 5 18
182982 44 0 0 4 6 26
188477 337 1 0 4 6 15
193207 126 1 0 4 6 17
193398 76 0 0 8 5 16
211670 137 1 0 6 6 17
212265 17 1 1 6 6 21
212275 183 1 0 8 6 17
212431 121 1 1 4 6 20
240101 182 0 1 4 6 18
241502 172 1 1 6 5 20
248903 86 1 0 9 6 17
251736 189 1 0 4 6 16
254733 256 1 0 8 6 15
255589 86 1 1 4 6 21
255591 157 1 0 8 5 20
255603 184 1 0 8 6 39
255604 52 1 0 8 6 18
255699 184 1 1 8 6 20
256043 133 0 0 6 6 23
256365 51 0 0 2 6 15
261284 512 1 0 1 6 16
264684 88 1 0 6 6 18
271600 160 1 0 4 6 14
271663 207 1 0 4 6 17
272186 122 1 1 4 6 19
272335 311 0 0 6 6 19
280531 33 1 0 2 5 19
289688 9 1 0 8 6 14
291039 106 0 1 4 6 15
320632 7 0 0 4 6 19
326755 103 1 1 8 6 24
330169 142 1 0 1 6 19
330214 87 1 0 6 6 13
332661 188 1 0 2 6 20
347313 25 1 0 6 5 22
348453 268 1 0 4 6 15
348496 70 1 0 9 6 20
348549 182 1 0 4 6 18
348689 52 0 0 4 6 21
350115 34 0 0 4 5 18
356101 73 1 0 8 5 17
366817 85 1 0 8 6 18
372955 131 1 1 8 6 20
377815 74 1 1 8 6 23
378367 133 1 0 8 6 16
382079 140 1 0 8 6 19
382426 23 0 0 4 6 15
382545 21 0 1 0 6 18
382703 329 1 0 4 6 19
384944 88 1 0 4 6 16
386201 76 1 0 4 6 15
387875 45 0 1 5 6 16
392292 65 1 0 4 6 17
392775 99 1 1 8 6 14
396038 111 1 0 4 6 13
397687 352 1 1 8 6 15
405919 23 1 0 8 6 21
408130 23 1 0 6 6 17
408133 156 1 1 4 6 19
424500 163 0 1 4 6 16
425569 53 1 0 8 6 17
432159 68 1 0 8 6 17
445693 301 1 0 6 6 15
455722 117 0 0 8 6 18
456383 84 1 0 8 6 21
458917 243 1 0 4 6 16
459249 323 1 0 9 6 20
459337 138 1 0 4 6 14
459390 134 1 0 4 6 17
459392 50 0 1 4 6 17
459416 205 0 0 4 5 17
462910 42 1 0 6 5 17
468171 120 1 0 6 6 15
469967 165 1 0 8 6 18
470121 43 1 0 4 5 19
474902 45 1 0 8 5 17
487675 102 1 0 6 5 18
494815 231 1 0 4 6 18
496714 56 1 0 8 6 20
496725 68 1 0 4 6 17
497062 48 1 0 4 6 21
497194 76 1 1 4 6 20
504736 259 1 1 8 6 19
507119 86 1 0 6 6 17
507357 87 1 0 4 6 18
510221 40 0 1 4 6 24
511889 70 1 0 6 6 16
512880 171 1 0 8 6 17
512882 27 1 0 8 5 19
513175 86 0 0 4 5 17
513276 162 1 1 4 6 20
514228 48 0 1 4 6 26
514814 100 1 0 8 6 17
517734 71 1 1 4 6 10
517966 107 0 1 4 6 18
521373 86 1 1 8 6 16
522563 14 1 0 4 5 16
523078 56 0 0 4 6 69
533715 48 1 0 4 6 18
535200 103 1 0 8 6 29
548700 118 1 1 4 6 19
563929 214 1 0 4 6 16
563997 127 1 0 6 6 17
564946 94 1 0 6 6 15
591326 14 1 0 9 6 18
595736 72 1 0 6 5 13
606835 40 1 0 4 6 20
607766 5 1 1 9 6 17
618331 46 1 1 4 6 35
619281 24 1 0 8 6 17
644413 18 1 0 1 6 13
644437 41 1 1 8 5 8
644438 61 1 1 8 5 12
644488 76 1 0 4 5 14
645016 69 1 1 6 6 20
645064 62 1 1 8 6 35
654568 21 1 1 4 6 22
659331 13 0 1 4 6 30
664581 93 1 0 6 6 22
670978 13 0 1 4 6 6
674998 47 1 1 8 6 17
679144 69 1 0 4 5 16
682816 14 1 1 8 5 20
682817 37 1 1 4 6 15
693407 69 1 0 9 6 13
710177 24 1 0 8 6 8
714408 72 1 0 6 6 14
732700 54 1 1 2 6 16
744441 25 0 0 8 5 20
750463 90 1 0 8 6 16
750819 26 1 0 9 6 17
751707 40 1 0 4 5 17
757170 38 1 0 4 6 13
757588 19 1 0 9 6 18
766400 17 0 0 7 6 16
808206 13 1 0 9 6 17
810700 31 0 0 4 6 16
817692 14 1 1 1 6 19
817694 22 1 0 4 6 15
817795 32 1 0 4 5 16
819486 75 1 0 8 6 20
819523 51 1 1 9 6 71
823304 31 1 0 2 6 9
824038 35 1 0 6 6 16
824267 10 1 0 4 5 14
885859 52 0 0 6 6 14
922248 25 1 0 8 6 19
1005810 2 1 0 4 5 15
1006268 4 1 0 4 5 17
1006954 2 1 0 8 5 30
1007063 4 1 0 6 5 15
1007127 1 1 0 6 6 19
1007128 5 1 0 6 6 19
1007130 7 1 0 2 6 14
1007131 8 1 0 6 6 19
1007141 5 1 0 6 6 29
1007142 29 1 0 6 6 18
1007143 4 1 0 6 6 16
1007144 7 1 0 8 6 16
1007172 19 1 0 1 6 21
1007173 1 1 0 4 5 17
1007174 8 0 0 6 5 15
1007182 2 0 0 6 6 14
1007183 13 1 0 1 6 16
1007185 4 1 0 6 6 15
1007186 5 1 0 4 5 15
1007188 61 1 0 6 6 14
1007189 5 1 1 6 6 25
1007190 2 1 0 6 5 19
1007191 11 1 0 2 6 18
1007192 9 1 0 4 6 18
1007197 10 1 0 6 6 21
1007198 8 1 0 6 6 9
1007199 14 1 0 6 5 17
1007200 37 1 0 4 5 17
1007201 7 1 0 6 5 24
1007232 25 1 1 8 6 40
