22119
19
1420
22119 87 1 0 0 6 21
915 27 0 0 0 6 22
921 62 1 0 0 6 21
1273 187 1 0 0 6 22
1565 127 0 1 0 6 21
1937 132 1 0 0 6 22
1985 46 1 0 1 6 22
3148 57 0 1 0 6 24
3375 80 1 1 0 6 22
6583 95 1 1 0 6 23
6800 112 1 1 0 6 23
7386 92 0 1 0 6 24
8577 42 0 0 0 6 22
11772 81 1 1 0 6 22
12324 13 0 1 0 6 24
12997 122 1 1 0 6 29
14705 74 1 1 3 6 24
14724 47 0 0 0 6 21
16285 10 0 0 0 6 22
18320 79 1 1 0 6 22
18333 50 0 1 0 6 26
20454 118 1 0 0 6 24
20540 44 1 1 0 6 26
20696 41 1 0 0 6 24
20823 52 0 0 0 6 23
21120 38 1 1 8 6 23
22038 31 1 0 0 6 21
22083 52 1 1 0 6 21
25434 78 1 1 4 6 21
26118 37 0 0 2 6 21
26607 173 1 0 0 6 21
26877 116 1 0 0 6 21
26973 80 1 1 0 6 21
28453 63 1 0 0 6 22
29407 33 0 0 0 6 22
29555 38 0 1 0 6 27
33359 46 0 0 0 6 22
33374 33 1 1 0 6 23
33553 19 0 0 0 6 22
36437 139 1 0 0 6 22
37230 76 1 0 0 6 22
37443 41 0 1 0 6 23
37734 69 1 0 0 6 24
37765 49 0 1 0 6 21
38041 70 1 1 7 6 25
41420 148 1 0 0 6 22
44041 109 1 1 0 6 24
44049 7 1 1 0 6 25
44165 65 1 0 0 6 23
46408 59 1 0 0 6 22
46464 41 1 0 0 6 22
46466 71 1 0 0 5 22
46467 46 0 0 0 6 22
51002 75 1 0 0 6 23
51931 41 1 1 0 6 24
52595 92 1 0 0 5 21
56547 173 1 1 0 6 24
60913 13 0 0 0 6 23
63190 43 1 1 0 6 26
64123 55 1 1 0 6 28
65356 19 0 1 0 6 23
65454 17 0 1 0 5 24
76432 53 0 0 0 6 21
78162 39 1 1 0 5 22
80051 89 1 0 0 6 23
86084 42 0 0 0 6 23
87776 82 1 1 0 6 25
95969 69 1 1 0 6 25
117995 30 1 0 0 6 22
126078 34 0 0 0 6 21
126170 27 1 1 0 6 23
139918 44 1 1 0 6 18
148473 32 1 1 0 6 23
148474 16 1 1 0 6 23
148536 34 0 0 0 6 23
148538 31 0 0 0 6 24
152880 91 1 0 0 6 25
156529 49 1 1 0 6 25
190569 25 1 1 0 6 23
190570 32 1 1 0 6 24
254068 30 0 1 8 6 23
255363 9 0 1 0 6 29
348474 5 1 0 0 6 22
348476 61 1 1 1 6 24
348477 8 1 1 0 6 30
348478 5 0 1 0 6 25
348479 82 1 0 8 6 22
368156 13 1 1 0 6 26
