19578
19
1318
19578 50 0 1 0 6 27
913 58 1 0 0 5 22
3496 140 1 0 0 6 23
3588 85 1 0 0 6 22
4487 155 1 0 4 6 22
8031 144 1 0 0 6 21
11406 31 1 1 0 6 27
11534 189 1 0 0 6 18
13116 44 1 1 0 6 23
13283 173 1 0 0 6 19
14242 140 1 1 0 6 23
16212 34 1 1 0 6 20
16791 153 1 0 0 6 20
17397 83 1 0 0 6 23
17401 124 1 0 0 6 20
17443 60 1 0 0 6 21
18455 105 1 1 0 6 23
20088 145 1 1 0 6 26
20632 100 1 0 0 6 22
21227 64 1 0 0 6 22
22790 130 1 0 0 6 19
25097 73 1 1 0 6 24
25160 41 1 1 0 6 23
25262 78 1 1 1 6 29
25510 149 1 1 0 5 24
26607 173 1 0 0 6 21
26928 62 1 1 0 6 24
27282 31 1 1 0 6 22
31086 52 1 1 0 6 20
31087 103 1 1 0 6 24
31173 152 1 0 0 6 19
31821 34 1 1 0 5 23
32529 49 1 1 0 6 27
34818 56 1 1 0 6 11
36250 87 1 0 0 6 22
40787 79 1 0 0 6 20
41311 89 1 1 1 6 27
59784 19 1 1 0 5 28
64508 42 1 1 0 6 26
69051 62 1 0 0 6 21
70900 30 1 1 0 6 26
116417 66 1 0 0 5 24
138349 31 1 0 0 6 23
138450 22 1 0 0 6 24
183971 97 1 0 5 6 27
227109 14 1 0 0 6 27
235571 25 1 1 0 6 25
282753 25 1 1 0 6 27
314494 136 1 0 5 6 22
376039 11 1 0 0 6 23
491541 6 1 0 4 5 26
