38828
19
1259
38828 43 1 0 0 5 23
1494 29 1 1 0 6 22
7366 62 1 0 0 6 24
7514 22 0 0 0 6 23
16665 24 0 0 0 6 23
20812 36 1 0 4 6 23
22987 79 1 1 0 6 23
28808 42 0 0 0 6 23
28903 105 1 1 0 6 22
28943 34 1 1 0 6 21
29253 35 1 1 0 6 24
29583 46 0 0 0 6 22
29888 78 1 1 2 6 30
33478 27 0 1 0 6 27
36775 94 1 1 0 6 22
39911 37 1 1 0 6 23
47773 70 0 0 8 6 22
47776 88 0 0 0 6 33
48076 45 1 0 0 6 23
57164 49 1 1 0 6 22
62782 35 1 0 0 6 23
65441 38 0 0 0 6 24
70896 19 0 0 0 6 23
81020 56 0 0 0 6 22
86022 14 0 0 0 5 23
86919 53 1 1 0 6 26
126681 124 0 1 9 6 21
131698 70 1 0 0 6 24
143124 36 1 0 0 6 23
147427 26 0 1 0 6 25
166901 36 0 1 2 6 26
186490 95 1 0 0 6 23
230520 58 1 0 0 6 23
232972 20 1 1 8 6 27
236199 18 1 1 0 6 26
249907 160 1 0 3 6 23
320291 15 0 0 4 6 22
350317 242 1 1 3 6 22
496765 2 1 1 0 6 27
500159 25 1 0 2 6 30
500697 37 0 1 3 6 25
500722 12 0 0 8 6 22
500723 16 1 0 0 6 25
500724 17 0 0 6 6 25
