266719
19
1265
266719 26 1 0 0 5 23
14024 25 0 1 0 6 27
16783 43 0 0 0 6 23
24169 15 0 1 0 6 32
26521 42 0 1 0 6 24
28808 42 0 0 0 6 23
32885 40 1 0 0 6 22
44740 39 1 1 0 6 31
65441 38 0 0 0 6 24
70682 21 0 1 0 6 24
70803 22 1 0 0 6 23
76431 19 1 1 0 6 25
81020 56 0 0 0 6 22
118425 76 1 1 2 6 29
143124 36 1 0 0 6 23
144457 14 0 0 0 6 23
163685 8 0 1 0 6 30
185979 57 1 1 4 6 24
187159 23 1 1 0 6 19
281281 9 1 1 0 6 26
283137 30 1 1 0 6 26
305105 16 1 0 0 6 44
307325 21 1 1 0 6 29
316681 20 0 0 0 6 25
381629 9 0 1 0 6 24
445202 14 1 1 0 5 38
900672 18 1 1 2 6 28
