36437
19
1419
36437 139 1 0 0 6 22
27 119 1 1 0 6 23
77 28 0 1 0 6 23
915 27 0 0 0 6 22
956 39 0 1 0 6 30
1594 185 1 1 0 6 22
3069 61 0 0 0 6 21
3127 139 1 1 0 6 24
3302 45 0 0 0 6 22
3375 80 1 1 0 6 22
4826 88 0 1 0 6 25
5490 34 0 1 0 6 22
6800 112 1 1 0 6 23
7245 29 0 1 3 6 27
7386 92 0 1 0 6 24
8577 42 0 0 0 6 22
10374 13 0 1 4 6 22
12993 199 1 1 4 6 20
13734 61 1 0 0 6 21
14370 101 0 0 0 6 17
15420 10 1 1 0 6 21
16522 69 1 1 0 6 20
16668 56 1 0 0 6 22
16790 44 0 1 0 6 25
16837 122 1 1 0 6 21
17067 39 1 1 0 6 22
17742 71 0 0 0 6 21
18158 89 1 1 0 6 22
18320 79 1 1 0 6 22
19764 73 1 1 0 5 23
19847 39 0 1 0 6 25
20259 30 1 1 0 6 23
20454 118 1 0 0 6 24
20557 86 1 0 0 6 22
20631 15 0 0 0 6 20
20823 52 0 0 0 6 23
20824 79 1 0 0 6 22
21461 56 1 1 0 5 23
22119 87 1 0 0 6 21
22476 60 1 1 0 6 25
22566 32 0 0 1 6 21
23141 63 1 0 0 6 23
23639 15 0 1 0 5 24
24080 227 0 1 1 6 25
24942 18 0 1 0 5 22
25097 73 1 1 0 6 24
25264 59 1 0 0 6 21
25367 64 1 0 0 5 21
25506 33 1 0 0 6 22
26080 97 1 0 0 6 20
26607 173 1 0 0 6 21
26928 62 1 1 0 6 24
26973 80 1 1 0 6 21
28453 63 1 0 0 6 22
28693 46 1 0 0 6 21
28908 111 1 1 0 6 23
29294 51 1 1 4 6 21
29873 76 1 1 0 6 22
30815 99 0 1 0 6 21
30967 30 1 1 0 6 25
32179 55 1 1 0 5 22
32529 49 1 1 0 6 27
33411 59 1 1 0 6 24
33469 51 1 1 0 6 23
33472 64 1 0 0 6 20
35040 59 1 1 0 6 26
37038 21 0 1 1 6 26
37734 69 1 0 0 6 24
37944 46 0 0 0 6 21
38041 70 1 1 7 6 25
38982 18 0 1 0 6 21
39132 39 1 1 0 6 21
39206 106 1 1 0 6 23
39944 25 0 0 0 6 21
40962 27 1 1 0 6 24
41001 147 1 1 0 6 22
41420 148 1 0 0 6 22
41729 18 0 1 0 6 22
42296 57 1 0 0 6 21
42747 58 0 0 5 6 19
43844 51 1 1 0 6 20
44041 109 1 1 0 6 24
44046 54 1 0 0 6 21
44165 65 1 0 0 6 23
44689 79 1 1 0 6 22
44722 175 1 1 8 6 22
45626 77 1 1 0 6 26
45961 40 1 1 0 6 24
46423 34 1 1 0 6 21
49020 26 1 1 0 6 24
51002 75 1 0 0 6 23
52636 11 0 1 0 5 26
56813 36 0 1 0 6 26
59717 38 1 1 0 5 21
61585 14 0 1 0 6 21
63190 43 1 1 0 6 26
64123 55 1 1 0 6 28
65012 65 1 0 0 6 21
65446 70 1 1 0 6 23
68582 49 1 1 0 5 25
70268 41 0 1 8 6 23
72268 492 1 1 9 6 27
73308 12 0 1 0 6 19
78134 24 1 1 0 6 21
78162 39 1 1 0 5 22
81229 80 1 1 0 6 14
83666 78 1 1 0 6 23
85329 31 0 1 0 6 27
87776 82 1 1 0 6 25
90490 3 0 1 0 6 25
97342 27 1 1 0 6 23
108713 76 1 0 1 6 26
110567 26 0 0 0 6 25
115715 51 1 1 0 6 22
121118 32 1 1 0 5 24
130175 15 1 0 0 6 22
137213 72 1 1 0 6 27
139600 9 0 1 0 6 18
148473 32 1 1 0 6 23
156529 49 1 1 0 6 25
159402 8 0 1 0 6 23
210429 83 1 1 4 6 21
233123 20 0 1 0 5 25
236176 12 0 1 0 6 28
289193 23 1 1 0 5 22
346125 81 1 1 8 6 24
358719 8 1 0 0 6 10
367679 23 0 1 0 6 24
368654 132 1 1 7 6 28
381421 32 1 1 1 6 23
451776 10 0 1 0 6 26
478154 5 1 1 1 5 22
479003 61 1 1 6 6 22
479024 27 0 1 6 6 24
479025 9 1 1 0 6 18
479026 47 1 1 5 6 25
479052 10 0 1 4 6 26
479053 8 1 1 1 6 24
479162 2 0 0 0 6 22
479347 22 1 1 1 6 24
