29253
19
1244
29253 35 1 1 0 6 24
1357 153 1 0 0 6 22
6337 74 1 1 0 6 23
7076 98 0 1 0 6 28
12516 72 1 0 0 6 22
14211 64 1 0 0 6 23
16783 43 0 0 0 6 23
22508 42 0 0 0 6 19
23028 63 0 0 0 6 21
23059 58 0 1 0 6 21
23122 164 1 1 0 6 24
23504 31 1 0 0 6 21
38828 43 1 0 0 5 23
44086 80 1 0 0 6 23
50999 37 1 1 0 6 23
57164 49 1 1 0 6 22
62294 35 0 0 0 5 22
67947 33 1 1 0 6 27
70791 39 0 1 0 6 18
70792 27 1 0 0 6 25
70896 19 0 0 0 6 23
81020 56 0 0 0 6 22
81117 40 1 0 0 6 22
89439 32 1 0 0 6 23
94703 44 1 0 0 6 19
98388 18 1 0 0 6 25
101032 32 1 0 0 6 22
109481 30 0 1 0 6 24
115039 25 0 0 0 6 23
118423 36 0 0 0 6 22
122868 26 0 0 0 6 22
125807 30 1 0 0 6 23
144377 37 1 1 0 5 23
153547 21 1 1 0 6 23
174878 44 1 0 0 6 22
410217 8 1 1 0 6 27
