6855
19
1471
6855 51 0 1 0 5 23
100 113 1 0 0 6 21
2869 104 1 1 0 6 21
2899 80 1 0 0 6 21
3387 73 1 1 0 6 22
7352 197 1 1 0 6 21
7379 40 1 1 0 5 23
8443 78 1 1 0 6 22
8463 141 1 1 0 6 19
12020 130 1 0 0 5 21
13283 173 1 0 0 6 19
14911 56 1 0 0 6 23
15519 89 1 0 0 6 18
16254 94 1 1 0 6 23
16657 27 1 0 0 6 22
17229 103 1 1 0 6 24
17401 124 1 0 0 6 20
17702 110 1 0 0 6 21
18166 128 1 0 0 6 19
18759 53 1 0 0 6 20
18940 73 1 0 0 6 18
19614 122 1 1 0 6 21
20457 63 1 1 0 6 23
20646 40 1 1 0 6 23
21283 142 1 1 1 6 21
21661 138 1 0 0 6 20
22798 49 1 0 0 6 21
23122 164 1 1 0 6 24
24206 81 1 1 0 6 22
24330 64 1 1 0 6 26
26080 97 1 0 0 6 20
26884 121 1 0 0 6 18
27106 128 1 1 0 6 22
27997 147 1 1 0 6 23
30032 70 1 1 0 6 21
33178 40 1 0 0 6 21
35711 74 1 1 0 6 21
36775 94 1 1 0 6 22
36805 30 1 1 0 6 23
37230 76 1 0 0 6 22
43821 138 1 0 4 6 16
49265 71 1 1 0 6 21
61681 61 1 1 0 6 21
62634 61 1 0 0 6 23
68587 58 1 1 0 6 22
70857 52 1 0 0 6 23
82254 77 1 1 0 6 28
117940 87 1 1 0 6 21
164740 50 1 1 0 6 23
176639 21 1 1 5 6 23
181327 51 1 0 0 6 21
561419 15 1 0 0 6 28
