26607
19
1415
26607 173 1 0 0 6 21
948 53 0 1 0 6 24
951 61 0 0 0 6 20
956 39 0 1 0 6 30
1021 235 1 1 4 6 22
1985 46 1 0 1 6 22
2035 19 0 1 0 6 24
2103 120 0 1 0 6 23
3069 61 0 0 0 6 21
3302 45 0 0 0 6 22
3320 48 1 1 0 5 23
3332 69 1 1 0 6 26
3375 80 1 1 0 6 22
3427 165 1 1 0 6 22
3578 72 1 1 0 6 22
3922 91 1 1 0 6 22
4300 56 0 0 0 6 29
4800 226 1 1 0 6 19
5150 65 0 1 0 6 23
6800 112 1 1 0 6 23
8484 59 0 0 0 6 20
8577 42 0 0 0 6 22
8789 156 1 1 0 6 22
13283 173 1 0 0 6 19
13650 37 0 0 0 6 21
13734 61 1 0 0 6 21
14242 140 1 1 0 6 23
14724 47 0 0 0 6 21
14739 132 1 1 0 6 29
15316 64 1 0 0 6 20
15560 48 0 1 0 6 20
15782 22 0 1 0 6 27
16288 66 0 0 0 6 20
16789 85 0 0 0 6 20
16790 44 0 1 0 6 25
17067 39 1 1 0 6 22
17401 124 1 0 0 6 20
17459 60 0 1 4 6 25
18029 78 0 1 0 6 20
18082 27 0 1 0 6 18
18083 10 1 1 0 6 22
18207 46 0 1 0 6 24
18217 70 0 0 0 6 22
18323 108 1 0 0 6 21
18610 29 0 1 0 6 22
18788 89 1 0 0 6 20
18851 34 1 0 0 6 22
19035 49 0 1 4 6 19
19578 50 0 1 0 6 27
19745 59 1 1 0 6 21
20014 80 1 0 1 6 20
20022 32 0 0 0 6 21
20240 56 0 1 0 6 23
20454 118 1 0 0 6 24
20557 86 1 0 0 6 22
20741 39 0 1 0 6 23
20823 52 0 0 0 6 23
21199 35 0 1 0 6 25
21461 56 1 1 0 5 23
21728 73 0 1 0 6 23
22119 87 1 0 0 6 21
22476 60 1 1 0 6 25
22799 28 0 1 0 6 23
23141 63 1 0 0 6 23
23637 99 1 0 0 6 21
23639 15 0 1 0 5 24
24080 227 0 1 1 6 25
24126 30 0 0 8 6 21
24252 56 1 0 0 6 21
25161 31 0 1 0 6 25
25264 59 1 0 0 6 21
25367 64 1 0 0 5 21
25510 149 1 1 0 5 24
26928 62 1 1 0 6 24
26973 80 1 1 0 6 21
27076 44 1 0 0 6 21
27095 58 0 0 0 6 21
27297 27 0 0 0 5 19
27404 102 1 1 0 6 20
28444 73 0 1 0 6 26
29294 51 1 1 4 6 21
29297 31 1 1 0 6 21
29539 63 1 1 0 6 22
29873 76 1 1 0 6 22
30815 99 0 1 0 6 21
31620 39 0 1 0 6 27
32193 131 1 0 0 6 16
32529 49 1 1 0 6 27
33359 46 0 0 0 6 22
34922 124 1 0 7 6 28
35882 10 0 1 0 6 25
36437 139 1 0 0 6 22
37765 49 0 1 0 6 21
37773 118 1 0 0 6 19
38041 70 1 1 7 6 25
38423 65 1 1 0 6 27
38870 76 1 1 0 6 25
39722 132 1 1 0 6 22
39944 25 0 0 0 6 21
41420 148 1 0 0 6 22
42242 36 0 0 0 6 17
42281 20 0 1 0 6 20
42296 57 1 0 0 6 21
42590 49 1 1 0 5 21
43091 46 1 0 0 6 21
43098 37 1 1 0 6 22
44596 67 1 1 0 6 21
45375 57 0 1 0 6 25
45999 76 1 1 0 6 22
46467 46 0 0 0 6 22
49644 29 0 0 0 6 20
49685 21 1 1 0 6 25
51298 32 1 0 0 6 20
51321 18 1 1 3 6 21
52639 73 0 1 0 6 25
56327 12 0 1 0 6 25
56547 173 1 1 0 6 24
60777 74 1 1 0 6 22
61585 14 0 1 0 6 21
61894 73 1 1 0 6 24
62166 30 1 1 0 6 24
62290 55 1 1 0 6 23
62575 33 1 1 0 6 24
63190 43 1 1 0 6 26
64123 55 1 1 0 6 28
65446 70 1 1 0 6 23
68150 199 1 1 0 6 22
68281 181 1 1 4 6 30
72268 492 1 1 9 6 27
79027 20 0 1 0 6 21
79292 5 0 1 0 6 18
81229 80 1 1 0 6 14
82077 32 0 0 0 6 24
82505 19 0 1 0 6 21
85329 31 0 1 0 6 27
87776 82 1 1 0 6 25
91226 20 1 1 0 6 30
92137 23 1 1 7 6 21
110567 26 0 0 0 6 25
113704 23 0 1 4 6 27
127818 52 0 1 8 6 21
131458 17 0 1 4 6 26
134939 13 1 0 0 6 29
138355 32 0 1 0 6 24
139600 9 0 1 0 6 18
148473 32 1 1 0 6 23
156529 49 1 1 0 6 25
160787 30 0 0 0 6 23
186366 27 1 1 4 6 27
201922 44 0 1 0 6 27
204202 13 0 1 0 6 24
236176 12 0 1 0 6 28
240452 40 0 1 4 6 21
250390 19 0 0 3 6 23
293342 26 1 0 0 6 21
295135 21 0 1 0 6 33
324041 71 1 1 4 6 24
326542 159 1 1 6 6 23
331002 2 0 1 4 6 22
358719 8 1 0 0 6 10
360876 3 1 0 0 6 22
361743 22 1 1 5 6 30
367435 33 0 0 1 6 26
367679 23 0 1 0 6 24
371824 63 0 1 1 6 24
377265 51 1 1 0 6 25
390309 22 0 1 7 6 25
390501 125 1 1 7 6 18
390502 6 0 1 3 6 26
390503 22 1 1 0 6 25
390618 1 1 1 2 5 30
390619 9 1 1 7 6 25
390644 61 1 1 0 6 22
391002 8 0 1 8 6 25
