25260
19
1360
25260 29 1 1 0 6 25
806 123 1 0 0 6 22
3148 57 0 1 0 6 24
3387 73 1 1 0 6 22
6324 127 1 0 0 6 20
8129 126 1 0 0 6 22
8133 65 0 0 0 6 21
12523 126 1 0 0 5 21
13272 58 1 0 0 6 20
13733 120 1 0 0 6 21
17397 83 1 0 0 6 23
18980 73 0 1 0 6 25
22987 79 1 1 0 6 23
23238 39 0 0 0 5 24
23975 102 1 1 0 6 24
29768 91 1 0 0 6 21
33483 109 1 0 0 6 21
33751 123 0 0 0 6 25
39241 77 1 0 0 6 23
44041 109 1 1 0 6 24
44441 36 1 0 0 6 24
60054 8 0 0 0 6 33
62637 38 1 1 0 6 25
62784 55 1 0 0 5 21
63190 43 1 1 0 6 26
68405 65 0 1 0 6 26
79804 56 1 0 0 6 23
80051 89 1 0 0 6 23
85831 21 0 0 0 6 22
152392 16 0 0 0 6 24
