17399
19
1277
17399 46 1 0 0 6 21
505 77 1 1 0 6 24
2043 68 0 0 0 6 20
6870 63 1 1 0 6 22
7472 45 1 1 0 6 22
7476 45 1 0 0 6 22
7517 30 1 1 0 6 22
8444 112 1 1 0 6 23
15636 27 0 1 0 6 23
15971 85 1 1 0 6 22
16679 43 0 0 0 6 22
16779 51 1 1 0 6 23
17402 45 0 1 0 6 23
18430 24 0 1 0 5 23
20191 30 0 1 0 6 23
20197 46 1 1 0 6 22
21708 36 1 0 0 5 24
22320 55 0 0 0 6 20
22487 27 0 0 0 6 23
42531 44 1 0 0 6 23
44071 33 1 1 0 6 23
46735 62 1 0 0 6 22
49675 36 0 0 0 6 22
51698 50 1 0 0 6 22
61450 36 0 1 0 6 22
110610 49 1 0 0 6 22
112894 41 1 1 0 6 17
134783 43 1 0 0 5 22
140987 11 0 1 0 6 24
145610 10 1 0 0 6 22
160598 44 1 0 0 5 22
161152 21 0 0 0 6 22
179140 23 1 1 2 6 22
186366 27 1 1 4 6 27
266123 9 0 0 0 6 25
269367 56 1 0 0 6 22
303218 153 0 1 0 6 35
303220 34 1 1 4 6 22
303251 25 1 1 3 6 24
303252 62 1 0 3 6 21
303253 29 1 1 3 6 22
303254 16 0 0 1 6 20
303256 43 1 0 2 6 21
303285 19 0 1 3 6 23
303286 43 1 1 3 6 23
303287 33 0 1 3 6 24
303339 2 1 0 0 6 25
