25262
19
1336
25262 78 1 1 1 6 29
806 123 1 0 0 6 22
1971 39 1 1 0 6 20
2496 123 0 0 0 6 18
3049 48 0 0 0 6 21
8610 19 0 0 0 6 23
8780 86 1 0 4 6 19
10791 115 1 1 0 6 21
11570 55 1 1 0 6 24
11838 20 0 0 0 6 24
11938 219 1 0 0 6 21
15660 73 1 1 0 6 24
18610 29 0 1 0 6 22
19578 50 0 1 0 6 27
21132 74 1 0 0 6 23
23975 102 1 1 0 6 24
25205 107 1 0 0 5 21
25206 82 1 0 0 6 20
25208 70 1 1 0 6 22
25305 42 1 1 9 6 23
25357 47 1 1 0 6 28
25985 57 0 1 0 6 21
27237 223 1 0 0 6 19
29289 19 0 1 0 6 25
31164 30 0 1 0 6 26
31173 152 1 0 0 6 19
32448 35 0 0 0 6 22
33751 123 0 0 0 6 25
37782 61 1 1 0 6 22
41311 89 1 1 1 6 27
41910 40 0 0 0 6 26
42201 40 1 1 0 6 24
45934 23 1 1 0 6 22
45946 41 0 1 0 6 24
45990 75 1 1 0 6 21
62640 78 1 1 0 6 24
62785 62 1 1 0 6 26
65675 25 1 0 0 6 26
69514 19 1 0 0 6 10
69776 43 1 1 0 6 23
70900 30 1 1 0 6 26
80943 58 0 0 0 6 24
86715 94 1 1 3 6 24
99366 21 0 0 0 6 26
102101 420 1 0 3 6 21
102427 43 1 0 0 6 24
106579 166 1 0 3 6 22
107730 46 0 0 7 6 24
110455 252 1 0 3 5 21
110564 30 1 1 0 6 25
110614 174 1 0 3 6 21
110671 31 1 1 0 6 28
110674 40 0 0 0 6 21
111249 40 1 1 0 6 24
113827 41 0 0 7 6 21
126405 59 0 0 0 6 21
145927 25 1 1 0 6 25
164992 155 1 1 3 6 22
183964 66 0 0 0 6 21
192848 35 1 1 0 6 22
217638 148 1 0 3 6 23
227414 32 0 0 7 6 21
231968 28 1 0 0 6 24
235642 67 0 1 0 6 21
237769 38 0 0 4 6 22
242457 38 0 0 7 6 22
287175 19 1 0 1 6 19
289881 58 1 0 1 6 25
290681 49 1 0 4 6 22
299349 19 0 0 0 6 22
327358 5 0 1 0 6 26
369930 21 0 1 1 6 27
371251 5 1 0 1 5 25
375100 34 0 0 7 6 22
376018 25 1 0 2 6 30
376019 3 0 0 1 6 58
376039 11 1 0 0 6 23
376074 16 0 1 1 6 27
376187 40 0 0 5 6 19
