8044
19
1435
8044 82 1 1 0 6 23
136 40 1 1 0 6 22
1736 66 1 0 0 6 20
1758 113 1 1 0 6 21
3069 61 0 0 0 6 21
3252 36 1 0 0 6 21
4847 69 0 0 0 6 24
5238 49 1 1 0 6 24
6324 127 1 0 0 6 20
7865 26 0 0 0 5 20
7874 78 0 1 0 6 20
8038 98 1 0 0 6 21
8126 86 1 1 0 6 21
8231 103 1 1 0 6 19
8448 51 1 1 0 6 21
8470 118 1 1 0 6 26
13204 32 1 1 0 6 20
13272 58 1 0 0 6 20
13829 74 0 0 0 6 21
14282 79 0 0 0 6 20
14760 91 1 1 0 6 23
15558 30 0 1 0 6 23
16791 153 1 0 0 6 20
16837 122 1 1 0 6 21
17387 47 1 0 0 6 21
17442 26 0 0 0 6 21
19358 38 0 1 0 6 25
21093 35 1 1 0 6 22
21487 73 0 1 0 6 24
21647 30 0 0 0 6 21
22007 104 1 0 0 6 20
22660 28 0 1 0 6 23
28712 30 0 0 0 5 21
29026 41 0 0 0 6 21
32629 66 1 0 9 5 23
33361 79 0 1 0 6 23
33472 64 1 0 0 6 20
33483 109 1 0 0 6 21
36174 63 1 1 0 6 21
37944 46 0 0 0 6 21
40273 56 0 0 0 6 21
40543 44 1 0 0 6 22
41116 39 1 0 1 6 20
41634 27 0 1 0 6 21
41926 42 1 1 0 6 20
42103 26 0 0 1 6 23
42765 31 1 0 0 6 22
42768 64 1 0 0 6 21
46658 115 1 0 0 6 22
49728 113 1 1 0 6 24
51861 67 1 0 0 6 22
56251 100 1 1 5 6 24
57274 35 1 1 0 6 21
62175 39 1 1 0 6 24
62224 23 0 0 0 6 22
64982 66 1 0 0 6 22
64989 12 0 0 0 6 22
65440 69 1 0 0 6 23
69051 62 1 0 0 6 21
82213 21 0 1 0 6 21
87904 18 0 0 0 6 23
89140 46 1 0 0 6 22
106760 49 1 0 0 6 21
130330 24 1 0 0 6 23
140361 32 1 0 0 5 23
140885 23 1 0 0 6 23
141090 22 1 0 0 6 21
142064 48 1 1 0 6 23
159133 25 1 0 0 6 22
174811 8 0 0 0 6 23
174814 40 1 1 0 6 23
174878 44 1 0 0 6 22
174945 21 0 1 2 6 23
174946 32 1 0 0 5 23
174947 54 1 1 2 6 23
174948 19 1 0 0 6 23
175091 14 1 0 0 5 23
175092 25 1 1 0 6 23
175205 12 0 1 0 6 31
181482 40 1 1 0 6 22
297291 28 1 1 0 6 23
315588 49 1 0 0 6 21
335005 43 1 0 0 6 22
