16783
19
1254
16783 43 0 0 0 6 23
505 77 1 1 0 6 24
5089 85 1 1 0 6 24
16779 51 1 1 0 6 23
16786 67 1 0 0 6 22
16788 77 1 0 0 6 22
16791 153 1 0 0 6 20
17229 103 1 1 0 6 24
17439 89 1 0 0 6 23
20812 36 1 0 4 6 23
25358 23 1 1 0 6 23
25603 54 1 1 0 6 22
29253 35 1 1 0 6 24
29539 63 1 1 0 6 22
29540 102 1 1 0 6 23
34359 32 1 1 0 6 24
36027 58 1 0 0 6 23
39052 52 1 1 0 6 24
42457 14 1 0 0 6 21
44086 80 1 0 0 6 23
46153 50 1 1 0 6 22
46658 115 1 0 0 6 22
48076 45 1 0 0 6 23
57164 49 1 1 0 6 22
61484 60 1 0 0 6 23
68895 27 1 1 0 6 22
78979 47 1 0 0 6 23
86254 29 1 0 0 6 23
89140 46 1 0 0 6 22
102482 50 1 1 0 6 23
110742 30 1 0 0 6 23
128329 52 1 1 0 6 30
137213 72 1 1 0 6 27
143124 36 1 0 0 6 23
144377 37 1 1 0 5 23
145371 34 1 0 0 6 23
153535 21 1 1 0 6 25
153547 21 1 1 0 6 23
190687 21 1 1 0 6 22
266719 26 1 0 0 5 23
273780 15 1 1 0 6 29
329414 16 1 0 0 6 23
544781 25 1 1 0 6 26
573217 20 1 0 0 6 25
