23975
19
1325
23975 102 1 1 0 6 24
660 34 1 1 0 6 21
804 82 0 1 0 6 27
806 123 1 0 0 6 22
862 143 1 0 0 6 21
1045 80 0 0 0 6 19
1765 140 1 0 0 6 20
1971 39 1 1 0 6 20
2107 91 1 0 0 6 22
2436 71 1 1 0 6 24
2485 79 1 1 0 6 21
2613 30 0 0 0 6 20
3129 63 1 1 0 6 24
3363 140 1 0 0 6 22
3367 62 1 0 0 6 21
3500 56 1 0 0 6 20
4751 29 1 0 0 6 24
4830 282 0 1 0 6 18
4836 114 1 1 0 6 25
5961 65 1 0 0 5 23
6583 95 1 1 0 6 23
6767 137 1 1 0 6 22
8133 65 0 0 0 6 21
8388 74 1 0 0 6 20
11253 78 0 1 0 6 20
11570 55 1 1 0 6 24
11585 117 1 1 0 6 20
12020 130 1 0 0 5 21
12043 160 1 0 0 6 18
12708 139 1 0 0 6 17
14909 23 1 0 0 6 23
15026 118 1 1 0 6 19
16842 24 0 1 0 6 15
18459 57 0 0 0 6 20
18980 73 0 1 0 6 25
20221 220 1 0 0 6 20
20395 19 0 1 0 6 24
20451 36 0 1 0 6 24
20454 118 1 0 0 6 24
20632 100 1 0 0 6 22
20823 52 0 0 0 6 23
21563 16 0 0 0 6 21
22977 87 0 0 0 6 22
23166 32 0 1 0 6 21
23967 100 1 0 0 6 19
25015 160 1 0 0 6 19
25205 107 1 0 0 5 21
25208 70 1 1 0 6 22
25260 29 1 1 0 6 25
25262 78 1 1 1 6 29
25266 85 0 0 0 6 21
25357 47 1 1 0 6 28
25439 130 1 1 0 6 25
25514 165 1 1 0 6 23
26466 82 0 0 0 6 19
27240 72 0 0 0 6 17
29289 19 0 1 0 6 25
29768 91 1 0 0 6 21
29873 76 1 1 0 6 22
30032 70 1 1 0 6 21
31815 48 0 0 0 6 21
31859 33 1 0 0 5 18
32180 41 1 1 0 6 25
32489 70 1 0 0 6 23
33517 23 0 1 0 6 25
34709 67 1 0 0 6 19
37782 61 1 1 0 6 22
40803 47 0 0 0 6 21
41311 89 1 1 1 6 27
45934 23 1 1 0 6 22
45936 22 1 1 0 5 25
45946 41 0 1 0 6 24
47489 20 0 0 0 6 21
51390 36 1 1 0 6 24
51436 51 0 0 0 6 24
52595 92 1 0 0 5 21
58152 29 1 1 0 6 23
62575 33 1 1 0 6 24
62634 61 1 0 0 6 23
62636 24 1 1 0 6 24
62637 38 1 1 0 6 25
62640 78 1 1 0 6 24
62784 55 1 0 0 5 21
62785 62 1 1 0 6 26
65675 25 1 0 0 6 26
69535 33 0 1 0 6 29
69776 43 1 1 0 6 23
70809 58 1 1 0 6 22
70852 59 1 1 0 6 33
70900 30 1 1 0 6 26
77573 8 1 1 0 6 24
77680 9 0 0 0 6 21
82168 10 0 0 0 6 23
110564 30 1 1 0 6 25
110570 69 1 0 0 6 23
110671 31 1 1 0 6 28
111249 40 1 1 0 6 24
145927 25 1 1 0 6 25
173112 13 1 1 0 5 25
192848 35 1 1 0 6 22
310207 20 1 0 0 6 26
365446 2 1 1 0 6 25
365447 2 1 0 4 5 21
