42768
19
1462
42768 64 1 0 0 6 21
1248 54 0 1 0 6 24
1758 113 1 1 0 6 21
2059 48 1 0 0 6 21
2062 63 1 1 0 6 22
2231 71 1 1 0 6 25
2253 79 1 0 0 5 20
2352 158 1 0 0 6 20
8038 98 1 0 0 6 21
8044 82 1 1 0 6 23
8443 78 1 1 0 6 22
13283 173 1 0 0 6 19
13642 39 0 1 0 6 22
14559 96 1 1 0 6 21
16791 153 1 0 0 6 20
18788 89 1 0 0 6 20
19307 40 0 1 0 6 26
19420 60 1 1 0 5 21
19525 21 1 1 0 6 20
19623 183 1 1 0 6 20
20453 58 1 0 0 6 21
21093 35 1 1 0 6 22
21227 64 1 0 0 6 22
22992 46 1 1 0 6 22
23124 51 1 1 0 6 22
24044 77 1 1 0 6 21
25367 64 1 0 0 5 21
28712 30 0 0 0 5 21
29629 37 1 0 0 6 21
32714 59 1 1 0 6 21
32717 45 1 1 0 6 21
32729 136 1 1 0 6 21
33477 124 1 1 0 6 21
33483 109 1 0 0 6 21
36093 19 1 1 0 6 21
36187 68 1 0 0 6 21
37167 74 1 0 0 6 20
38007 20 0 0 0 6 20
41119 30 0 1 0 6 20
41634 27 0 1 0 6 21
41641 39 0 0 0 6 20
41657 65 1 1 0 6 20
41928 16 0 1 0 6 21
42416 56 1 1 0 6 21
42450 71 1 0 0 6 21
42771 69 1 1 0 6 20
42825 36 1 1 0 6 21
43750 99 1 1 0 6 25
45576 29 0 0 0 6 24
46357 55 0 0 0 6 21
46502 19 0 1 0 6 23
48028 66 1 0 0 6 22
48051 30 1 1 0 6 22
50541 47 1 0 0 6 20
59248 38 1 0 0 6 21
60633 32 1 1 0 5 23
60641 30 1 1 0 6 22
61454 35 0 0 0 6 23
62175 39 1 1 0 6 24
86133 5 0 0 0 6 29
143058 19 1 1 0 6 24
158167 32 0 1 4 6 35
166978 52 1 0 6 6 23
265211 15 1 0 0 6 24
298837 27 1 0 9 6 23
