28903
19
1439
28903 105 1 1 0 6 22
851 107 1 1 0 6 25
1273 187 1 0 0 6 22
1565 127 0 1 0 6 21
1628 108 1 0 0 6 19
1631 32 0 0 0 6 21
1759 64 0 0 0 6 21
1937 132 1 0 0 6 22
2600 98 1 0 0 6 22
3363 140 1 0 0 6 22
3375 80 1 1 0 6 22
3438 88 1 0 0 6 20
4011 76 1 0 0 6 19
4059 65 1 0 0 6 21
5956 37 1 0 0 5 23
5964 110 1 0 0 6 22
6324 127 1 0 0 6 20
6325 83 1 0 0 6 21
6729 89 0 0 0 6 19
7848 74 0 0 0 6 20
7865 26 0 0 0 5 20
8038 98 1 0 0 6 21
8463 141 1 1 0 6 19
8580 177 1 0 0 6 18
8652 23 0 1 0 6 27
8879 82 1 0 0 6 21
9813 88 1 0 0 6 18
9974 36 0 0 0 6 22
12075 133 1 1 0 6 26
13015 44 1 0 0 6 22
13713 41 1 0 4 6 19
15767 84 0 0 0 6 20
15868 37 0 0 4 6 19
18091 41 1 0 0 6 20
18851 34 1 0 0 6 22
19013 101 1 0 0 6 20
19745 59 1 1 0 6 21
20088 145 1 1 0 6 26
20650 67 1 0 0 5 20
20826 28 1 0 0 6 22
21273 130 1 1 0 6 21
21759 45 0 0 0 6 21
22007 104 1 0 0 6 20
22786 71 1 0 0 6 19
22882 29 0 0 0 6 22
23065 43 1 1 0 6 20
23164 121 1 1 0 6 22
23166 32 0 1 0 6 21
24257 37 0 0 0 6 20
24331 74 1 0 0 5 19
24476 96 1 0 0 6 21
25510 149 1 1 0 5 24
25978 19 1 0 0 6 20
26080 97 1 0 0 6 20
26885 68 0 0 0 6 22
27732 29 1 0 0 6 18
28214 22 0 0 7 6 25
28688 26 1 0 2 6 22
28693 46 1 0 0 6 21
28694 7 1 0 0 6 12
28753 48 0 0 0 6 21
28804 19 1 0 0 5 24
28828 8 1 1 1 6 22
28837 38 0 0 0 6 24
28906 18 0 0 1 6 27
29575 56 0 0 0 6 21
29583 46 0 0 0 6 22
29873 76 1 1 0 6 22
30478 76 1 1 0 6 21
31170 26 1 0 0 6 21
32367 64 1 0 0 6 21
37230 76 1 0 0 6 22
38828 43 1 0 0 5 23
40543 44 1 0 0 6 22
40898 26 0 1 0 6 25
42023 72 1 0 0 6 19
42450 71 1 0 0 6 21
42528 123 1 0 0 6 19
43098 37 1 1 0 6 22
43840 30 0 0 9 6 20
43861 96 1 0 0 6 19
44008 51 0 0 0 6 19
44991 29 1 1 0 6 21
47489 20 0 0 0 6 21
49471 78 1 0 0 6 22
51002 75 1 0 0 6 23
53817 54 0 0 0 6 23
55153 84 1 0 0 6 22
62074 34 1 0 0 6 20
63250 36 1 1 0 6 23
64989 12 0 0 0 6 22
69233 13 0 0 0 5 22
71122 31 0 0 0 6 19
79664 9 0 1 0 6 22
89541 72 0 0 0 6 17
95655 40 0 0 0 6 21
95703 28 1 1 0 6 21
112892 16 0 0 0 6 17
114465 18 0 1 0 6 23
118423 36 0 0 0 6 22
136861 15 0 1 0 5 20
148537 19 0 0 0 6 22
148538 31 0 0 0 6 24
186490 95 1 0 0 6 23
361498 8 0 0 0 6 24
408513 23 1 0 1 6 22
