25510
19
1287
25510 149 1 1 0 5 24
806 123 1 0 0 6 22
2032 124 0 0 1 6 20
2103 120 0 1 0 6 23
2253 79 1 0 0 5 20
3588 85 1 0 0 6 22
3594 20 0 0 0 6 23
3820 37 0 1 4 6 25
4847 69 0 0 0 6 24
6324 127 1 0 0 6 20
6325 83 1 0 0 6 21
6583 95 1 1 0 6 23
7271 18 0 0 0 6 24
7372 58 1 1 0 6 21
8038 98 1 0 0 6 21
8126 86 1 1 0 6 21
8129 126 1 0 0 6 22
8470 118 1 1 0 6 26
8640 121 1 1 0 6 23
8943 41 0 0 0 6 23
9974 36 0 0 0 6 22
12075 133 1 1 0 6 26
12826 31 0 0 0 6 22
13829 74 0 0 0 6 21
14389 169 1 1 0 6 21
14440 157 1 1 0 6 27
14534 74 1 0 0 6 21
15092 111 1 1 0 6 24
16222 33 0 1 0 6 26
16657 27 1 0 0 6 22
16791 153 1 0 0 6 20
16828 27 0 0 0 6 23
16839 52 1 1 0 6 23
17203 10 0 0 0 6 23
17221 57 1 1 0 6 23
17387 47 1 0 0 6 21
17388 38 0 1 0 6 23
17394 37 0 0 0 6 21
17401 124 1 0 0 6 20
17443 60 1 0 0 6 21
18780 120 1 1 0 6 24
19578 50 0 1 0 6 27
19937 120 1 1 0 6 28
20454 118 1 0 0 6 24
20456 46 0 0 4 6 22
20771 94 1 0 0 6 21
20823 52 0 0 0 6 23
21132 74 1 0 0 6 23
22369 91 0 1 0 6 24
22791 72 1 1 0 6 24
22977 87 0 0 0 6 22
22990 28 0 0 0 6 21
23122 164 1 1 0 6 24
23592 59 0 1 4 6 21
24026 29 0 0 0 5 26
24229 44 0 0 0 6 22
24450 14 0 1 0 6 30
24669 47 1 0 0 6 24
25097 73 1 1 0 6 24
25305 42 1 1 9 6 23
25436 30 0 1 0 6 25
25514 165 1 1 0 6 23
25669 42 0 0 0 6 22
26607 173 1 0 0 6 21
26877 116 1 0 0 6 21
26885 68 0 0 0 6 22
26928 62 1 1 0 6 24
27544 49 0 0 0 6 24
28830 23 0 0 0 6 24
28903 105 1 1 0 6 22
29010 42 0 0 0 6 21
29583 46 0 0 0 6 22
31087 103 1 1 0 6 24
31164 30 0 1 0 6 26
31815 48 0 0 0 6 21
33751 123 0 0 0 6 25
38458 52 0 1 0 6 24
39709 56 1 0 0 6 21
40273 56 0 0 0 6 21
40898 26 0 1 0 6 25
40963 62 1 1 0 6 24
41277 41 0 1 0 6 24
41680 98 1 1 0 6 21
41682 63 0 0 0 6 22
41926 42 1 1 0 6 20
44503 184 1 1 0 6 29
46157 84 1 0 0 6 26
47489 20 0 0 0 6 21
48706 47 1 0 0 6 23
49406 45 0 0 0 6 22
49471 78 1 0 0 6 22
49728 113 1 1 0 6 24
50165 25 0 0 0 5 21
51080 70 1 0 0 6 34
51317 43 1 0 0 6 25
60553 21 0 1 4 6 23
60774 77 1 1 0 6 24
62291 55 1 1 1 6 24
62575 33 1 1 0 6 24
62595 29 0 1 4 6 25
62782 35 1 0 0 6 23
64988 43 1 1 1 6 27
68649 11 0 0 0 6 16
69524 25 0 1 0 6 26
71782 61 1 1 0 5 17
80051 89 1 0 0 6 23
80115 56 1 0 0 6 23
81100 25 0 0 0 6 22
82290 40 1 1 0 6 27
84186 34 0 1 0 6 24
85999 20 0 1 4 6 29
89235 64 1 1 0 6 24
95790 176 1 0 7 6 21
110674 40 0 0 0 6 21
111881 25 0 0 0 6 25
113472 96 1 0 0 6 24
114139 26 0 1 0 6 33
116418 27 0 0 0 6 21
116481 36 1 0 0 6 21
124861 25 0 0 0 6 24
129215 6 0 1 6 6 28
144774 46 1 1 0 6 24
144847 53 1 0 0 6 25
144933 13 1 1 0 6 27
145224 23 1 0 0 6 23
145371 34 1 0 0 6 23
148140 22 1 0 0 6 23
152880 91 1 0 0 6 25
153626 6 0 0 0 6 22
156133 18 0 1 4 6 22
156365 12 0 1 4 6 29
185558 53 1 0 0 6 27
203702 49 1 0 0 6 22
221696 23 1 0 0 6 24
235178 35 0 0 9 6 24
236928 17 0 0 0 6 26
247209 49 0 0 3 6 22
260042 8 1 1 0 5 24
262620 12 1 1 0 6 15
268362 34 1 0 0 6 26
291393 7 1 1 0 6 27
291399 17 1 1 0 6 28
357949 36 1 0 0 6 23
359412 5 0 1 0 5 27
372822 59 0 0 7 5 20
377950 6 1 0 0 6 24
378381 14 0 1 1 6 24
378411 36 1 0 3 6 26
378412 30 0 1 3 6 24
378834 6 1 1 0 6 32
