16791
19
1282
16791 153 1 0 0 6 20
505 77 1 1 0 6 24
806 123 1 0 0 6 22
1758 113 1 1 0 6 21
1806 62 1 1 0 6 21
2043 68 0 0 0 6 20
2062 63 1 1 0 6 22
2231 71 1 1 0 6 25
2352 158 1 0 0 6 20
2364 28 0 1 0 6 22
3387 73 1 1 0 6 22
3588 85 1 0 0 6 22
4942 15 0 1 0 6 22
5238 49 1 1 0 6 24
5490 34 0 1 0 6 22
6325 83 1 0 0 6 21
6583 95 1 1 0 6 23
7874 78 0 1 0 6 20
8038 98 1 0 0 6 21
8044 82 1 1 0 6 23
8126 86 1 1 0 6 21
8470 118 1 1 0 6 26
8545 49 0 1 0 6 22
8640 121 1 1 0 6 23
8911 41 1 0 0 6 19
9409 32 0 0 3 6 22
13272 58 1 0 0 6 20
13283 173 1 0 0 6 19
13989 50 1 1 0 6 23
14559 96 1 1 0 6 21
14704 61 1 1 0 6 22
15559 67 0 1 4 6 21
16196 70 1 1 0 6 21
16668 56 1 0 0 6 22
16783 43 0 0 0 6 23
16837 122 1 1 0 6 21
17221 57 1 1 0 6 23
17401 124 1 0 0 6 20
17402 45 0 1 0 6 23
17442 26 0 0 0 6 21
17443 60 1 0 0 6 21
18094 75 0 1 0 6 21
18096 22 0 1 0 6 22
18455 105 1 1 0 6 23
18788 89 1 0 0 6 20
18980 73 0 1 0 6 25
19030 91 1 0 0 6 21
19307 40 0 1 0 6 26
19578 50 0 1 0 6 27
20014 80 1 0 1 6 20
20451 36 0 1 0 6 24
20453 58 1 0 0 6 21
20789 21 0 1 0 6 27
21227 64 1 0 0 6 22
21257 119 1 0 0 6 18
21494 51 1 1 0 6 21
21561 65 1 1 0 6 25
22732 27 1 1 0 6 23
22790 130 1 0 0 6 19
22977 87 0 0 0 6 22
22992 46 1 1 0 6 22
23059 58 0 1 0 6 21
23191 48 1 0 0 6 21
24044 77 1 1 0 6 21
25097 73 1 1 0 6 24
25207 36 0 1 0 6 22
25305 42 1 1 9 6 23
25359 75 1 0 0 6 20
25360 20 0 1 0 6 23
25367 64 1 0 0 5 21
25438 41 1 0 0 6 20
25439 130 1 1 0 6 25
25506 33 1 0 0 6 22
25510 149 1 1 0 5 24
25511 58 1 1 0 6 25
25516 70 1 1 0 6 22
25603 54 1 1 0 6 22
27902 51 1 0 0 6 21
28712 30 0 0 0 5 21
29026 41 0 0 0 6 21
29198 26 0 1 0 6 26
29629 37 1 0 0 6 21
31086 52 1 1 0 6 20
32111 31 1 0 3 6 22
32222 24 0 1 0 6 26
32363 45 1 0 0 6 21
32714 59 1 1 0 6 21
32729 136 1 1 0 6 21
33474 31 1 0 0 6 20
36187 68 1 0 0 6 21
36309 37 0 1 0 6 23
37167 74 1 0 0 6 20
37443 41 0 1 0 6 23
37944 46 0 0 0 6 21
38007 20 0 0 0 6 20
38219 72 1 0 0 6 25
40543 44 1 0 0 6 22
40898 26 0 1 0 6 25
40963 62 1 1 0 6 24
41641 39 0 0 0 6 20
41657 65 1 1 0 6 20
41926 42 1 1 0 6 20
42447 50 1 1 0 6 20
42450 71 1 0 0 6 21
42768 64 1 0 0 6 21
42771 69 1 1 0 6 20
42823 60 1 0 0 6 20
42825 36 1 1 0 6 21
43825 11 1 1 0 6 21
43902 20 0 1 0 6 22
44086 80 1 0 0 6 23
45402 26 0 0 0 6 23
46357 55 0 0 0 6 21
48025 45 1 0 0 6 22
57274 35 1 1 0 6 21
59248 38 1 0 0 6 21
60641 30 1 1 0 6 22
60774 77 1 1 0 6 24
61454 35 0 0 0 6 23
61595 26 1 0 0 6 22
61894 73 1 1 0 6 24
63830 50 1 0 0 6 20
64982 66 1 0 0 6 22
65440 69 1 0 0 6 23
68763 47 0 1 5 6 23
72763 22 0 0 0 6 21
78134 24 1 1 0 6 21
78815 31 1 0 0 6 23
82213 21 0 1 0 6 21
85304 45 1 1 0 6 24
87776 82 1 1 0 6 25
100709 61 1 1 0 6 23
110674 40 0 0 0 6 21
113472 96 1 0 0 6 24
119833 26 0 0 0 6 23
124438 35 1 0 0 6 24
124573 32 1 1 0 6 22
137213 72 1 1 0 6 27
139903 53 1 0 0 6 23
141000 70 1 1 0 5 25
143248 27 0 0 0 6 23
144932 47 1 0 0 6 22
158167 32 0 1 4 6 35
167011 22 1 1 0 6 23
179469 25 1 1 4 6 20
186490 95 1 0 0 6 23
186647 9 0 0 0 6 22
240164 21 0 0 0 6 22
265658 11 0 1 0 6 31
278089 13 1 1 0 6 22
280889 17 1 0 0 6 23
291580 13 0 0 0 6 25
291829 27 1 0 3 6 24
292247 36 1 0 0 6 24
