16828
19
1288
16828 27 0 0 0 6 23
505 77 1 1 0 6 24
5961 65 1 0 0 5 23
7370 34 1 1 0 6 22
17067 39 1 1 0 6 22
17221 57 1 1 0 6 23
25097 73 1 1 0 6 24
25305 42 1 1 9 6 23
25510 149 1 1 0 5 24
25516 70 1 1 0 6 22
30371 88 1 0 0 6 22
31087 103 1 1 0 6 24
33483 109 1 0 0 6 21
45961 40 1 1 0 6 24
48017 80 1 1 0 6 24
49137 43 1 1 0 5 27
60774 77 1 1 0 6 24
62291 55 1 1 1 6 24
97182 88 1 0 0 6 22
113472 96 1 0 0 6 24
125807 30 1 0 0 6 23
130386 30 1 0 0 6 23
139903 53 1 0 0 6 23
185248 11 1 0 0 6 23
278280 12 1 1 9 6 26
350167 12 1 1 0 6 26
378091 18 1 1 0 6 36
1187564 22 1 1 7 5 24
