41910
19
1372
41910 40 0 0 0 6 26
1733 72 1 1 4 6 23
14996 8 1 1 0 5 25
20454 118 1 0 0 6 24
25262 78 1 1 1 6 29
25357 47 1 1 0 6 28
29466 48 1 1 0 6 26
30671 29 1 0 0 6 26
32180 41 1 1 0 6 25
40315 57 1 0 0 6 26
41311 89 1 1 1 6 27
44329 35 1 0 0 6 26
48263 39 1 1 0 6 26
56110 76 1 1 0 6 27
57124 44 1 0 0 6 26
62640 78 1 1 0 6 24
62785 62 1 1 0 6 26
69776 43 1 1 0 6 23
70900 30 1 1 0 6 26
110495 33 1 1 0 6 96
140112 31 1 1 0 6 26
145927 25 1 1 0 6 25
148889 17 1 0 0 6 28
156345 20 1 1 0 5 26
184180 24 1 1 0 6 26
207191 13 1 1 1 6 28
329371 20 1 0 0 6 28
424523 19 1 0 0 6 26
467410 36 1 1 3 6 30
517086 34 1 0 0 6 26
532425 22 1 0 0 6 27
550267 17 1 0 0 6 27
568094 10 1 1 0 6 32
704361 13 1 0 0 6 26
1046507 7 1 0 0 5 13
1072553 3 1 1 0 6 29
1110451 33 1 1 6 6 26
1123224 3 1 0 0 6 25
1184065 21 1 0 3 6 25
1258958 5 1 0 0 6 27
1381882 2 1 0 0 5 31
