41926
19
1461
41926 42 1 1 0 6 20
1806 62 1 1 0 6 21
2032 124 0 0 1 6 20
7874 78 0 1 0 6 20
8044 82 1 1 0 6 23
8126 86 1 1 0 6 21
8443 78 1 1 0 6 22
14766 31 0 0 0 6 20
16196 70 1 1 0 6 21
16791 153 1 0 0 6 20
16837 122 1 1 0 6 21
20824 79 1 0 0 6 22
21487 73 0 1 0 6 24
24061 50 1 1 0 6 21
25099 27 1 0 0 6 22
25359 75 1 0 0 6 20
25367 64 1 0 0 5 21
25510 149 1 1 0 5 24
26080 97 1 0 0 6 20
29026 41 0 0 0 6 21
29192 31 0 1 0 6 25
39067 42 0 0 0 6 21
40543 44 1 0 0 6 22
41034 58 1 0 0 5 19
41634 27 0 1 0 6 21
41638 55 1 0 0 6 21
41682 63 0 0 0 6 22
44086 80 1 0 0 6 23
50165 25 0 0 0 5 21
50540 87 0 1 0 6 20
57274 35 1 1 0 6 21
61677 163 1 1 3 6 21
62164 81 1 1 0 6 21
76440 30 0 1 0 6 20
78092 25 0 0 0 6 21
104692 15 0 0 1 6 26
105295 176 1 0 0 5 18
254220 20 1 1 0 6 21
280020 4 1 1 5 5 23
348232 17 0 0 0 6 21
367869 10 0 0 3 5 21
421426 34 1 1 8 6 24
424659 35 1 0 8 6 21
