568508
19
336
568508 28 0 1 7 6 18
46880 27 1 0 4 6 15
89024 96 1 0 7 6 16
94405 71 1 1 7 6 17
135645 33 1 1 7 6 18
152631 100 1 0 0 6 17
159336 33 1 0 7 6 17
165573 87 1 1 7 6 21
219156 52 1 1 7 6 20
231087 28 1 0 3 6 16
271166 14 1 1 7 6 19
288194 82 1 0 2 6 18
340351 36 1 0 7 6 16
340449 5 1 1 7 6 12
340749 33 1 1 7 6 15
348830 82 1 0 2 6 17
351555 58 1 0 1 6 15
403654 70 1 1 7 6 17
411446 62 1 1 2 6 16
484140 102 1 1 7 6 21
559484 16 1 1 7 6 18
581448 68 1 1 7 6 18
780189 22 1 1 7 6 18
797387 13 1 1 7 6 16
818188 25 1 1 7 6 18
846978 55 1 1 7 6 16
903161 18 1 1 7 6 18
940613 16 1 1 7 6 17
1132513 6 1 1 7 6 18
