44041
19
1371
44041 109 1 1 0 6 24
773 61 0 0 0 6 21
1217 14 0 0 0 6 29
1882 54 0 1 0 6 24
1937 132 1 0 0 6 22
1982 45 0 0 0 6 26
2336 124 1 0 0 6 22
2486 84 1 1 0 6 22
2864 92 0 1 0 6 21
3795 29 0 0 0 6 25
4016 43 1 0 0 6 24
5025 55 0 0 0 6 24
5271 106 0 1 0 6 19
5778 25 1 0 0 5 24
6337 74 1 1 0 6 23
6729 89 0 0 0 6 19
6767 137 1 1 0 6 22
6800 112 1 1 0 6 23
7386 92 0 1 0 6 24
7891 194 1 0 0 6 20
7936 69 1 0 0 6 19
8144 21 0 0 0 6 23
8441 41 0 0 0 6 22
8879 82 1 0 0 6 21
10266 53 0 1 0 6 24
11454 27 0 0 0 6 23
12523 126 1 0 0 5 21
14211 64 1 0 0 6 23
15642 20 1 1 0 6 21
17388 38 0 1 0 6 23
19193 41 1 0 0 6 24
19302 19 0 1 0 5 24
19778 32 1 0 0 6 24
19856 47 1 0 0 6 18
19983 76 1 0 0 6 18
20454 118 1 0 0 6 24
20696 41 1 0 0 6 24
20823 52 0 0 0 6 23
21311 66 1 0 0 6 22
21979 36 0 1 0 6 24
22119 87 1 0 0 6 21
23146 18 0 0 0 6 23
23414 105 0 0 0 6 20
23580 24 0 0 0 6 22
23848 60 1 1 0 6 24
24042 54 1 0 0 6 23
25205 107 1 0 0 5 21
25260 29 1 1 0 6 25
25301 41 1 1 0 5 23
25439 130 1 1 0 6 25
26080 97 1 0 0 6 20
26928 62 1 1 0 6 24
28839 28 0 0 0 6 25
28900 66 1 0 0 6 25
29237 66 0 0 0 6 23
29431 34 1 1 0 6 23
32529 49 1 1 0 6 27
33642 71 0 1 0 6 21
33850 43 1 0 0 5 24
36026 47 1 1 0 6 30
36250 87 1 0 0 6 22
36437 139 1 0 0 6 22
36746 31 1 0 0 6 25
36775 94 1 1 0 6 22
37429 41 1 1 0 6 25
39385 22 1 1 0 6 24
40620 25 0 1 0 6 24
40962 27 1 1 0 6 24
42692 37 0 0 0 5 24
44040 22 0 1 0 6 27
44069 117 1 0 0 6 20
44285 87 1 0 0 6 24
44503 184 1 1 0 6 29
46525 48 1 1 0 6 23
46596 12 0 1 0 6 26
53460 12 1 1 0 6 32
60846 15 1 1 0 6 12
61732 28 1 1 0 6 26
62635 39 0 0 0 6 24
62640 78 1 1 0 6 24
63106 13 1 1 0 5 23
63203 27 0 1 0 6 24
65021 34 0 0 4 6 27
68409 81 1 1 0 6 29
70857 52 1 0 0 6 23
73193 31 1 0 0 6 23
73437 34 0 0 0 6 23
73930 28 0 0 4 6 24
75665 61 1 0 0 6 22
76975 77 1 1 0 6 24
88300 29 1 0 0 6 24
88812 54 1 0 0 6 24
111382 41 1 0 0 5 23
114114 23 0 0 0 6 26
117683 20 0 0 0 6 23
118267 67 0 0 3 6 23
132928 19 1 1 0 6 24
143127 32 1 0 0 6 22
185558 53 1 0 0 6 27
233803 64 1 1 0 6 24
239429 51 1 0 0 6 20
254402 8 0 1 0 6 30
263703 16 0 0 0 6 23
265414 10 0 1 3 6 28
267966 8 1 1 0 5 22
293837 7 0 0 0 6 24
320514 17 0 0 0 6 28
348474 5 1 0 0 6 22
488843 6 1 1 4 6 38
552241 13 1 0 0 6 47
