15563
19
1430
15563 110 1 0 0 6 20
641 37 0 1 0 6 21
648 35 1 1 0 6 20
677 43 1 0 0 6 20
681 138 1 1 4 6 21
851 107 1 1 0 6 25
951 61 0 0 0 6 20
1273 187 1 0 0 6 22
1279 47 0 0 0 6 20
1624 70 1 0 0 6 19
2103 120 0 1 0 6 23
2249 69 1 0 0 6 21
3148 57 0 1 0 6 24
3373 54 1 0 0 6 20
3427 165 1 1 0 6 22
4031 52 1 1 0 6 20
4951 56 1 1 0 6 28
5142 796 1 1 0 6 25
5484 103 1 1 0 6 22
5734 80 1 1 0 6 27
6201 72 1 0 0 6 21
6800 112 1 1 0 6 23
7386 92 0 1 0 6 24
7419 70 1 0 0 6 20
8361 87 1 0 0 6 20
8443 78 1 1 0 6 22
8450 79 1 1 0 6 21
8484 59 0 0 0 6 20
11765 49 0 0 0 6 18
11776 71 0 1 1 6 25
12523 126 1 0 0 5 21
13239 85 1 0 0 6 20
14114 61 0 0 0 6 20
15316 64 1 0 0 6 20
15634 74 1 0 0 6 19
15782 22 0 1 0 6 27
16032 28 1 1 4 6 26
16149 71 1 1 4 6 19
16246 15 0 1 0 6 20
16280 50 1 0 0 6 20
16284 33 1 0 0 6 20
16288 66 0 0 0 6 20
16824 64 1 0 0 6 20
17401 124 1 0 0 6 20
17704 71 0 0 4 6 21
18169 57 0 0 0 6 21
18450 52 0 1 0 6 21
19851 96 1 0 0 6 20
19878 38 1 1 0 6 22
20323 40 1 1 0 6 26
20557 86 1 0 0 6 22
20943 87 1 1 0 5 20
22237 105 1 0 4 6 20
22369 91 0 1 0 6 24
22761 154 1 1 0 6 19
23122 164 1 1 0 6 24
23592 59 0 1 4 6 21
24331 74 1 0 0 5 19
25256 72 0 1 0 6 22
25315 36 0 1 0 6 22
25360 20 0 1 0 6 23
25695 60 0 1 4 6 19
26898 113 1 0 0 6 20
27297 27 0 0 0 5 19
28104 28 0 0 0 6 19
28442 21 1 1 0 6 21
29540 102 1 1 0 6 23
30360 27 0 1 0 6 22
31086 52 1 1 0 6 20
32262 51 1 0 0 6 18
33483 109 1 0 0 6 21
33613 60 0 1 0 6 32
35711 74 1 1 0 6 21
35814 27 0 1 4 6 21
38800 50 1 1 3 6 21
41420 148 1 0 0 6 22
42447 50 1 1 0 6 20
44441 36 1 0 0 6 24
44596 67 1 1 0 6 21
44689 79 1 1 0 6 22
44690 36 1 1 0 6 22
45461 47 0 1 4 6 23
45712 36 1 1 0 6 15
47080 49 1 0 0 6 27
47837 27 0 0 0 6 22
49265 71 1 1 0 6 21
54486 30 0 1 0 6 21
57274 35 1 1 0 6 21
60632 37 1 1 4 6 22
64959 25 0 1 0 6 32
65202 14 0 1 0 6 26
69051 62 1 0 0 6 21
71462 16 0 1 1 6 25
73256 5 0 1 0 6 22
77835 56 0 0 0 6 22
78667 21 1 0 0 6 20
79908 42 0 0 0 6 21
82468 22 1 1 0 6 22
86645 44 1 1 0 6 31
88294 25 1 1 1 6 24
91731 20 0 1 0 6 20
91732 18 0 1 0 6 22
113339 124 1 1 0 6 23
113472 96 1 0 0 6 24
121185 15 1 0 9 6 20
152596 103 1 0 0 6 14
262561 137 1 1 1 6 24
264923 110 1 0 3 6 19
275245 3 1 0 0 6 22
279015 6 0 0 4 5 23
279016 13 1 0 0 6 34
