6325
19
1314
6325 83 1 0 0 6 21
305 87 1 1 0 6 27
2231 71 1 1 0 6 25
4496 29 1 1 0 6 24
4836 114 1 1 0 6 25
5238 49 1 1 0 6 24
5962 67 1 1 0 6 27
6222 82 1 0 0 6 20
7386 92 0 1 0 6 24
8129 126 1 0 0 6 22
9974 36 0 0 0 6 22
14440 157 1 1 0 6 27
14704 61 1 1 0 6 22
14769 35 0 1 0 6 21
15557 112 1 0 0 6 21
16791 153 1 0 0 6 20
16837 122 1 1 0 6 21
19023 59 0 1 0 6 26
19030 91 1 0 0 6 21
19307 40 0 1 0 6 26
22038 31 1 0 0 6 21
22876 40 0 1 0 6 25
23122 164 1 1 0 6 24
24866 33 0 1 0 6 26
25356 39 0 1 0 5 27
25433 39 0 1 0 6 24
25438 41 1 0 0 6 20
25439 130 1 1 0 6 25
25510 149 1 1 0 5 24
25511 58 1 1 0 6 25
25601 116 1 0 0 6 19
25968 18 0 0 0 5 19
27472 69 1 1 0 6 26
27476 74 1 0 0 6 23
28903 105 1 1 0 6 22
28943 34 1 1 0 6 21
29429 23 0 0 0 6 23
33554 33 1 1 0 5 21
35219 48 1 1 0 5 22
41682 63 0 0 0 6 22
44086 80 1 0 0 6 23
45402 26 0 0 0 6 23
46592 22 0 0 0 6 20
47788 32 0 0 0 6 22
47861 35 0 0 0 6 21
47866 9 0 1 0 5 21
50541 47 1 0 0 6 20
51569 46 1 0 0 6 22
61547 20 0 1 0 6 25
61595 26 1 0 0 6 22
61617 76 1 1 0 6 24
61652 22 0 0 0 6 23
62291 55 1 1 1 6 24
62637 38 1 1 0 6 25
62782 35 1 0 0 6 23
70809 58 1 1 0 6 22
81100 25 0 0 0 6 22
81112 55 1 1 0 6 24
86023 19 1 0 0 6 22
89236 36 1 1 0 6 23
89239 17 1 1 0 6 23
95421 35 1 1 3 6 21
114526 10 0 0 0 6 24
116418 27 0 0 0 6 21
116481 36 1 0 0 6 21
140112 31 1 1 0 6 26
140987 11 0 1 0 6 24
142007 40 0 0 0 6 24
144676 34 1 1 0 6 32
144773 35 1 1 2 5 20
144774 46 1 1 0 6 24
144775 30 1 0 0 6 21
144841 14 1 0 0 6 28
144847 53 1 0 0 6 25
144931 27 1 1 1 6 23
144932 47 1 0 0 6 22
144933 13 1 1 0 6 27
144935 29 1 1 4 6 22
145223 20 1 1 0 6 24
145224 23 1 0 0 6 23
145228 30 0 1 6 6 33
145229 45 1 1 9 6 27
145371 34 1 0 0 6 23
145395 27 1 1 0 6 19
