18980
19
1326
18980 73 0 1 0 6 25
653 130 1 0 0 6 19
2485 79 1 1 0 6 21
3263 111 1 0 0 6 21
3527 84 1 1 0 6 20
3588 85 1 0 0 6 22
3620 72 1 1 0 6 24
3628 31 1 0 0 5 25
3984 150 1 0 0 6 17
4070 23 1 0 9 6 23
4827 106 1 1 0 6 21
4836 114 1 1 0 6 25
5961 65 1 0 0 5 23
6767 137 1 1 0 6 22
8129 126 1 0 0 6 22
8640 121 1 1 0 6 23
8788 113 1 0 0 6 21
12523 126 1 0 0 5 21
12910 85 1 1 0 6 19
13272 58 1 0 0 6 20
13989 50 1 1 0 6 23
14242 140 1 1 0 6 23
16791 153 1 0 0 6 20
16793 47 1 0 0 6 21
17397 83 1 0 0 6 23
18526 10 1 0 0 5 30
19086 41 1 0 0 6 20
19937 120 1 1 0 6 28
20364 16 1 1 0 6 27
23975 102 1 1 0 6 24
25260 29 1 1 0 6 25
25439 130 1 1 0 6 25
27476 74 1 0 0 6 23
29540 102 1 1 0 6 23
29873 76 1 1 0 6 22
38219 72 1 0 0 6 25
41311 89 1 1 1 6 27
42447 50 1 1 0 6 20
43477 110 1 0 5 6 21
44092 65 1 0 3 6 22
44441 36 1 0 0 6 24
44778 37 1 0 0 6 25
47080 49 1 0 0 6 27
47505 109 1 0 0 6 22
52595 92 1 0 0 5 21
54970 54 1 0 0 6 21
61733 93 1 0 0 6 22
62491 45 1 0 0 6 23
62634 61 1 0 0 6 23
62636 24 1 1 0 6 24
62637 38 1 1 0 6 25
62782 35 1 0 0 6 23
62784 55 1 0 0 5 21
63190 43 1 1 0 6 26
64347 39 1 0 0 6 23
68584 36 1 1 0 6 25
71836 16 1 1 0 6 25
81113 24 1 1 4 6 25
81606 27 1 0 0 6 24
82110 34 1 0 0 6 24
82212 49 1 1 0 6 28
83666 78 1 1 0 6 23
110570 69 1 0 0 6 23
178206 16 1 1 0 6 26
227079 26 1 0 0 6 26
262706 39 1 0 0 6 22
264954 28 1 0 0 6 25
273159 12 1 1 0 6 10
387983 53 1 1 0 6 25
395208 7 1 0 0 6 25
549217 24 1 1 1 6 31
599707 12 1 0 9 6 28
704728 51 1 0 6 6 25
1154057 2 1 0 0 6 22
