3375
19
1438
3375 80 1 1 0 6 22
95 100 1 1 0 6 23
951 61 0 0 0 6 20
1937 132 1 0 0 6 22
2626 39 0 0 0 6 24
3320 48 1 1 0 5 23
3628 31 1 0 0 5 25
5500 66 1 1 0 6 23
6324 127 1 0 0 6 20
6800 112 1 1 0 6 23
7853 38 1 0 0 6 22
8395 45 0 1 0 6 21
8450 79 1 1 0 6 21
8640 121 1 1 0 6 23
13116 44 1 1 0 6 23
13819 31 0 0 9 6 21
14052 164 0 0 0 6 20
14421 119 1 0 0 6 16
14554 26 0 1 0 5 23
15560 48 0 1 0 6 20
15767 84 0 0 0 6 20
15859 23 0 1 0 6 23
16254 94 1 1 0 6 23
16789 85 0 0 0 6 20
17442 26 0 0 0 6 21
18666 49 1 0 0 6 19
19302 19 0 1 0 5 24
19851 96 1 0 0 6 20
19921 78 1 0 0 6 23
20088 145 1 1 0 6 26
21487 73 0 1 0 6 24
21590 23 0 1 0 6 22
22055 69 0 0 0 6 20
22119 87 1 0 0 6 21
22799 28 0 1 0 6 23
23219 41 0 0 4 6 18
25367 64 1 0 0 5 21
25434 78 1 1 4 6 21
25514 165 1 1 0 6 23
26607 173 1 0 0 6 21
26878 99 1 1 0 6 22
26973 80 1 1 0 6 21
27668 54 0 0 4 5 21
28823 55 1 0 0 6 21
28903 105 1 1 0 6 22
28908 111 1 1 0 6 23
29516 97 0 0 0 6 20
29873 76 1 1 0 6 22
31533 10 0 1 0 6 25
36437 139 1 0 0 6 22
36740 14 0 1 0 6 24
36991 111 1 0 0 6 21
38041 70 1 1 7 6 25
38423 65 1 1 0 6 27
42823 60 1 0 0 6 20
43098 37 1 1 0 6 22
44044 48 1 1 0 6 21
44165 65 1 0 0 6 23
44430 72 0 0 0 6 21
44992 30 0 0 0 6 22
45250 26 0 0 0 6 27
45554 47 1 1 0 6 22
47791 76 1 0 0 6 22
51232 49 0 1 0 6 23
51528 31 0 1 4 5 21
60777 74 1 1 0 6 22
62290 55 1 1 0 6 23
68312 16 0 0 0 6 20
68463 19 0 0 0 6 21
75073 33 0 1 0 6 22
80019 23 0 0 1 6 23
80817 94 1 0 0 6 23
82113 11 1 1 0 6 13
82114 162 1 0 0 6 20
82174 17 0 1 3 6 23
82175 34 1 0 1 6 21
82176 23 1 0 0 6 23
82177 19 1 1 0 6 22
82213 21 0 1 0 6 21
82288 53 1 1 0 6 23
82289 23 0 1 0 6 24
