62291
19
1467
62291 55 1 1 1 6 24
2032 124 0 0 1 6 20
2557 113 0 0 6 6 29
2600 98 1 0 0 6 22
3261 52 0 0 0 6 22
6325 83 1 0 0 6 21
6620 53 1 0 0 6 20
7354 83 1 0 0 6 22
8126 86 1 1 0 6 21
8470 118 1 1 0 6 26
8640 121 1 1 0 6 23
10148 36 0 0 0 5 26
13450 52 1 0 0 6 21
14440 157 1 1 0 6 27
16828 27 0 0 0 6 23
17221 57 1 1 0 6 23
17388 38 0 1 0 6 23
18780 120 1 1 0 6 24
21199 35 0 1 0 6 25
22458 44 0 1 0 6 32
24300 86 0 0 4 6 22
25510 149 1 1 0 5 24
26080 97 1 0 0 6 20
32877 48 1 0 0 6 25
37226 39 1 0 0 5 20
37338 44 1 0 0 6 20
37944 46 0 0 0 6 21
40963 62 1 1 0 6 24
41034 58 1 0 0 5 19
44077 43 1 0 0 6 19
44701 34 1 0 0 6 21
46466 71 1 0 0 5 22
49041 58 1 0 0 6 21
49728 113 1 1 0 6 24
50268 43 1 0 0 6 22
65442 48 1 0 0 5 23
70808 66 1 1 0 6 25
79481 14 0 0 4 5 19
84191 67 1 0 0 6 24
89235 64 1 1 0 6 24
92272 19 0 0 0 6 22
130174 65 1 0 0 6 23
130345 24 1 0 0 6 22
142079 28 0 0 0 6 23
144774 46 1 1 0 6 24
144847 53 1 0 0 6 25
166862 69 1 0 1 6 23
166864 62 1 0 1 6 23
194387 54 0 0 0 6 23
268507 54 0 0 4 6 25
305262 13 1 0 3 6 23
331884 54 1 1 0 6 26
374339 38 1 0 4 6 25
465291 54 1 0 7 6 23
465374 46 1 0 7 6 21
533615 13 1 0 1 6 22
