297018
19
338
297018 48 0 0 7 6 20
17167 94 1 1 0 6 21
21446 58 1 1 2 6 22
37731 140 1 1 0 6 23
38590 145 1 1 7 5 19
55046 99 1 1 7 6 19
97572 82 1 1 4 6 21
124722 55 1 1 7 6 19
158382 90 1 1 7 6 21
162293 126 1 1 1 6 21
189200 75 1 0 7 6 18
191207 89 1 1 7 6 20
192474 26 1 0 7 5 20
193067 49 1 0 7 6 18
198333 27 1 1 7 6 23
201748 53 1 1 7 6 21
218444 80 1 1 2 6 14
219156 52 1 1 7 6 20
220037 90 1 1 7 6 25
225488 63 1 1 7 6 18
257036 91 1 0 4 6 18
280285 39 1 1 1 6 19
365034 28 1 0 7 6 20
365852 37 1 0 7 6 20
390278 58 1 0 1 6 18
395527 66 1 1 7 6 24
395626 99 1 1 7 6 18
406381 42 1 1 7 6 18
421231 37 1 0 7 6 22
431128 51 1 1 7 6 21
449916 57 1 1 7 6 19
483193 61 1 1 7 6 17
483303 41 1 1 7 6 20
484665 75 1 0 7 6 24
493207 15 1 0 0 6 20
493505 55 1 1 7 6 21
493506 50 1 1 7 6 20
495450 81 1 0 7 5 19
497955 32 1 0 4 6 18
581495 47 1 0 7 6 20
632199 51 1 1 7 6 21
691400 16 1 1 7 6 20
711533 18 1 1 7 6 11
725225 20 1 1 4 5 36
810991 16 1 1 7 6 20
833044 48 1 0 7 6 20
897001 16 1 1 7 6 22
1015295 24 1 1 7 6 21
1015315 16 1 1 7 6 24
