25359
19
1460
25359 75 1 0 0 6 20
806 123 1 0 0 6 22
1806 62 1 1 0 6 21
2362 64 0 1 0 6 21
3427 165 1 1 0 6 22
5602 53 0 1 0 6 24
6324 127 1 0 0 6 20
6767 137 1 1 0 6 22
8031 144 1 0 0 6 21
8126 86 1 1 0 6 21
9409 32 0 0 3 6 22
16196 70 1 1 0 6 21
16682 58 0 0 0 6 20
16791 153 1 0 0 6 20
17387 47 1 0 0 6 21
17394 37 0 0 0 6 21
17443 60 1 0 0 6 21
17947 27 1 0 0 6 21
18164 36 1 1 0 6 21
21227 64 1 0 0 6 22
22320 55 0 0 0 6 20
22990 28 0 0 0 6 21
23028 63 0 0 0 6 21
25367 64 1 0 0 5 21
25520 43 1 0 0 6 21
26973 80 1 1 0 6 21
29026 41 0 0 0 6 21
29297 31 1 1 0 6 21
32717 45 1 1 0 6 21
32729 136 1 1 0 6 21
36187 68 1 0 0 6 21
37120 39 1 0 0 6 21
37944 46 0 0 0 6 21
38219 72 1 0 0 6 25
40272 37 1 0 0 6 21
40278 52 1 0 0 6 21
41484 51 0 0 0 6 20
41486 28 1 0 0 6 21
41534 44 1 0 0 5 21
41537 28 0 0 0 6 21
41541 39 0 0 0 6 21
41632 45 1 1 0 6 20
41638 55 1 0 0 6 21
41641 39 0 0 0 6 20
41926 42 1 1 0 6 20
44596 67 1 1 0 6 21
44690 36 1 1 0 6 22
47791 76 1 0 0 6 22
48029 12 1 1 0 6 22
48935 16 1 1 0 6 32
52505 43 1 0 0 6 22
57274 35 1 1 0 6 21
57991 38 0 1 0 6 21
65356 19 0 1 0 6 23
70794 14 0 0 0 6 21
72904 32 1 1 0 6 22
78227 19 1 1 0 5 22
78901 21 0 1 0 6 23
82065 34 1 1 0 6 17
82213 21 0 1 0 6 21
100709 61 1 1 0 6 23
118520 35 1 0 9 6 21
126341 31 1 0 0 6 21
131834 12 1 0 0 5 21
138115 26 1 1 0 6 21
144775 30 1 0 0 6 21
151730 53 1 0 0 6 21
175092 25 1 1 0 6 23
248233 4 0 0 0 6 42
254220 20 1 1 0 6 21
278554 22 1 1 0 6 22
305522 10 0 0 1 6 20
345287 150 1 1 4 6 23
367679 23 0 1 0 6 24
378027 9 1 1 8 6 21
378028 16 1 0 0 5 25
