1194290
1020312
608777
1244203
568184
522412
384942
526462
434845
522999
1387928
1209978
581567
1266017
607077
1116939
1033528
1399956
1334471
1353920
682141
959929
1375390
506746
1421650
825808
1033563
581627
885785
582328
1156263
1347080
883215
431450
652004
666052
523612
552799
431020
305647
1426712
1126814
1301100
1548963
905595
1548940
1548969
964469
770955
870750
1438901
428637
1268297
1242233
348101
162574
1548771
242238
1048119
77529
749744
753570
724443
1078867
569862
512012
241627
368281
514899
385752
651472
549587
459412
843406
520619
1254479
1097897
1279723
1264918
632000
1413343
1590524
1106167
1414911
1242840
324338
1318593
1203392
736875
780867
1184349
1076855
66155
436324
779881
936998
1551890
906257
924747
1427538
