1	0.0025974025974025974
2	0.0025974025974025974
3	0.0025974025974025974
5	0.005194805194805195
6	0.005194805194805195
8	0.02077922077922078
9	0.012987012987012988
10	0.023376623376623377
11	0.02857142857142857
12	0.01818181818181818
13	0.015584415584415584
14	0.01818181818181818
15	0.01818181818181818
16	0.023376623376623377
17	0.04415584415584416
18	0.05974025974025974
19	0.09610389610389611
20	0.05974025974025974
21	0.04155844155844156
22	0.03896103896103896
23	0.05194805194805195
24	0.03116883116883117
25	0.033766233766233764
26	0.02857142857142857
27	0.012987012987012988
28	0.023376623376623377
29	0.04935064935064935
30	0.02857142857142857
31	0.023376623376623377
32	0.02857142857142857
33	0.012987012987012988
34	0.007792207792207792
35	0.02077922077922078
36	0.0025974025974025974
37	0.0025974025974025974
38	0.01038961038961039
39	0.015584415584415584
40	0.01038961038961039
41	0.007792207792207792
42	0.005194805194805195
43	0.0025974025974025974
44	0.005194805194805195
45	0.007792207792207792
46	0.007792207792207792
47	0.007792207792207792
49	0.005194805194805195
50	0.0025974025974025974
52	0.0025974025974025974
53	0.005194805194805195
54	0.005194805194805195
55	0.0025974025974025974
