724333
1030308
760090
348252
167396
351264
468171
271963
237395
330214
1017955
1032945
1032935
72358
1032991
1019770
932768
393530
811443
977611
1008880
393538
1033031
1032414
1032810
1008023
686993
372947
732787
927955
1018444
535209
791167
356092
407820
837916
1183744
699673
348259
932769
773029
509165
1032933
345835
724299
885461
1008907
729050
1029801
504648
1151388
1068253
1123572
885859
217464
1151395
1019254
846558
1033040
264684
346019
938949
1123497
674998
748801
523117
1019448
1123271
1191966
1017952
1184084
1151393
1032936
780739
537781
729051
1151354
1249653
312933
846559
1032807
774098
932766
1194334
1123576
161525
1032828
752611
1052967
506718
1032829
1151394
763346
1019255
1032821
1032819
563997
1068416
1151355
1191514
