259340
166631
370039
109534
282569
530909
321337
370038
369874
212933
462619
777991
811936
164069
582333
372921
372137
369872
432980
352486
352151
459013
240974
470895
43260
434869
434524
429116
448878
234356
507703
35322
432976
155575
319549
430642
532722
334029
371808
732992
608199
379115
382504
416043
356394
370505
368803
564635
24440
369728
285387
366817
544224
372955
335075
149642
164071
164627
491351
335598
552393
143282
381888
967047
1177961
62431
533851
435073
420299
601409
61712
1178227
166496
433107
298297
369724
264020
283933
1174437
686261
785534
1037432
773084
402501
751811
89185
1178540
582756
564333
164802
908229
819407
457674
214126
469967
922705
508082
336897
72738
371707
