577364
1232433
1380228
655077
513376
1287311
640703
599179
1175843
602143
883215
623138
740164
576630
627249
534795
1156263
244161
802172
513924
533984
524780
886279
370645
575249
107914
92387
557817
718070
167678
66880
718651
575315
686429
564993
564493
554773
523021
407096
513075
389183
949313
1051731
564288
564740
296960
885767
1232418
885791
512016
593100
368281
1033362
1192142
46794
1334471
575104
776791
1467027
512150
575106
1379995
514930
548757
1378238
695211
514938
574853
885137
515529
172520
241592
262081
336895
435645
1118160
1060285
212934
581567
665988
686473
1405231
564145
312054
515026
623180
885613
812288
870106
731859
511563
314260
1446426
576525
751576
277342
946542
328627
437612
638589
