334814
298297
369724
684403
368803
837616
266476
515550
683288
24440
335159
683075
371596
43260
1219765
370696
363799
429943
372133
684176
400079
733575
352618
369720
212465
782522
370033
544336
335598
1185476
156078
544436
125167
430046
255593
144570
369917
1185477
1003456
30791
369872
212857
352151
275745
164627
42582
1219779
753461
948700
949010
398300
90149
648344
382703
1253606
91749
544490
259340
544126
867353
540807
456747
532957
768198
617246
754465
164067
382079
1254301
355525
753522
240117
255699
435539
434868
323236
1254351
972075
949262
680985
225205
532880
509568
50692
470895
426391
433107
371609
371607
369796
353713
301151
462806
426393
371480
369876
282475
777991
91687
532717
