1	0.03907793633369923
2	0.030515916575192096
3	0.03424807903402854
4	0.0287596048298573
5	0.024807903402854006
6	0.02897914379802415
7	0.026125137211855103
8	0.021734357848518113
9	0.020856201975850714
10	0.019978046103183315
11	0.025905598243688256
12	0.019319429198682767
13	0.016904500548847422
14	0.016026344676180023
15	0.015148188803512623
16	0.016904500548847422
17	0.015806805708013173
18	0.015587266739846322
19	0.015806805708013173
20	0.013830954994511526
21	0.01624588364434687
22	0.01756311745334797
23	0.012294182217343578
24	0.015367727771679473
25	0.01119648737650933
26	0.013391877058177827
27	0.011855104281009879
28	0.010537870472008782
29	0.01163556531284303
30	0.010757409440175631
31	0.014489571899012075
32	0.012513721185510428
33	0.009659714599341384
34	0.010537870472008782
35	0.009879253567508232
36	0.009220636663007684
37	0.007683863885839737
38	0.009220636663007684
39	0.008342480790340286
40	0.009220636663007684
41	0.008562019758507134
42	0.009001097694840834
43	0.007464324917672887
44	0.005268935236004391
45	0.007025246981339188
46	0.008562019758507134
47	0.009220636663007684
48	0.007683863885839737
49	0.006147091108671789
50	0.00570801317233809
51	0.008122941822173435
52	0.005488474204171241
53	0.005927552140504939
54	0.005488474204171241
55	0.005268935236004391
56	0.006805708013172338
57	0.003512623490669594
58	0.004829857299670692
59	0.003951701427003293
60	0.004171240395170143
61	0.003951701427003293
62	0.005927552140504939
63	0.003293084522502744
64	0.004829857299670692
65	0.0030735455543358945
66	0.0050493962678375415
67	0.003951701427003293
68	0.0050493962678375415
69	0.003293084522502744
70	0.003512623490669594
71	0.003512623490669594
72	0.002414928649835346
73	0.002414928649835346
74	0.005268935236004391
75	0.0019758507135016466
76	0.003512623490669594
77	0.002414928649835346
78	0.003951701427003293
79	0.003293084522502744
80	0.002854006586169045
81	0.0037321624588364435
82	0.0021953896816684962
83	0.0026344676180021956
84	0.002854006586169045
85	0.002414928649835346
86	0.0013172338090010978
87	6.586169045005489E-4
88	0.001756311745334797
89	0.0026344676180021956
90	0.0021953896816684962
91	0.0015367727771679472
92	0.002854006586169045
93	0.0013172338090010978
94	0.002414928649835346
95	0.002854006586169045
96	0.0015367727771679472
97	0.001756311745334797
98	0.0013172338090010978
99	0.0010976948408342481
100	0.0010976948408342481
101	0.0010976948408342481
102	0.0021953896816684962
103	0.0010976948408342481
104	0.001756311745334797
105	4.390779363336992E-4
106	0.0013172338090010978
107	4.390779363336992E-4
108	0.0010976948408342481
109	0.0015367727771679472
110	0.0010976948408342481
111	0.0013172338090010978
112	8.781558726673985E-4
113	0.0013172338090010978
114	8.781558726673985E-4
115	0.001756311745334797
116	8.781558726673985E-4
117	6.586169045005489E-4
118	0.0010976948408342481
119	0.0013172338090010978
120	4.390779363336992E-4
121	4.390779363336992E-4
122	8.781558726673985E-4
123	4.390779363336992E-4
124	0.0010976948408342481
125	8.781558726673985E-4
126	4.390779363336992E-4
127	8.781558726673985E-4
128	0.0015367727771679472
129	4.390779363336992E-4
130	0.0013172338090010978
131	0.001756311745334797
132	0.0019758507135016466
133	6.586169045005489E-4
134	8.781558726673985E-4
136	6.586169045005489E-4
137	2.195389681668496E-4
138	2.195389681668496E-4
139	6.586169045005489E-4
140	4.390779363336992E-4
141	4.390779363336992E-4
142	0.0010976948408342481
143	8.781558726673985E-4
144	4.390779363336992E-4
145	0.0010976948408342481
146	6.586169045005489E-4
147	0.0013172338090010978
148	2.195389681668496E-4
149	2.195389681668496E-4
150	2.195389681668496E-4
151	4.390779363336992E-4
152	4.390779363336992E-4
153	4.390779363336992E-4
155	6.586169045005489E-4
156	0.0013172338090010978
157	2.195389681668496E-4
158	4.390779363336992E-4
159	2.195389681668496E-4
160	2.195389681668496E-4
161	2.195389681668496E-4
162	2.195389681668496E-4
163	4.390779363336992E-4
164	2.195389681668496E-4
166	2.195389681668496E-4
168	4.390779363336992E-4
169	2.195389681668496E-4
170	4.390779363336992E-4
173	4.390779363336992E-4
175	4.390779363336992E-4
176	2.195389681668496E-4
177	6.586169045005489E-4
178	0.0010976948408342481
179	2.195389681668496E-4
181	4.390779363336992E-4
182	8.781558726673985E-4
184	6.586169045005489E-4
186	4.390779363336992E-4
190	2.195389681668496E-4
191	2.195389681668496E-4
192	4.390779363336992E-4
193	2.195389681668496E-4
196	6.586169045005489E-4
199	2.195389681668496E-4
200	6.586169045005489E-4
201	2.195389681668496E-4
202	2.195389681668496E-4
203	4.390779363336992E-4
206	2.195389681668496E-4
207	2.195389681668496E-4
208	6.586169045005489E-4
210	2.195389681668496E-4
211	2.195389681668496E-4
215	2.195389681668496E-4
216	4.390779363336992E-4
217	2.195389681668496E-4
219	2.195389681668496E-4
220	2.195389681668496E-4
223	4.390779363336992E-4
224	4.390779363336992E-4
227	2.195389681668496E-4
230	4.390779363336992E-4
234	4.390779363336992E-4
236	2.195389681668496E-4
239	4.390779363336992E-4
243	2.195389681668496E-4
244	2.195389681668496E-4
248	4.390779363336992E-4
252	6.586169045005489E-4
257	2.195389681668496E-4
259	2.195389681668496E-4
261	2.195389681668496E-4
270	4.390779363336992E-4
275	4.390779363336992E-4
276	2.195389681668496E-4
279	2.195389681668496E-4
283	2.195389681668496E-4
287	2.195389681668496E-4
289	2.195389681668496E-4
296	2.195389681668496E-4
297	2.195389681668496E-4
298	2.195389681668496E-4
302	4.390779363336992E-4
319	4.390779363336992E-4
321	2.195389681668496E-4
322	2.195389681668496E-4
335	2.195389681668496E-4
344	2.195389681668496E-4
349	2.195389681668496E-4
351	4.390779363336992E-4
356	2.195389681668496E-4
360	2.195389681668496E-4
367	2.195389681668496E-4
373	2.195389681668496E-4
377	2.195389681668496E-4
379	2.195389681668496E-4
383	2.195389681668496E-4
398	2.195389681668496E-4
415	2.195389681668496E-4
439	2.195389681668496E-4
447	2.195389681668496E-4
457	2.195389681668496E-4
458	2.195389681668496E-4
461	2.195389681668496E-4
480	2.195389681668496E-4
496	2.195389681668496E-4
524	2.195389681668496E-4
534	2.195389681668496E-4
555	2.195389681668496E-4
605	2.195389681668496E-4
644	2.195389681668496E-4
670	2.195389681668496E-4
700	2.195389681668496E-4
736	2.195389681668496E-4
749	2.195389681668496E-4
760	2.195389681668496E-4
764	2.195389681668496E-4
769	2.195389681668496E-4
796	2.195389681668496E-4
803	2.195389681668496E-4
