457067
605670
1345900
888698
441602
108607
1481225
87845
1563929
108622
1181972
1168636
214728
1243342
1603075
1109601
1244257
1034016
819570
1121491
48731
998993
28236
66240
532101
287453
1287803
568945
47831
259523
184992
413068
480116
277897
334522
1345820
622069
126480
370978
176246
4206
299780
153407
94968
87931
530264
87921
157548
229095
48872
290458
285456
876233
271112
106639
14057
49325
331497
232570
777374
351233
148596
354729
1345971
76954
1144017
646305
330261
185422
934438
211485
179210
483826
416237
728133
88570
87124
58273
288089
322156
124243
767351
96596
55958
292196
248164
1345972
263430
290028
1345970
90677
228652
311888
47672
54552
39909
49104
999386
319571
55323
