568508
818188
484140
691400
414880
62130
377956
458803
219156
297018
397335
173203
357217
691354
691474
374388
423047
912201
777535
503972
228408
691365
689351
691355
348549
1067015
1504827
156161
1067016
896180
824038
1523937
823304
1523935
861706
546658
677116
181227
231739
914395
671797
1267726
817477
796417
660607
560164
20806
845429
1559123
1519982
1067013
87056
837509
750737
1499422
43583
782554
498270
1501165
106827
1501323
43582
1460673
136129
137377
1402906
1034032
1530988
1046843
99530
208126
609098
802582
1246412
1017327
1046423
1380336
1427307
1261356
1253110
1411519
1385719
1379860
1426831
1427303
1610763
671124
1623878
233576
400821
235614
402677
196720
1246408
1246410
1427304
1427305
681392
1293858
473356
