31570
430810
431350
431229
386380
31807
31458
343868
431351
142582
349359
61302
170139
281743
281767
433800
229072
32254
433198
383621
281715
29806
62811
31468
31606
431263
433378
40628
294136
130946
430740
433504
60990
434172
431259
431752
434311
434479
3205
431261
267435
32210
429114
31464
32324
31791
383390
349465
431228
268832
31581
383702
267567
433991
340434
439945
433897
434055
434476
32507
32257
31571
114019
31804
88999
433314
433947
433344
282428
433983
433345
433946
412773
434394
433347
274535
433945
434310
384604
282715
433952
433346
434312
315189
433944
434477
433432
434475
434173
431230
430587
433887
433907
167027
433380
319703
318182
396515
433379
433893
