214732
146959
141086
147079
146963
163331
68596
163447
146954
146964
523444
113202
147335
147081
62768
384755
386163
347086
369498
214728
331469
384840
296531
694940
214721
147404
87950
213544
199837
389081
758191
386169
323502
384867
190304
384735
386164
50628
458763
386218
158009
456639
147565
384834
107186
256123
157855
280590
758276
387418
571621
783168
785693
211664
129435
41935
355476
386122
387076
695731
158013
93063
783053
353240
159752
154908
386411
783155
387040
386211
673226
222443
525126
384807
331546
296403
455104
97371
314437
147138
211583
385781
365875
427516
147851
435429
305406
154975
87573
249394
778113
276367
88284
694937
677113
106922
290235
986178
32388
367811
