1	0.01732161323681489
2	0.023526370217166494
3	0.020682523267838676
4	0.023784901758014478
5	0.016804550155118926
6	0.024043433298862462
7	0.018355739400206825
8	0.01964839710444674
9	0.02016546018614271
10	0.02016546018614271
11	0.017580144777662874
12	0.015511892450879007
13	0.01577042399172699
14	0.012668045501551189
15	0.01577042399172699
16	0.020423991726990692
17	0.01499482936918304
18	0.011633919338159255
19	0.012409513960703205
20	0.014477766287487074
21	0.015253360910031023
22	0.013185108583247156
23	0.011375387797311272
24	0.013702171664943122
25	0.011633919338159255
26	0.014477766287487074
27	0.013960703205791106
28	0.011375387797311272
29	0.011892450879007239
30	0.010599793174767322
31	0.011892450879007239
32	0.00982419855222337
33	0.00982419855222337
34	0.00904860392967942
35	0.010082730093071354
36	0.009565667011375388
37	0.0077559462254395035
38	0.007238883143743537
39	0.010599793174767322
40	0.009307135470527405
41	0.011116856256463288
42	0.012150982419855223
43	0.00749741468459152
44	0.009307135470527405
45	0.0062047569803516025
46	0.010082730093071354
47	0.0077559462254395035
48	0.00672182006204757
49	0.00749741468459152
50	0.0062047569803516025
51	0.006463288521199586
52	0.0043950361944157185
53	0.0059462254395036196
54	0.008273009307135471
55	0.005687693898655636
56	0.008014477766287487
57	0.006463288521199586
58	0.008014477766287487
59	0.004653567735263702
60	0.005429162357807653
61	0.002068252326783868
62	0.0038779731127197518
63	0.0062047569803516025
64	0.0059462254395036196
65	0.004136504653567736
66	0.006463288521199586
67	0.0062047569803516025
68	0.004912099276111685
69	0.0043950361944157185
70	0.0036194415718717684
71	0.0031023784901758012
72	0.0043950361944157185
73	0.0059462254395036196
74	0.0031023784901758012
75	0.0036194415718717684
76	0.0031023784901758012
77	0.0025853154084798345
78	0.0036194415718717684
79	0.005429162357807653
80	0.0031023784901758012
81	0.0031023784901758012
82	0.003360910031023785
83	0.0038779731127197518
84	0.002843846949327818
85	0.0031023784901758012
86	0.002843846949327818
87	0.003360910031023785
88	0.0018097207859358842
89	0.0036194415718717684
90	0.0025853154084798345
91	0.003360910031023785
92	0.0018097207859358842
93	0.0031023784901758012
94	0.002068252326783868
95	0.003360910031023785
96	0.002843846949327818
97	0.0031023784901758012
98	0.0036194415718717684
99	0.0025853154084798345
100	0.0036194415718717684
101	0.0012926577042399173
102	0.0038779731127197518
103	0.002068252326783868
104	0.002326783867631851
105	0.0015511892450879006
106	0.0018097207859358842
107	0.002326783867631851
108	0.0012926577042399173
109	0.0018097207859358842
110	0.0012926577042399173
111	0.0018097207859358842
112	5.17063081695967E-4
113	7.755946225439503E-4
114	0.002068252326783868
115	0.0018097207859358842
116	0.0012926577042399173
117	7.755946225439503E-4
118	0.002068252326783868
119	0.002068252326783868
120	7.755946225439503E-4
121	0.002068252326783868
122	7.755946225439503E-4
123	0.0012926577042399173
124	0.002326783867631851
125	7.755946225439503E-4
126	0.0015511892450879006
127	2.585315408479835E-4
128	5.17063081695967E-4
129	0.0012926577042399173
130	7.755946225439503E-4
131	0.0018097207859358842
132	0.002068252326783868
133	0.0012926577042399173
134	5.17063081695967E-4
135	7.755946225439503E-4
136	0.001034126163391934
137	0.0015511892450879006
138	5.17063081695967E-4
139	0.002326783867631851
140	0.0015511892450879006
141	5.17063081695967E-4
142	7.755946225439503E-4
143	5.17063081695967E-4
144	5.17063081695967E-4
145	0.0015511892450879006
146	0.0012926577042399173
147	5.17063081695967E-4
148	7.755946225439503E-4
149	7.755946225439503E-4
150	5.17063081695967E-4
152	0.001034126163391934
153	7.755946225439503E-4
154	0.001034126163391934
155	7.755946225439503E-4
156	7.755946225439503E-4
157	0.0012926577042399173
158	5.17063081695967E-4
159	2.585315408479835E-4
160	0.0012926577042399173
161	2.585315408479835E-4
162	5.17063081695967E-4
163	0.0012926577042399173
164	0.0012926577042399173
165	5.17063081695967E-4
166	0.001034126163391934
167	5.17063081695967E-4
169	0.001034126163391934
170	2.585315408479835E-4
171	2.585315408479835E-4
172	2.585315408479835E-4
173	0.001034126163391934
175	7.755946225439503E-4
176	2.585315408479835E-4
178	2.585315408479835E-4
179	5.17063081695967E-4
180	2.585315408479835E-4
181	5.17063081695967E-4
182	5.17063081695967E-4
184	7.755946225439503E-4
186	5.17063081695967E-4
187	5.17063081695967E-4
188	0.0012926577042399173
189	5.17063081695967E-4
190	7.755946225439503E-4
193	2.585315408479835E-4
194	2.585315408479835E-4
195	5.17063081695967E-4
196	2.585315408479835E-4
197	2.585315408479835E-4
199	5.17063081695967E-4
200	5.17063081695967E-4
201	2.585315408479835E-4
202	2.585315408479835E-4
204	5.17063081695967E-4
205	2.585315408479835E-4
208	7.755946225439503E-4
209	5.17063081695967E-4
210	2.585315408479835E-4
211	7.755946225439503E-4
213	5.17063081695967E-4
214	2.585315408479835E-4
216	2.585315408479835E-4
218	2.585315408479835E-4
219	2.585315408479835E-4
220	2.585315408479835E-4
221	2.585315408479835E-4
222	5.17063081695967E-4
223	2.585315408479835E-4
225	2.585315408479835E-4
227	2.585315408479835E-4
228	2.585315408479835E-4
230	0.001034126163391934
232	7.755946225439503E-4
233	2.585315408479835E-4
234	2.585315408479835E-4
236	7.755946225439503E-4
237	5.17063081695967E-4
239	2.585315408479835E-4
241	2.585315408479835E-4
242	2.585315408479835E-4
243	2.585315408479835E-4
244	2.585315408479835E-4
246	7.755946225439503E-4
248	2.585315408479835E-4
249	2.585315408479835E-4
251	5.17063081695967E-4
252	5.17063081695967E-4
254	5.17063081695967E-4
255	2.585315408479835E-4
258	2.585315408479835E-4
259	7.755946225439503E-4
260	2.585315408479835E-4
270	2.585315408479835E-4
273	2.585315408479835E-4
274	2.585315408479835E-4
275	0.0012926577042399173
276	5.17063081695967E-4
283	2.585315408479835E-4
284	2.585315408479835E-4
293	2.585315408479835E-4
295	2.585315408479835E-4
297	2.585315408479835E-4
298	2.585315408479835E-4
306	2.585315408479835E-4
316	2.585315408479835E-4
333	2.585315408479835E-4
335	5.17063081695967E-4
341	2.585315408479835E-4
342	2.585315408479835E-4
344	2.585315408479835E-4
345	2.585315408479835E-4
346	2.585315408479835E-4
356	2.585315408479835E-4
359	2.585315408479835E-4
360	2.585315408479835E-4
367	2.585315408479835E-4
370	5.17063081695967E-4
371	2.585315408479835E-4
384	2.585315408479835E-4
389	2.585315408479835E-4
390	2.585315408479835E-4
397	2.585315408479835E-4
408	2.585315408479835E-4
413	2.585315408479835E-4
441	2.585315408479835E-4
447	2.585315408479835E-4
453	2.585315408479835E-4
459	2.585315408479835E-4
491	2.585315408479835E-4
495	5.17063081695967E-4
496	2.585315408479835E-4
504	2.585315408479835E-4
510	2.585315408479835E-4
514	2.585315408479835E-4
516	2.585315408479835E-4
529	2.585315408479835E-4
555	5.17063081695967E-4
558	2.585315408479835E-4
565	2.585315408479835E-4
567	2.585315408479835E-4
581	2.585315408479835E-4
605	2.585315408479835E-4
632	2.585315408479835E-4
640	2.585315408479835E-4
644	2.585315408479835E-4
666	2.585315408479835E-4
680	2.585315408479835E-4
700	2.585315408479835E-4
706	2.585315408479835E-4
720	2.585315408479835E-4
736	2.585315408479835E-4
763	2.585315408479835E-4
769	2.585315408479835E-4
786	2.585315408479835E-4
824	2.585315408479835E-4
907	2.585315408479835E-4
