834690
1030308
945138
1144639
353057
1144543
1078708
1271371
327131
1379308
18109
1504146
673034
1032991
1032945
785179
837916
1008907
1032935
927955
1551091
356092
1032947
345835
826616
1033031
1194334
393530
393538
166230
803161
504648
237395
699673
563997
760090
1032990
821543
1551139
756496
954880
1032826
939133
1017979
1202794
791157
732787
1032823
312933
1032810
348252
271963
1017955
791167
348259
166504
537781
468171
323755
732857
372947
885461
1183744
1032414
1018444
837790
1032820
1344656
635552
933415
535209
72358
440236
346019
319931
773029
1551276
1068416
406413
1151388
1068465
1008023
686993
774127
313317
330214
451060
167396
1083901
729051
811443
780739
774098
1123271
763346
305497
1151354
1033040
1019770
523117
