3	0.0049504950495049506
4	0.0049504950495049506
6	0.0049504950495049506
11	0.0049504950495049506
12	0.019801980198019802
13	0.04455445544554455
14	0.04950495049504951
15	0.12376237623762376
16	0.12871287128712872
17	0.13861386138613863
18	0.09900990099009901
19	0.07920792079207921
20	0.04455445544554455
21	0.034653465346534656
22	0.039603960396039604
23	0.019801980198019802
24	0.0297029702970297
25	0.01485148514851485
26	0.0297029702970297
27	0.009900990099009901
28	0.01485148514851485
29	0.01485148514851485
30	0.019801980198019802
31	0.0049504950495049506
36	0.0049504950495049506
37	0.0049504950495049506
38	0.0049504950495049506
100	0.0049504950495049506
