285842
196290
286070
285895
91146
367889
16090
86392
1071484
285953
184102
273685
184702
285840
755853
185255
600367
285892
99328
67099
835246
773179
962301
633849
320874
600870
1009226
394077
324724
372268
391337
285848
807001
286819
227276
750240
285946
770794
367887
66942
286074
285854
649590
647495
1071109
577267
285948
819729
285951
1008498
775481
1207731
721242
728468
1068045
285843
512014
286469
835453
482659
143101
190341
631505
774442
146672
819758
778678
1207674
835284
835245
180712
779277
835243
835894
367891
635150
54406
916816
183893
493159
819800
131254
621034
285845
286595
587984
286458
285882
181981
285942
495154
285949
54537
286952
835528
759391
286817
361585
983347
1207281
