261284
19
2084
261284 512 1 0 1 6 16
13615 147 1 0 9 6 20
31284 215 0 1 8 6 15
37193 381 1 1 8 6 19
39451 180 1 0 2 6 16
39926 381 0 0 4 6 15
46403 449 1 1 1 6 29
47124 124 1 0 5 6 19
49029 138 1 1 4 6 18
68260 212 1 1 4 6 20
68366 98 1 1 4 6 22
72356 33 0 1 4 6 19
72395 105 0 1 6 6 18
72463 94 1 1 8 6 19
72571 161 0 1 4 6 17
72603 163 0 1 4 6 22
72737 224 1 1 4 6 18
73699 246 1 1 6 6 16
74272 116 1 1 4 6 19
76212 228 1 1 6 6 25
79226 670 1 0 8 6 11
79281 100 1 1 4 6 18
79365 29 1 1 4 6 18
79803 290 0 1 8 6 19
85661 105 1 0 9 6 29
85976 205 0 1 4 6 16
87557 80 1 1 6 6 17
88949 362 0 1 4 6 18
88956 173 1 1 8 6 15
89178 90 0 1 4 6 17
89184 301 1 0 8 6 16
91148 222 1 1 4 6 16
99821 128 1 1 7 6 19
113642 225 1 1 6 6 17
116533 236 1 1 6 6 21
123499 176 1 1 4 5 19
128115 121 1 0 4 6 18
130939 398 1 1 8 6 16
136006 371 1 0 4 5 13
140855 238 1 1 8 6 18
144570 180 1 1 8 6 14
144842 357 0 1 1 6 24
152506 142 1 0 8 5 20
154468 209 1 1 8 6 16
154563 28 0 1 4 6 18
154849 104 1 1 8 6 16
155008 85 1 1 6 6 16
155085 60 1 1 8 6 17
155575 215 0 1 8 6 16
156161 203 1 1 8 6 16
156488 329 1 1 6 6 19
165371 100 0 0 2 6 15
165494 93 0 0 4 6 18
165495 783 1 0 4 6 17
166596 83 1 0 8 6 17
166763 66 1 0 8 6 17
167015 75 1 0 8 6 18
167338 124 1 1 1 6 18
168118 137 0 1 6 6 21
171147 123 1 0 8 6 18
171167 128 0 0 4 6 17
171483 182 1 0 8 6 16
172509 237 1 0 4 6 15
172557 56 1 0 2 6 19
172884 140 1 1 6 6 18
174505 362 1 0 4 6 21
179413 85 1 0 2 6 17
182115 138 1 1 8 5 17
185384 332 1 1 4 6 19
189405 11 1 1 9 6 17
194715 174 1 0 0 6 17
211623 38 1 1 4 6 15
211729 242 1 1 4 6 16
211732 264 1 1 4 6 18
211875 221 1 1 4 6 18
212366 97 1 1 4 5 19
212372 103 1 1 9 5 19
212420 275 1 1 4 6 18
212429 150 1 1 4 6 18
212434 408 1 1 4 6 18
212436 205 0 1 6 6 21
212454 114 1 1 4 6 18
213330 96 1 1 8 6 16
223100 167 1 1 6 6 19
223674 56 1 1 1 6 14
224628 162 1 1 6 6 17
230007 73 1 0 8 6 16
230070 186 1 0 8 6 17
230254 204 1 1 6 6 14
234236 93 1 1 1 6 19
236701 193 1 1 9 6 15
239996 164 1 1 8 6 20
254711 304 1 0 6 6 17
256641 88 1 0 2 6 15
261289 40 0 1 6 6 19
261321 36 1 0 0 6 15
261323 91 1 0 9 6 16
261327 93 1 0 9 5 17
261334 99 1 0 9 6 21
261349 11 1 1 9 5 17
261350 146 1 1 2 6 17
261371 146 1 0 6 6 19
261381 25 1 1 6 5 19
261423 49 1 0 9 6 15
261426 59 1 0 9 5 16
261436 39 1 0 9 6 20
261462 74 1 0 4 6 16
261465 95 1 0 0 5 15
261466 79 1 1 9 6 16
261467 55 1 1 9 6 17
261470 28 1 1 9 6 25
261507 143 1 0 9 6 18
261514 66 1 1 4 6 21
261515 141 1 1 2 6 29
261964 54 1 1 4 6 18
262016 160 1 0 4 6 17
264466 69 1 1 1 6 15
264468 280 1 0 2 6 17
264471 108 1 0 6 5 29
266443 192 1 1 9 6 18
267348 275 1 1 8 6 17
271322 384 1 0 4 6 15
271327 190 1 1 2 5 17
271328 347 1 1 6 6 16
271483 251 1 1 4 6 17
271666 168 0 1 6 6 20
271677 70 1 1 6 6 14
272336 260 1 0 6 6 15
272439 85 1 1 6 6 18
285235 59 1 0 2 6 14
291172 195 1 1 1 6 16
302882 38 1 0 4 6 21
304600 220 0 0 8 6 17
305667 154 1 0 4 6 17
306155 115 1 1 4 6 17
308110 134 0 1 4 6 16
311239 43 1 1 6 6 15
312982 123 1 0 4 6 17
315345 54 0 1 8 6 16
319646 206 1 1 8 6 19
320501 152 1 0 6 5 14
322672 118 0 1 8 6 21
323144 186 1 1 4 6 19
323802 120 1 0 4 6 17
324110 158 1 0 4 6 19
335687 180 0 1 6 6 99
338181 102 1 1 7 6 18
347608 31 1 0 8 6 19
348461 98 1 0 4 6 19
348491 65 1 0 4 6 18
348668 289 1 0 4 6 17
350037 206 1 0 1 6 16
351262 188 1 0 2 6 12
351560 118 1 0 2 6 11
354450 194 1 1 8 6 111
363799 153 1 1 4 6 17
368694 35 1 1 4 6 17
370633 111 0 1 4 6 17
371809 177 1 1 8 6 20
371911 73 0 1 4 5 19
372133 233 1 1 4 6 20
372139 199 1 1 6 5 17
372719 156 1 1 4 6 19
373841 135 1 1 4 6 22
374515 147 1 1 9 6 19
374574 68 0 1 6 6 15
374847 94 1 1 8 6 20
374892 88 0 1 4 6 18
377614 38 1 1 4 5 18
378724 26 1 0 2 6 15
381893 47 1 1 4 6 13
382627 200 1 0 4 6 14
382632 326 1 0 2 6 14
382633 101 1 0 4 6 18
382853 334 1 0 6 6 15
383101 152 1 0 4 6 14
383110 90 1 1 4 6 17
383187 151 0 1 4 6 17
383329 114 1 0 2 6 14
384355 159 1 0 4 6 17
384876 50 1 0 4 6 18
384996 152 1 0 4 6 15
385983 120 0 0 4 6 17
387942 130 1 1 6 6 16
390781 21 1 0 4 6 17
397263 216 1 1 8 6 23
398300 60 1 1 8 6 17
398878 77 0 1 4 6 17
399562 32 1 1 4 6 15
399674 264 1 1 6 6 18
399778 102 1 1 4 6 18
399860 195 1 1 4 6 19
400046 97 1 1 6 6 21
400048 163 1 1 4 6 17
400079 164 1 1 8 6 17
400099 109 0 1 4 6 17
400667 229 1 1 6 6 20
402629 177 1 1 8 6 19
402772 64 0 1 6 6 19
405667 205 1 1 4 6 18
407513 164 1 1 4 6 17
408536 153 0 0 4 6 19
412570 102 1 0 4 6 14
413723 158 1 1 4 6 16
417372 44 1 1 4 5 19
421572 152 1 1 8 6 19
424500 163 0 1 4 6 16
430060 168 0 1 4 6 18
431359 89 1 1 8 6 16
434722 66 0 1 9 6 21
434845 210 0 0 6 6 16
443395 34 1 1 4 6 20
458870 88 1 0 6 5 17
458917 243 1 0 4 6 16
459257 30 1 1 8 5 17
459412 84 1 1 6 6 16
459416 205 0 0 4 5 17
466889 77 0 0 4 6 21
467750 95 1 1 1 6 19
467855 215 1 1 8 6 16
469660 106 1 0 4 6 15
470480 184 1 0 8 5 15
471006 81 1 0 8 6 19
472719 101 0 0 4 6 16
472867 94 1 0 9 6 19
474861 73 1 1 4 6 15
474902 45 1 0 8 5 17
475443 75 1 0 4 6 17
481062 121 1 1 4 6 17
484251 10 1 1 1 6 16
486857 87 1 1 4 6 16
487595 88 0 0 4 6 15
487785 174 1 1 8 6 20
487795 114 1 1 6 6 17
499309 108 1 1 4 6 15
502717 102 0 1 4 6 17
504243 207 1 1 6 6 16
504246 28 1 1 9 6 19
504417 120 1 1 6 5 16
504881 33 1 1 4 5 20
504927 56 1 1 1 6 21
504929 28 1 0 4 6 18
505037 125 1 1 4 6 18
505157 60 1 1 1 6 18
505398 127 1 1 8 6 17
505473 86 1 1 4 6 21
505723 136 1 1 4 6 18
505992 14 1 1 4 6 19
505999 77 1 1 4 6 17
506557 137 0 1 4 6 17
506565 45 1 1 4 6 21
506718 113 1 1 4 5 17
506850 96 1 1 8 6 18
506869 160 1 0 8 6 16
507351 89 0 1 9 5 18
507358 84 1 1 6 6 15
507629 63 1 1 9 6 19
507883 176 1 1 6 6 17
509160 110 1 1 1 6 13
509484 96 1 0 4 6 16
509485 197 1 0 6 6 16
509488 29 1 0 4 6 15
509489 90 1 1 2 6 18
509491 109 1 0 1 6 15
509493 50 1 0 4 6 16
509530 120 1 0 2 6 18
509603 36 1 1 9 6 17
509679 20 1 1 9 6 18
509683 115 1 0 9 6 14
509686 129 1 1 4 6 16
509687 124 1 0 2 6 18
509690 85 1 1 4 6 17
509691 31 1 1 4 6 15
509787 33 1 0 9 6 20
509788 133 1 1 9 6 14
509793 246 1 0 8 6 14
509797 124 1 0 2 6 28
509834 66 1 0 2 6 14
509835 62 1 0 4 6 16
509836 29 1 0 4 6 17
509837 133 1 1 4 6 17
509886 115 1 0 9 6 14
509888 180 1 0 2 6 25
509889 256 1 0 2 6 14
509921 75 1 1 6 6 17
509922 26 1 1 9 6 16
509925 16 1 1 9 6 15
509926 69 1 1 7 6 29
509928 166 1 0 8 6 16
509929 90 1 0 2 6 17
509930 93 1 1 4 6 19
510048 228 1 0 6 6 17
510049 104 1 0 1 6 13
510051 223 1 1 6 6 18
510114 59 0 1 6 6 20
510117 139 1 1 4 5 17
510179 86 1 0 4 6 16
510184 92 1 0 4 6 16
510186 67 1 1 4 6 17
510187 125 1 1 4 6 17
510234 82 1 1 1 5 18
510235 111 1 0 4 6 17
510239 65 1 1 6 6 16
510545 134 1 1 8 6 18
511284 43 1 1 4 6 17
511388 167 1 1 4 6 14
512222 107 1 1 8 6 16
512319 116 1 1 6 6 17
512811 137 1 1 4 6 18
513729 28 1 1 2 6 20
513922 123 1 1 6 6 19
513953 26 0 1 4 6 20
514638 160 1 1 6 6 17
514754 31 1 1 8 5 16
515105 56 0 1 4 6 19
516112 75 1 0 4 6 20
516118 29 1 1 9 6 18
516837 45 1 1 6 6 18
517831 158 0 1 6 6 17
517964 26 1 1 4 6 19
518177 131 1 1 8 6 15
518278 257 1 1 4 6 22
518791 47 1 1 4 6 19
518921 117 1 1 8 6 18
519003 104 1 1 4 6 15
519027 39 1 1 6 6 19
519097 140 1 1 4 6 19
519387 64 1 1 9 6 17
520349 54 1 1 6 6 16
521301 30 1 1 9 6 18
521302 53 1 1 6 6 18
521508 41 1 1 6 6 17
521706 54 1 0 1 6 14
521999 24 1 1 9 6 18
522640 54 1 1 2 5 16
525541 81 0 1 4 6 21
525978 42 0 1 8 6 20
528043 50 1 1 9 6 29
530843 61 0 1 0 6 17
536393 93 0 1 4 6 20
536972 45 1 1 2 6 20
539440 123 1 1 4 6 17
539468 106 1 1 8 6 18
539962 70 1 1 4 6 16
542290 63 1 1 6 6 18
550003 87 1 1 4 6 20
556553 72 1 0 4 6 16
556838 177 1 1 4 6 17
558842 20 0 1 4 6 16
561422 93 1 1 8 6 15
562477 95 1 1 3 6 18
564207 125 1 1 6 6 17
564912 50 1 1 6 6 17
565081 56 1 0 9 6 17
565580 93 0 0 9 6 16
570771 147 1 0 9 6 14
570809 107 1 0 2 6 6
570832 57 1 0 6 6 15
571255 111 1 0 4 6 18
571347 75 1 1 6 6 14
571615 122 1 0 4 6 14
571619 111 1 0 1 6 13
572305 28 0 0 4 6 13
575103 122 1 1 6 5 15
575157 47 1 0 9 6 17
576388 151 1 0 2 6 15
576448 23 1 1 4 6 18
576532 17 1 1 6 6 22
581234 3 0 1 5 6 20
581383 64 1 1 9 6 18
581705 50 1 1 4 6 16
581778 39 1 1 4 6 18
591407 19 1 0 9 6 16
605892 67 0 0 4 6 16
606166 113 0 0 8 6 17
607900 84 1 1 4 6 16
608226 245 1 0 8 6 17
608504 36 0 1 4 6 20
608847 34 1 0 9 6 21
614755 85 1 0 9 6 18
625198 59 1 1 8 6 19
627100 31 0 1 4 6 16
627236 22 0 1 6 6 20
627237 198 0 1 4 6 18
627487 98 1 1 4 6 18
627679 6 1 1 2 5 18
627680 129 1 1 6 6 18
627782 94 1 0 4 6 15
648431 108 1 1 6 6 16
653503 43 1 1 8 6 18
653938 57 1 1 8 5 16
665765 82 1 1 4 6 15
672061 99 1 1 4 6 15
673123 69 1 1 6 6 15
689602 260 1 1 6 6 18
700912 104 1 0 6 6 18
708558 43 1 1 8 6 18
724644 90 1 1 2 6 17
729120 106 1 0 8 6 16
730824 76 1 1 6 6 17
751508 123 1 1 4 6 18
752515 101 1 1 4 6 20
753815 42 1 1 8 5 19
756573 31 1 0 6 6 15
756788 40 1 1 4 5 19
757116 80 1 1 8 6 18
761337 17 0 0 4 6 18
763585 75 1 1 8 6 18
763941 25 0 1 8 6 15
767184 86 1 1 9 6 15
767734 126 1 0 2 6 14
769638 151 1 0 6 6 15
772791 64 1 1 8 6 15
779066 3 1 1 1 6 15
783400 16 1 1 4 6 17
783960 12 1 1 9 6 17
785113 22 1 1 4 6 16
785958 18 1 1 4 6 20
805011 80 1 1 2 6 21
809901 44 1 0 9 6 15
809948 57 1 0 2 6 13
809981 20 1 0 9 6 16
810480 25 1 0 1 6 14
810483 38 1 1 6 5 16
814435 19 1 1 4 6 17
820189 13 1 0 4 6 19
821371 48 1 1 4 6 14
826525 59 1 1 9 6 17
828177 18 1 1 4 6 14
829957 43 1 1 8 6 12
830456 132 1 1 6 6 15
830457 75 1 0 2 6 12
836636 2 0 0 4 6 15
840732 42 1 0 4 6 15
850880 72 1 0 6 6 27
864236 73 0 0 6 6 31
878837 62 1 0 2 5 15
902108 47 1 1 4 6 15
903733 31 1 0 6 6 27
912075 130 1 1 6 5 13
912226 21 1 1 6 6 27
917378 28 1 1 8 6 15
921187 140 1 1 6 6 18
926045 73 1 1 8 6 14
932028 13 1 1 6 6 18
942325 20 1 1 6 6 19
942395 32 1 0 4 6 13
948976 58 1 1 4 6 17
949120 64 1 1 4 6 22
960321 40 1 1 0 6 15
961938 44 1 0 9 5 18
965245 27 1 1 6 6 18
970792 7 1 1 4 6 19
973285 56 1 1 8 6 17
980241 37 1 1 1 5 17
988238 19 1 0 4 6 15
991951 16 1 1 9 6 18
999531 19 1 1 8 5 11
1001461 59 1 1 6 6 12
1001521 71 1 0 6 6 13
1002566 6 1 1 9 6 16
1002857 30 1 1 4 6 15
1002863 29 0 1 4 6 18
1002916 135 1 1 8 6 16
1002984 53 1 1 8 6 15
1005044 12 1 1 8 6 15
1007569 42 1 0 6 6 16
1017195 15 1 1 4 6 16
1026205 28 1 1 8 6 17
1027198 105 1 1 8 6 12
1028180 7 1 1 8 5 14
1028529 31 1 1 4 6 15
1028688 18 1 1 4 5 17
1028931 6 1 0 9 5 18
1028943 19 1 1 4 6 19
1028996 28 1 1 4 6 15
1029016 8 0 1 2 6 14
1029020 45 1 1 6 6 16
1029037 18 1 1 4 5 20
1029039 6 1 1 4 5 17
1029073 7 1 1 8 6 17
1029262 95 1 1 4 6 15
1029455 70 1 1 7 6 29
1031070 17 1 0 9 5 11
1032190 53 1 1 2 6 17
1036510 35 1 1 2 6 29
1046355 2 1 1 2 6 23
1047361 20 0 0 4 6 28
1052098 14 1 1 5 6 16
1052651 12 1 1 4 6 15
1053135 45 1 1 6 6 15
1053154 25 1 1 1 6 15
1110532 4 1 1 2 6 23
1113417 4 1 1 9 5 10
1113908 20 1 0 4 6 16
1114678 6 1 1 2 5 34
1115517 37 1 1 3 6 15
1128553 5 1 1 4 6 18
1129481 39 1 1 1 5 16
1131186 31 1 0 6 6 17
1131286 11 1 1 2 6 19
1141668 48 1 1 8 6 16
1147923 27 1 0 2 6 7
1175384 11 1 1 6 6 15
1180150 2 0 0 4 6 16
1180197 16 1 1 4 5 18
1180219 6 1 0 4 6 29
1180393 1 1 1 2 5 33
1180407 23 1 0 4 6 12
1180435 20 1 0 2 6 14
1180469 8 1 0 5 5 20
1180470 2 1 0 4 6 23
1180527 4 1 1 2 6 38
