242861
19
513
242861 498 1 0 6 6 17
12314 45 1 0 4 6 18
21982 111 1 1 4 6 28
22291 101 0 0 4 6 23
26118 37 0 0 2 6 21
40609 12 0 0 4 5 40
41733 89 0 1 4 5 22
42204 54 1 0 0 6 20
44278 82 1 0 6 6 16
45703 59 1 0 4 5 27
48293 42 0 0 4 6 24
48347 107 1 0 4 6 26
48374 13 0 1 4 6 25
48382 67 0 1 4 6 25
50158 42 0 0 0 6 18
50280 24 1 1 4 6 13
54066 47 1 0 5 6 19
70677 62 0 0 0 6 70
71068 110 1 0 8 6 13
72019 26 1 0 2 6 11
73881 119 1 0 5 6 19
76101 41 1 0 0 6 13
77003 282 1 0 9 6 17
77079 15 1 1 2 6 21
87736 132 1 0 4 5 41
91909 25 1 0 5 6 14
95821 95 0 0 6 6 16
97517 91 1 0 3 6 11
115995 90 1 1 6 6 16
117104 32 1 1 6 6 20
142566 88 0 0 4 6 26
146873 107 1 1 6 6 20
147064 570 1 0 4 6 18
147333 33 0 0 4 6 19
147338 21 1 1 4 6 17
147396 93 1 0 4 6 29
147398 51 0 0 4 6 17
147653 51 1 0 4 6 14
147840 98 1 0 4 6 19
147853 31 1 1 4 6 18
147858 27 0 0 8 6 26
148378 83 1 0 4 6 24
148885 15 0 0 4 6 19
148909 84 1 0 4 6 19
149054 31 0 0 4 6 26
149207 15 0 1 4 6 24
149227 8 0 0 4 6 24
149394 10 0 0 4 6 30
151592 12 1 0 9 6 18
154079 37 1 0 8 6 14
154566 100 1 0 8 6 17
155517 48 0 1 6 6 22
158019 22 0 0 4 5 27
159963 4 0 0 4 5 19
160080 28 1 1 4 6 25
161676 56 1 0 4 6 18
161967 35 0 0 4 5 30
161976 108 1 0 4 6 29
162099 96 1 1 4 6 28
162251 224 1 1 4 6 22
162256 19 1 0 4 6 29
162284 77 0 0 4 6 26
162287 39 1 1 4 5 28
164244 139 1 0 4 6 29
165373 90 1 0 8 6 18
166502 28 1 0 4 6 15
166709 69 0 0 4 5 26
167151 55 0 0 2 6 20
167611 81 1 0 2 6 18
167873 44 1 0 2 6 22
167965 87 1 0 4 6 26
168053 197 1 0 4 6 29
168056 21 1 0 4 5 19
168760 34 1 1 4 5 28
168857 29 1 0 4 5 29
168859 9 0 0 9 5 12
168863 21 1 0 3 5 12
170997 225 1 1 1 6 15
172018 149 1 1 6 6 16
179594 54 1 0 4 6 21
182502 18 1 1 4 6 15
182796 60 0 0 1 6 17
183520 172 1 1 6 6 20
186446 87 0 0 6 6 15
187334 71 1 0 6 6 14
214733 45 1 1 6 6 33
219630 89 1 1 9 6 24
224278 89 1 0 6 6 14
242812 67 1 0 4 6 26
242867 128 1 0 1 5 17
242959 63 0 0 4 6 26
242960 65 0 0 4 5 26
242961 88 1 0 4 6 22
243055 29 1 0 4 5 19
248944 57 1 0 4 6 15
263616 26 1 0 2 6 29
264683 22 1 0 0 6 11
274664 40 0 0 4 6 26
275048 85 0 0 4 6 19
276085 45 1 0 4 6 19
278339 33 0 0 5 5 18
280472 45 1 0 6 6 29
280477 12 1 0 4 6 26
285546 81 1 0 9 6 17
290370 14 0 0 4 5 26
290409 48 1 0 4 5 22
310902 24 0 0 8 6 17
311469 56 1 1 6 6 14
311542 69 1 0 4 6 16
311822 22 0 0 3 6 13
312033 36 1 0 4 6 29
312935 79 0 0 1 6 13
312964 114 0 1 4 5 25
312996 88 1 0 4 5 28
312998 52 0 0 4 6 29
317769 81 0 0 4 6 29
320633 104 1 0 8 6 15
323034 68 1 0 8 6 16
343666 22 1 0 1 6 17
344741 76 1 0 4 6 26
344770 69 1 0 4 6 29
344771 8 0 0 4 6 29
344773 46 1 0 4 5 29
344776 81 1 0 4 6 29
344780 65 1 0 4 6 26
344781 25 1 0 4 6 29
344894 75 1 0 4 6 29
344899 10 1 0 4 5 29
346156 141 1 0 4 6 19
346237 44 1 0 6 6 13
347114 110 1 0 4 6 29
347617 19 1 0 6 6 20
347725 27 0 0 4 6 26
348021 50 1 0 4 6 29
348251 18 0 0 4 6 29
348406 29 0 0 4 5 23
348411 52 1 0 4 5 26
348433 101 0 0 4 6 29
348712 32 0 0 4 5 29
348714 31 1 0 4 6 42
348767 58 1 0 4 6 30
348774 108 0 0 4 5 29
349104 89 0 0 4 6 26
349165 33 1 0 4 6 22
349182 32 1 0 4 5 26
349263 30 0 0 4 6 26
349267 34 0 0 4 6 26
349349 58 0 0 4 5 29
351264 298 1 0 1 6 14
351451 56 0 0 4 6 29
351496 137 1 0 4 6 26
351497 105 1 0 4 6 26
351498 41 0 1 4 6 25
351503 18 0 0 4 6 26
351638 138 1 0 4 6 20
351835 23 0 0 4 6 26
351884 14 1 0 4 6 29
352211 61 1 0 4 6 23
352379 13 0 0 4 6 20
352466 90 1 1 4 6 28
352541 9 0 1 5 5 26
352730 58 0 0 4 6 23
353634 61 1 1 4 6 25
355473 29 1 0 2 6 16
377636 80 0 0 4 6 15
379029 30 0 0 4 6 30
379030 7 0 0 4 5 17
379250 57 1 1 4 6 26
389526 54 1 0 7 6 15
389604 56 1 0 1 5 30
391475 40 1 0 5 6 14
392877 20 1 1 0 6 15
395642 61 1 0 8 6 15
397418 20 1 0 8 6 12
397755 9 0 0 4 6 14
402116 14 1 1 6 6 18
404040 50 1 0 8 6 17
404079 20 1 1 4 6 25
404162 70 1 0 4 6 29
404451 16 0 1 4 6 25
404503 40 0 0 4 6 29
404504 15 1 0 4 5 26
404556 22 1 0 0 6 23
408101 7 0 1 4 6 31
408247 24 1 0 6 6 11
408248 5 1 0 4 6 26
418355 25 0 0 4 6 17
446389 16 1 0 2 6 23
449449 33 1 1 6 6 18
456908 138 1 0 8 6 18
457216 15 1 0 4 6 20
457747 17 1 0 4 6 26
463153 6 1 0 4 5 18
469276 108 1 0 6 6 18
469664 10 0 0 4 6 17
471458 42 1 0 0 6 20
472922 22 0 0 4 6 15
478823 19 1 0 4 6 26
478946 12 1 0 4 6 26
487328 31 0 0 4 6 19
496379 37 1 1 6 6 30
504053 50 1 0 8 6 20
505987 56 1 1 4 6 25
506404 129 1 0 8 6 15
507967 38 1 0 4 6 16
509103 21 1 1 6 6 21
509978 12 1 0 8 6 24
512712 37 1 0 8 6 18
514242 61 0 0 4 5 19
514338 19 1 1 6 6 24
517331 24 1 1 6 6 20
517711 28 1 1 6 6 17
519827 32 1 0 4 6 23
527855 13 0 1 4 6 29
528359 101 1 0 2 6 20
528894 8 0 0 4 6 31
543874 9 1 1 2 6 14
553032 32 0 0 4 6 26
553035 20 1 0 4 6 20
553643 11 1 0 4 6 28
562939 54 1 0 4 5 26
563228 83 0 0 4 6 19
563533 14 0 0 4 6 27
563594 20 1 0 4 6 29
563779 92 0 1 4 6 19
563820 20 1 0 4 5 27
568836 89 1 0 4 6 20
569389 95 1 0 4 6 23
583073 50 1 0 2 6 16
583568 80 1 1 6 6 26
584239 20 1 0 4 6 26
584300 13 1 0 8 6 16
584771 3 1 0 4 5 29
584811 132 0 1 4 6 32
584851 24 0 0 4 6 22
585129 22 0 0 4 6 29
585131 62 0 0 4 6 20
585132 17 0 0 4 6 20
585158 34 0 0 4 6 29
585189 90 1 1 4 6 28
585845 16 1 0 4 5 26
585970 117 1 1 4 6 19
586043 62 1 0 4 6 29
586131 3 0 0 4 6 18
590216 4 0 0 4 6 19
590218 3 0 0 4 6 19
590354 8 0 0 4 6 26
590781 18 0 0 4 6 29
595530 35 1 1 2 6 12
601207 24 1 1 4 5 28
601609 31 1 0 3 6 16
604570 41 1 1 3 6 12
612138 16 1 0 4 6 26
624511 12 0 0 4 5 29
641026 44 1 0 4 6 29
641145 14 1 0 4 5 29
641146 20 1 0 4 5 29
641148 44 0 0 4 6 33
642999 29 1 0 4 5 26
644906 6 1 0 7 6 12
645748 9 1 0 4 5 27
645848 9 1 0 4 5 11
645855 30 0 0 4 6 29
646129 24 1 0 4 5 19
646135 57 1 0 4 6 19
646223 14 1 0 4 5 19
646228 18 1 0 4 5 29
646376 11 1 0 4 6 19
646421 11 1 0 4 6 29
646426 241 1 0 4 6 24
646612 19 0 0 4 6 26
646650 6 0 0 4 6 20
646686 41 1 0 2 6 29
646688 4 0 0 4 6 29
646700 19 1 0 4 6 23
646796 52 1 0 4 6 19
646836 9 1 0 4 6 29
646839 4 1 0 4 6 26
646891 74 1 0 4 6 26
646894 32 0 0 4 6 19
647044 143 1 0 4 6 24
647080 42 0 0 4 6 17
647084 9 1 0 4 6 30
647180 7 1 0 4 5 15
647234 16 0 0 4 5 29
647310 14 1 0 4 6 29
647621 12 1 0 4 6 29
647694 32 1 0 4 5 29
647848 21 1 0 4 6 26
648059 36 1 0 4 6 29
650473 23 1 1 6 6 24
652371 15 0 0 4 6 13
653389 25 1 1 6 6 16
659151 33 1 0 4 5 33
662703 26 1 0 4 6 29
662735 33 1 0 4 6 29
662864 16 0 0 5 6 15
662865 40 1 0 4 6 29
663030 23 1 0 4 5 24
670841 13 1 0 4 6 17
671479 8 1 0 8 6 24
671642 81 1 1 4 5 31
675755 60 1 1 4 6 28
678044 36 0 0 4 6 29
678347 38 1 0 4 6 26
680988 14 0 0 8 6 23
688577 7 1 0 4 5 29
688769 7 0 0 4 6 15
693327 32 1 0 4 6 19
693474 9 1 0 4 5 29
693758 28 1 1 2 6 30
695086 16 0 0 4 6 26
695292 51 1 0 8 6 14
695751 33 1 0 4 6 20
696829 54 1 0 5 6 13
707895 30 1 0 3 6 14
716108 44 1 0 3 6 12
721062 16 1 0 4 6 19
724023 28 1 0 6 6 16
735286 22 1 0 6 5 17
743723 18 0 0 4 6 26
744624 29 1 1 7 6 17
745023 33 0 0 4 6 20
748063 37 1 1 3 6 11
748227 25 1 0 8 6 12
748384 50 0 0 6 5 16
752680 63 1 1 6 6 19
761095 77 0 1 4 6 28
769255 25 1 0 7 6 22
772440 10 0 0 2 5 17
772575 46 1 0 8 6 17
773856 15 1 0 4 6 29
774124 43 1 0 4 6 32
774127 60 1 1 4 6 26
774153 19 1 0 4 6 26
774195 11 0 0 4 6 29
774455 15 1 0 4 5 30
781278 4 0 0 0 6 15
783291 7 1 0 6 6 19
784154 5 0 0 4 6 33
784169 7 0 0 4 6 42
784767 14 1 0 4 6 26
786379 11 1 0 8 6 15
791234 22 1 0 0 6 24
791671 38 0 0 4 6 20
791736 141 1 0 4 6 15
792766 17 1 0 7 6 16
793372 15 1 0 4 6 22
807545 80 1 0 4 6 19
811260 22 1 1 6 6 35
814776 76 1 1 6 6 22
825232 14 1 1 6 6 29
828899 15 1 0 4 6 29
831220 37 1 0 8 6 12
859244 14 1 0 4 6 26
866222 17 1 0 8 6 11
876249 8 0 0 4 6 19
888687 13 0 1 0 6 40
900592 43 1 0 1 6 13
906927 22 1 0 8 6 12
911706 8 1 1 2 5 25
917911 5 0 0 8 6 14
923051 19 1 1 7 6 13
924824 13 1 0 6 6 15
927029 13 1 0 6 6 37
932802 11 1 0 6 6 15
935852 30 1 0 6 6 19
942605 43 1 1 6 6 21
950921 86 1 0 4 6 26
955938 10 1 0 4 5 19
957637 6 0 0 3 6 22
963225 21 1 0 6 6 15
973000 73 1 1 9 6 29
977318 14 1 0 4 5 26
978623 32 1 0 8 6 18
978955 8 1 0 5 6 12
980312 15 1 1 6 6 17
982308 55 0 0 4 6 19
985403 13 1 0 2 6 16
985412 7 0 0 4 6 29
986107 2 0 0 4 6 21
986476 12 0 0 4 6 18
986523 10 0 0 4 5 26
986633 11 0 0 4 6 19
987058 14 1 0 4 6 29
987060 10 0 0 4 6 26
987161 5 0 0 4 6 20
987651 16 0 0 4 5 19
987659 19 1 0 4 6 29
987964 23 1 0 2 6 11
988238 19 1 0 4 6 15
988750 20 1 1 4 6 22
989158 6 0 0 4 6 19
990264 16 0 0 4 6 15
990289 12 1 1 4 5 18
990321 41 1 0 4 6 15
990459 5 0 0 4 5 25
990587 12 1 0 5 6 17
991258 13 1 0 4 6 19
991259 7 0 0 4 6 14
991327 16 0 1 4 6 19
992134 11 1 0 8 6 22
997957 16 0 0 4 6 26
1002360 18 1 0 6 6 12
1002812 20 1 0 4 6 26
1003538 16 0 0 4 6 19
1018729 54 1 1 4 6 28
1023240 4 0 0 4 6 19
1024263 27 1 0 4 6 11
1025092 12 1 0 6 6 29
1025182 21 1 0 4 6 26
1025208 21 1 0 4 6 17
1033532 6 0 1 4 6 28
1033572 13 1 0 4 6 33
1034700 42 1 1 4 6 28
1035391 10 1 1 4 6 29
1035399 26 1 0 4 6 29
1035723 6 1 1 2 6 28
1035736 7 0 1 4 6 28
1036782 7 0 0 4 6 26
1036895 28 1 1 4 6 29
1039485 18 1 1 2 6 17
1042696 3 1 0 4 6 26
1042761 2 0 0 4 6 26
1042780 3 1 0 4 6 19
1047020 3 0 0 4 6 22
1053566 14 1 0 6 6 16
1070733 28 1 1 2 6 24
1079876 5 0 1 4 6 35
1105597 29 1 1 6 6 18
1108166 14 1 0 4 6 26
1109105 9 1 0 8 6 37
1119568 10 1 0 8 6 19
1123391 12 1 0 6 6 10
1123768 2 0 0 0 6 11
1131807 12 1 1 2 6 25
1157843 3 1 1 6 6 19
1158104 1 1 1 6 6 42
1158342 4 1 1 8 6 13
1158343 3 0 0 4 6 19
1158344 1 1 1 6 5 31
1158391 5 0 0 7 6 8
1158394 2 0 0 4 6 22
1158461 20 1 0 4 5 29
1158477 6 1 0 4 6 18
1158480 5 1 1 4 5 33
1158488 29 1 0 4 6 27
1158504 1 1 1 8 6 19
1158506 5 0 0 4 6 19
1158507 1 1 1 8 6 32
1158514 1 1 1 3 5 16
1158537 6 1 1 7 6 16
1158538 1 1 1 1 6 33
1158539 6 0 0 4 6 20
1158540 5 1 0 4 6 19
1158553 6 1 1 6 6 23
1158554 2 1 1 4 6 66
1158556 1 1 1 1 6 32
1158557 4 0 0 4 6 15
1158560 8 0 0 4 6 15
1158561 6 1 1 2 6 30
1158573 6 0 0 4 6 29
1158574 3 1 0 4 6 15
1158575 13 1 0 4 6 19
1158576 2 0 0 4 6 19
1158584 1 1 0 4 6 14
1158585 5 1 0 2 6 13
1158586 3 0 1 1 6 30
1158587 5 1 0 4 6 26
1158588 1 1 1 2 6 40
1158598 1 1 1 8 6 19
1158600 1 1 0 2 6 10
1158601 2 1 1 8 6 28
1158602 6 1 1 1 6 9
1158611 7 1 1 6 6 28
1158612 1 1 0 5 6 12
1158627 3 1 0 4 6 29
1158628 2 0 0 4 6 30
1158629 1 0 0 4 6 27
1158635 2 0 0 4 6 18
1158636 1 0 0 4 6 19
1158637 3 0 0 4 6 24
1158640 6 1 0 4 6 19
1158641 1 0 0 4 6 21
1158653 4 1 0 4 6 26
1158654 1 0 0 4 6 29
1158656 3 0 1 3 6 33
1158657 14 1 1 4 6 19
1158722 8 1 1 6 6 31
1158747 2 0 0 6 6 17
1158758 2 1 0 6 6 34
1158780 1 1 1 6 6 17
1158782 5 1 0 7 5 16
1158783 5 1 0 6 5 17
1158790 1 0 0 4 6 21
1158795 2 1 0 7 5 11
1158804 15 1 1 4 6 20
1158808 12 1 0 6 5 17
1158819 6 1 0 4 6 30
