21001
19
458
21001 666 1 0 3 6 17
375 17 1 0 2 6 19
18675 169 1 1 0 6 15
19795 62 1 0 0 6 12
21002 21 1 0 6 6 22
24115 234 1 0 7 6 20
25946 28 1 0 0 5 20
28154 32 1 0 5 6 17
28699 51 1 0 5 6 17
34026 53 1 0 1 6 19
40221 29 0 0 0 6 15
41464 101 1 0 2 6 25
41465 55 1 1 5 6 17
41533 581 1 1 2 6 31
42279 76 0 0 0 6 17
44532 41 1 0 9 6 19
45011 164 1 0 3 6 17
48284 110 1 0 1 6 15
48357 5 1 0 2 6 21
48363 14 1 0 8 6 20
48646 97 1 0 6 6 14
50641 58 1 0 8 6 15
53622 72 1 0 2 6 16
53686 24 1 0 1 5 14
53875 260 0 0 1 6 18
55012 31 0 0 4 6 23
56348 56 1 0 0 6 17
56483 29 1 0 5 6 11
59477 82 1 0 0 6 13
60031 88 1 0 1 6 14
61630 13 0 0 6 6 21
62138 24 0 0 5 6 11
62616 49 0 0 4 6 19
69119 19 1 0 0 6 15
69748 250 1 0 8 6 21
73049 231 1 0 1 6 23
75231 29 1 0 1 6 16
80496 84 1 0 3 6 15
80643 51 1 0 5 6 13
83469 122 1 0 0 6 13
84554 57 1 0 3 6 12
85545 24 1 0 6 6 27
87255 101 1 0 3 6 17
87444 18 1 0 4 5 20
87940 138 1 0 2 6 20
88281 36 1 0 4 6 19
89564 36 1 0 9 6 23
90839 106 1 0 1 6 13
92207 14 0 0 4 6 22
93303 49 1 0 1 6 18
99780 93 1 1 2 6 22
100630 143 1 0 8 6 13
106491 7 1 0 7 5 15
106492 33 1 0 4 6 20
107369 271 1 0 1 6 23
108211 504 1 0 1 5 20
108479 68 0 0 2 5 19
108481 9 1 0 4 5 20
108897 81 1 0 9 6 23
109085 14 1 0 0 6 18
115827 94 0 0 6 6 19
118233 51 0 0 7 6 20
121106 18 1 0 0 6 11
121767 34 1 0 1 6 17
122187 7 1 0 2 6 18
122705 246 1 0 2 6 29
125912 31 1 0 1 6 13
131274 27 0 0 6 6 20
131845 15 0 0 5 6 18
133107 8 1 0 8 5 20
133114 16 1 0 6 6 22
133166 58 1 0 4 5 23
134629 25 0 0 4 6 16
140454 29 1 0 1 6 22
144165 43 1 0 0 6 11
146661 119 1 0 2 6 16
147067 32 0 0 1 6 23
147974 8 1 1 0 6 20
149132 38 1 0 8 6 15
150944 50 1 0 0 6 12
153327 12 1 0 2 5 21
156713 40 1 0 7 6 10
164190 232 1 0 0 6 14
164312 39 1 0 1 6 15
167876 47 0 0 3 6 11
167972 74 1 0 3 6 8
168054 64 0 0 7 6 17
168761 103 1 0 2 6 15
170493 61 1 0 5 6 13
171705 39 1 0 6 6 11
172802 39 1 0 3 6 15
173108 36 1 0 2 6 20
173568 91 1 0 3 6 12
173570 56 1 0 1 6 12
174316 119 1 0 3 6 24
176016 114 1 0 2 6 21
177168 133 0 0 1 6 28
177471 19 1 0 3 5 17
178469 141 1 0 2 6 22
182971 44 1 0 6 6 16
186623 48 0 1 4 6 18
187111 35 1 0 1 6 22
188032 38 1 0 1 6 22
188219 82 0 0 7 6 18
189267 32 0 0 2 6 20
191757 58 1 0 0 6 16
198593 11 0 0 3 6 10
199665 786 1 0 6 6 25
202654 39 1 0 0 5 13
202696 44 1 0 0 6 17
202877 43 1 0 6 5 9
204084 70 1 0 8 6 15
204108 35 0 0 2 6 28
211188 220 1 0 4 6 21
213395 14 0 0 5 6 13
213722 145 1 1 1 6 18
214046 162 1 0 2 6 26
214143 44 1 0 3 6 24
214145 10 1 0 8 6 17
214180 106 0 0 0 6 14
222181 35 1 0 5 6 39
222356 30 1 0 3 6 13
223468 6 1 0 3 6 15
225655 110 1 0 3 6 19
226847 21 1 0 4 6 19
226920 62 1 0 1 6 18
226969 29 0 0 0 6 20
227273 50 1 0 1 6 19
227283 73 0 0 6 6 11
228656 33 0 0 1 5 16
235846 98 1 0 1 5 21
243618 37 1 0 5 6 18
243961 4 0 0 2 6 17
247714 56 1 0 2 6 22
248850 53 1 0 0 6 17
249343 194 1 0 6 6 20
251195 138 1 0 7 6 20
251357 82 0 0 5 6 19
252026 88 1 0 4 6 19
255212 201 1 0 2 6 18
256152 132 1 0 8 6 20
256160 540 1 0 1 6 20
256190 64 1 0 1 6 23
256191 87 1 0 1 6 22
256194 195 1 0 7 6 15
256784 56 0 0 3 6 16
257252 55 0 0 3 6 18
257687 17 1 0 3 6 18
258850 42 1 0 7 6 20
258884 37 1 0 6 6 15
262153 41 1 0 2 6 20
266963 104 1 0 6 6 18
267518 230 1 0 4 6 29
267522 37 1 0 2 6 19
269019 87 1 0 4 6 18
270363 9 1 0 8 6 18
271104 76 1 0 7 6 20
272429 32 1 0 6 6 19
272704 29 1 1 6 6 20
273486 2 1 0 5 6 13
273647 20 1 0 8 6 19
275578 60 1 0 1 6 19
277462 104 1 0 4 6 22
278063 103 1 0 5 6 19
278471 109 1 0 1 6 24
278650 39 1 0 6 6 19
279048 97 1 0 1 6 19
280166 51 0 0 2 6 18
280273 29 1 0 8 6 20
281896 267 1 1 4 6 19
282837 13 1 0 4 6 18
283190 11 1 0 0 6 18
283964 86 1 0 4 6 28
285258 11 1 0 6 6 17
286777 57 1 0 7 6 21
287327 23 1 0 3 6 23
289296 15 1 0 4 6 16
289817 74 1 0 1 6 20
290265 7 0 0 1 6 18
291344 88 0 0 6 6 15
296544 63 1 0 4 6 20
296852 79 0 0 8 6 13
297155 34 1 0 5 6 13
297406 32 1 0 4 6 20
297427 21 1 0 4 6 16
297507 48 1 0 1 5 24
297655 135 0 0 4 6 20
297664 21 1 0 1 5 19
297960 34 0 0 6 6 20
298671 79 1 0 1 6 17
302382 16 1 0 3 6 22
305396 45 1 0 6 6 27
305448 90 1 0 2 6 16
306620 13 1 0 0 6 19
310752 33 0 0 1 5 16
312516 31 1 0 2 6 17
313221 49 1 0 1 6 14
313241 15 1 0 2 6 18
313716 12 1 0 1 6 14
313772 7 1 0 2 6 10
313997 99 1 0 6 6 18
317001 43 1 0 7 6 21
317039 16 1 0 1 6 18
317548 102 1 0 3 6 18
317790 41 1 0 2 6 16
318146 156 1 0 4 6 19
320720 179 0 0 0 6 15
321796 43 1 0 1 6 13
322609 62 1 0 6 6 19
322956 39 1 0 2 6 19
325448 8 0 0 5 6 18
325513 17 1 0 6 6 21
325938 21 1 0 2 5 14
326265 56 0 0 7 6 17
328012 58 1 0 2 5 26
328741 209 1 1 3 6 30
329892 40 1 0 0 6 14
330168 14 1 0 4 6 20
330381 32 1 0 8 6 19
330382 8 1 0 0 6 22
330384 24 1 0 3 6 20
330570 9 1 0 2 5 14
330701 158 1 0 4 6 26
330703 62 1 0 7 6 21
331068 138 0 0 2 6 19
331072 14 0 0 2 5 23
331348 66 1 0 6 6 14
331480 46 1 0 7 6 19
331671 21 1 0 7 6 21
332099 164 1 0 3 6 21
332167 25 1 0 5 6 18
332449 21 0 0 1 6 27
332634 36 0 0 4 6 26
332690 232 1 1 8 6 16
332914 137 1 0 8 6 17
333514 78 1 0 6 6 26
334217 78 1 0 6 6 21
334608 14 1 0 2 6 23
335001 26 1 0 1 5 17
335200 27 1 0 9 6 20
335922 8 1 0 6 6 18
336766 63 1 0 2 5 18
337002 22 1 0 1 6 27
338835 33 0 0 6 6 18
339571 32 1 0 1 6 20
339593 32 1 0 8 6 18
339858 67 1 0 8 6 15
339859 18 1 0 8 6 21
339860 3 0 0 3 6 17
339863 45 1 0 3 6 14
339867 99 1 0 3 6 20
339868 37 0 0 6 6 9
339869 4 1 0 0 5 19
339934 8 1 0 2 6 17
339935 65 1 0 7 6 16
339936 35 1 0 2 6 20
339938 5 1 0 1 6 17
339939 102 1 0 1 5 19
339940 41 1 0 4 6 15
339941 5 1 0 2 6 21
339943 15 1 0 6 6 14
339997 55 1 0 1 6 15
339999 53 1 0 7 6 17
340000 18 1 0 2 6 19
340001 19 1 0 6 6 18
340002 27 1 0 7 6 12
340003 40 1 0 1 6 19
340005 45 1 0 6 6 18
340006 10 0 0 4 6 20
340007 1 1 0 0 5 14
340008 32 1 0 1 6 25
340059 3 0 0 5 6 17
340061 21 1 0 7 6 19
340062 47 1 0 1 6 28
340064 4 1 0 6 5 16
340066 4 1 0 4 6 16
340067 3 1 0 0 6 20
340146 4 1 0 1 6 15
340147 4 0 0 4 5 21
340148 40 1 0 4 6 18
340149 35 1 0 3 6 14
340151 10 1 0 1 6 18
340152 8 1 0 8 6 18
340154 8 0 0 2 6 19
340155 8 1 0 3 6 16
340216 2 1 0 8 5 18
340217 2 1 0 1 5 14
340218 18 1 0 9 6 19
340220 2 0 0 5 6 20
340221 55 1 0 5 6 29
340222 83 1 0 0 6 24
340224 3 1 0 8 6 20
340225 6 0 0 1 6 21
340226 3 1 0 2 5 27
340227 9 1 0 2 6 15
340319 8 1 0 4 5 21
340321 18 1 0 1 6 13
340324 32 1 0 6 6 15
340327 4 1 0 1 5 14
340328 1 1 0 4 5 17
340330 54 1 0 5 6 10
340331 5 0 0 4 6 17
340333 3 1 0 6 5 37
340335 3 1 0 2 5 22
340337 123 1 0 1 6 19
340338 8 1 0 5 6 17
340340 36 1 0 1 6 22
340342 8 1 0 4 6 20
340435 65 1 0 7 6 16
340468 2 1 0 5 6 16
340470 17 1 0 8 6 22
340473 5 1 0 2 6 13
340474 14 1 0 2 6 21
340476 12 1 0 4 6 19
340477 21 1 0 6 6 20
340479 30 1 0 1 6 20
340480 17 0 0 7 6 22
340481 37 1 0 5 6 18
340483 4 0 0 3 6 23
340530 8 1 0 0 6 13
340532 2 1 0 5 6 22
340534 12 1 0 3 5 17
340536 19 1 0 1 6 19
340537 3 1 0 2 5 18
340538 20 1 0 2 6 23
340539 22 0 0 6 5 30
340540 2 1 0 3 5 16
340543 22 1 0 6 6 11
340545 12 1 1 6 6 27
340633 15 1 0 7 6 22
340634 25 1 0 1 6 18
340635 29 1 0 2 6 29
340636 41 0 0 1 6 10
340637 7 1 0 2 6 14
340638 11 1 0 3 6 16
340639 12 1 0 5 6 21
340640 1 0 0 2 6 21
340642 65 1 0 0 6 21
340643 7 1 0 2 6 18
340729 37 0 0 8 6 20
340765 5 0 0 4 5 16
340770 31 1 0 7 6 16
340773 5 1 0 6 5 24
340775 17 1 0 2 6 15
340779 8 1 0 1 6 24
340781 9 1 0 3 6 15
340785 4 1 0 2 5 21
340786 1 1 0 2 5 9
340787 59 1 0 4 6 15
341382 42 0 0 6 6 16
341581 20 1 0 3 6 13
341583 28 1 0 5 6 15
341588 5 1 0 7 6 16
341592 4 1 0 1 6 15
341594 7 1 0 2 6 14
341597 48 1 0 4 5 16
341599 20 1 0 2 5 16
341642 4 1 0 6 6 14
341644 13 1 0 1 5 22
341645 8 0 0 0 6 21
341646 17 1 0 2 6 15
341647 14 1 0 7 5 20
341648 46 1 0 6 6 9
341649 8 1 0 1 6 13
341651 7 1 0 2 6 19
341652 4 1 0 1 6 21
341653 25 1 0 7 6 15
341654 14 0 0 6 6 10
341655 23 1 0 2 6 20
341656 15 1 0 1 6 22
341657 5 1 0 2 5 27
341658 10 1 0 1 5 19
341659 15 1 0 2 6 20
341712 5 1 0 1 5 14
341713 14 1 0 1 5 27
341714 5 1 0 5 5 19
341717 14 1 0 8 5 21
341719 3 1 0 1 6 19
341721 8 1 0 2 6 17
341722 20 1 1 4 6 17
341723 9 1 0 1 6 18
341724 60 1 0 4 6 22
341776 25 1 0 7 6 15
341778 17 1 0 8 6 15
341779 2 1 0 6 5 16
341781 19 1 0 9 6 17
341782 1 1 0 2 5 12
341783 58 0 0 4 6 19
341785 12 1 0 0 6 14
341786 2 1 0 1 5 18
341787 27 1 1 9 6 22
341788 7 1 0 1 6 15
341791 5 1 0 3 5 19
341793 20 1 0 1 6 22
341850 27 0 0 2 6 15
341855 5 1 0 8 6 17
341856 6 1 0 2 5 15
341858 13 1 0 6 6 23
341861 15 1 0 3 6 19
341863 3 1 0 4 6 22
341864 12 1 0 6 6 17
341866 23 1 0 2 6 18
341869 6 1 0 2 5 16
341870 29 1 0 1 6 16
341871 10 1 0 0 5 14
341872 7 1 0 2 6 15
341874 70 1 0 7 6 14
341876 51 1 0 0 6 15
341905 2 1 0 0 5 17
341906 3 1 0 8 6 17
341907 11 1 0 4 6 16
341908 2 0 0 4 5 16
341909 10 1 0 2 6 22
341910 43 1 0 6 6 17
341911 10 0 0 1 6 21
341914 8 1 0 9 6 18
341916 23 1 0 1 6 18
341917 3 1 0 2 6 18
341970 4 0 0 6 6 23
341971 17 0 0 5 6 13
341972 6 1 0 2 6 11
341973 8 1 0 8 6 16
341974 57 1 0 6 6 14
341977 47 1 0 8 6 16
341980 20 1 0 5 6 16
341981 3 1 0 1 6 15
341982 21 1 0 6 6 15
341984 31 1 0 6 6 22
342029 16 1 0 2 6 23
342030 25 1 0 1 6 20
342031 23 1 0 6 6 16
342032 5 1 0 6 5 21
342034 3 1 0 7 6 15
342035 5 1 0 1 6 15
342036 4 1 0 8 6 16
342037 6 1 0 8 6 16
342039 13 1 0 7 6 19
342040 20 1 0 3 6 16
342041 20 1 0 6 6 15
342042 3 1 0 3 6 17
342114 45 1 0 2 6 23
342115 1 1 0 2 6 14
342116 1 1 0 6 5 16
342118 4 1 0 6 6 19
342119 8 1 0 4 6 29
342120 7 1 0 4 6 20
342121 59 1 0 2 6 22
342122 35 1 0 2 6 22
342123 23 0 0 6 6 16
342124 42 1 0 7 6 14
342125 39 1 0 1 6 20
342127 4 1 0 2 6 20
342128 57 1 0 3 6 14
342168 17 1 0 2 6 19
342170 3 1 0 5 6 18
342171 25 1 0 4 6 18
342173 22 1 0 2 6 18
342175 2 1 0 6 5 15
342178 15 1 0 8 6 22
342180 15 1 0 7 5 13
342181 10 0 0 2 5 17
342237 8 1 0 2 6 14
342238 6 1 0 2 6 19
342239 52 1 0 6 6 10
342247 18 1 0 0 6 14
342248 12 1 0 5 6 18
342249 5 0 0 4 6 17
342250 22 1 0 7 6 16
342251 6 1 0 6 5 14
342328 5 1 0 2 5 14
342329 5 0 0 1 6 13
342331 12 1 0 2 6 11
342332 1 1 0 3 5 23
342333 5 1 0 1 6 19
342334 1 1 0 2 5 14
342335 1 1 0 1 5 19
342336 16 0 0 7 6 20
342337 2 1 0 6 5 19
342338 26 1 0 2 6 19
342339 11 1 0 9 6 16
342340 6 1 0 5 6 19
342341 2 1 0 4 6 19
342342 48 1 0 4 6 16
342369 13 0 0 1 6 14
342370 37 1 0 1 6 27
342371 74 1 0 8 6 17
342372 3 1 0 2 5 21
342373 51 1 1 8 6 111
342374 1 1 0 6 5 11
342376 12 1 0 1 5 19
342377 4 1 0 1 6 26
342433 31 1 0 2 6 18
342434 2 1 0 4 5 21
342435 4 1 0 2 5 17
342436 1 1 0 2 5 18
342438 36 0 0 9 6 11
342439 20 1 0 1 6 18
342440 4 1 0 0 6 14
342441 15 1 0 5 6 19
342442 18 1 0 8 6 19
342443 16 1 0 5 5 19
342444 6 0 0 0 6 19
342543 19 1 0 6 5 19
342545 20 0 0 2 6 16
342547 37 1 0 1 6 27
342549 12 1 0 1 6 22
342550 6 1 0 6 6 20
342594 67 1 0 7 6 18
342595 33 0 0 7 5 15
342596 63 1 1 3 6 18
342599 35 0 0 6 6 22
342600 35 0 0 7 6 13
342601 32 0 0 7 6 25
342602 47 1 0 8 6 16
342674 9 0 0 4 6 23
342675 2 1 0 3 5 18
342702 24 1 0 5 6 13
342746 8 1 1 2 6 23
342747 7 1 0 8 6 29
342748 49 1 0 5 6 22
342750 17 0 0 4 6 14
342751 38 1 0 5 6 20
342752 27 1 0 2 6 37
342753 23 0 0 0 6 14
342754 190 1 0 9 6 29
342804 5 1 0 1 6 21
342807 24 1 0 6 5 13
342919 74 0 0 2 6 25
342920 69 0 0 1 6 17
342999 39 0 0 6 6 17
343000 73 1 0 8 6 19
343002 87 1 0 1 6 21
343003 30 1 0 4 5 27
343004 17 1 0 8 6 29
343005 30 1 0 3 6 16
343006 9 1 0 1 6 23
343085 41 0 0 8 6 18
343087 40 1 0 0 6 18
343088 41 1 0 5 6 15
343090 23 1 0 8 6 18
343092 26 1 0 0 6 24
343093 32 0 0 8 5 14
343143 30 1 0 8 6 18
343145 63 1 0 1 6 15
343150 47 0 0 3 6 17
343153 24 1 0 3 5 14
343216 63 1 0 7 6 14
343217 16 1 0 0 6 18
343218 5 1 0 6 6 25
343269 14 0 0 3 6 15
343272 67 1 0 2 6 22
343273 46 1 0 6 6 12
343274 92 1 0 2 6 16
343338 42 0 0 7 6 22
343340 18 0 0 3 6 20
343601 40 1 0 1 6 19
343604 5 1 1 6 6 17
343610 9 0 0 0 5 19
343612 8 0 0 2 6 14
343614 54 1 0 2 6 13
343616 64 1 0 1 6 23
343619 36 1 0 3 6 12
343624 18 1 0 6 6 13
343663 11 1 0 7 5 22
343665 55 1 0 6 6 14
343666 22 1 0 1 6 17
343668 38 1 0 5 6 22
343674 42 1 0 6 6 21
343675 6 0 0 4 6 18
343743 15 1 0 2 6 20
343744 39 1 0 6 6 20
343745 8 1 0 0 6 16
343749 12 1 0 2 6 16
343752 1 1 0 2 6 15
343754 8 0 0 1 6 19
343755 4 1 0 4 6 18
343832 14 1 0 3 5 18
343833 12 1 0 1 6 16
343835 33 1 0 2 6 20
343836 18 1 0 2 6 19
343838 29 1 0 2 6 18
343924 6 0 0 7 6 17
343925 24 1 0 2 6 12
343926 7 1 0 6 6 19
343927 91 1 0 7 6 17
343928 3 0 0 0 5 23
343929 18 1 0 1 6 21
343930 43 1 0 4 6 22
343931 3 1 0 2 6 15
343933 122 1 0 7 6 11
343935 23 1 0 4 6 11
344010 68 1 0 8 6 16
344012 7 1 0 6 6 20
344013 8 1 0 8 5 20
344016 10 1 0 2 5 16
344017 23 1 0 2 6 21
344019 57 1 0 8 6 12
344020 14 1 0 4 5 27
344078 34 1 0 6 6 33
344079 7 0 0 4 6 20
344080 39 0 0 3 6 21
344082 5 1 0 4 6 17
344084 9 0 0 4 6 17
344088 11 1 0 8 6 18
344091 3 1 0 4 6 21
344093 5 0 0 3 6 22
344128 58 1 0 5 6 15
344132 36 0 0 4 6 21
344135 12 1 0 4 6 17
344184 7 1 0 7 6 15
344187 2 1 0 4 6 22
344188 58 1 0 5 5 21
344267 17 0 0 4 6 18
344268 8 1 0 3 6 25
344269 6 1 0 2 6 15
344271 10 1 0 4 6 20
344275 32 1 0 2 6 19
344276 43 0 0 6 5 12
344308 10 1 0 4 6 19
344309 16 1 0 1 6 16
344314 11 1 0 7 6 30
344317 28 1 0 8 6 14
344318 12 1 0 5 5 16
353233 246 1 0 2 6 29
378731 84 1 1 8 6 17
405193 179 1 1 3 6 30
441719 133 1 0 9 6 27
448700 75 1 1 6 6 16
457653 66 1 1 8 6 12
471418 441 1 0 8 6 19
471676 70 1 0 7 5 21
493889 98 1 1 8 6 25
510369 62 1 1 9 6 19
517905 9 1 1 5 6 22
528502 14 1 0 1 5 18
531390 43 1 0 5 6 22
531721 54 1 0 6 6 20
539401 40 1 1 8 6 15
566687 72 1 0 0 6 22
587831 30 1 0 2 6 22
589076 26 1 0 2 6 18
600608 13 1 1 8 6 34
628077 26 1 0 4 6 13
658055 12 1 0 1 6 20
658077 12 1 0 2 5 20
670749 49 1 0 6 6 30
679151 75 1 0 8 6 21
740461 42 1 0 0 6 19
743633 53 1 1 8 5 14
745789 16 1 1 8 6 11
749981 22 1 0 6 6 14
834487 25 1 0 6 6 20
836860 34 1 0 0 6 27
889723 21 1 0 2 6 19
935276 8 1 0 2 6 20
955808 10 1 0 4 6 19
1016573 17 1 0 2 6 22
1031002 40 1 0 1 5 22
1053609 6 1 0 2 6 21
1101086 47 1 1 2 6 17
1117946 44 1 0 6 6 21
1131589 25 1 0 1 6 20
1193365 3 1 0 0 6 20
1209355 16 1 0 2 6 19
1250744 3 1 0 0 5 21
1254040 3 1 0 2 5 18
1259446 6 1 1 1 6 31
