91426
19
459
91426 632 1 0 4 6 20
3977 187 1 0 0 6 23
5472 48 1 0 2 6 20
7424 27 1 0 2 6 18
10270 182 1 0 4 6 17
10489 8 0 0 3 5 19
13615 147 1 0 9 6 20
15470 52 0 0 9 6 21
17073 17 0 0 9 6 22
25871 73 0 0 0 6 21
28304 316 1 0 8 6 18
28418 84 1 0 5 6 19
32778 151 1 0 0 6 19
35322 516 1 1 6 6 24
39803 267 1 0 4 6 19
40289 403 1 0 6 6 21
41299 44 1 0 5 6 18
41528 474 1 1 6 6 22
41533 581 1 1 2 6 31
42574 101 1 0 9 6 19
43222 170 1 0 6 6 24
44263 119 1 0 2 6 22
44723 176 1 0 6 6 20
45696 495 1 0 3 6 18
47404 24 1 0 2 5 18
47406 68 0 0 5 6 15
48597 163 1 0 4 6 20
52986 53 0 0 2 6 17
53920 91 1 0 5 6 20
53998 70 0 0 5 6 23
54284 96 0 0 6 6 28
57415 27 0 0 4 6 23
57757 140 0 0 6 6 29
57910 105 1 0 2 6 19
58399 48 0 0 2 5 17
58400 100 1 0 2 6 17
59082 66 1 0 0 6 21
59202 77 1 0 0 5 24
60227 137 1 0 4 6 20
67268 89 0 0 0 6 17
69455 255 1 0 8 6 16
70274 46 0 0 8 6 33
70313 22 0 0 8 6 21
70921 106 1 0 2 6 20
72079 49 1 0 8 6 19
72268 492 1 1 9 6 27
72354 145 0 0 6 6 16
72892 216 1 0 8 6 17
73890 229 0 0 7 6 24
74344 77 1 1 1 6 52
75233 59 0 0 7 6 19
76529 117 0 0 4 6 20
78130 53 1 0 8 6 18
83951 42 0 0 2 6 20
85552 15 0 0 4 6 20
88678 186 1 0 4 6 21
88861 344 0 0 6 6 16
91806 69 0 0 2 6 23
91935 163 1 0 4 6 20
92236 36 1 0 2 6 17
93354 302 0 0 6 6 18
102202 80 1 0 2 6 25
104180 50 0 0 8 6 19
105226 35 1 0 1 6 26
105643 430 1 0 6 6 17
106660 79 1 0 6 6 18
106826 157 1 0 6 5 19
107028 79 1 0 9 6 20
107494 112 0 0 4 6 28
107550 63 0 0 3 6 27
107679 140 1 0 7 6 19
108198 169 0 0 6 6 21
108455 248 0 1 9 6 37
108867 155 1 0 6 6 18
108904 12 1 0 9 6 29
108978 130 1 0 6 6 19
108979 189 0 0 4 6 19
109396 46 0 0 7 6 20
109694 34 1 0 9 5 20
109905 190 1 0 6 6 19
110100 133 1 0 6 6 27
111334 176 1 0 4 6 19
111412 68 1 0 2 6 18
112948 288 1 0 2 6 16
113867 32 0 0 2 6 21
120395 25 0 0 0 6 24
120873 605 1 1 9 6 16
122071 69 0 0 8 6 22
124643 81 0 0 2 6 22
125555 60 1 0 2 6 20
126799 143 1 0 2 6 17
127788 41 1 1 3 6 22
128115 121 1 0 4 6 18
128116 253 1 0 6 6 18
129065 49 0 0 8 6 24
129345 151 1 0 2 6 17
130702 87 1 0 2 6 24
130946 443 0 1 8 6 18
131085 55 1 0 1 6 16
132165 29 1 0 6 6 17
132778 394 1 0 4 6 16
133288 171 0 0 6 5 16
134248 86 1 0 5 6 20
135563 390 1 1 6 6 16
142008 93 1 0 6 6 20
143918 94 1 0 5 6 27
145923 555 1 1 6 6 18
153102 69 1 0 2 6 18
154045 52 1 0 2 6 18
155699 116 1 0 6 5 21
155901 96 1 0 6 6 19
156085 186 1 1 8 5 17
158774 44 1 0 2 5 16
161671 77 1 0 6 6 16
164079 249 1 0 8 6 19
164354 21 1 0 2 6 24
165192 35 1 0 2 6 26
165987 209 1 0 6 6 16
166311 51 1 0 4 6 18
166509 141 1 0 4 6 17
166879 155 1 0 8 6 16
169555 233 1 0 4 6 18
171160 174 1 0 4 6 17
171167 128 0 0 4 6 17
171322 148 1 0 2 6 17
171389 395 1 0 8 6 18
171791 73 1 0 4 6 18
172405 71 0 0 2 5 17
172655 284 1 0 4 6 16
172746 40 1 0 6 6 18
173918 78 0 0 8 6 20
174154 137 1 0 2 6 18
174462 126 0 0 7 6 17
174894 143 1 0 4 6 21
175191 162 1 0 4 6 19
176687 105 0 0 4 6 19
176955 203 1 0 6 6 19
176980 109 0 0 4 5 30
176988 83 1 0 6 6 28
177110 28 0 0 2 6 23
177119 66 1 0 1 6 29
177167 37 1 0 8 6 28
177258 168 0 0 6 6 28
178177 105 0 0 1 6 27
178469 141 1 0 2 6 22
178945 126 1 0 2 6 18
181622 148 1 0 2 6 23
182052 113 1 0 2 6 21
182288 51 1 0 9 6 22
182939 176 1 1 8 6 18
183429 74 1 0 1 6 22
185272 208 0 0 8 6 17
186019 77 1 0 4 6 20
188477 337 1 0 4 6 15
189230 30 1 0 2 6 22
190900 85 1 0 2 6 22
193393 12 1 0 4 6 17
193755 118 0 0 4 6 22
194024 137 1 0 6 6 18
195310 26 0 0 8 6 23
199380 57 0 0 2 6 20
206774 109 1 0 7 6 22
208763 51 1 1 2 6 23
209438 351 1 0 8 6 19
210955 112 1 1 6 6 16
211581 34 1 0 2 6 21
211925 135 0 0 4 6 18
211943 230 0 0 4 6 19
213348 105 0 0 8 6 17
214105 307 0 0 6 6 28
219554 45 0 0 2 6 20
222764 123 0 0 6 6 19
224830 73 1 0 6 5 16
224947 117 1 0 6 6 18
225043 169 1 0 8 5 19
225205 181 1 0 8 6 18
226108 62 1 0 2 6 19
227153 17 0 0 6 6 26
227164 60 0 0 2 6 19
228244 239 1 0 2 6 22
230277 97 1 0 1 6 20
232502 153 1 1 6 6 19
235495 54 1 0 0 6 24
235889 42 0 0 2 6 19
239294 62 1 0 4 6 20
240712 157 1 0 6 6 24
240813 28 0 0 7 6 23
240979 246 1 0 4 6 20
241073 329 1 0 6 6 17
243766 107 0 0 2 6 20
243847 47 0 0 4 6 33
246489 73 1 0 8 6 23
250331 150 1 0 2 5 18
251736 189 1 0 4 6 16
253042 86 1 0 2 6 26
254716 167 0 0 8 6 16
255212 201 1 0 2 6 18
257974 92 1 0 1 6 22
258268 161 0 0 7 6 33
258372 77 0 0 7 6 16
259340 441 1 0 8 6 16
260003 11 1 0 9 5 33
261429 210 1 0 8 6 26
261525 143 1 0 5 6 22
262004 104 1 1 9 6 32
266693 288 1 1 2 6 18
266870 19 1 0 5 6 26
267196 79 1 0 2 6 20
269009 252 0 0 8 6 19
272273 246 0 0 4 6 17
272423 15 1 0 4 6 23
272435 81 1 0 4 6 24
272481 227 0 0 6 6 19
272573 163 0 0 6 6 17
273127 75 1 0 8 6 23
274395 35 0 0 7 6 19
275212 121 1 0 7 6 18
276222 100 1 0 7 6 22
276825 37 0 0 2 5 21
277178 6 1 0 6 5 19
277606 28 0 0 2 6 22
277792 174 0 0 2 6 18
278321 73 0 0 8 6 20
278539 66 1 0 0 6 24
278705 258 1 0 4 6 20
278793 154 1 0 6 6 20
279571 514 1 0 6 6 15
280016 44 1 0 5 6 24
280503 186 1 0 4 6 18
282238 45 0 0 6 6 22
283223 90 1 0 6 6 20
283468 102 1 0 9 6 24
283964 86 1 0 4 6 28
284835 25 1 0 4 5 20
285550 264 1 0 8 6 15
285701 163 1 0 8 6 19
287072 71 0 0 6 6 20
287219 76 1 0 1 6 16
287939 97 1 0 2 6 21
289483 147 1 0 4 6 22
289731 67 0 0 6 6 20
289797 6 1 0 1 6 25
290308 33 0 0 7 6 19
291703 28 1 0 2 6 27
291931 133 1 0 2 6 17
294896 54 0 0 9 6 24
295685 268 1 0 8 5 16
296550 239 1 0 6 6 20
297116 66 1 0 2 6 18
297477 55 1 0 4 6 20
299423 28 1 0 0 6 20
301527 62 1 0 2 6 20
301644 72 0 0 2 6 21
302664 36 0 0 4 6 21
305426 91 0 0 6 6 18
305472 178 0 0 6 6 18
305726 53 1 0 2 6 19
305746 167 1 0 6 6 16
307045 60 0 0 4 5 17
308109 23 0 0 4 5 20
308146 40 0 0 6 6 19
311568 149 1 0 2 5 18
316101 140 0 0 7 6 23
317001 43 1 0 7 6 21
317757 124 1 0 2 6 24
318152 55 1 0 2 6 20
319244 8 1 0 1 6 24
320550 84 1 0 6 5 16
320690 79 0 0 6 6 22
321438 230 0 0 4 6 18
321449 286 1 0 8 6 20
322011 35 1 0 6 6 23
322087 43 1 0 8 6 22
322121 178 0 0 8 6 22
322697 122 1 0 6 6 18
323236 114 0 0 4 6 25
323577 24 0 0 6 5 19
323754 139 0 0 4 5 20
323829 106 1 0 4 6 21
324107 58 0 0 6 5 22
324110 158 1 0 4 6 19
324360 381 0 1 7 6 23
324892 148 1 0 7 6 19
328538 72 1 0 2 6 21
330258 126 0 0 6 6 23
330314 60 1 0 1 6 21
330839 126 1 0 6 6 19
330906 30 1 0 6 5 20
330911 19 1 0 2 5 32
331355 79 1 0 8 6 21
332690 232 1 1 8 6 16
332744 12 1 0 5 5 30
333855 28 1 0 4 6 24
334104 102 1 1 6 6 23
335004 64 1 0 2 6 21
336311 69 1 0 6 6 16
336858 33 1 0 7 6 29
337746 339 1 0 6 6 17
340414 80 1 0 5 6 20
341883 152 0 0 2 6 17
341996 82 1 0 8 6 22
342594 67 1 0 7 6 18
342704 105 0 0 6 6 18
344342 32 0 0 6 6 24
344665 65 1 0 3 6 16
346697 84 1 0 3 6 17
347546 71 0 1 3 6 22
347633 102 1 0 2 6 21
347637 39 0 1 9 6 20
347870 255 1 0 6 6 20
348150 91 1 0 6 6 26
348573 59 1 0 2 6 28
348649 54 1 0 6 5 20
348664 163 1 0 4 6 18
348688 174 1 0 6 6 23
350029 145 1 0 6 6 17
350471 28 1 0 4 6 23
350806 33 0 0 6 6 20
350827 74 1 0 7 6 16
350931 204 1 0 6 6 18
350934 6 0 0 0 6 28
351979 85 1 0 2 6 18
352833 101 1 0 9 6 18
352839 146 1 0 8 5 16
353668 182 1 0 8 5 17
354991 16 0 0 2 6 29
355166 59 1 0 8 6 28
355436 237 0 0 8 6 20
355525 106 1 0 4 6 26
355526 278 0 0 4 6 20
356109 140 0 0 8 6 17
356446 42 0 0 4 6 15
357138 120 1 0 6 6 15
357812 3 1 0 5 5 23
358483 95 1 0 5 6 31
360986 154 0 0 7 6 17
363272 63 1 0 6 5 24
367431 65 1 0 3 6 29
367697 13 1 0 7 5 17
368177 21 0 0 9 6 30
369237 33 1 0 9 5 22
369704 24 1 0 4 6 21
371088 119 1 0 8 6 21
371298 48 1 0 4 6 28
371805 90 0 0 8 6 17
371912 194 1 0 8 6 26
372777 161 1 0 8 6 21
372779 229 1 0 8 6 17
372921 198 1 0 8 6 20
373766 73 1 0 2 6 29
373962 37 1 0 1 6 21
375312 63 1 0 3 6 22
375858 43 1 0 4 6 20
376710 67 0 1 8 6 29
378991 119 0 1 6 6 14
380224 39 1 1 3 6 15
381981 57 0 1 4 6 22
383768 66 0 0 4 6 18
384607 421 1 0 6 6 21
384608 201 1 0 4 6 17
384701 58 0 0 4 5 19
385088 31 1 0 6 6 18
385983 120 0 0 4 6 17
386278 36 1 0 4 6 14
391577 23 0 0 8 6 20
392402 155 1 1 8 6 18
393466 183 1 1 1 5 24
395587 53 0 0 3 6 28
396453 68 1 1 6 5 15
397366 47 1 0 3 6 20
397687 352 1 1 8 6 15
397815 36 1 0 1 6 34
397950 100 0 0 8 6 26
399068 106 1 0 2 5 16
400468 28 0 0 2 6 22
401705 113 1 0 2 6 18
403964 16 0 1 1 6 19
404499 84 1 1 8 6 20
404857 47 0 0 2 6 20
410660 46 0 0 2 6 16
411322 69 1 0 2 5 16
413513 8 1 0 2 6 29
415030 40 1 0 2 6 19
415129 135 1 0 6 6 18
415492 66 1 0 2 6 26
417589 123 1 0 6 6 17
420093 197 1 0 5 5 24
420196 34 1 0 2 6 19
425644 110 1 0 5 6 19
430450 101 1 0 2 6 19
431675 93 1 0 6 6 17
431925 121 0 0 6 6 20
432048 58 1 0 4 5 18
432160 265 0 0 6 6 21
432164 259 1 0 8 6 18
432798 72 1 0 4 5 19
432980 146 1 0 8 6 18
433948 72 0 0 9 6 19
434365 96 1 0 9 6 18
434626 64 1 0 6 6 21
435017 47 1 0 6 6 28
435149 63 1 0 8 6 16
437988 52 1 0 8 6 24
441847 36 0 0 2 6 19
441897 108 1 0 2 6 17
446085 136 0 0 7 6 19
446769 143 0 0 6 6 25
449857 31 1 0 9 6 15
455860 68 1 0 2 6 18
456848 122 1 0 8 6 15
459414 162 1 0 4 5 20
459457 316 1 0 6 6 18
464968 41 0 0 8 6 17
465587 47 0 0 6 6 20
467651 43 0 0 0 6 35
469849 154 1 0 8 5 17
469850 37 0 0 2 6 16
470063 85 1 0 2 6 17
470270 54 0 0 9 6 24
470282 117 1 0 8 6 18
471748 26 0 0 2 6 17
471885 85 1 0 6 6 19
472753 53 1 0 4 6 31
473098 102 0 0 8 6 20
473099 230 1 0 6 6 20
475304 69 1 0 4 6 21
476245 72 0 0 2 6 19
477759 45 0 0 2 6 28
481392 35 1 0 9 6 48
483796 78 1 0 7 6 22
486560 46 0 0 5 6 20
486733 64 0 0 6 6 22
487545 86 1 1 2 6 19
487548 136 1 0 2 6 22
487549 56 1 1 2 6 16
487550 53 1 1 2 6 20
488740 22 0 0 7 6 22
490276 98 1 0 6 6 17
496754 85 1 0 2 6 22
500577 31 1 0 4 6 21
502284 84 1 0 2 6 22
503275 66 1 0 6 6 21
504301 111 1 0 8 6 16
504706 22 1 0 9 6 22
505276 68 1 1 4 5 16
508343 97 1 0 6 6 21
509617 111 0 0 8 6 20
510851 118 1 0 6 6 20
512005 36 0 0 6 6 19
512413 104 0 0 8 6 18
512614 97 1 1 6 6 24
512883 239 1 0 6 6 17
513149 42 1 0 4 6 27
513277 40 1 1 6 6 21
515546 248 1 0 4 5 19
518970 106 0 0 6 5 22
519156 84 0 0 8 5 17
519369 32 0 0 6 6 17
523825 80 1 0 4 6 17
525848 86 1 0 8 6 20
526468 65 0 0 4 6 25
526517 37 1 0 5 6 18
529396 45 1 1 2 6 16
531228 79 1 0 6 6 22
533004 22 0 0 4 6 20
533570 146 1 0 6 6 20
535436 112 1 0 2 6 16
535464 69 1 0 6 6 19
536684 97 0 0 8 6 20
541595 60 1 0 4 5 18
543212 44 1 1 5 6 18
544398 89 1 0 4 6 18
544495 24 1 0 7 6 25
547029 116 1 0 8 6 19
548103 31 1 0 9 6 18
550537 27 0 0 9 6 19
551206 65 1 0 6 6 20
555051 60 1 0 2 6 19
558092 90 1 0 4 6 22
558675 107 1 0 3 5 18
560447 43 1 0 6 6 16
561922 22 1 0 4 5 13
563997 127 1 0 6 6 17
564282 73 0 0 6 5 17
564803 36 1 0 7 6 22
565796 17 0 0 2 6 26
566218 3 1 0 2 5 18
566815 100 0 0 4 6 19
567162 86 1 0 2 6 19
577163 18 1 0 2 5 19
578692 167 1 1 7 6 31
578953 38 1 0 6 6 13
582349 41 1 0 6 6 27
585009 97 1 0 4 6 25
587998 28 1 1 3 5 21
588118 41 1 0 6 6 21
589698 18 0 0 5 6 22
590869 123 1 1 1 6 34
595680 125 0 0 6 6 17
595734 81 0 0 6 6 16
603276 204 0 0 8 6 18
603398 8 1 0 2 6 23
607858 39 1 1 0 6 19
612156 54 1 0 2 6 17
613353 59 1 0 5 6 24
613960 9 0 1 8 5 33
615117 24 1 0 6 6 17
618033 94 1 0 4 6 25
619630 27 0 0 9 5 23
623489 16 1 0 5 6 21
626726 38 0 0 3 5 33
627249 61 1 0 6 6 21
627661 85 1 0 8 6 18
628173 6 1 0 8 6 19
628178 13 1 0 2 6 18
631778 46 1 0 8 6 20
638200 71 1 0 7 6 24
640441 114 1 0 6 6 24
640629 169 1 0 4 6 22
649276 41 1 0 6 6 16
651872 18 0 0 8 6 17
657703 12 1 0 8 6 22
659036 38 1 0 2 6 21
659323 19 0 0 2 6 20
662296 23 1 0 2 6 30
666047 48 0 0 4 6 37
670170 36 1 0 4 5 16
671060 58 1 0 7 6 21
674467 20 1 0 6 5 26
674717 3 1 1 8 6 29
679341 23 0 0 2 6 21
681838 41 1 0 6 6 36
689566 94 1 0 4 6 22
691019 23 1 0 3 6 17
693503 68 1 1 1 6 28
698751 21 1 1 2 6 12
711352 17 1 0 6 6 13
714802 51 1 0 8 5 23
717388 44 1 0 6 6 20
725508 5 0 0 0 5 32
725558 83 1 0 8 6 21
725678 90 1 0 6 6 22
729963 48 1 0 9 6 20
732548 27 1 0 8 6 21
733598 37 1 0 2 6 15
735307 44 1 1 7 6 18
735907 22 0 0 6 6 32
736144 19 1 0 2 6 21
738324 14 0 0 4 6 19
740502 19 0 0 6 6 21
742044 14 1 0 4 6 22
746574 119 0 0 4 6 19
748059 34 1 0 4 6 25
748547 34 1 0 2 5 15
749549 71 1 0 6 6 18
750091 84 1 0 6 6 22
750736 65 0 0 4 6 17
751695 51 0 0 6 6 18
751988 28 0 1 6 6 26
752960 102 1 0 6 6 18
753143 59 1 0 8 6 16
753685 10 1 0 1 6 27
758634 16 1 0 8 6 23
760945 11 1 0 6 6 26
761365 33 1 0 0 6 24
763844 58 0 0 6 6 19
764448 30 0 0 9 6 25
764900 13 1 0 1 6 22
776847 43 1 0 4 5 20
777051 21 1 0 4 6 20
782579 18 0 0 4 6 18
793351 55 0 0 8 6 39
793537 9 0 0 4 6 30
809381 34 1 0 8 6 18
811635 106 1 0 4 5 20
819449 42 1 0 8 6 20
821795 73 1 0 4 6 21
822614 7 0 1 4 5 28
834702 2 1 1 6 6 25
836608 6 1 0 8 5 23
836910 14 1 0 4 6 18
837068 5 1 0 7 6 19
837071 27 0 0 6 6 17
837073 14 1 0 6 6 13
837096 21 1 0 2 6 23
837220 2 1 1 4 6 30
837268 12 1 1 1 6 37
837269 26 1 0 7 6 21
837301 15 1 1 6 5 21
837306 6 1 0 4 6 20
837307 25 1 0 4 6 25
837310 23 1 0 4 6 26
837380 24 1 0 2 6 27
837381 7 1 0 4 6 21
837401 20 1 0 2 6 19
837411 20 1 0 8 6 19
837412 9 1 0 2 5 24
837430 81 1 0 6 6 19
837446 3 0 0 2 6 26
837447 49 1 0 6 6 18
837517 19 1 0 3 6 30
837559 25 0 0 6 6 32
837568 23 1 0 5 6 27
837579 45 1 0 8 5 20
837587 5 1 0 9 5 18
837848 6 1 0 8 6 20
837849 4 1 0 1 5 24
837851 5 1 0 6 5 20
837852 20 1 0 0 6 20
837853 62 1 0 8 6 16
837879 8 1 0 2 6 26
837885 3 0 0 1 5 16
837887 47 1 0 6 6 23
837894 5 0 0 6 6 28
837916 38 0 0 6 5 16
837917 8 0 0 4 5 17
837959 6 0 0 6 5 20
837960 47 1 0 8 6 15
837983 49 1 0 4 6 40
838011 6 1 0 6 6 23
838039 2 1 0 6 5 22
838044 9 1 0 6 6 23
838046 5 1 0 6 5 16
838288 35 1 0 6 6 24
838314 25 0 0 7 6 21
838339 2 0 0 2 6 39
838398 24 1 0 8 6 27
838539 36 1 0 5 6 25
838559 12 1 0 3 6 26
838589 58 1 0 4 6 19
838744 26 1 0 6 6 17
838795 37 0 1 1 6 41
996153 105 1 1 4 6 52
