318462
19
536
318462 542 1 1 6 6 38
19434 264 1 1 2 6 21
36953 219 1 1 5 6 26
37060 311 1 1 6 6 20
38584 84 1 1 7 6 19
43503 23 1 1 8 6 15
45114 24 1 0 6 6 25
45722 70 1 1 2 6 23
50379 21 1 1 7 6 21
50727 66 1 1 1 6 21
51207 66 1 1 0 6 22
53957 69 1 1 9 6 20
57602 87 1 1 6 6 18
58334 106 1 1 6 6 17
59373 156 1 1 7 6 20
59705 35 1 1 7 6 20
60535 42 1 1 2 6 21
63514 135 1 1 6 6 19
64156 57 1 1 6 6 21
70246 69 1 1 2 6 15
71872 102 1 1 6 6 17
72784 91 1 1 2 6 18
73715 158 1 1 6 6 16
74587 42 1 1 2 6 18
75013 177 1 1 2 6 17
75699 79 1 1 6 6 18
78608 39 1 1 6 6 18
78673 98 1 1 6 6 15
78873 193 1 1 6 6 18
81009 47 1 1 2 6 29
81425 28 1 1 2 5 29
83882 116 1 1 6 6 23
84051 31 1 1 7 6 27
85043 163 1 1 6 6 18
86204 101 1 1 6 5 19
88019 459 1 1 2 6 17
88989 125 1 1 3 6 20
88999 56 1 1 3 6 23
89767 205 1 1 5 6 22
90033 230 1 1 7 6 22
90126 102 1 1 7 6 19
90531 91 1 1 7 6 18
91146 437 1 1 7 6 24
92455 44 1 1 4 6 26
99315 445 1 1 7 6 16
110384 15 1 1 2 6 26
111396 25 1 1 2 6 20
111398 46 1 1 2 6 20
111770 88 1 1 2 6 23
113576 75 1 1 2 6 17
115723 123 1 1 6 6 22
116552 33 1 1 2 6 14
116806 106 1 1 7 6 18
116811 56 1 1 6 6 18
119019 104 1 1 1 6 25
120659 131 1 1 5 5 16
122813 89 1 1 5 6 15
129306 76 1 1 2 6 19
129513 53 1 1 7 6 23
130472 80 1 1 7 6 22
131163 63 1 1 7 6 20
134909 38 1 1 6 6 24
137508 70 1 1 6 6 15
138360 115 1 1 7 6 22
149823 131 1 1 6 6 22
150435 119 1 1 2 6 18
150829 41 1 1 2 6 16
154073 92 1 1 8 6 18
163365 127 1 1 6 6 22
163379 51 1 1 6 6 21
164448 49 1 1 8 6 20
165281 45 1 1 4 6 20
166103 86 0 1 7 6 20
166131 103 1 1 7 6 23
170106 54 1 1 7 6 19
170918 35 1 1 7 6 19
171656 65 1 1 2 6 15
171827 140 1 1 1 6 24
171992 48 1 1 6 6 32
173050 88 1 1 2 6 20
175147 61 1 1 2 6 18
175585 80 1 1 2 6 18
180573 200 1 1 1 6 33
180931 302 1 1 1 6 18
184277 101 1 1 2 6 16
186451 60 1 1 1 6 18
194455 65 1 1 0 6 18
194806 98 1 1 2 6 18
197118 106 1 1 5 5 24
198327 112 1 1 7 6 21
199302 49 1 1 2 6 22
200201 56 1 1 2 6 23
200918 18 1 1 2 6 23
203915 33 1 1 2 6 31
205717 64 1 1 2 6 24
207189 29 1 1 2 6 26
210708 163 1 1 6 6 16
215184 67 1 1 1 6 19
224449 223 1 1 4 6 19
224594 64 1 1 6 6 13
225028 68 1 1 4 6 18
229643 46 1 1 2 6 27
232302 11 1 1 2 5 17
236936 63 1 1 6 6 19
244586 74 1 1 2 6 24
245856 99 1 1 7 6 18
258963 208 1 1 1 6 20
264020 67 1 1 8 6 19
267929 77 1 1 6 6 24
272337 168 1 1 6 6 25
273515 25 1 1 2 6 15
275135 51 1 1 7 6 28
276305 10 1 1 1 6 24
279209 45 1 1 7 6 16
282246 112 0 1 6 6 16
284429 50 1 1 2 6 31
285383 34 1 1 4 6 19
291748 95 1 1 7 6 22
292481 252 1 1 8 6 18
297581 168 1 1 7 6 23
301305 76 1 1 8 6 17
308826 44 1 1 4 6 18
309785 19 1 1 2 6 19
311134 97 1 1 4 6 22
311528 17 1 1 2 6 14
311529 46 1 1 6 6 14
311648 23 1 1 2 6 14
311688 22 1 1 2 6 23
312007 63 1 1 7 6 16
312572 98 1 1 6 6 18
312716 48 1 1 6 6 18
314828 149 1 1 7 6 18
314933 50 1 1 2 6 25
314940 94 1 1 2 6 20
315704 43 1 1 2 5 17
318522 35 1 1 2 6 17
323578 18 1 1 2 5 15
323908 83 1 1 6 6 19
325110 14 1 1 0 6 32
327633 164 1 1 6 6 20
327840 176 1 1 6 6 22
331558 155 1 1 6 6 21
333883 42 1 1 2 5 23
334104 102 1 1 6 6 23
334649 173 1 1 6 6 20
334848 21 1 1 2 6 23
334955 159 1 1 6 6 19
335143 26 1 1 6 6 23
335159 183 1 1 4 6 19
335602 143 0 1 6 6 20
335608 71 1 1 1 6 21
335748 69 1 1 4 5 19
335750 60 1 1 6 6 17
335801 30 1 1 7 6 20
336256 121 1 1 6 6 19
337018 121 1 1 6 6 20
337142 32 1 1 1 6 22
337150 65 1 1 2 6 18
337800 18 1 1 4 6 23
338285 46 1 0 6 6 20
338444 61 1 1 6 6 18
338710 43 1 1 2 6 21
340029 80 1 1 7 6 23
340033 20 1 1 1 6 23
341051 115 1 1 8 6 19
345397 75 1 1 2 6 19
348997 74 1 1 1 6 20
351032 30 1 1 2 6 15
355105 93 1 1 6 6 21
363638 104 1 1 7 6 23
366000 175 1 1 7 6 25
366116 38 1 1 7 6 26
367887 40 1 1 2 6 15
368064 42 1 1 6 6 21
368674 67 1 1 9 6 25
371467 99 1 0 6 6 21
371793 95 1 1 2 6 19
372413 92 1 1 5 6 23
373251 26 1 0 4 6 20
373969 32 1 1 4 6 23
374727 201 1 1 4 6 20
376151 57 1 1 6 6 17
376700 81 1 1 6 6 23
376755 67 1 1 6 6 20
377760 55 1 0 2 6 13
377926 176 1 1 6 6 18
381720 23 1 1 1 6 18
381859 39 1 1 7 6 25
381863 86 1 1 7 6 20
381993 21 1 1 1 6 23
382671 24 1 1 7 6 23
384345 241 1 1 2 6 14
385222 60 1 1 6 6 15
386376 48 1 1 3 6 21
387913 71 1 1 9 6 19
389336 63 1 1 6 6 17
391959 58 1 1 6 6 16
393036 30 1 1 2 6 15
393770 77 1 1 3 6 20
395607 150 1 1 2 5 15
398790 50 1 1 2 6 27
399631 21 1 1 2 6 14
399910 21 1 1 2 6 14
399997 344 1 1 4 6 20
400048 163 1 1 4 6 17
400667 229 1 1 6 6 20
400760 43 1 1 9 6 27
402785 109 1 1 2 6 22
406017 43 1 1 6 6 20
406741 51 1 1 2 6 20
407051 26 1 1 6 6 14
407658 139 1 1 4 6 18
408132 126 1 1 6 6 19
410898 33 1 1 2 6 17
411763 195 1 1 4 5 23
412211 69 1 1 7 6 15
416093 30 1 1 7 6 21
416132 121 1 1 4 6 19
416264 48 1 1 7 6 21
416387 159 1 1 4 6 20
416850 84 1 1 7 6 21
416886 34 1 1 6 6 19
417264 236 1 1 7 6 22
417265 195 1 1 7 6 19
417731 106 1 1 7 6 21
417733 157 1 1 7 6 20
417785 129 1 1 7 6 21
418478 53 1 1 7 6 22
418520 46 1 1 7 6 21
418630 100 1 1 7 6 18
418636 60 1 1 7 5 21
418849 39 1 1 2 5 29
419417 86 1 1 2 6 20
419610 185 1 1 7 6 19
421004 59 1 1 7 6 21
421485 80 1 1 6 6 20
421664 138 1 1 7 6 22
422125 74 1 1 7 6 21
422254 116 1 1 7 6 22
422274 69 1 1 6 6 20
423157 69 1 1 7 6 16
424352 113 1 1 7 6 18
424601 15 1 1 5 5 14
431085 36 1 1 4 6 19
431323 48 0 1 6 6 29
431413 74 1 1 7 6 26
431940 21 1 1 2 6 19
432005 19 1 1 3 6 20
432444 36 1 1 1 6 39
432977 28 1 1 6 6 23
433412 136 1 1 4 6 25
433446 19 1 1 1 6 24
434337 69 1 1 2 6 19
434340 79 1 1 7 6 16
434342 28 1 1 2 6 19
434347 31 1 1 1 6 29
434492 211 1 1 6 6 20
442815 60 1 1 7 6 21
442833 75 1 1 7 6 19
446118 77 1 1 7 6 19
448312 108 1 1 5 6 21
450255 24 1 1 1 6 29
454214 10 1 1 1 5 22
458933 115 1 1 3 6 20
463623 24 1 1 2 5 16
464467 62 1 1 6 6 18
465808 28 1 1 1 6 14
467902 29 1 1 2 6 17
470063 85 1 0 2 6 17
472207 33 1 1 6 5 19
478312 5 1 1 0 6 22
479084 79 1 1 7 6 18
479202 117 1 1 6 6 1
480851 123 1 1 6 6 22
481695 37 1 1 7 6 20
483349 88 1 1 2 6 17
483353 78 1 1 2 6 19
483602 3 1 1 2 5 19
483606 71 1 1 2 6 18
483612 84 1 1 2 6 18
484324 79 1 1 2 6 16
484653 66 1 1 6 6 15
487557 21 1 1 7 6 21
490482 55 1 1 7 6 18
493146 22 1 1 7 6 28
493926 37 1 1 8 6 27
494341 124 1 1 7 6 23
494882 42 1 1 7 5 18
502742 9 0 1 2 6 22
504417 120 1 1 6 5 16
505293 140 1 1 6 6 20
505435 17 1 1 7 6 33
506804 178 1 1 6 6 20
506927 38 1 1 4 6 16
506932 115 1 1 8 6 15
507560 74 1 1 6 6 16
508486 54 1 1 4 6 21
509357 8 1 1 2 6 19
509659 138 1 1 6 6 20
510078 166 1 1 6 6 22
510145 144 1 1 6 6 21
510876 64 1 1 2 6 18
512630 93 1 1 1 6 17
512810 38 1 1 6 6 18
514055 54 1 1 4 6 22
514148 54 1 1 4 6 18
514193 99 1 1 2 6 21
514796 32 1 1 6 6 17
517831 158 0 1 6 6 17
519779 27 1 1 2 6 20
520015 69 1 1 6 6 22
521944 13 1 1 1 6 26
522029 52 1 1 6 6 27
523176 28 1 1 6 5 16
529874 105 1 1 6 6 18
534918 33 1 1 0 5 19
535869 45 1 1 7 6 24
536531 14 1 1 7 6 23
537004 38 1 1 8 6 15
537005 31 1 1 7 6 17
539209 60 1 1 6 6 19
541309 55 1 1 7 6 19
542602 42 1 1 2 6 19
545225 51 1 1 1 6 19
545607 103 1 1 6 6 21
548728 63 1 1 6 6 22
548800 90 1 1 6 6 22
549400 77 1 1 4 6 22
549485 55 1 1 2 6 17
550422 91 1 1 6 6 17
551145 90 1 1 6 6 15
552359 27 1 1 4 6 19
552710 68 1 1 2 6 23
555305 15 1 1 2 6 19
556555 196 1 1 6 6 17
560012 16 1 1 7 6 20
563517 14 1 0 9 6 26
563629 80 1 1 6 6 26
564123 65 1 1 6 6 19
564196 17 1 1 6 5 7
564236 76 1 1 6 6 17
564750 34 1 1 1 5 30
565874 28 1 1 2 6 28
566863 43 1 1 4 6 21
569083 21 1 1 2 6 24
569091 34 1 1 7 6 26
569128 100 1 1 7 6 24
571467 64 1 1 2 6 22
573782 43 1 1 2 6 34
577431 57 1 1 6 6 18
578955 39 1 1 6 6 19
586379 19 1 1 6 6 20
586648 103 1 1 2 6 19
586683 103 1 1 6 5 18
587387 11 1 1 4 6 30
588095 55 1 1 4 6 21
589019 81 1 1 2 6 17
590048 16 1 1 1 6 23
595782 74 1 1 6 6 21
600950 45 1 1 7 6 23
602247 60 1 1 4 6 17
603297 12 1 0 1 6 26
603746 26 1 1 1 6 15
606881 26 1 1 1 6 24
607105 34 1 1 6 6 24
607772 31 1 1 2 6 14
607858 39 1 1 0 6 19
610470 57 1 1 2 6 19
617112 42 1 1 2 6 24
618190 54 1 1 6 6 25
618395 50 1 1 8 6 28
620987 27 1 1 1 6 16
627425 60 1 1 4 6 17
627895 42 1 1 7 6 33
629161 75 1 1 6 6 22
630447 140 1 1 6 6 19
630593 40 1 1 6 6 17
631548 90 1 1 6 6 19
638752 6 1 1 2 6 28
638845 11 1 1 2 6 26
641441 65 1 1 2 6 21
642145 154 1 1 4 6 14
642149 51 1 1 6 6 13
642209 30 1 1 6 6 11
642213 42 1 1 9 5 12
642218 97 1 1 6 6 15
642258 164 1 1 6 6 17
642904 34 1 1 6 6 13
654104 40 1 1 2 6 23
655687 29 1 1 2 6 15
656836 76 1 1 6 6 13
665328 36 1 1 6 6 19
665687 102 1 1 6 6 13
669393 60 1 1 6 6 23
672453 39 1 1 7 6 20
687407 67 1 1 6 6 21
690337 6 1 1 6 5 18
695909 24 1 1 2 6 18
695974 25 1 1 6 6 32
698409 26 1 1 6 6 18
700674 17 1 1 6 6 19
701140 25 1 1 7 6 15
708542 81 1 1 6 6 22
712393 132 1 1 2 6 21
720552 26 1 1 2 6 15
733476 66 1 1 6 6 22
746843 32 1 1 4 6 14
750162 7 1 1 2 5 20
750179 36 1 1 6 6 24
751630 48 1 1 4 6 19
756809 34 1 1 7 6 23
758572 79 1 1 6 6 20
761918 19 1 1 1 6 23
764618 16 1 1 0 6 27
765096 40 1 1 7 6 26
765847 26 1 1 2 5 28
767509 19 1 1 2 6 20
771116 66 1 1 7 6 32
771471 3 1 1 2 6 27
771963 22 1 1 1 6 28
774487 46 1 1 7 6 18
776427 27 1 1 4 6 23
777122 40 1 1 2 6 20
777757 65 1 1 5 6 25
782501 22 1 1 6 6 16
793060 11 1 1 2 6 25
793831 68 1 1 1 6 21
801094 22 1 1 2 6 17
801276 86 1 1 6 6 13
802534 70 1 1 6 6 18
803683 53 1 1 6 6 21
805655 14 1 1 4 6 21
805668 28 1 1 4 6 22
808377 27 1 1 7 6 20
810283 31 1 1 8 6 22
813728 26 1 1 9 6 19
813750 60 1 1 4 6 16
821072 18 1 1 0 6 19
823007 57 1 0 6 6 20
823394 42 1 1 2 6 16
825943 14 1 1 2 6 25
826587 32 1 1 6 5 17
834437 20 1 1 2 6 14
834545 29 1 1 2 6 19
835264 34 1 1 7 6 18
841175 17 1 1 6 6 26
843692 18 1 1 1 6 23
851694 68 1 1 2 6 16
857129 45 1 1 6 6 26
857555 54 1 1 6 6 17
861970 30 1 1 4 6 16
869830 59 1 1 8 6 29
876971 41 1 1 1 6 39
882290 18 1 1 2 6 15
885301 122 1 1 6 6 28
887147 26 1 1 2 6 26
894424 81 1 1 6 6 31
895500 11 1 1 2 5 15
897867 17 1 1 2 6 20
902609 15 1 1 6 6 34
904485 53 1 1 6 6 16
905726 25 1 1 6 5 17
908767 9 1 0 6 6 42
908788 7 1 1 6 6 40
917166 20 1 1 1 6 20
920554 11 1 1 1 6 32
920719 20 1 1 2 6 25
921445 51 1 1 2 6 20
925965 13 1 1 7 6 18
941529 51 1 0 6 6 22
941750 3 1 1 6 6 15
942342 13 1 1 1 6 28
942865 21 1 1 6 6 20
947595 25 1 1 2 6 25
947636 70 1 1 6 6 14
949388 36 1 1 7 6 19
949732 9 1 1 7 6 23
955642 6 1 1 2 6 19
963264 26 1 1 6 6 16
966489 10 1 1 7 6 22
966962 11 1 1 7 6 23
979642 8 1 1 2 6 19
981491 8 1 1 2 5 30
985206 23 1 1 2 6 16
995158 5 1 1 2 5 21
1005698 6 1 1 0 6 25
1006543 6 1 1 6 6 29
1010945 11 1 1 7 6 25
1015453 21 1 1 7 6 21
1018208 26 1 1 2 6 18
1019297 55 1 1 6 6 23
1029172 32 1 1 4 6 18
1040730 16 1 1 2 6 20
1043086 15 1 1 7 6 15
1045207 4 1 1 2 5 29
1048853 5 1 1 2 5 22
1060131 10 1 1 1 6 37
1071163 11 1 1 7 6 33
1072072 42 1 1 7 6 15
1076064 41 1 1 7 6 28
1080870 15 1 1 5 6 14
1087051 40 1 1 2 6 15
1091281 9 1 1 2 6 33
1095820 5 1 1 2 6 26
1111774 36 1 1 6 6 19
1130148 24 1 1 6 5 15
1133861 12 1 1 4 6 9
1134921 24 1 1 6 6 23
1146778 6 1 1 2 5 29
1153821 16 1 1 7 6 26
1154379 24 1 1 7 6 31
1158192 29 1 1 9 6 32
1160631 10 1 1 1 5 28
1174537 5 1 1 8 6 32
1184499 23 1 1 2 6 31
1192374 6 1 1 2 6 21
1193178 4 1 1 2 6 15
1195106 6 1 1 7 5 24
1195276 7 1 1 8 6 26
1203939 5 1 1 2 5 29
1204791 5 1 1 1 6 23
1222841 3 1 1 1 6 23
1223169 12 1 1 7 6 22
1238478 3 1 1 6 6 29
1238479 1 1 1 2 6 23
1238480 22 1 1 2 6 14
1246707 17 1 1 1 6 23
1256019 5 1 1 2 5 19
1257569 17 1 1 7 6 28
1259285 8 1 1 1 5 21
1259492 20 1 1 7 6 30
1275902 9 1 1 7 6 33
1293317 9 1 1 6 6 29
1295807 5 1 1 9 6 24
1297225 3 1 1 1 6 30
1329951 4 1 1 6 6 17
1345829 4 1 1 6 5 14
1375580 4 1 1 2 6 23
1459831 4 1 1 6 5 13
1482758 3 1 1 2 6 19
1552246 1 1 1 1 6 26
1576577 3 1 1 1 6 31
1598171 2 1 1 1 6 23
