46794
19
517
46794 496 1 1 6 6 20
666 50 0 0 6 6 18
2031 56 1 0 3 6 25
7799 106 1 1 4 6 15
36055 133 0 1 6 6 42
39856 80 0 0 6 6 18
40117 151 1 0 4 6 18
41070 17 1 0 2 5 24
41295 144 1 0 9 6 21
42571 142 1 0 8 6 22
42576 110 0 0 4 5 17
43221 215 1 0 8 6 21
45499 533 1 0 4 6 18
47124 124 1 0 5 6 19
60227 137 1 0 4 6 20
63772 112 0 0 6 6 21
66506 107 1 1 6 6 25
66510 138 1 0 6 6 21
69455 255 1 0 8 6 16
72284 34 0 1 6 6 17
78837 160 0 1 4 6 19
79281 100 1 1 4 6 18
87546 126 1 1 6 6 16
87557 80 1 1 6 6 17
88484 81 0 1 6 6 17
88599 123 0 1 4 6 16
88673 90 0 0 4 6 20
88949 362 0 1 4 6 18
93181 47 0 0 6 6 19
107664 249 0 0 6 6 22
107914 308 1 0 6 6 19
108799 184 1 0 6 6 18
108979 189 0 0 4 6 19
111334 176 1 0 4 6 19
116080 236 0 0 6 6 19
122115 300 1 0 4 6 17
123499 176 1 1 4 5 19
127832 50 0 0 6 6 19
130681 216 1 0 4 6 19
132778 394 1 0 4 6 16
161555 133 1 0 2 6 22
164080 152 1 0 8 6 18
164306 85 1 1 6 6 22
166767 80 0 0 4 6 18
166882 293 1 0 8 6 16
167527 54 1 0 4 6 18
167579 117 1 1 4 6 26
168191 16 1 0 6 5 17
169241 278 1 0 6 6 19
169672 163 0 0 6 6 20
170373 344 1 1 6 6 26
172433 251 1 1 6 6 22
172514 156 1 1 2 6 12
172520 133 1 0 6 6 19
172528 176 1 1 4 6 21
172557 56 1 0 2 6 19
172746 40 1 0 6 6 18
172827 103 1 1 6 6 22
172860 245 0 0 4 6 17
172880 134 0 0 4 5 18
172881 108 1 0 6 6 13
172885 207 1 0 5 5 14
173201 159 0 0 6 6 15
173208 107 1 0 6 6 18
173212 67 0 1 4 6 18
173255 175 1 0 4 6 20
173272 152 1 0 6 6 16
173276 166 1 0 6 6 16
173576 37 0 0 9 6 25
174990 63 1 1 8 6 19
175455 57 1 0 4 6 28
176960 245 1 0 9 6 17
176991 142 1 0 4 6 20
188917 53 0 0 2 6 15
193398 76 0 0 8 5 16
193755 118 0 0 4 6 22
209114 166 1 0 6 6 17
209438 351 1 0 8 6 19
211809 112 1 1 6 6 27
212429 150 1 1 4 6 18
212934 344 1 1 4 6 19
213474 275 1 0 4 6 16
214432 163 0 1 8 6 18
224851 226 0 0 4 6 19
230337 29 0 0 4 6 20
231975 98 0 0 6 6 17
234157 84 1 1 6 6 22
234253 103 1 0 4 6 17
236701 193 1 1 9 6 15
237329 79 1 1 4 6 16
241583 217 0 0 6 5 21
241592 563 1 0 6 6 22
241625 307 0 0 8 6 20
241626 55 1 0 6 6 22
241627 38 1 1 6 6 21
261282 44 1 0 2 6 29
261351 21 1 1 6 5 16
261375 15 1 0 6 5 17
261509 73 1 0 3 6 24
262016 160 1 0 4 6 17
262081 62 1 1 6 6 20
264462 208 1 0 4 6 17
264467 72 1 0 2 6 16
264468 280 1 0 2 6 17
264472 57 1 1 9 6 20
271494 173 1 1 6 6 18
271598 39 1 0 1 6 18
271666 168 0 1 6 6 20
271764 39 0 0 8 5 19
278646 151 0 0 6 6 19
279447 164 1 0 9 6 17
280277 225 0 0 6 6 18
282509 148 0 0 6 6 19
282661 270 1 0 4 6 19
286079 41 1 1 5 6 21
296960 99 1 1 6 6 14
305414 52 1 0 4 5 16
305469 191 1 0 6 6 18
305865 195 1 0 4 6 20
311032 70 1 0 9 6 14
311166 135 0 1 4 6 16
311240 34 1 0 9 6 14
311241 154 1 0 4 6 15
311333 194 1 1 4 6 21
311567 82 1 1 6 5 19
312054 132 1 1 6 6 15
320846 41 1 0 8 6 19
323286 152 0 0 6 6 20
323751 100 0 0 4 6 17
323758 64 1 0 6 6 18
323994 40 1 0 6 6 22
325721 80 0 0 6 6 17
326382 116 1 1 6 6 19
328627 117 0 0 6 6 21
329774 106 1 0 6 6 19
330102 152 1 0 4 6 19
331101 16 0 0 4 6 19
334918 97 1 0 4 6 21
335017 154 1 1 4 6 24
335687 180 0 1 6 6 99
336723 29 0 0 4 6 22
338239 45 1 0 6 5 22
346327 239 0 1 6 6 30
347870 255 1 0 6 6 20
348223 55 0 0 2 6 22
348402 54 1 0 4 6 17
353645 273 0 0 8 6 19
355680 210 1 0 4 6 17
355833 125 1 1 6 6 31
369711 276 1 0 8 6 29
370154 90 1 1 6 6 16
371527 81 1 1 4 6 20
374407 186 1 1 9 6 18
374716 169 1 0 9 6 18
374722 228 1 0 6 6 29
374782 292 1 1 6 6 27
374784 54 1 1 6 6 33
374830 110 0 1 6 6 21
374865 56 1 1 4 6 25
375881 100 0 0 4 6 18
380594 87 1 1 6 5 20
381799 158 1 0 2 6 14
381823 122 1 1 6 6 20
381827 186 0 0 9 6 13
382091 203 1 1 6 6 17
382401 43 1 0 9 6 15
382419 17 1 0 6 6 22
382654 135 0 0 4 6 17
382696 198 1 0 4 5 16
382697 208 1 1 6 6 23
382698 41 0 0 4 6 18
382702 139 1 0 6 6 18
382735 96 1 0 4 5 19
383225 37 0 1 6 6 20
384352 75 1 0 4 6 17
384607 421 1 0 6 6 21
384608 201 1 0 4 6 17
384910 91 1 0 6 6 15
385859 254 1 0 4 6 17
386029 26 1 0 6 6 21
386724 30 1 1 1 6 16
388624 138 0 1 6 6 18
408602 127 0 1 4 6 19
430274 45 1 0 6 5 20
432018 71 1 0 3 6 20
432531 94 1 0 4 5 18
432803 151 1 0 8 6 17
435645 151 1 1 4 6 21
436968 65 0 0 6 6 21
438235 154 0 1 6 6 22
454859 36 0 0 4 6 19
457886 14 1 0 2 5 16
470556 201 1 0 6 6 20
471008 107 0 0 4 6 22
475449 70 0 0 4 6 17
476098 93 0 1 6 6 19
479666 42 1 1 4 5 24
484791 156 1 1 4 6 18
487724 68 0 1 8 6 22
494064 39 1 0 9 6 22
497817 79 1 1 6 6 24
503794 35 1 0 6 5 19
506526 40 1 0 2 5 12
506966 177 1 1 6 6 18
507565 164 0 1 6 6 20
508837 137 1 1 6 6 20
508971 321 1 0 6 6 15
510048 228 1 0 6 6 17
510660 170 1 0 4 6 21
510712 124 1 0 9 5 16
511066 151 0 1 6 6 19
511557 156 1 1 6 6 20
511843 153 0 0 6 6 19
512009 100 1 1 4 6 23
512016 188 1 0 4 6 16
512017 167 1 1 6 6 22
512019 134 1 1 6 6 24
512150 210 1 1 6 6 28
512413 104 0 0 8 6 18
512427 25 1 1 6 6 24
512883 239 1 0 6 6 17
512984 154 0 1 4 6 25
513045 63 1 1 6 6 23
513273 131 1 1 6 6 20
513284 76 0 1 4 6 17
513369 268 1 0 6 6 22
513371 231 1 1 4 6 22
513376 69 1 1 6 6 22
513736 134 1 1 1 6 11
513847 33 0 1 6 5 17
513922 123 1 1 6 6 19
514093 116 1 1 6 6 22
514110 96 1 1 6 6 23
514545 35 0 0 4 6 23
514556 140 1 1 6 6 16
514599 116 1 1 8 6 18
514631 90 1 0 6 6 17
514879 79 0 0 4 5 18
514899 98 0 1 6 6 22
514930 175 1 1 6 6 21
514931 139 1 0 6 6 18
514938 101 1 0 6 6 20
515035 147 1 0 4 6 18
515120 31 0 0 6 6 18
515124 135 1 1 6 6 22
515327 197 1 1 6 6 26
515498 126 0 1 4 6 20
515522 67 1 1 6 6 20
516606 168 1 1 6 6 21
517529 92 1 1 2 6 16
518336 78 1 0 4 6 23
518690 143 1 1 4 6 24
519208 150 1 1 6 6 20
520637 197 1 1 4 6 19
520850 94 1 1 6 6 23
521804 7 1 1 4 5 17
522720 65 0 0 6 6 21
523129 80 1 0 4 6 19
524781 119 1 0 6 6 28
524785 88 1 0 6 6 20
524788 213 1 0 6 5 19
524791 72 1 0 6 6 30
524837 100 1 1 2 6 22
524922 211 1 0 6 5 18
524923 97 0 0 4 6 21
524925 106 0 1 4 6 21
525005 81 0 0 6 6 34
525009 75 1 0 4 6 20
525015 82 0 1 6 6 18
525016 28 1 0 6 5 20
525083 75 1 1 6 6 18
525413 58 1 1 2 6 24
526283 19 1 1 6 6 22
526285 118 1 1 6 6 21
526287 54 0 0 6 5 23
530009 116 1 1 6 6 26
530080 40 1 1 6 6 33
533458 48 1 1 4 6 29
533560 86 1 1 4 6 29
533607 86 1 0 2 6 14
533984 85 1 0 6 6 19
534127 63 1 0 4 6 16
534337 29 1 0 9 6 20
535213 56 0 0 6 6 20
537778 91 0 1 6 6 23
537864 153 1 1 6 6 16
539296 11 0 0 6 6 21
539358 155 0 0 6 6 20
539397 129 1 0 4 6 18
542665 27 1 1 6 5 22
543272 10 1 1 6 6 41
548596 29 1 1 6 6 16
548757 88 1 0 6 6 17
549645 39 1 1 6 6 21
552799 122 1 1 4 6 20
554545 90 1 1 4 6 18
557643 58 1 1 4 6 21
558030 43 1 1 6 6 26
559884 66 1 1 4 6 19
562477 95 1 1 3 6 18
562841 24 1 1 4 6 14
562847 63 1 0 4 6 16
562940 72 1 0 2 6 16
563073 105 1 1 4 6 28
563197 67 1 1 4 6 19
563198 27 1 1 4 6 15
563456 87 1 1 9 6 16
563493 56 1 0 6 6 15
563758 13 1 1 4 5 18
564088 24 1 0 4 6 16
564093 80 1 1 6 5 23
564127 37 1 1 2 5 17
564128 100 1 1 6 6 19
564145 95 1 1 6 6 13
564206 42 1 0 6 6 37
564288 69 1 1 6 6 22
564462 85 0 0 6 6 31
564493 144 1 0 1 6 28
565150 74 1 0 4 6 16
565378 78 1 0 4 6 19
568181 121 1 0 6 6 33
571250 75 0 0 6 6 18
571346 99 1 0 1 6 14
572572 116 1 0 6 6 19
573105 13 0 0 6 6 18
573459 11 1 1 6 5 24
574061 46 1 1 6 6 31
574182 72 1 1 6 6 24
574438 51 1 1 4 6 27
574587 42 1 1 6 6 12
574589 80 1 1 6 6 23
574590 34 1 1 1 6 19
574593 61 1 0 8 6 25
574595 64 1 1 6 6 12
574596 10 1 0 6 6 20
574653 8 1 0 6 6 20
574654 33 1 0 7 6 14
574656 18 1 0 6 6 15
574659 43 1 1 6 6 23
574660 9 1 1 6 6 40
574661 25 1 0 6 6 17
574663 27 1 1 6 6 20
574789 54 1 1 6 6 21
574790 153 1 1 6 6 16
574791 14 0 1 4 6 24
574792 58 1 1 6 6 11
574848 15 1 1 6 6 15
574849 14 1 1 0 6 12
574850 31 1 1 6 6 10
574851 36 0 0 4 6 15
574852 5 0 0 6 6 21
574853 68 1 1 6 6 14
574855 13 1 0 4 6 18
574856 12 1 1 4 6 29
574885 12 1 1 2 6 15
574886 55 1 0 6 6 16
574887 32 1 0 2 6 19
574888 22 1 1 6 6 18
574889 6 1 1 1 6 27
574891 63 1 1 6 6 30
574892 38 0 1 6 6 15
574953 8 1 1 6 6 1
574955 34 1 1 6 6 19
574956 30 1 1 4 6 19
574958 27 1 1 4 5 19
574985 24 1 1 4 5 19
574986 7 0 0 8 6 19
574987 80 1 1 6 5 16
574988 61 1 1 1 6 18
574989 123 1 0 2 6 15
574990 18 1 1 6 5 12
574991 28 1 1 4 5 19
575037 17 1 1 6 6 20
575038 115 1 0 6 6 21
575039 41 1 0 2 5 34
575040 19 1 0 6 6 14
575042 47 1 0 2 6 22
575055 94 1 0 2 6 20
575056 53 1 1 2 6 21
575057 16 1 1 4 6 16
575058 20 1 1 4 6 19
575059 33 1 0 4 5 59
575060 104 1 0 2 6 22
575088 5 1 1 6 5 38
575089 36 1 1 9 6 19
575101 46 0 0 6 5 19
575102 40 0 1 6 5 35
575103 122 1 1 6 5 15
575104 85 1 0 6 6 26
575105 37 1 1 2 5 17
575106 38 1 1 6 6 34
575109 5 1 1 4 5 23
575110 80 1 1 6 6 22
575111 38 0 0 1 6 10
575129 24 1 1 6 6 22
575131 107 0 1 9 6 17
575132 62 1 1 4 6 18
575133 61 1 0 4 6 41
575134 2 1 0 6 6 15
575135 72 1 1 8 6 29
575136 36 1 1 6 5 23
575157 47 1 0 9 6 17
575158 2 1 1 9 6 29
575159 45 0 1 6 6 18
575161 80 1 1 6 6 23
575162 2 0 0 6 5 23
575177 188 1 0 6 6 23
575178 200 1 1 6 6 35
575179 25 1 0 4 6 17
575180 10 1 1 2 6 26
575181 65 1 1 6 6 38
575183 70 1 0 6 6 25
575223 46 1 0 6 5 17
575225 18 1 0 4 6 18
575226 74 1 1 4 6 26
575229 30 1 1 6 6 11
575249 112 1 0 6 6 20
575250 57 1 1 9 5 14
575254 58 0 1 6 6 28
575281 171 1 0 4 6 22
575282 53 1 0 9 6 21
575284 15 1 1 2 6 29
575285 68 0 0 2 6 22
575314 6 1 1 6 6 19
575315 42 1 0 4 6 21
575317 39 1 1 2 6 29
575318 7 1 1 6 6 30
575319 130 1 1 6 6 32
575320 15 0 1 6 6 16
575378 95 1 0 4 6 22
575379 12 0 0 4 6 19
575380 11 1 0 6 6 22
575381 17 1 0 6 6 17
575382 16 1 1 9 6 26
575384 10 1 0 6 6 18
575408 21 1 1 4 6 20
575420 4 1 0 9 5 21
575423 45 1 0 4 6 26
575424 157 1 1 6 6 25
575433 173 1 0 6 5 16
575434 135 0 1 4 6 20
575435 37 1 0 6 6 15
575913 80 1 1 6 6 17
576112 35 1 1 6 6 19
576155 143 1 1 6 6 15
576457 150 1 0 2 6 15
576562 7 1 0 6 6 19
576628 25 1 1 6 6 26
576629 28 1 0 4 5 18
576630 85 1 0 4 6 19
576632 20 0 1 4 6 24
576633 38 1 1 6 6 23
576634 30 0 0 4 6 21
576635 6 1 1 3 6 23
576699 12 1 1 6 6 12
576702 38 1 0 9 5 22
576738 41 0 0 4 6 29
576739 14 1 1 9 6 21
576742 22 1 0 6 6 56
576743 65 1 0 2 6 21
576745 68 1 0 4 6 18
576808 21 1 0 4 6 17
576809 42 1 0 4 6 16
576810 7 0 0 9 6 17
576811 32 1 1 4 5 19
576812 21 0 1 6 5 22
576813 6 1 1 1 5 40
576833 31 1 1 6 6 35
576879 89 1 1 6 6 29
576881 35 1 1 6 5 10
576882 66 1 1 6 6 28
576883 60 0 0 6 5 27
576884 101 1 0 4 5 16
576885 55 1 0 6 6 17
576886 30 0 1 4 6 36
576918 14 1 1 4 6 29
576921 24 1 0 6 6 28
576928 112 1 1 6 6 19
576943 9 1 0 4 6 17
576961 66 0 1 4 6 25
576962 48 1 1 6 6 23
576963 81 1 1 4 6 24
577240 34 1 1 6 6 19
577291 26 1 1 0 6 18
577364 70 0 0 6 6 18
577435 57 0 1 6 6 30
577437 11 1 1 4 6 26
577439 37 1 0 9 5 17
577498 26 1 0 9 6 25
577501 69 1 0 8 5 29
577529 15 1 0 6 6 21
577530 15 1 0 1 6 27
577531 47 0 1 6 6 39
577541 38 1 1 6 6 21
577588 78 0 1 6 6 18
577589 89 1 1 6 6 17
577626 22 0 0 4 6 20
