93935
19
2118
93935 461 1 1 2 5 16
2938 65 0 0 2 6 17
3898 149 1 0 2 6 18
4155 95 1 0 2 6 19
4178 77 1 0 2 6 18
4645 146 1 0 2 6 18
4817 132 0 0 2 6 18
7348 43 0 0 2 6 16
7425 6 1 0 2 6 16
7604 114 1 0 2 6 16
7611 57 0 0 2 6 17
8716 46 1 0 2 6 16
9076 65 0 0 4 6 16
9230 42 0 0 2 6 18
9364 187 1 0 2 6 18
11053 85 1 0 2 6 18
11883 79 0 0 2 6 17
12154 204 0 0 2 6 18
18701 103 0 0 2 6 16
25164 104 0 0 4 6 25
26965 86 0 0 3 6 15
27428 170 1 0 2 6 14
29077 179 1 0 2 6 17
32490 30 0 0 2 6 17
34736 82 1 0 2 6 18
35606 115 1 0 2 6 15
38633 42 1 0 2 6 17
39729 115 1 0 4 6 16
41171 43 0 0 2 6 18
44978 7 1 0 2 6 15
45477 14 0 0 2 6 18
46454 171 1 0 2 6 18
48734 192 0 0 7 6 17
49584 65 1 0 2 6 17
49647 40 0 0 2 6 16
53284 117 1 0 2 6 15
55494 96 0 0 2 6 17
58118 49 0 0 2 6 17
58955 170 0 0 2 6 18
59495 196 0 0 2 6 16
59856 180 1 0 2 6 17
61027 72 0 0 2 6 18
61349 107 1 0 2 6 16
61919 133 0 0 8 6 15
62042 82 0 0 2 6 19
62836 77 1 0 2 6 18
62895 109 1 0 2 6 15
62921 101 0 0 2 6 17
63773 53 1 0 2 6 19
63793 226 0 0 2 6 18
63941 71 0 0 2 6 18
63967 157 1 0 2 6 18
74850 88 1 0 2 6 15
75946 42 1 0 2 6 17
76183 109 1 0 2 6 19
76188 91 1 0 2 6 18
76886 111 1 0 2 6 18
78150 46 0 0 2 6 18
78173 29 0 0 4 6 16
78757 59 1 0 2 6 14
81181 40 0 0 2 6 19
81245 54 1 0 2 6 14
81262 112 1 0 2 6 18
81370 61 0 0 2 6 19
81652 343 1 0 2 6 15
82494 40 1 0 0 6 15
84429 43 1 0 2 6 15
84433 158 1 0 2 6 17
84933 86 1 0 2 6 16
86691 51 0 0 2 6 17
87598 14 0 0 6 6 21
87893 127 0 0 2 6 16
89019 65 1 0 2 6 16
90822 52 0 0 2 6 17
91497 99 1 1 2 5 16
93656 22 1 1 2 6 11
95070 85 0 0 2 6 18
95324 100 1 0 2 6 19
95720 133 0 0 2 6 15
95810 100 1 0 2 6 14
95849 43 0 0 2 6 16
95928 58 0 0 2 6 19
95938 69 0 0 2 6 18
96166 125 1 0 2 6 17
97289 100 1 0 2 6 16
97406 100 1 0 2 6 17
97543 240 1 0 2 6 17
98743 99 1 0 2 6 16
100970 61 1 0 2 6 15
101789 35 1 0 2 6 15
101955 130 1 0 2 6 17
105060 39 0 0 2 6 18
105451 31 1 0 2 6 16
105488 53 0 0 2 6 15
105850 90 1 0 2 6 18
106343 33 0 0 2 6 17
109435 53 0 0 2 6 15
111394 153 1 0 2 6 19
111567 40 0 0 2 6 16
112709 88 1 0 2 6 17
113212 85 0 0 2 6 17
113326 38 0 0 2 6 15
113444 202 1 0 2 6 17
113744 54 1 0 2 6 18
113747 37 0 0 2 6 18
114810 48 0 0 2 6 18
115734 28 0 0 2 6 16
116202 188 1 0 2 6 18
116617 5 1 0 2 6 18
118012 105 1 0 2 6 18
120751 65 1 0 2 6 17
121178 11 0 0 2 6 18
121657 76 1 0 2 6 17
121933 71 0 0 4 6 19
123185 69 1 0 2 6 17
123820 736 1 0 2 6 17
124697 25 1 0 2 6 16
125496 98 0 0 2 6 18
126210 61 0 0 2 6 17
126702 100 1 0 2 6 18
128230 50 1 0 2 6 17
128470 115 1 0 0 6 15
129045 91 1 0 2 6 17
129347 94 1 0 2 6 16
129912 121 1 0 2 6 18
130269 14 0 0 2 6 15
130694 46 1 1 2 6 20
131264 83 1 0 2 6 19
131401 41 0 0 2 6 16
132597 23 0 0 2 6 17
132660 126 1 0 2 6 16
132773 104 1 0 2 6 16
133583 85 1 0 2 6 17
133586 171 1 0 2 6 17
134486 53 1 0 2 6 16
134822 39 1 0 2 6 16
135172 165 1 0 2 6 17
135436 27 1 0 2 6 14
136735 65 1 0 2 6 15
138201 48 1 0 2 6 17
138598 140 1 0 2 6 19
140369 102 0 0 2 6 18
142329 99 1 0 2 6 18
142790 85 1 0 2 6 15
144432 48 0 0 2 6 18
145071 161 1 0 2 6 16
146073 50 0 0 2 6 15
147191 51 1 0 2 5 13
147606 38 1 0 2 6 15
148790 115 1 0 2 6 17
149520 164 1 0 2 6 18
150628 99 1 0 2 6 17
151137 32 1 0 2 6 15
152457 43 1 1 2 6 16
152940 27 0 0 2 6 19
153059 30 0 0 2 6 17
153060 23 0 0 2 6 18
153101 90 1 0 2 6 17
154209 29 0 0 2 6 19
154485 137 1 0 2 6 19
154536 19 1 0 4 6 19
154573 92 0 0 2 6 18
155734 83 1 0 2 6 18
157879 88 1 0 2 6 18
158326 152 1 0 2 6 18
160276 24 1 0 2 6 19
160313 116 1 0 2 6 17
160623 113 0 0 2 6 18
160809 162 1 0 2 6 17
160881 61 1 0 2 6 17
160988 122 1 0 2 6 15
162129 54 1 0 2 6 16
163664 30 0 0 2 6 16
164178 30 1 0 2 6 18
164180 44 1 0 2 6 18
166028 148 0 0 4 6 18
168531 101 0 0 2 6 17
168761 103 1 0 2 6 15
170691 76 0 0 2 6 16
171912 74 1 0 2 6 15
172296 64 1 0 2 6 17
173089 9 1 0 2 6 16
173148 172 1 0 2 6 17
173493 83 1 0 2 6 15
173575 90 1 0 2 6 16
176975 183 1 0 2 6 17
178516 132 1 0 2 6 19
178570 115 1 0 2 6 18
178678 27 0 0 2 6 16
178936 77 0 0 2 6 18
180956 27 1 0 2 6 15
180966 62 1 0 2 6 16
181024 56 1 0 2 6 17
183586 30 0 0 2 6 16
184275 86 1 0 2 6 15
184313 24 1 0 2 6 18
184317 31 1 0 2 6 19
184319 7 0 0 2 6 18
184471 26 0 0 2 6 18
188692 62 0 0 2 6 16
188745 102 1 0 2 6 16
189255 73 1 0 2 6 19
189443 32 1 0 2 6 14
189976 177 1 1 2 6 17
191479 111 1 0 2 6 17
194386 50 0 0 2 6 16
195378 30 1 0 2 6 16
195704 92 0 0 2 6 15
195785 79 1 0 2 6 16
200971 21 0 0 2 6 16
204981 108 1 0 2 6 18
206092 201 1 0 2 6 15
209113 86 0 0 2 6 17
209287 160 0 0 2 6 18
210012 111 1 0 2 6 15
210074 35 1 0 2 6 15
210134 73 1 0 9 6 21
212510 63 1 0 2 6 19
213152 162 1 0 2 6 17
220477 92 1 0 2 6 16
222428 128 1 1 2 6 16
224771 53 0 0 2 6 17
224793 128 1 0 2 6 18
226793 22 0 0 2 6 14
228626 48 0 0 2 6 15
232368 90 1 1 2 6 17
236284 65 0 0 2 6 15
236835 184 1 0 2 6 18
238448 102 1 0 2 6 18
242059 122 1 0 2 6 16
243578 77 0 0 2 6 18
243694 56 1 0 2 6 17
244174 6 0 0 2 6 17
244331 33 0 0 2 6 18
245134 17 0 0 2 6 19
246228 58 1 0 2 6 17
246687 55 0 0 2 6 16
246858 114 1 0 2 6 17
251474 154 1 0 2 6 18
256015 11 1 0 2 5 14
256020 44 1 0 2 6 15
256374 35 0 0 2 6 15
256441 42 1 0 2 6 15
256513 97 1 0 2 6 15
256927 14 0 0 2 6 15
257086 98 1 0 2 6 16
257959 99 0 0 2 6 16
258366 28 1 0 2 6 13
258652 68 1 0 2 6 16
259624 51 0 0 2 6 17
259814 71 1 0 2 6 18
264468 280 1 0 2 6 17
264473 22 1 0 2 6 15
265176 68 1 0 2 6 15
266420 45 0 0 2 6 15
273139 53 0 0 2 6 18
273864 83 1 0 8 6 18
274470 138 1 0 2 6 19
275923 43 1 0 7 6 21
282592 65 0 0 2 6 17
283705 61 1 0 2 6 15
284414 42 1 0 2 6 18
291624 78 1 0 4 6 17
291924 37 0 0 2 6 17
297116 66 1 0 2 6 18
300589 13 0 0 2 6 15
305526 27 0 0 2 6 19
311403 35 1 0 2 6 16
311543 28 1 0 2 6 18
311562 64 0 0 2 6 18
312741 42 1 0 2 6 18
312901 66 1 0 6 6 20
313322 34 0 0 8 6 18
313457 17 0 0 2 6 17
313482 41 0 0 2 6 15
316046 17 1 0 2 6 16
316683 63 1 0 2 6 15
317153 19 0 0 2 6 18
318021 66 0 0 2 6 17
319936 126 0 0 2 6 18
320044 62 0 0 2 6 18
320619 39 1 0 2 6 18
320659 52 1 0 2 6 17
320760 60 1 0 2 6 16
320933 43 0 0 6 6 18
321386 86 1 0 2 6 17
325762 67 0 0 2 6 19
327537 53 1 0 2 6 17
327931 118 1 0 2 6 19
331262 24 0 0 2 6 18
336173 62 1 0 2 6 19
337630 63 0 0 8 6 18
339693 11 0 0 2 6 16
350389 12 0 0 2 6 15
350395 24 1 0 2 6 16
350663 30 0 0 2 6 17
350745 64 0 0 2 6 18
352425 76 0 0 2 6 19
354420 16 0 0 4 5 21
356536 90 1 0 2 6 18
357824 103 1 0 2 6 18
362753 45 0 0 2 6 17
363047 56 1 0 2 6 16
366433 34 1 0 2 6 16
367340 30 0 0 2 6 17
372579 26 0 0 2 6 16
374726 22 0 0 2 6 19
383497 22 1 0 2 6 17
385929 70 1 0 2 6 15
387365 47 1 0 2 6 13
389012 41 0 0 2 6 15
389867 54 0 0 2 6 14
390774 70 1 0 2 6 18
390792 8 0 0 2 6 16
390842 61 1 0 2 6 17
391307 18 1 0 2 6 17
393663 37 0 0 2 6 19
394740 113 1 0 2 6 16
403411 27 0 0 2 6 17
406677 35 0 0 2 6 17
407298 44 1 0 2 6 17
411220 37 0 0 2 6 17
411430 22 1 0 2 6 17
411830 103 1 1 2 6 15
413401 84 1 0 2 6 19
414181 10 1 0 2 6 17
414607 87 1 0 2 6 18
416747 81 1 0 2 6 15
427732 14 0 0 2 6 17
430458 57 1 0 2 6 17
431867 43 1 0 2 6 16
433900 52 1 0 2 6 17
439882 65 0 0 2 6 15
440121 22 1 0 2 6 14
446667 83 1 0 2 6 15
447584 3 1 0 2 6 14
450395 120 1 0 2 6 18
453908 123 1 0 5 6 18
454299 124 1 0 6 6 15
456094 37 0 0 2 6 16
459137 30 0 0 2 6 18
459387 118 1 0 2 6 17
459840 46 0 0 2 6 17
459918 125 1 0 2 6 16
462162 163 1 0 8 6 18
465819 53 1 0 2 6 18
465920 48 1 0 2 6 15
466428 107 1 0 7 6 18
466476 73 1 0 2 6 16
466564 41 0 0 2 6 14
467657 22 1 0 2 6 14
468403 16 1 0 2 6 18
474251 93 1 0 2 6 19
474728 50 1 0 2 6 17
482481 11 0 0 2 6 18
486780 9 1 0 2 6 17
486829 9 0 0 2 6 19
495598 31 1 0 2 5 17
511076 32 0 0 2 6 16
513743 24 1 0 2 6 19
525778 29 1 0 2 6 16
530193 26 0 0 2 6 16
533681 31 0 0 2 6 13
539062 9 1 0 2 6 17
542009 22 0 0 2 6 17
546165 26 1 1 2 6 18
556004 42 1 0 2 6 17
563209 18 1 0 2 6 15
572604 44 1 0 6 6 19
584299 53 1 0 2 6 18
597514 53 1 0 2 5 18
604856 18 1 0 4 6 18
605208 28 0 0 1 6 16
610206 35 0 1 2 6 24
611790 20 1 1 2 6 14
629472 17 1 1 2 6 20
637165 30 1 0 2 6 14
641929 96 1 0 1 6 16
654416 34 1 0 2 6 13
656783 23 1 0 2 6 17
661653 38 0 0 2 6 18
669773 119 1 0 2 6 16
670264 8 1 0 2 6 15
691002 31 1 0 2 6 14
694450 59 1 0 2 6 18
695450 29 0 0 2 6 15
698615 37 1 0 2 6 15
702070 32 0 0 2 6 15
705170 67 1 0 2 6 15
708073 50 1 0 2 6 15
710620 25 0 0 2 6 16
726746 10 1 0 2 6 18
743576 74 1 0 2 6 15
747725 17 1 0 2 6 19
747911 9 0 0 2 6 19
748078 31 0 0 2 6 14
749419 12 0 0 2 6 15
753750 61 1 0 2 6 18
753980 21 1 0 2 6 18
754101 5 1 0 2 5 17
757075 28 1 0 2 6 16
757581 7 1 0 4 5 18
758797 3 1 0 2 6 17
758967 23 1 1 6 6 18
760512 6 0 0 2 6 17
760648 43 1 0 2 6 15
761469 6 0 0 2 6 16
764069 16 1 0 2 6 17
764201 33 1 0 2 6 17
768106 16 1 1 2 6 16
769747 31 1 0 4 6 16
773341 24 1 0 2 6 16
774240 43 1 0 2 6 17
775007 11 1 0 2 6 16
776794 12 1 0 2 6 17
777765 33 0 0 2 6 18
780834 7 1 0 2 6 16
781077 29 1 0 2 6 15
790285 40 1 0 2 6 17
804672 17 1 0 2 6 16
805495 31 1 0 2 6 16
826754 8 1 0 1 5 16
831623 36 1 0 2 6 15
836798 24 1 1 2 6 10
837276 3 1 1 2 6 62
837477 7 0 0 2 6 17
837479 5 0 0 2 6 25
843177 66 1 0 2 6 15
844611 9 1 0 2 6 17
844776 8 1 0 6 6 17
844833 1 1 0 2 6 17
845126 14 1 0 2 6 20
845127 5 1 0 2 6 17
845128 11 1 0 2 6 14
845129 3 1 0 2 6 17
845130 22 1 0 2 6 18
845146 6 1 0 2 5 15
845171 2 1 0 2 6 18
845187 3 1 0 2 6 17
845224 1 1 0 2 5 15
845225 20 1 0 2 6 15
845226 5 1 0 2 5 19
845227 3 0 0 4 6 17
845252 9 0 0 2 6 17
845253 2 1 0 2 6 18
845254 2 1 0 2 5 15
845255 1 1 0 2 5 14
845256 16 1 0 2 5 17
845257 1 1 0 2 5 17
845272 2 1 0 2 5 14
845273 8 1 1 2 6 13
845277 1 1 0 2 5 18
845278 1 1 0 2 6 15
845279 5 1 0 7 5 17
845280 3 0 0 2 6 15
845308 37 1 0 2 6 17
845311 17 1 0 2 6 19
845322 5 0 0 2 6 17
845323 1 0 0 2 6 14
845324 15 1 0 2 6 15
845469 1 0 0 2 6 18
845519 1 0 0 2 6 19
