172922
19
445
172922 590 0 1 2 6 15
7531 146 1 0 2 6 16
25619 34 1 0 2 6 19
29097 164 1 0 2 6 17
36722 68 1 0 2 6 14
39375 121 1 0 2 6 16
39565 94 1 0 2 6 16
40923 11 1 0 9 6 8
44025 39 1 0 8 6 18
49658 52 1 0 0 6 16
52476 117 1 0 2 6 16
61349 107 1 0 2 6 16
63891 50 1 0 2 6 17
67680 19 1 0 2 6 16
72441 17 1 0 2 6 13
74850 88 1 0 2 6 15
78922 42 1 0 2 6 16
81652 343 1 0 2 6 15
84127 45 1 0 2 6 16
84800 20 1 0 2 6 15
84933 86 1 0 2 6 16
85857 16 1 0 2 6 12
88393 63 1 0 2 6 15
90952 39 1 0 5 6 16
92047 54 1 0 2 6 13
95182 64 1 0 2 5 14
96819 18 1 0 2 6 17
97289 100 1 0 2 6 16
98805 20 1 0 2 6 15
100852 50 1 0 2 6 14
100993 128 1 0 2 6 15
101789 35 1 0 2 6 15
105290 142 1 0 2 6 17
107279 42 1 0 1 6 20
107541 276 1 0 2 6 16
112325 209 1 0 4 6 16
112925 424 1 0 2 6 16
113231 8 1 0 2 6 15
113318 201 1 0 2 6 20
113324 9 1 0 2 6 15
113514 68 1 0 2 5 15
115423 92 1 0 2 6 15
115931 83 1 0 0 6 15
123820 736 1 0 2 6 17
124581 79 1 0 2 6 17
126705 326 1 0 2 6 17
127874 301 1 0 2 6 16
129736 135 1 0 2 6 16
130064 42 1 0 2 6 17
131897 30 1 0 2 6 16
132660 126 1 0 2 6 16
132731 77 1 0 2 6 14
134887 98 1 0 2 6 16
137648 59 1 0 2 6 16
137772 17 1 0 2 6 12
139698 66 1 0 2 6 16
141029 66 1 0 2 6 14
142786 77 1 0 2 6 15
144754 38 1 0 2 6 17
145167 39 1 0 2 6 12
145745 58 1 0 2 6 16
146587 87 1 0 2 6 18
146865 56 1 0 2 6 16
147191 51 1 0 2 5 13
147606 38 1 0 2 6 15
153067 16 1 0 2 6 17
154934 33 1 0 2 6 15
156379 52 1 0 2 5 13
160802 154 1 0 2 6 14
160809 162 1 0 2 6 17
162475 13 1 0 2 5 16
162696 89 1 0 2 6 14
163522 59 1 0 6 6 15
166712 47 1 0 2 6 16
167432 94 1 0 2 6 16
168761 103 1 0 2 6 15
169790 20 1 1 2 5 21
172374 65 1 0 2 6 14
173575 90 1 0 2 6 16
181572 54 1 0 8 6 14
181936 43 1 0 2 6 12
182779 22 1 0 4 6 16
183874 88 1 0 2 6 17
184022 290 1 0 2 5 13
184160 64 1 0 2 6 18
184190 29 1 0 2 6 15
184692 79 1 0 2 6 17
184991 30 1 0 2 6 15
186816 31 1 0 2 6 13
186925 20 1 0 2 6 12
187168 57 1 0 2 6 13
188042 40 1 0 2 6 14
188745 102 1 0 2 6 16
190122 260 1 0 2 6 17
195981 32 1 0 2 6 15
197391 45 1 0 2 6 13
197595 53 1 0 2 6 20
198713 34 1 0 2 6 15
200637 64 1 0 2 6 15
203378 44 1 0 2 6 15
206571 91 1 0 0 6 15
210012 111 1 0 2 6 15
212651 87 1 0 2 6 17
213034 86 1 1 2 6 14
217107 69 1 0 2 6 15
217577 47 1 0 2 6 18
218910 67 1 0 9 6 17
221981 84 1 0 6 6 12
223357 54 1 0 2 6 17
223827 128 1 0 2 6 16
224048 136 1 0 2 6 16
227396 10 1 0 2 6 17
227897 82 1 0 7 6 13
229995 62 1 0 2 6 16
230257 103 1 0 2 6 15
234206 35 1 0 6 6 17
238169 18 1 0 2 6 14
238229 134 1 0 2 6 16
238709 53 1 0 2 6 19
241575 67 1 0 8 6 16
243694 56 1 0 2 6 17
244011 26 1 0 2 5 12
244231 47 1 0 2 6 16
246533 65 1 0 1 6 18
249711 109 1 0 4 6 15
250952 44 1 0 2 6 15
255349 37 1 0 2 5 12
255513 50 1 0 2 6 17
255514 27 1 0 2 6 14
255523 42 1 0 2 6 15
255524 62 1 0 2 6 14
255685 16 1 0 2 6 14
255687 47 1 0 2 5 14
255692 134 1 0 2 6 15
255722 60 1 0 2 6 15
256012 113 1 0 2 6 15
256234 29 1 0 2 5 14
256238 48 1 0 2 6 15
256432 24 1 0 2 6 13
256441 42 1 0 2 6 15
256444 26 1 0 2 6 16
256466 33 1 0 2 6 16
256513 97 1 0 2 6 15
256521 71 1 0 2 5 13
256553 110 1 0 2 6 13
256564 19 1 0 2 6 14
256568 14 1 0 2 5 14
256639 15 1 0 2 6 13
256640 148 1 0 2 6 16
256643 141 1 0 2 6 15
256646 25 1 0 2 6 15
256647 106 1 0 2 6 17
256648 77 1 0 2 6 15
256731 10 1 0 2 6 16
256844 62 1 0 2 6 15
256914 44 1 0 2 6 15
256926 34 1 0 2 6 15
256928 10 1 0 2 6 15
256929 27 1 0 2 6 17
256979 63 1 0 2 6 14
257077 94 1 0 2 6 15
257822 33 1 0 2 6 14
257831 43 1 0 2 5 12
257961 75 1 0 2 6 16
257989 81 1 0 2 6 17
258295 184 1 1 2 6 20
258364 48 1 0 2 6 14
258366 28 1 0 2 6 13
258439 90 1 0 2 5 17
258457 66 1 0 2 6 15
258494 74 1 0 2 6 16
258527 50 1 0 2 6 16
258529 109 1 0 2 6 15
258568 49 1 0 2 6 16
258652 68 1 0 2 6 16
258724 52 1 0 2 6 15
261633 70 1 0 2 6 16
262017 55 1 0 6 6 17
263263 173 1 0 2 6 18
263516 102 1 0 2 6 17
263741 85 1 0 2 6 19
264473 22 1 0 2 6 15
264681 367 1 0 2 6 28
265108 189 1 0 2 6 20
266390 86 1 0 2 6 18
267196 79 1 0 2 6 20
267641 57 1 0 1 6 15
271832 69 1 0 2 6 16
274794 50 1 0 2 6 16
275523 29 1 0 2 6 14
280279 14 1 0 2 6 20
282282 68 1 0 2 6 16
282304 115 1 1 2 6 15
290234 68 1 0 2 6 14
291624 78 1 0 4 6 17
296661 47 1 0 2 6 17
299878 52 1 0 2 6 17
301812 64 1 0 2 6 17
302882 38 1 0 4 6 21
305498 109 1 0 2 6 18
310821 46 1 0 2 6 15
312871 13 1 0 2 6 13
313154 24 1 0 0 6 14
316683 63 1 0 2 6 15
323130 137 1 0 2 6 17
323446 125 1 0 8 6 16
332452 27 1 0 2 6 11
332501 32 1 0 2 6 14
332508 81 1 0 2 6 16
332574 75 1 0 2 6 18
332937 205 1 0 2 6 15
343274 92 1 0 2 6 16
345416 48 1 0 8 6 28
352877 30 1 0 2 6 13
356714 13 1 0 2 6 16
357163 89 1 0 2 5 13
357330 30 1 0 2 5 14
357651 9 1 0 2 6 14
358010 95 1 0 2 6 17
363117 97 1 0 8 6 15
364293 51 1 0 2 6 15
366490 40 1 0 2 6 16
372468 91 1 0 2 6 15
372489 61 1 0 2 6 15
373845 65 1 0 2 6 19
376568 71 1 0 9 6 12
381165 38 1 0 2 6 13
381296 19 1 0 2 6 14
381812 62 1 0 4 6 17
383329 114 1 0 2 6 14
387025 234 1 0 8 6 15
388285 23 1 0 2 6 15
388399 53 1 0 2 6 17
393211 69 1 1 5 6 24
394651 63 1 0 2 6 17
395863 152 1 0 6 6 14
396878 42 1 0 6 6 14
397055 18 1 0 2 6 17
404258 6 1 0 2 6 15
409277 120 1 0 2 6 17
409579 26 1 0 2 6 15
410675 54 1 0 2 6 17
417677 33 1 0 2 6 14
418939 122 1 0 2 6 17
424211 21 1 0 2 6 12
425267 28 1 0 2 5 12
427729 11 1 0 2 6 20
430458 57 1 0 2 6 17
437418 26 1 0 2 6 17
441449 73 1 0 2 6 19
443654 72 1 0 2 6 16
443716 64 1 0 2 6 17
445149 48 1 0 2 6 10
446783 24 1 0 2 6 15
451652 30 1 0 2 6 16
451654 24 1 0 2 6 13
454839 206 1 0 8 6 15
455629 30 1 0 2 5 15
456287 59 1 0 2 6 15
457807 5 1 0 2 6 13
458288 141 1 0 2 6 15
459156 60 1 0 2 6 13
459387 118 1 0 2 6 17
460219 25 1 0 2 6 12
463149 33 1 0 2 6 17
463203 7 1 0 2 6 18
463569 8 1 0 2 6 18
463592 10 1 0 2 6 12
464128 18 1 0 2 6 14
464887 16 1 0 2 6 14
465014 5 1 0 2 5 16
465106 28 1 0 2 6 14
466295 30 1 0 2 6 14
466476 73 1 0 2 6 16
467423 50 1 0 2 6 17
467450 11 1 0 3 6 15
467602 49 1 1 2 6 17
467609 157 1 0 0 6 15
467774 56 1 0 2 6 16
467805 53 1 0 2 6 17
467810 53 1 0 2 6 16
468169 51 1 0 2 6 16
468226 25 1 0 2 6 14
468744 14 1 0 2 6 15
470970 75 1 0 2 6 16
471889 149 1 0 4 6 19
472896 72 1 0 2 6 15
475521 97 1 0 6 6 16
480580 69 1 0 8 6 17
481039 41 1 0 2 6 15
482971 42 1 0 2 6 13
487144 191 1 0 2 6 16
489831 17 1 0 2 6 15
490292 94 1 0 2 6 15
490810 52 1 0 2 6 17
492172 10 1 0 2 6 15
492234 68 1 0 2 6 15
495809 19 1 0 1 5 15
499444 83 1 0 2 6 17
501834 79 1 0 2 6 18
505026 78 1 0 2 6 14
505597 12 1 0 2 6 16
505721 23 1 0 4 6 15
506520 43 1 0 2 6 19
506949 53 1 1 6 6 18
508971 321 1 0 6 6 15
509011 46 1 0 2 6 18
509640 20 1 0 2 6 11
511490 25 1 0 2 6 13
513550 101 1 0 2 6 16
513585 87 1 0 2 5 16
513915 14 1 1 2 6 20
522156 53 1 0 2 6 15
525683 24 1 0 2 6 13
526196 23 1 0 2 6 18
527398 68 1 0 2 6 14
528380 48 1 1 2 6 21
529465 28 1 0 2 6 14
529547 34 1 0 2 6 13
529550 25 1 0 2 6 14
529553 20 1 0 2 6 14
529599 17 1 0 2 6 14
532880 88 1 0 8 6 16
538791 113 1 1 2 6 20
538947 91 1 0 2 5 14
539929 10 1 0 2 6 17
543736 23 1 0 2 5 13
543739 52 1 0 2 6 12
546859 64 1 0 2 6 17
547217 14 1 0 2 6 14
548016 31 1 0 2 6 14
553332 63 1 0 2 6 19
555221 62 1 0 2 6 17
556269 51 1 0 2 6 16
558486 17 1 0 2 6 15
558771 51 1 0 2 6 14
569754 35 1 0 2 6 16
569922 60 1 0 2 6 15
570811 23 1 1 0 6 17
582162 49 1 0 2 6 14
585904 43 1 0 2 6 15
586063 104 1 0 2 6 17
586633 23 1 0 2 6 15
590468 7 1 0 2 6 15
590652 23 1 0 2 6 15
594657 92 1 0 4 6 12
594668 59 1 0 2 6 17
596924 53 1 0 2 6 18
596927 22 1 0 2 6 12
597539 78 1 0 2 6 12
610919 64 1 0 2 6 18
611313 31 1 0 1 6 14
611499 66 1 0 8 5 15
612028 30 1 0 9 6 18
616186 18 1 0 2 6 13
617573 77 1 1 2 6 16
621547 27 1 0 2 6 11
622952 58 1 0 2 6 18
623956 17 1 0 9 5 33
625652 50 1 0 2 6 16
625990 37 1 0 2 5 17
626043 59 1 0 2 5 15
626147 31 1 0 2 6 13
627843 3 1 0 4 6 17
638379 33 1 0 2 6 17
640685 53 1 0 2 6 15
642186 44 1 0 6 6 14
642944 59 1 0 2 6 15
647227 32 1 0 2 6 16
648480 9 1 1 2 5 14
654014 30 1 0 2 6 17
654270 234 1 0 4 6 13
654644 8 1 0 2 5 16
655595 31 1 0 2 6 16
656212 32 1 0 6 6 13
659572 41 1 0 2 6 17
659615 63 1 0 2 6 16
669691 17 1 0 2 6 13
669841 16 1 0 2 6 11
669883 32 1 0 2 6 15
670982 24 1 0 2 6 12
674540 27 1 0 6 5 16
676258 25 1 0 2 6 16
688337 15 1 0 2 5 13
690165 30 1 0 2 6 13
690757 43 1 0 2 6 11
691002 31 1 0 2 6 14
691233 14 1 0 2 6 14
691723 55 1 0 2 6 17
693853 3 1 0 2 6 18
699257 21 1 0 2 6 17
700327 19 1 0 2 6 13
702085 11 1 0 2 6 29
702873 108 1 0 2 6 18
705863 22 1 0 2 6 13
706191 55 1 0 2 6 13
706734 58 1 0 2 6 17
706825 51 1 0 8 6 14
706904 18 1 0 4 6 15
707185 11 1 0 2 5 13
715119 13 1 0 2 6 13
717151 59 1 0 2 6 16
722996 72 1 0 2 6 14
723311 10 1 0 2 5 13
724333 176 1 0 6 6 15
729991 24 1 0 2 6 13
730220 6 1 0 2 5 14
735756 3 1 0 2 6 14
737680 23 1 0 2 5 12
737712 20 1 0 1 6 13
737713 44 1 0 2 6 13
738787 142 1 0 2 6 13
746552 71 1 0 4 6 14
748061 16 1 0 2 6 14
750445 19 1 0 2 6 15
750697 25 1 0 2 6 13
751885 51 1 0 2 5 14
752656 67 1 0 2 6 16
753821 113 1 0 2 6 17
758038 45 1 0 2 6 16
765632 14 1 0 9 6 15
766971 12 1 0 2 6 16
771087 34 1 0 2 6 15
773333 59 1 0 2 6 13
774240 43 1 0 2 6 17
774584 20 1 0 8 6 32
775727 58 1 0 2 5 15
776081 4 1 0 9 5 15
777700 33 1 0 2 6 17
777754 13 1 0 2 5 14
781149 37 1 0 2 6 14
781413 18 1 0 2 6 16
782643 47 1 0 9 6 16
784616 65 1 0 2 6 15
785183 23 1 0 2 5 14
785469 35 1 0 8 6 18
785993 44 1 0 2 6 13
790287 21 1 0 2 5 15
798594 27 1 0 2 5 14
798665 17 1 0 2 6 12
798963 38 1 0 9 6 14
802414 16 1 0 2 6 13
804662 4 1 0 2 6 14
805495 31 1 0 2 6 16
809742 16 1 0 2 5 17
809793 8 1 0 2 6 15
809861 6 1 0 2 6 40
810752 15 1 0 2 6 15
813034 7 1 0 2 6 13
815137 26 1 0 2 6 16
818608 44 1 0 2 5 21
820579 18 1 0 2 6 13
821635 65 1 1 6 6 14
821742 17 1 0 6 6 10
821787 78 1 0 2 6 15
823170 115 1 0 2 6 14
824090 12 1 0 2 6 16
827954 17 1 0 2 6 11
828093 23 1 0 2 5 15
829162 8 1 0 2 5 17
831827 11 1 0 2 5 16
834403 50 1 0 2 6 15
834875 29 1 0 2 6 16
835080 10 1 0 2 5 14
835087 26 1 0 2 6 13
835314 19 1 0 2 6 20
836180 128 1 0 2 6 14
837038 16 1 0 2 6 14
838517 93 1 0 2 6 14
839016 30 1 0 2 6 14
839626 24 1 0 2 6 16
843049 17 1 0 2 6 13
845890 25 1 1 2 6 17
846321 13 1 0 2 6 13
848681 7 1 0 2 6 14
848769 10 1 0 2 6 12
849537 50 1 1 2 6 18
853514 72 1 0 2 6 16
858051 15 1 0 2 5 14
867637 10 1 0 2 6 14
879299 60 1 0 4 6 16
884771 24 1 0 2 6 16
903874 22 1 0 2 5 13
904111 8 1 0 2 6 16
906507 38 1 0 2 6 17
916816 26 1 0 2 6 14
921158 26 1 0 2 6 15
921798 69 1 0 2 6 17
921884 5 1 0 2 6 12
923945 26 1 0 2 6 16
925398 55 1 0 8 6 14
925990 26 1 0 4 6 14
935962 25 1 1 2 6 15
938301 20 1 0 2 6 16
939097 11 1 1 2 6 23
939099 4 1 1 2 5 10
939290 23 1 0 2 6 21
944132 10 1 0 2 6 14
945504 39 1 1 2 6 12
948631 20 1 0 2 6 12
957302 4 1 0 0 6 14
961841 8 1 0 2 6 13
967216 5 1 0 2 5 15
972270 20 1 0 2 6 14
975202 30 1 0 6 6 14
975912 30 1 0 2 6 14
978158 5 1 0 2 5 14
981269 8 1 0 2 6 18
991981 13 1 0 2 6 15
1001530 27 1 0 8 6 14
1004050 54 1 0 2 6 13
1011123 9 1 0 2 6 14
1012120 19 1 0 2 6 16
1015103 25 1 0 8 6 14
1016169 29 1 0 2 6 13
1019730 10 1 0 2 6 18
1019852 46 1 0 2 6 14
1019865 3 1 0 2 5 16
1021374 4 1 0 2 5 18
1021462 41 1 0 2 6 13
1021493 47 1 0 2 6 13
1028538 42 1 0 2 5 15
1029876 14 1 0 2 6 15
1039909 12 1 0 2 6 13
1041303 15 1 0 2 6 14
1043043 4 1 0 2 6 12
1043516 30 1 0 2 6 16
1043875 12 1 0 2 6 13
1044115 6 1 0 2 5 14
1045109 5 1 0 2 6 13
1051673 15 1 0 2 6 12
1051809 7 1 0 2 6 14
1053236 20 1 0 2 6 13
1067819 8 1 0 2 5 16
1069867 6 1 0 2 6 16
1070103 13 1 0 2 5 15
1071189 18 1 0 2 5 13
1071459 7 1 0 2 6 15
1108953 3 1 0 2 6 16
1112393 9 1 0 2 6 15
1134113 35 1 0 6 6 13
1134575 2 1 0 2 6 13
1140440 12 1 1 2 6 13
1152336 4 1 0 2 6 15
1172450 5 1 0 2 6 12
1173671 16 1 0 1 6 13
1173708 9 1 0 2 6 15
1173790 4 1 0 2 6 12
1174878 23 1 0 2 5 13
1175178 13 1 1 2 6 12
1175183 8 1 1 2 5 13
1175250 26 1 0 2 6 11
1176473 7 1 1 2 6 24
1176559 12 1 1 2 6 13
1180395 6 1 1 2 6 8
1182320 1 1 0 2 6 15
1185616 6 1 0 2 6 16
1200906 11 1 0 2 6 12
1203603 3 1 0 2 6 13
1218779 2 1 0 2 5 13
1236216 4 1 0 2 6 17
1245682 1 1 0 2 5 15
1251954 3 1 0 2 5 11
1266493 31 1 0 2 5 13
1271233 7 1 0 2 6 13
1295796 2 1 0 2 5 13
1299318 16 1 0 2 6 13
1327476 3 1 0 2 5 17
1329797 7 1 0 2 5 11
1347687 5 1 0 2 6 16
1353251 1 1 0 2 5 12
1374870 3 1 0 2 6 12
1388809 36 1 0 2 6 14
1389147 3 1 0 2 6 14
1389172 12 1 0 2 6 14
1420951 2 1 0 2 5 11
1420985 2 1 0 2 5 11
1424244 2 1 0 0 6 15
1434652 2 1 0 2 5 17
1453982 4 1 0 2 5 13
1455509 9 1 0 6 6 11
1469322 2 1 0 2 6 12
1492331 2 1 0 2 5 14
1512865 1 1 0 2 6 15
1530269 5 1 0 2 6 16
1532251 4 1 0 2 5 15
1551608 9 1 0 2 6 14
1551609 8 1 0 2 6 12
1551610 6 1 0 2 5 11
1588691 2 1 0 2 5 14
1618475 2 1 0 2 6 16
