8999
19
472
8999 612 1 1 2 6 20
213 34 0 0 2 6 21
392 90 1 0 2 6 20
423 124 1 0 0 6 19
472 90 0 0 0 6 21
861 78 0 0 0 6 20
1060 24 0 0 0 6 20
1435 184 1 0 0 6 19
1636 90 1 0 0 6 20
2528 33 0 0 0 6 19
3192 43 0 0 4 6 19
3542 202 1 0 0 6 19
4010 76 1 0 2 6 19
4080 44 0 0 2 6 19
4155 95 1 0 2 6 19
4157 160 1 0 2 6 21
4162 35 0 0 2 6 19
4169 66 0 0 2 6 19
4177 64 0 0 4 6 18
4240 52 0 0 2 6 17
4241 170 1 1 2 6 18
4626 113 1 0 2 6 18
4817 132 0 0 2 6 18
4915 74 1 0 2 6 18
4969 28 0 0 4 6 20
5023 77 0 0 2 6 17
5475 51 0 0 1 6 22
6029 41 0 0 2 6 18
6047 55 1 1 2 6 19
6062 137 1 0 2 6 18
6688 52 0 0 2 6 20
6692 114 1 0 2 6 19
6784 77 1 0 2 6 20
6840 61 1 0 2 6 19
7348 43 0 0 2 6 16
7406 53 0 0 2 6 19
7429 720 1 1 2 6 25
7433 126 1 0 2 6 17
7651 55 0 0 2 6 20
7724 195 1 0 2 6 21
7787 30 0 0 2 6 19
7916 154 0 0 2 6 21
7920 88 1 0 2 6 22
7948 40 0 0 0 6 22
8055 114 1 0 2 6 17
8714 41 0 0 2 6 19
8851 21 0 0 2 6 18
8860 67 0 0 2 6 15
8881 29 0 0 2 6 19
8886 66 0 0 2 6 19
8939 58 0 0 0 6 20
8996 52 0 0 2 6 19
9076 65 0 0 4 6 16
9153 59 1 0 2 6 17
9197 50 0 0 2 6 20
9224 38 0 0 2 6 19
9235 98 1 0 2 6 19
9239 22 0 0 2 5 20
9362 55 1 0 2 6 21
9364 187 1 0 2 6 18
9423 260 1 0 2 6 20
9587 94 0 0 2 6 22
9678 50 0 0 2 6 19
9682 78 1 0 2 6 18
9993 64 1 0 2 6 21
10314 44 0 0 1 6 20
10824 41 1 0 2 5 21
10957 68 0 0 2 6 17
11088 57 1 0 8 6 19
11112 37 0 0 2 6 21
11113 29 0 0 2 5 19
11820 72 0 0 0 6 19
11883 79 0 0 2 6 17
12159 190 0 0 2 6 19
12724 95 1 0 2 6 19
13275 32 0 0 2 6 23
13592 38 0 0 4 6 23
13880 63 1 0 2 6 21
13896 80 1 0 2 5 19
14176 26 0 0 0 6 19
16247 77 0 0 0 6 19
17241 71 1 1 2 6 19
18162 40 0 0 2 6 21
22540 151 1 0 6 6 19
23229 58 1 0 3 5 21
23269 81 1 0 7 6 19
26951 70 1 0 0 6 20
28503 76 0 0 2 6 20
29021 54 0 0 2 6 19
29050 214 1 0 0 6 22
29886 92 0 0 2 6 17
31945 48 0 0 2 6 18
32430 23 1 0 6 5 19
33909 80 1 0 3 6 19
33955 27 0 0 3 6 19
34074 84 1 0 2 6 21
35387 73 1 0 2 6 20
36293 34 0 0 2 6 20
37119 64 1 0 3 6 19
39738 56 0 0 5 6 21
41259 22 0 0 2 6 21
41866 37 0 0 2 6 22
42855 45 1 0 2 6 19
43435 45 0 0 2 6 21
43552 122 1 0 2 6 21
44211 45 1 0 2 6 16
44254 64 1 0 2 6 20
44493 26 0 0 2 5 21
45188 132 1 0 2 6 18
45226 68 0 0 2 6 20
45287 122 1 0 2 6 19
45738 138 1 0 2 6 18
46036 43 1 0 2 6 21
46454 171 1 0 2 6 18
46765 74 1 0 2 6 20
47048 53 0 0 0 6 19
48112 127 1 0 2 6 21
49395 83 0 0 3 6 20
49620 49 0 0 2 6 18
50355 96 1 0 1 6 22
50527 136 0 0 2 6 18
51460 131 1 0 2 6 23
51864 98 0 0 7 6 20
52253 85 0 0 6 6 19
52336 48 1 0 0 6 22
52545 104 1 0 2 6 20
54341 46 0 0 0 6 20
54442 94 0 0 2 6 22
54912 33 0 0 2 6 22
55494 96 0 0 2 6 17
55558 50 1 0 6 6 20
56351 64 0 0 2 6 19
56441 102 0 0 2 6 20
57821 170 1 0 2 6 22
57901 132 1 0 2 6 20
57910 105 1 0 2 6 19
58080 95 1 0 2 6 22
58144 98 1 0 2 6 20
60967 50 0 0 2 6 17
61151 46 0 0 2 6 21
61159 52 0 0 7 6 19
61351 50 0 0 6 6 20
61509 49 1 0 0 6 20
61532 57 1 0 6 6 20
61987 79 1 0 3 6 19
61988 30 0 0 5 6 21
62838 50 0 0 2 6 18
62890 98 1 0 2 6 17
62910 37 0 0 2 6 20
63395 566 1 0 2 6 18
63880 80 1 0 2 6 19
63886 37 0 0 2 6 19
63963 32 0 0 2 6 20
64195 94 1 0 2 6 21
64581 60 1 0 1 6 23
67852 39 0 0 2 6 25
68025 56 1 0 2 6 24
68949 57 1 0 3 6 22
71554 77 0 0 2 6 19
72977 82 0 0 2 6 17
74534 63 1 0 2 6 21
74591 19 1 0 2 5 19
74606 32 0 0 2 6 22
74728 30 1 0 3 6 20
74899 50 1 0 2 6 20
76543 72 0 1 2 5 20
76696 62 0 0 2 6 21
76757 95 1 0 2 6 18
77893 39 1 0 5 6 22
79648 63 1 0 2 6 22
80057 91 1 0 2 6 20
80448 15 0 0 7 6 19
81142 58 0 0 2 6 18
81622 23 0 0 2 6 17
81651 82 0 0 2 6 18
82788 42 0 0 2 6 18
83636 76 0 0 0 6 19
83951 42 0 0 2 6 20
84003 29 0 0 2 6 16
84562 79 0 0 2 6 18
84997 27 0 0 3 6 19
85385 36 0 0 2 6 18
85460 18 0 0 2 6 19
85573 59 1 0 2 6 19
85944 31 0 0 2 6 19
86153 37 1 0 2 6 21
86219 55 0 0 2 6 19
86246 66 1 0 2 6 20
86553 85 1 0 1 6 21
88256 155 1 0 2 6 28
90822 52 0 0 2 6 17
91057 144 0 0 2 6 20
91701 69 1 0 2 6 18
91761 67 1 0 2 6 18
93000 45 0 1 2 6 22
93185 56 0 0 2 6 18
93296 36 0 0 2 6 20
93343 34 0 0 2 6 19
93426 59 0 0 4 6 19
93766 57 0 0 2 6 19
94128 67 0 0 2 6 22
94170 58 1 0 2 6 18
94339 94 1 0 2 6 18
94340 141 1 0 2 6 19
94415 124 0 0 2 6 19
94487 72 1 0 2 6 22
94608 44 0 0 2 6 19
95028 14 0 1 2 6 20
95535 45 1 0 2 6 18
95801 52 1 0 2 6 20
95903 64 1 0 2 5 20
95928 58 0 0 2 6 19
95938 69 0 0 2 6 18
96104 120 1 0 2 6 19
96119 267 1 0 2 6 20
96163 85 1 0 2 6 19
96165 142 1 0 2 6 19
96253 63 0 0 2 6 21
96779 110 0 0 2 6 20
96882 78 0 0 2 6 19
97081 54 0 0 2 6 23
97135 10 1 0 2 5 19
97382 10 0 0 2 6 19
97408 173 1 0 2 5 19
97435 87 1 0 2 6 20
97457 89 1 1 2 6 19
98369 77 1 0 2 6 21
98824 29 1 1 2 6 18
98989 41 0 0 2 6 18
99069 136 1 1 2 6 20
99214 32 0 0 2 6 20
99650 50 0 0 2 5 18
99868 18 0 0 2 6 18
99948 106 1 0 2 6 19
100293 48 0 1 1 6 20
100878 34 0 0 2 6 18
101417 47 0 0 2 6 19
101599 81 1 0 2 6 19
102002 84 1 0 2 6 20
103654 34 0 0 2 6 21
103861 97 1 0 2 6 17
105152 76 1 0 2 6 20
105225 52 0 0 2 6 18
105290 142 1 0 2 6 17
105543 42 0 0 2 6 24
105646 153 1 0 2 6 23
105968 61 1 0 2 6 22
106392 106 1 0 2 6 21
106519 50 1 0 1 6 19
106652 63 0 0 3 6 20
107053 36 0 0 2 6 19
107386 38 0 0 2 6 18
107404 42 0 0 2 6 25
107567 41 1 0 2 6 21
107649 223 1 0 2 6 18
107864 109 0 0 2 6 18
108089 52 0 0 2 6 19
109098 13 0 0 2 6 21
109644 42 1 0 2 6 21
110580 72 0 0 8 6 19
110755 32 1 0 5 6 20
111299 25 0 0 2 6 18
111714 43 1 0 8 6 20
113018 53 1 0 2 5 18
113212 85 0 0 2 6 17
113249 147 1 0 2 6 20
113867 32 0 0 2 6 21
114282 86 1 0 3 6 21
114310 71 0 0 2 6 23
114960 112 1 0 2 6 20
115870 95 1 0 2 6 21
116380 130 1 0 2 6 21
116964 42 1 0 0 6 21
117033 76 0 0 2 6 20
117036 59 1 0 2 6 21
117206 45 0 0 2 6 19
117254 59 1 0 2 6 18
118072 30 0 0 2 6 19
118074 43 0 0 2 6 19
119353 42 1 0 2 6 20
119612 104 1 0 2 6 21
121933 71 0 0 4 6 19
122427 59 1 0 2 6 20
123749 75 1 0 0 6 20
123881 76 0 0 3 6 21
124310 126 1 0 2 6 20
124643 81 0 0 2 6 22
125269 139 1 0 2 6 18
125583 141 0 0 2 6 18
126546 139 1 0 3 6 21
126555 89 0 0 2 6 22
126920 51 0 0 2 6 20
126978 61 1 0 2 6 21
127871 11 1 0 2 6 19
128429 49 1 0 2 6 22
128928 19 1 0 2 6 19
129001 209 1 0 2 6 18
129006 72 1 0 2 5 19
129594 54 0 0 7 6 19
130182 61 1 0 2 6 17
130512 22 0 0 2 5 22
131042 30 1 0 2 6 21
131240 141 1 0 2 6 21
131253 43 0 0 2 6 20
131616 111 1 0 2 6 20
131757 71 1 0 2 6 20
131938 36 0 0 2 6 19
132139 152 1 0 2 6 19
132151 44 0 0 2 6 18
132326 160 1 0 2 6 19
132474 40 0 0 2 6 22
132617 74 0 0 2 6 19
133577 58 0 0 2 6 19
134309 65 0 0 2 6 17
134828 15 0 0 2 6 19
135172 165 1 0 2 6 17
136443 79 0 0 2 6 18
136733 98 1 0 2 6 16
137851 11 0 0 2 6 21
137852 48 0 1 2 6 19
137922 132 1 0 2 6 19
138180 54 1 1 2 6 18
138236 29 0 0 2 6 24
138481 65 0 0 2 6 18
139224 77 1 0 3 6 19
140030 234 1 0 2 6 19
140501 78 1 0 3 6 21
140544 34 0 0 2 6 21
140700 46 0 0 2 6 20
142109 84 1 0 2 6 22
144431 95 1 1 2 6 19
144764 62 1 0 2 6 23
144766 65 0 0 2 6 22
146435 55 1 0 2 6 23
146497 60 0 0 1 6 19
146599 65 1 0 9 6 20
147688 30 1 0 2 5 19
148967 22 1 0 2 6 21
149760 85 1 0 2 6 22
149857 21 1 0 2 6 23
151884 43 0 0 2 6 19
152047 40 0 0 2 6 15
152191 58 1 0 2 6 18
152279 113 1 0 2 6 21
152340 54 0 0 2 6 22
152884 87 1 0 2 6 22
153060 23 0 0 2 6 18
153260 62 1 0 2 6 20
153941 52 1 0 2 6 20
154310 37 0 0 2 6 20
154364 51 1 0 2 6 19
154582 26 0 0 2 6 23
155040 110 1 0 2 6 21
158035 39 0 0 2 6 19
158242 19 0 1 2 6 19
160376 30 0 0 2 6 17
160435 90 0 0 2 6 18
160476 115 1 0 2 6 20
160966 135 1 0 2 6 18
161269 51 0 0 2 6 18
161583 32 0 0 0 6 23
161785 51 1 0 2 6 20
163584 45 1 0 2 6 21
163930 60 0 0 2 6 20
164346 24 0 0 2 6 21
164780 100 1 0 8 6 19
165270 79 1 0 2 6 24
169792 47 0 0 2 6 19
170582 68 1 0 0 6 20
171629 63 1 0 2 6 16
171798 44 0 0 8 6 19
171872 78 0 0 6 6 20
174153 47 0 0 2 6 18
176339 145 1 0 2 6 17
178126 126 1 0 2 6 18
178210 98 0 0 2 6 19
178875 153 1 0 2 6 20
178936 77 0 0 2 6 18
179041 56 0 0 2 6 22
179108 64 1 0 2 6 16
179410 33 1 0 2 6 17
179852 10 0 0 2 6 18
180479 94 1 0 2 6 18
181281 73 1 0 2 5 23
181766 17 0 0 2 6 21
182347 19 1 0 0 6 19
182654 30 0 0 2 6 19
183219 88 1 0 2 6 19
183741 94 1 0 2 6 20
183800 113 1 0 2 6 23
184116 39 0 0 2 6 20
184317 31 1 0 2 6 19
184392 54 1 0 2 6 20
184502 164 1 0 2 6 18
184583 88 0 0 2 6 20
184855 77 1 0 2 6 19
184892 16 1 0 2 6 22
186834 125 1 0 2 6 19
187090 68 1 1 2 6 19
188968 43 1 0 2 6 19
190550 15 0 0 2 6 20
191080 107 0 0 1 6 23
191275 176 1 0 2 6 20
192119 44 0 0 1 6 20
192589 65 0 0 2 6 19
192901 74 1 0 2 6 20
193588 30 1 0 2 6 21
194783 86 0 0 2 6 21
195509 32 0 0 7 6 19
195513 39 1 0 2 6 19
195518 29 0 0 2 6 17
195519 18 0 0 2 6 16
195577 95 0 0 1 6 21
195578 26 1 0 2 6 24
195579 54 1 0 2 6 18
195655 27 0 0 2 6 22
195656 22 0 0 4 6 20
195758 21 1 0 2 6 17
195759 51 0 0 2 6 17
195787 22 1 0 2 6 20
195789 113 1 0 8 6 19
195864 30 0 1 2 6 19
195870 13 1 1 2 6 18
196290 72 0 0 2 6 19
196378 64 1 0 2 6 22
196711 75 1 0 9 6 21
196712 43 0 0 2 6 17
196713 37 0 0 2 6 18
196714 47 0 0 2 6 20
196715 8 0 0 1 6 23
196716 42 1 0 2 6 18
196717 115 1 0 2 6 20
196718 67 1 0 7 6 20
196720 71 1 0 2 6 18
196721 27 0 0 2 6 18
196722 65 1 0 2 6 18
196723 22 0 0 2 6 19
196725 95 1 0 2 6 18
196727 89 0 0 4 6 20
196728 92 0 0 8 6 20
196729 49 1 0 2 6 22
196730 68 1 0 2 6 22
196731 30 0 0 2 6 25
196732 72 0 0 8 6 20
196733 27 1 0 6 6 19
196736 71 1 0 2 6 18
196738 43 0 0 2 6 15
196914 36 1 0 2 6 16
196915 69 1 0 4 6 19
196947 147 1 0 2 6 18
196948 72 1 0 2 6 21
196949 28 1 0 2 6 15
196950 38 1 0 2 6 21
196951 30 0 0 2 6 16
196953 77 1 0 8 6 21
196954 24 1 0 2 6 20
196983 54 1 0 2 6 21
196984 54 1 0 2 6 18
196985 9 0 0 2 6 22
196986 29 0 0 2 6 19
196987 44 1 0 2 6 16
196988 92 1 0 2 6 23
196989 85 1 0 2 6 20
197020 47 0 0 2 6 22
197022 51 1 0 2 6 18
197023 29 1 0 2 6 20
197024 18 1 0 2 6 18
197025 55 1 0 2 6 21
197066 78 1 0 2 6 21
197067 7 0 0 0 6 25
197068 21 1 0 4 6 19
197073 5 0 0 2 6 22
197076 40 1 0 2 6 24
197077 14 0 0 2 6 22
197078 28 0 0 2 6 18
197108 30 1 0 2 6 18
197109 34 1 0 2 6 17
197110 21 1 0 2 6 16
197143 60 1 0 1 6 20
197173 7 0 0 8 6 19
197174 11 0 0 4 6 18
197175 7 0 0 0 6 20
197176 31 1 0 2 6 17
197177 142 1 0 2 6 21
197178 85 0 0 6 6 19
197179 7 0 0 4 6 17
197180 11 1 0 2 5 19
197181 126 1 0 6 6 18
197182 12 1 0 2 6 16
197184 25 1 0 2 6 21
197185 12 1 0 2 6 18
197186 37 0 0 2 6 19
197187 41 1 0 9 6 20
197188 3 0 0 1 5 19
197189 2 1 0 0 5 19
197204 1 0 0 2 6 24
197207 8 1 0 2 5 22
197210 6 0 0 8 6 21
197211 11 0 0 4 6 20
197212 30 1 0 8 6 23
197270 47 1 0 4 6 21
197271 19 1 0 0 6 20
197272 7 0 0 2 6 19
197273 23 0 0 2 6 19
197276 30 1 0 0 6 20
197277 53 1 0 2 6 21
197278 69 0 0 2 6 18
197279 51 0 0 2 6 18
197302 66 0 0 0 6 19
197304 11 0 0 2 6 22
197306 56 0 0 2 6 18
197307 23 0 0 8 6 19
197363 116 1 0 2 6 20
197380 67 1 0 2 6 18
197381 21 0 0 2 5 18
197382 84 1 0 2 6 19
197383 17 0 0 2 6 16
197384 11 0 0 2 6 18
197386 15 0 0 2 6 20
197387 9 0 0 2 6 26
197467 25 0 0 6 6 20
197471 45 1 0 2 6 23
197473 21 0 0 0 6 19
197591 49 1 0 2 6 18
197595 53 1 0 2 6 20
197596 158 1 0 2 6 21
197598 34 0 0 4 6 20
197622 46 1 0 2 6 21
197623 58 0 0 2 6 20
197669 38 0 0 2 6 19
197670 55 0 0 2 6 20
197671 48 0 0 2 6 23
197695 42 0 0 1 6 22
197697 55 1 0 2 6 20
197698 47 1 0 2 6 21
197699 25 0 0 2 6 17
197716 67 1 0 2 6 19
197717 60 0 0 8 6 20
197718 44 1 0 2 6 20
197719 50 0 0 2 6 19
197721 56 0 0 2 6 20
197723 66 0 0 7 6 21
197754 12 0 0 2 6 26
197757 31 0 0 7 6 20
197758 41 1 0 2 6 20
197759 83 1 0 2 6 21
197760 66 1 0 2 6 20
197766 25 1 0 2 6 20
197767 8 0 0 2 6 23
197808 59 1 0 2 6 25
197809 20 0 0 2 6 23
197810 14 0 0 2 6 19
197811 52 1 0 7 6 21
197838 43 0 0 2 6 20
197840 66 1 0 2 6 20
197841 29 0 0 2 6 25
197844 105 1 0 2 6 21
197848 39 0 0 2 6 20
197851 51 1 0 2 6 21
197854 23 1 0 2 6 23
197855 36 0 0 2 6 22
197857 47 1 0 2 5 22
197966 113 1 0 2 6 18
198027 38 0 0 2 6 20
198028 57 1 0 1 6 22
198030 128 1 0 2 6 22
198031 61 1 0 2 6 20
198032 24 1 0 3 6 19
198033 33 0 0 2 6 24
198034 72 1 0 6 6 21
198132 37 0 0 2 6 20
198133 12 0 1 2 6 19
198136 46 1 0 2 6 24
198147 130 1 0 7 6 20
198287 20 0 0 2 6 20
198929 100 1 0 2 6 19
198930 117 1 0 2 6 19
198932 54 1 0 2 6 20
199013 33 0 0 2 6 17
199014 82 1 0 2 6 20
199015 21 0 0 2 6 20
199016 86 1 0 2 6 18
199017 19 0 0 2 6 23
199053 25 0 0 5 6 19
199054 20 1 0 2 6 20
199055 16 0 0 4 6 24
199056 41 1 0 2 6 24
199058 102 1 0 2 6 18
199098 110 1 0 2 6 22
199142 130 1 0 2 6 19
199143 70 1 0 2 6 19
199144 169 1 0 8 6 21
199145 53 0 0 2 6 19
199216 39 0 0 2 6 21
199344 64 1 0 8 6 18
199345 46 0 0 2 6 21
199346 28 1 0 2 6 21
199347 41 0 0 2 6 20
199348 34 0 0 2 6 17
199349 47 1 0 7 6 19
199350 21 1 0 2 5 18
199351 47 1 0 2 6 20
199352 140 1 0 6 6 19
199374 31 1 0 2 6 19
199376 23 0 0 2 6 25
199378 49 1 0 2 6 20
199380 57 0 0 2 6 20
199382 42 0 0 2 6 21
199383 58 1 0 2 6 21
199446 40 0 0 7 6 19
199449 36 0 0 7 6 20
199450 135 1 0 2 6 18
199451 57 1 0 1 6 20
