79226
19
2041
79226 670 1 0 8 6 11
7932 93 0 0 2 6 21
12314 45 1 0 4 6 18
20129 44 0 0 0 6 29
30746 84 0 0 8 6 16
31909 141 1 0 8 6 23
32309 26 1 0 0 6 16
35968 157 0 0 6 6 15
39451 180 1 0 2 6 16
39460 211 0 0 3 6 15
39926 381 0 0 4 6 15
40414 80 1 0 9 6 18
40648 105 1 0 9 6 19
40970 64 1 0 8 6 13
41551 14 0 0 1 6 20
45499 533 1 0 4 6 18
48366 62 1 0 4 6 26
48376 18 1 0 4 6 26
48979 558 1 0 4 6 26
51437 44 0 0 0 6 20
53233 174 0 0 3 6 28
55151 212 1 0 8 6 20
57090 124 1 0 8 6 11
62840 81 0 0 3 6 16
72298 79 0 0 6 6 15
72354 145 0 0 6 6 16
72360 28 1 0 8 6 13
73030 35 1 0 0 6 11
74957 20 0 0 0 6 23
76259 214 1 0 8 6 17
77721 623 1 1 4 6 17
83084 36 0 0 3 6 36
83168 194 1 0 6 6 17
83618 175 1 0 1 6 17
88861 344 0 0 6 6 16
96242 68 1 0 2 6 17
100962 25 0 0 8 6 24
101628 148 1 0 4 6 18
106826 157 1 0 6 5 19
111946 32 0 0 5 6 16
112098 55 1 0 4 6 19
118054 93 1 0 4 6 30
120343 62 1 0 2 6 17
122334 47 1 0 0 6 21
122832 52 1 0 6 6 29
125871 67 1 1 1 6 21
128137 22 1 0 4 6 23
132596 55 1 0 3 6 16
136095 22 1 0 8 5 12
137962 11 1 0 1 6 19
142848 66 1 0 2 6 15
146960 155 1 0 6 6 21
147064 570 1 0 4 6 18
147074 24 1 0 2 5 15
154136 175 1 0 8 6 17
154559 130 1 0 8 6 17
161665 41 0 0 4 6 30
162035 128 0 0 4 6 26
165298 60 0 0 4 6 15
165494 93 0 0 4 6 18
165495 783 1 0 4 6 17
165974 115 0 0 6 6 18
166215 86 1 0 8 6 15
166608 280 1 0 8 6 19
167241 136 1 0 8 6 13
167703 119 1 0 6 5 14
167869 28 1 0 1 6 9
167943 13 1 0 8 6 16
168042 42 1 0 4 6 28
168045 40 1 0 5 6 11
168053 197 1 0 4 6 29
168055 230 0 0 9 6 15
168986 58 1 0 6 6 18
169241 278 1 0 6 6 19
169912 122 1 0 7 6 20
170902 27 0 0 8 6 16
171549 162 0 0 4 6 17
172428 187 0 0 6 6 16
172435 58 1 0 4 6 16
172665 79 0 0 2 6 13
172833 284 1 0 6 6 16
172835 191 1 0 6 6 29
172880 134 0 0 4 5 18
172882 39 1 0 6 6 22
174462 126 0 0 7 6 17
174505 362 1 0 4 6 21
176991 142 1 0 4 6 20
178570 115 1 0 2 6 18
179413 85 1 0 2 6 17
194064 538 1 0 6 6 14
194715 174 1 0 0 6 17
203861 170 1 0 8 6 16
209438 351 1 0 8 6 19
223513 47 1 0 7 6 18
224978 136 0 0 4 6 17
225287 229 1 0 8 6 19
226955 104 1 0 8 6 17
230011 158 1 0 8 5 18
231533 62 0 0 6 6 13
231983 112 1 0 4 6 17
232069 303 0 0 6 6 19
241592 563 1 0 6 6 22
242812 67 1 0 4 6 26
242864 131 1 0 6 6 12
242868 39 1 0 8 6 12
242961 88 1 0 4 6 22
244391 129 0 0 2 6 17
246494 53 1 0 8 6 20
249397 197 1 0 2 6 18
251286 42 0 0 8 6 22
254595 99 1 1 1 6 35
254711 304 1 0 6 6 17
254733 256 1 0 8 6 15
254809 48 1 0 8 6 31
258494 74 1 0 2 6 16
259339 112 1 0 8 6 18
259576 78 0 0 8 6 14
261284 512 1 0 1 6 16
261321 36 1 0 0 6 15
261334 99 1 0 9 6 21
261335 23 1 0 9 5 13
261427 33 1 0 9 6 18
261459 55 1 0 2 6 17
261462 74 1 0 4 6 16
261465 95 1 0 0 5 15
261471 47 1 0 4 6 17
261508 62 1 0 9 6 21
261730 67 1 0 8 6 17
262015 74 0 1 4 6 20
262016 160 1 0 4 6 17
265869 6 1 0 0 6 20
267340 25 1 0 8 6 16
267343 27 1 0 8 6 17
267346 30 1 1 8 6 10
267351 12 1 0 8 6 11
267401 18 1 0 8 5 12
267403 17 1 0 2 6 15
267406 195 1 1 8 6 17
267413 55 1 0 9 6 13
268063 289 0 0 8 6 16
268789 5 1 0 2 6 21
268910 57 1 1 8 6 19
271285 90 1 0 4 6 22
271322 384 1 0 4 6 15
271835 221 0 0 4 6 16
275048 85 0 0 4 6 19
276097 144 1 0 9 6 17
278339 33 0 0 5 5 18
280274 177 0 0 6 6 19
280950 40 1 0 8 6 11
282238 45 0 0 6 6 22
282414 113 1 0 8 6 17
282429 127 0 0 8 6 16
282453 106 1 0 6 6 17
283623 30 1 0 2 6 16
283922 131 1 0 6 6 17
285551 256 1 0 8 6 18
290409 48 1 0 4 5 22
291574 31 0 0 4 6 17
292160 41 1 0 7 6 21
295680 237 1 0 6 6 19
296184 44 1 0 6 6 19
298430 64 0 0 4 6 21
299702 58 1 0 8 6 15
301493 180 1 0 8 6 19
302353 146 1 0 8 6 19
303572 49 0 0 3 6 18
305647 319 0 0 6 6 19
305711 163 1 0 8 6 26
311272 120 1 0 4 6 17
311767 92 1 0 3 6 15
312033 36 1 0 4 6 29
312998 52 0 0 4 6 29
319750 121 1 0 8 6 20
320225 115 0 0 8 6 16
320502 233 1 0 8 6 18
320616 116 1 0 6 6 18
321334 5 0 0 8 6 17
323236 114 0 0 4 6 25
323500 9 0 0 6 5 14
323802 120 1 0 4 6 17
326414 188 1 0 6 6 19
330320 88 1 0 4 5 19
330757 199 1 0 8 5 18
333869 39 0 0 8 6 14
335374 18 1 0 7 5 19
336658 70 1 0 4 6 19
341272 4 0 0 7 6 18
341793 20 1 0 1 6 22
342287 25 0 0 6 6 19
343862 54 0 0 8 6 16
344736 156 1 0 6 6 8
344774 30 1 0 4 5 28
344776 81 1 0 4 6 29
347105 50 1 0 4 5 26
347116 23 1 0 4 5 29
347194 94 0 0 4 6 20
348261 119 1 0 4 6 29
348397 62 0 0 4 6 17
348433 101 0 0 4 6 29
348453 268 1 0 4 6 15
348457 124 1 0 4 6 16
348492 36 0 0 9 6 18
348772 60 0 0 4 6 26
348821 31 1 0 4 6 30
349103 67 1 0 4 5 25
349181 17 0 0 4 5 26
349266 81 1 0 4 6 16
351281 64 1 0 6 6 22
351319 68 1 0 6 6 10
351328 45 1 0 4 6 15
351409 258 1 0 5 6 14
351411 137 1 0 6 6 13
351450 81 1 0 4 5 14
351451 56 0 0 4 6 29
351496 137 1 0 4 6 26
351603 66 1 1 4 6 25
351721 19 1 0 2 5 19
352207 93 0 0 4 5 26
352211 61 1 0 4 6 23
352727 103 1 0 4 6 26
352730 58 0 0 4 6 23
353011 116 1 0 8 6 16
353041 140 1 0 8 5 15
353066 263 1 0 8 6 16
353645 273 0 0 8 6 19
354370 283 1 0 2 6 18
356345 44 1 0 8 6 17
361616 30 1 0 8 6 11
362401 16 1 0 2 6 1
365548 25 1 0 8 6 16
365666 111 1 0 6 6 17
367964 81 0 0 8 6 19
371467 99 1 0 6 6 21
371960 110 1 0 8 6 19
372779 229 1 0 8 6 17
372958 95 1 0 8 6 21
374493 48 1 0 8 6 15
374799 74 1 0 8 6 17
374834 103 1 0 8 6 15
375027 230 1 0 8 6 16
375051 92 1 0 8 6 16
375154 120 1 0 4 6 22
375582 164 0 0 4 6 16
376568 71 1 0 9 6 12
376949 23 0 0 6 6 17
377636 80 0 0 4 6 15
380334 53 0 0 8 6 17
380674 211 1 0 4 6 15
381936 81 0 0 9 6 17
382566 151 1 0 4 6 15
382627 200 1 0 4 6 14
382654 135 0 0 4 6 17
382853 334 1 0 6 6 15
384273 37 1 0 6 6 17
384349 15 1 0 4 6 20
384544 62 1 0 2 6 17
384611 260 1 0 4 6 19
384876 50 1 0 4 6 18
385929 70 1 0 2 6 15
388294 24 1 0 8 6 16
395873 167 1 0 8 6 14
396019 53 1 0 6 6 13
396021 26 1 0 6 6 13
396681 72 1 0 8 6 13
401050 44 1 0 2 5 29
404040 50 1 0 8 6 17
404303 61 1 0 4 6 29
407093 67 1 0 8 6 18
408338 184 0 0 8 6 19
416830 24 1 0 8 6 14
423562 43 0 0 8 6 16
424374 18 0 0 4 6 18
430551 8 0 0 4 6 26
430555 4 0 0 4 6 19
431445 119 1 0 8 6 15
431958 16 1 0 4 6 16
432161 54 1 0 9 5 20
432496 133 1 0 8 6 23
432887 107 1 0 8 6 17
432993 87 0 0 8 6 17
435247 179 1 0 9 6 19
437927 10 0 0 1 6 27
439996 95 1 0 5 6 11
441131 7 0 0 4 6 23
442331 87 1 0 7 6 18
442389 54 1 1 8 6 19
446851 44 1 0 2 6 16
449372 12 0 0 6 5 18
450358 35 1 0 2 6 15
451895 59 1 0 8 6 11
453001 211 1 0 6 6 18
454297 153 1 0 8 6 21
454906 116 1 0 8 6 18
455722 117 0 0 8 6 18
456586 28 1 0 6 6 21
457934 30 1 0 9 5 16
459013 162 1 0 8 6 16
459799 109 1 0 6 6 17
459802 48 0 0 8 6 14
462663 318 0 0 4 6 16
464554 99 1 0 4 6 16
464692 173 1 0 6 6 15
465713 31 1 0 9 6 23
465879 19 0 0 4 6 24
467052 61 1 0 8 6 18
467806 172 1 0 6 6 19
469849 154 1 0 8 5 17
470180 153 1 0 8 6 18
472774 151 1 0 8 6 18
473099 230 1 0 6 6 20
473106 22 0 0 4 6 26
474902 45 1 0 8 5 17
482349 23 0 0 4 6 22
482778 8 1 0 0 6 12
482859 17 1 0 5 6 10
489354 131 0 0 4 6 15
490160 40 1 0 5 6 14
499558 30 1 0 8 6 17
500995 62 1 0 8 6 18
501392 29 0 0 4 6 15
504929 28 1 0 4 6 18
505461 94 0 0 8 6 16
505897 43 1 0 6 6 17
507357 87 1 0 4 6 18
507585 40 1 0 8 6 19
507621 70 1 0 9 6 21
507705 62 1 0 8 6 17
509463 51 1 0 8 6 18
509488 29 1 0 4 6 15
509683 115 1 0 9 6 14
509787 33 1 0 9 6 20
509793 246 1 0 8 6 14
509846 38 1 0 4 6 18
509888 180 1 0 2 6 25
509889 256 1 0 2 6 14
509891 52 1 0 2 6 15
510181 34 1 0 4 6 15
511201 72 1 0 2 6 13
512164 23 1 0 8 6 20
512224 57 1 0 8 6 19
512300 23 1 0 8 6 19
512552 8 1 0 6 6 12
513136 189 1 0 4 6 16
513899 52 1 0 4 6 17
515121 112 1 1 6 6 20
515644 39 0 1 4 6 16
516141 123 1 0 4 6 18
516169 164 1 0 6 6 14
516170 90 1 0 6 6 15
516289 196 1 0 6 6 14
516294 63 1 0 6 6 29
519162 45 0 0 6 6 25
520861 63 1 1 8 6 19
521350 33 1 0 0 6 19
521869 100 1 0 2 6 12
522828 17 1 0 8 5 26
523453 59 1 0 6 6 9
523569 106 1 0 8 6 16
523630 13 0 0 2 6 25
528177 52 0 0 6 6 22
529914 172 1 0 4 6 12
529943 119 1 0 6 6 11
531946 102 1 0 9 6 18
531969 53 1 0 8 6 13
531994 145 1 0 8 6 17
533531 155 1 0 8 6 16
533607 86 1 0 2 6 14
533850 64 1 0 6 6 16
534263 17 0 0 8 6 14
535213 56 0 0 6 6 20
539514 60 1 0 0 6 16
540808 34 0 0 4 6 16
547124 43 1 0 4 6 17
547606 131 1 0 9 6 18
551702 84 1 0 5 6 15
553032 32 0 0 4 6 26
553642 15 1 0 2 6 16
558899 48 1 0 6 6 17
563556 211 1 0 1 6 13
563636 63 1 0 8 6 17
563929 214 1 0 4 6 16
565051 14 1 0 9 6 18
565081 56 1 0 9 6 17
566305 23 1 0 6 6 17
571057 24 1 0 1 6 16
571255 111 1 0 4 6 18
571269 156 1 0 4 6 16
571789 93 0 0 4 6 15
572572 116 1 0 6 6 19
574300 13 1 0 6 6 21
574302 145 1 0 6 6 15
575111 38 0 0 1 6 10
575177 188 1 0 6 6 23
577401 103 1 0 4 6 12
577424 64 1 0 4 6 12
577650 41 0 0 2 6 31
584238 58 1 0 8 6 16
584239 20 1 0 4 6 26
584342 24 0 0 4 5 15
585114 55 1 0 4 6 29
585178 29 1 1 4 6 28
585210 19 1 0 4 5 29
585212 80 1 0 2 6 15
585216 16 1 0 4 6 20
585237 26 0 0 4 6 19
586043 62 1 0 4 6 29
586131 3 0 0 4 6 18
591407 19 1 0 9 6 16
591458 30 1 0 2 5 19
595558 33 1 0 8 5 16
600137 22 0 0 6 6 15
601170 27 1 0 2 5 20
601338 12 1 0 2 5 22
603377 83 1 0 6 6 21
603882 24 1 0 3 6 14
604928 34 1 0 3 6 12
605993 184 1 0 4 6 16
608937 30 1 0 6 6 14
611721 52 1 0 8 6 12
612152 19 1 0 5 5 23
617078 31 1 0 9 6 22
617799 24 1 0 6 5 22
619466 67 1 0 8 6 22
620020 81 1 0 6 6 22
624413 18 1 0 6 6 19
624764 95 1 0 6 6 19
625779 15 1 0 4 6 15
626630 90 1 1 6 6 23
639194 22 0 0 6 6 31
641026 44 1 0 4 6 29
643155 28 1 0 5 6 14
645362 67 1 0 6 6 16
645710 15 1 0 4 6 26
645849 27 1 0 4 6 26
645855 30 0 0 4 6 29
646192 4 1 0 4 5 29
646294 51 1 0 6 6 22
646579 31 1 0 6 6 11
646604 4 1 0 4 6 29
646610 13 0 0 4 6 25
646618 10 1 0 4 6 30
646842 30 1 0 4 6 26
646891 74 1 0 4 6 26
646897 5 1 0 4 6 12
646901 55 1 0 8 6 20
647049 23 0 0 4 6 35
647084 9 1 0 4 6 30
647692 14 1 0 4 5 26
648344 65 1 0 8 6 16
654249 9 1 0 6 5 16
656997 27 1 0 8 6 15
662747 20 0 0 4 6 30
663448 55 1 0 6 6 16
664693 50 0 0 2 6 12
670060 37 0 0 7 6 20
671729 65 1 0 9 5 13
676099 40 0 0 4 6 17
676533 56 1 0 6 5 10
679611 60 1 0 8 6 17
681314 57 1 0 6 6 16
681933 41 1 0 6 6 17
682797 48 1 0 8 6 18
684403 116 1 0 8 6 27
685285 9 1 0 4 5 29
687127 16 1 0 4 6 29
687236 18 1 0 6 5 12
693407 69 1 0 9 6 13
693450 23 1 1 8 6 10
695086 16 0 0 4 6 26
695935 84 1 0 8 6 16
696595 74 0 1 6 6 18
706218 110 1 0 1 6 11
707305 22 0 0 8 6 15
708643 84 1 0 1 6 9
708665 8 1 0 2 6 10
710714 43 0 0 2 6 12
712828 30 1 0 8 6 14
712852 65 1 0 8 6 14
714667 15 1 0 4 5 29
716108 44 1 0 3 6 12
718544 29 0 0 7 6 25
718650 20 1 0 6 5 17
719051 13 1 0 3 6 12
719959 12 1 0 8 5 8
720591 93 1 0 6 6 18
729801 108 1 0 6 6 14
735309 92 1 0 8 6 15
736519 18 0 0 1 6 20
740867 9 1 0 4 5 19
742224 74 1 0 1 6 12
743982 27 1 0 8 6 15
744955 21 1 0 4 5 10
745704 48 1 0 6 6 16
746145 13 1 0 9 6 17
749478 78 1 0 6 6 19
749869 61 1 0 2 6 10
749949 23 1 0 8 6 18
750140 48 1 0 6 6 20
750605 5 1 1 8 6 13
750774 32 1 0 4 6 16
750864 72 1 0 8 6 19
751191 15 1 0 9 6 16
752110 25 0 0 4 6 19
752330 45 1 0 6 6 15
753229 19 1 1 8 6 17
753467 77 1 0 1 6 16
753622 8 1 0 8 5 19
753979 51 0 0 6 6 17
760276 38 0 0 6 6 18
761095 77 0 1 4 6 28
765151 7 1 0 4 6 14
767057 92 0 0 4 6 16
768168 31 1 0 2 5 16
769364 17 1 0 6 5 9
769956 28 1 0 2 6 18
772675 75 1 0 8 6 16
773824 55 1 0 4 5 26
773828 31 1 0 4 6 29
774195 11 0 0 4 6 29
774413 26 1 1 4 6 32
778274 30 1 0 6 6 18
780716 14 0 0 6 6 17
781351 26 1 0 1 6 15
782171 23 1 0 4 6 30
782720 28 1 0 4 6 19
783659 2 0 0 4 6 19
783753 2 1 1 8 6 12
783754 21 0 1 8 6 36
783755 12 1 0 8 6 11
783756 46 1 0 8 6 18
783757 8 1 1 8 6 14
783758 13 1 1 4 6 14
783759 63 1 0 8 6 18
783793 30 1 1 8 6 10
783794 2 1 0 2 6 16
783795 2 1 0 2 6 19
783796 8 1 0 8 6 11
783797 17 1 0 8 6 11
783803 11 1 0 8 6 11
783877 29 1 0 8 6 30
783928 10 1 0 9 6 16
783948 3 1 0 4 6 10
783952 32 1 0 9 6 16
783953 5 1 0 8 5 11
783954 7 0 0 5 6 28
783955 37 1 1 2 6 20
783956 3 1 0 4 5 29
783957 7 1 0 4 5 23
783972 2 1 0 2 5 15
783973 28 1 0 8 6 20
784002 6 0 0 1 6 39
784004 22 1 0 8 6 14
784005 3 1 0 4 5 19
784037 39 1 0 8 6 13
784038 15 0 0 6 6 19
784040 21 1 0 8 6 15
784058 34 1 0 8 5 17
784059 51 1 0 8 6 18
784060 26 1 0 6 6 21
784061 31 1 0 1 6 13
784106 6 1 0 6 5 10
784107 45 1 0 6 6 27
784108 69 1 0 6 6 17
784222 16 0 0 2 5 17
784223 13 1 0 9 5 17
784225 67 1 0 8 6 19
784226 1 1 0 6 5 21
784227 15 1 0 4 6 13
784323 26 1 1 4 6 28
784324 2 1 0 1 6 26
784325 59 1 0 4 6 18
784326 7 1 0 4 5 29
784334 6 1 0 4 6 16
784335 5 1 0 8 6 16
784336 7 1 0 4 6 11
784337 12 1 0 8 6 16
784340 2 1 0 1 6 17
784504 28 1 0 6 6 19
784507 8 1 0 8 6 12
784508 29 1 0 6 6 15
784509 2 0 0 4 6 30
784510 53 1 0 9 6 17
784548 1 1 1 2 5 14
784566 11 1 0 5 6 10
784567 4 0 0 5 6 11
784569 10 1 0 8 5 15
784570 15 1 0 4 6 13
784571 20 1 0 4 6 16
784572 3 1 0 4 6 30
784587 7 1 0 9 6 18
784588 5 1 0 1 6 18
784589 43 1 0 4 6 20
784590 7 0 0 4 6 19
784591 19 1 0 1 6 30
784592 3 0 0 4 6 30
784593 6 1 0 2 6 29
784594 38 1 1 6 6 16
784595 7 1 0 8 6 13
784639 5 1 0 0 6 17
784640 27 1 0 6 6 15
784641 8 1 1 8 6 16
784642 4 1 0 8 6 15
784643 7 1 1 2 6 12
784673 3 1 0 4 6 29
784674 5 1 1 8 6 12
784676 104 1 0 8 6 15
784677 12 1 0 8 6 14
784681 6 1 0 7 6 14
784703 8 1 0 8 6 19
784705 5 1 0 4 6 26
784706 6 1 0 6 6 27
784734 25 1 0 6 6 14
784735 2 1 0 2 5 15
784736 9 0 0 4 5 23
784766 2 0 0 8 6 20
784767 14 1 0 4 6 26
784768 11 1 0 5 5 58
784769 19 1 1 4 5 18
784771 48 1 0 6 5 13
784800 12 1 0 8 6 20
784804 13 1 0 4 5 22
784806 76 1 0 6 5 13
785120 19 1 0 2 6 16
785122 8 1 0 2 6 13
785125 7 1 0 7 6 15
785126 6 1 0 4 6 20
785127 8 1 0 4 6 17
785145 13 1 0 4 6 18
785146 3 1 1 2 5 7
785148 13 1 0 8 6 13
785149 7 1 0 2 6 20
785152 30 1 0 4 6 27
785177 2 1 0 8 5 15
785179 89 1 0 6 6 18
785199 63 1 0 8 6 15
785210 84 1 0 8 6 18
785211 50 1 0 4 6 17
785212 7 0 0 6 6 13
785213 10 0 0 8 6 26
785225 12 0 0 8 5 24
785295 16 0 0 8 5 15
785348 19 1 0 4 6 25
785350 52 1 0 8 6 23
785351 53 1 0 8 6 18
785352 39 1 1 6 6 18
785394 31 1 0 9 6 17
785404 69 1 0 8 6 21
785421 13 0 0 4 6 34
785422 10 1 0 8 6 20
785423 57 1 0 6 6 20
785468 14 1 0 8 5 17
785469 35 1 0 8 6 18
785470 49 1 0 8 6 18
785474 45 1 0 3 6 24
785646 35 1 0 4 6 7
785788 49 1 0 1 5 8
785820 14 1 0 8 6 15
785958 18 1 1 4 6 20
785959 71 1 0 6 6 14
785964 36 1 0 8 6 18
785969 7 1 0 3 6 12
785971 27 1 0 3 6 10
785978 36 0 0 8 6 15
785992 5 1 1 8 6 11
785993 44 1 0 2 6 13
785994 2 0 0 4 6 31
786030 50 0 0 5 6 38
786031 14 1 0 6 6 17
786047 45 1 1 4 6 25
786105 167 1 0 2 6 13
