70318
19
2077
70318 524 1 1 2 6 37
8094 53 1 0 0 6 24
19939 31 1 0 0 6 26
20221 220 1 0 0 6 20
20273 119 0 0 0 6 27
22394 17 1 0 1 6 30
24167 236 1 0 3 6 22
25590 114 1 0 3 6 20
25897 187 1 0 0 6 19
27021 25 0 0 4 6 20
27232 210 1 0 4 6 24
28277 68 1 0 0 6 23
28695 95 1 0 1 6 23
31084 160 1 0 3 6 21
35083 28 1 0 4 6 19
39851 148 0 0 3 6 20
43024 96 0 0 2 6 20
44881 118 1 0 7 6 29
46297 191 0 0 7 6 20
48284 110 1 0 1 6 15
48922 96 1 0 8 6 20
48979 558 1 0 4 6 26
49322 97 0 0 1 6 29
50263 16 0 0 4 5 21
52362 147 0 0 6 6 23
52984 35 0 0 9 6 26
53098 16 0 0 6 5 29
53208 7 0 0 1 6 20
53435 41 0 0 2 6 21
53497 54 0 0 5 6 23
53689 19 1 0 9 6 23
53749 196 0 0 6 6 20
54530 83 0 0 7 6 19
55430 136 1 0 6 6 19
55442 83 1 0 1 6 21
56704 70 1 0 1 6 32
57200 65 0 0 8 6 25
57714 80 0 0 2 6 20
57757 140 0 0 6 6 29
62564 103 0 0 0 6 32
63560 117 1 0 6 6 24
68975 53 1 0 1 6 19
70313 22 0 0 8 6 21
70314 72 1 0 8 6 21
70435 313 0 0 1 5 23
72197 86 1 0 5 6 28
74969 150 1 0 5 5 19
75230 52 0 0 0 6 28
75234 26 0 0 0 6 23
76529 117 0 0 4 6 20
76982 43 1 0 0 6 28
84055 149 1 0 1 6 21
85667 82 1 0 5 6 24
88818 92 1 0 1 5 21
89117 38 1 0 8 6 19
89121 96 1 0 4 6 32
90841 122 1 0 8 6 24
93062 30 1 0 1 6 21
93063 38 1 0 2 6 19
93177 59 1 0 6 6 19
93783 89 1 0 0 6 20
95790 176 1 0 7 6 21
105646 153 1 0 2 6 23
106422 143 1 0 7 6 21
107148 14 1 0 4 5 20
107369 271 1 0 1 6 23
107549 28 1 0 1 6 21
107609 53 0 0 5 6 23
107914 308 1 0 6 6 19
108271 71 1 0 7 6 20
108480 68 1 0 2 6 22
108866 67 1 0 1 6 22
108946 7 1 0 1 6 27
108979 189 0 0 4 6 19
110339 370 1 0 3 6 23
113232 55 1 0 2 6 20
116467 37 0 0 4 6 20
119226 12 1 0 4 5 23
120955 200 1 0 8 6 32
122256 97 1 0 2 5 21
122334 47 1 0 0 6 21
123349 61 1 0 1 6 22
123352 118 1 0 3 6 21
124238 96 1 0 0 6 24
125125 90 0 0 6 6 23
125486 105 1 0 3 6 23
125703 51 0 0 4 6 19
126728 20 0 0 4 6 32
129543 51 1 0 9 6 17
133413 17 1 0 3 6 20
134221 145 1 0 5 5 29
140030 234 1 0 2 6 19
142719 20 1 0 1 6 17
146668 21 0 1 0 6 27
149588 149 0 0 8 6 26
149706 50 1 0 1 6 18
152523 9 1 0 2 6 24
153938 52 0 0 2 6 19
156994 46 0 0 6 6 23
159024 27 1 0 6 6 21
159153 74 0 0 7 6 31
159796 33 1 0 4 6 20
163084 45 1 0 0 5 26
163705 117 1 0 1 6 26
163874 42 0 0 4 6 21
172168 137 1 0 6 6 20
172614 26 0 0 6 6 27
172758 496 1 0 8 6 20
172873 61 0 0 2 6 21
175382 12 0 0 8 6 31
175391 20 1 0 6 6 25
177119 66 1 0 1 6 29
177436 35 0 0 0 6 32
178177 105 0 0 1 6 27
182787 58 0 0 8 6 23
188032 38 1 0 1 6 22
188981 108 1 0 3 6 19
188983 45 0 0 2 6 20
193208 99 1 0 4 6 23
196109 18 0 0 1 6 23
198513 50 1 0 3 5 24
203718 137 0 0 4 6 24
203961 29 1 0 2 5 21
205245 43 0 0 4 6 17
211188 220 1 0 4 6 21
213347 24 0 0 1 6 22
214105 307 0 0 6 6 28
214113 338 1 0 1 5 32
214172 16 1 0 7 6 23
217289 13 1 0 0 6 27
217953 14 0 0 2 6 25
221861 17 0 0 0 6 26
222749 13 1 0 4 5 22
226918 65 1 0 5 6 27
227273 50 1 0 1 6 19
229917 201 1 0 2 6 30
230665 64 1 0 9 6 22
230999 10 1 0 2 6 22
231054 16 1 0 5 6 21
231337 61 0 0 7 6 20
234892 21 1 0 1 6 26
235846 98 1 0 1 5 21
238415 55 1 0 5 6 23
249034 86 1 0 4 6 20
249343 194 1 0 6 6 20
249804 22 1 0 1 6 19
250330 59 0 0 1 6 20
251734 38 0 0 7 6 21
251981 164 1 0 2 6 18
252575 87 0 0 1 6 25
255276 46 0 0 8 6 19
260000 36 1 0 9 6 25
260002 2 0 0 2 6 26
266453 16 1 0 1 6 22
267704 43 1 0 3 6 21
268859 87 1 0 2 6 20
269185 99 0 0 6 6 22
271104 76 1 0 7 6 20
271472 123 1 0 1 6 29
272481 227 0 0 6 6 19
273336 15 1 0 2 6 20
274143 22 1 0 0 6 25
275770 24 0 0 8 6 20
275868 53 1 0 1 6 24
275920 29 1 0 4 6 28
275923 43 1 0 7 6 21
275986 8 1 0 7 6 22
275991 12 1 0 5 5 24
276051 122 1 0 4 6 19
276372 36 1 0 4 6 19
276411 20 0 0 6 6 21
276415 31 0 0 6 6 24
276422 65 1 0 2 6 27
276425 117 0 0 2 6 21
276475 23 1 0 3 6 21
276634 35 1 0 4 6 23
277168 186 1 0 1 6 24
277172 70 0 0 3 6 39
277272 33 1 0 8 6 21
277349 73 1 0 2 6 19
277415 29 1 0 1 6 26
277417 61 1 0 6 6 28
277458 47 1 0 7 5 21
277462 104 1 0 4 6 22
278248 47 1 0 5 6 21
278539 66 1 0 0 6 24
278618 83 1 0 8 6 28
278712 14 1 0 0 6 22
278779 50 0 0 6 6 27
279048 97 1 0 1 6 19
279079 13 1 0 0 6 43
283964 86 1 0 4 6 28
284303 18 0 0 2 6 36
285611 88 1 0 2 5 22
287147 38 1 0 7 6 19
288547 47 0 0 6 6 20
290340 13 1 0 4 6 25
290452 34 0 0 4 6 26
291092 12 0 0 5 5 26
291161 28 1 0 2 5 21
291170 16 1 0 9 6 19
291244 21 0 0 5 6 25
291915 11 0 0 4 6 23
293532 68 1 0 1 6 24
296109 297 1 0 4 6 21
296111 25 0 0 6 6 22
296185 47 1 0 6 6 21
296246 58 1 0 5 6 21
296249 40 1 0 2 6 22
296326 36 1 0 2 6 27
296405 29 1 0 7 6 21
296489 11 1 0 6 5 22
296499 41 1 0 6 6 23
296542 23 0 0 8 6 22
296867 60 0 0 0 5 20
297419 8 0 0 1 6 24
297425 236 1 0 1 6 28
297655 135 0 0 4 6 20
298145 47 0 0 7 6 26
298286 64 1 0 3 6 24
298387 53 1 0 7 5 22
298600 41 1 0 1 6 28
298603 157 1 0 4 6 28
298734 54 1 0 6 6 21
300004 85 0 0 2 6 18
301443 15 0 0 3 6 26
302697 9 1 0 2 5 26
302813 4 0 0 3 6 18
305647 319 0 0 6 6 19
305778 112 1 0 6 6 25
312630 33 0 0 1 6 29
312752 49 1 0 6 6 23
315994 12 0 0 7 5 23
317256 25 0 0 4 6 22
317356 11 0 0 4 5 30
318051 23 1 0 4 6 25
318153 56 1 0 2 5 20
318250 36 0 0 4 6 25
318256 21 1 0 1 5 28
318298 29 1 0 1 6 23
318703 35 0 0 7 6 27
318961 45 1 0 0 6 27
320544 58 0 0 1 6 26
320700 58 1 0 8 6 26
325967 105 0 0 2 6 28
328718 97 1 0 5 6 21
330567 145 1 0 8 6 22
330571 28 1 0 6 6 19
331077 50 1 0 1 6 19
331431 30 1 0 3 5 19
331471 24 0 0 2 6 20
331595 34 0 0 4 6 25
331689 77 1 0 6 6 21
332095 33 1 0 4 6 23
332169 14 1 0 7 6 23
332366 31 0 0 3 5 34
332409 36 0 0 5 6 22
332513 43 1 0 5 6 28
332785 24 1 0 5 6 23
332910 19 0 0 2 5 22
333516 335 0 0 3 6 26
333521 58 1 0 6 6 22
336939 4 0 0 2 6 27
340470 17 1 0 8 6 22
341966 40 0 1 1 6 46
342754 190 1 0 9 6 29
343847 17 0 0 0 6 29
344234 76 1 0 3 6 25
345020 7 0 0 9 6 22
345129 21 0 0 1 6 34
345361 11 1 0 4 5 24
345853 26 0 0 1 6 38
346007 19 0 0 8 6 27
346213 48 1 0 4 6 27
346316 25 1 0 8 6 23
347874 32 0 0 1 6 26
348983 100 1 0 5 6 32
349009 36 1 0 2 6 22
349045 12 1 0 1 5 21
349046 115 0 0 7 5 32
349092 28 1 0 7 6 28
350181 12 1 0 6 6 24
350298 50 1 0 7 6 19
350450 62 1 0 8 6 19
350457 5 1 0 2 5 26
350488 24 1 0 8 6 24
350535 8 1 0 2 6 21
350565 25 1 0 6 5 19
350582 48 1 0 4 6 20
350637 32 1 0 1 5 29
351710 38 1 0 3 6 33
352536 41 1 0 7 6 22
353234 44 0 0 7 6 20
353422 20 1 0 1 6 26
353617 20 1 0 6 6 32
353961 34 1 0 2 5 26
354995 37 0 0 2 6 29
355572 73 1 0 9 6 25
355713 29 1 0 6 6 19
355719 22 1 0 1 6 20
355782 85 1 0 1 6 18
357389 66 1 0 6 6 19
360560 39 1 0 1 6 21
362768 15 1 0 2 5 18
363273 31 1 0 2 6 22
365026 74 1 0 3 6 22
365381 43 0 0 8 6 23
367020 45 0 0 7 6 25
367680 7 0 0 0 6 22
367729 15 1 0 1 5 17
367895 26 1 0 4 6 25
369337 42 1 0 5 6 23
369650 18 1 0 3 6 26
369669 66 1 0 7 6 27
369863 60 1 0 1 6 29
370110 35 1 0 1 6 20
370247 10 0 0 4 5 21
370248 11 0 0 4 5 24
370272 38 1 0 6 6 22
370580 11 0 0 8 5 20
370655 40 1 0 1 5 31
370714 69 1 0 0 6 20
370799 8 1 0 4 5 21
370801 17 0 0 4 5 33
371055 56 1 0 7 6 23
371617 251 1 0 9 6 31
376399 9 0 0 4 6 21
379028 21 1 0 0 6 31
380304 74 1 0 7 6 31
385193 21 1 0 7 6 18
386999 23 0 0 4 6 24
387221 13 0 0 7 6 21
387285 14 1 0 7 5 20
387290 24 1 0 1 5 19
387293 40 1 0 1 6 23
388326 69 0 0 1 5 20
390548 49 0 0 6 6 36
397051 20 1 0 1 6 20
397874 5 1 0 4 5 21
399216 32 1 0 3 6 23
403572 61 1 0 2 6 21
412133 161 1 0 1 6 30
429388 36 0 0 1 6 23
431273 106 0 0 4 6 17
432706 41 1 0 6 5 23
432883 22 1 0 8 5 23
436449 6 0 0 4 6 22
442364 34 1 0 8 6 24
444091 24 1 0 7 5 30
456978 25 1 0 6 6 22
457624 3 0 0 4 6 22
459416 205 0 0 4 5 17
463026 26 1 0 3 6 23
465063 60 1 0 8 6 26
468330 38 0 0 1 6 30
468334 48 0 0 1 6 40
468839 10 1 0 4 6 29
468890 6 1 0 1 6 21
468976 26 1 0 2 6 24
469294 4 0 0 7 6 23
469860 37 1 0 6 5 23
472178 15 1 0 4 6 37
472882 4 0 0 1 6 18
475471 22 1 0 8 5 16
478935 91 1 0 7 5 22
487245 27 1 0 5 6 27
487875 22 1 0 5 6 24
488173 18 1 0 4 6 22
488533 2 0 0 1 5 26
489133 54 0 0 7 6 37
489552 64 1 0 1 6 20
495014 47 1 0 1 6 24
504007 48 1 0 7 6 29
508808 31 1 0 2 6 21
525337 24 1 0 1 6 24
531660 117 1 0 7 6 21
532188 5 0 0 8 6 25
532572 20 1 0 8 5 27
533319 68 0 0 3 6 21
537111 25 1 0 2 5 16
538400 70 1 0 2 5 21
541099 28 0 0 1 6 37
547376 80 1 0 2 6 18
554437 31 1 0 1 6 27
560666 5 1 0 7 5 22
562504 121 1 0 8 6 21
565610 1 1 0 7 5 23
566413 24 1 0 0 6 20
566838 25 0 0 1 6 35
577108 20 1 0 2 6 36
581685 5 0 0 2 6 27
583834 34 1 0 2 6 18
584207 14 1 0 1 6 24
586927 19 1 0 2 6 27
587620 11 0 0 2 6 30
593431 35 0 0 1 6 28
595734 81 0 0 6 6 16
597765 9 0 0 6 6 32
609989 16 1 0 8 6 29
616898 14 0 0 8 6 25
647692 14 1 0 4 5 26
658193 10 1 0 4 6 27
662931 58 1 0 2 6 23
670170 36 1 0 4 5 16
670199 9 1 0 0 6 17
672532 7 0 0 8 5 24
677173 12 0 0 1 6 27
683723 9 0 0 1 6 24
688314 13 1 0 7 6 27
689348 18 0 0 6 6 44
689518 31 1 0 2 6 36
698693 17 0 0 2 6 35
703230 12 0 0 7 6 20
714782 6 0 0 4 5 21
715901 46 0 0 8 6 24
716121 9 1 0 5 6 25
716167 4 1 0 0 6 22
716848 12 0 0 2 6 35
728415 57 0 0 1 6 29
729165 4 1 0 6 5 20
729649 4 1 0 4 5 24
729741 4 1 0 4 5 19
732092 18 1 0 1 6 21
735293 37 0 0 5 6 21
737147 9 0 0 1 6 27
737668 12 1 0 7 6 17
737669 4 1 0 3 6 23
738396 41 1 0 1 6 27
738475 3 0 0 6 5 29
738590 1 1 1 7 6 22
738591 14 1 0 4 6 22
738641 9 1 0 7 5 26
738642 17 0 0 4 6 21
738679 7 0 0 7 6 25
738698 30 1 0 6 6 37
738718 7 1 0 2 6 32
738720 20 1 0 7 6 22
738728 3 0 0 7 5 25
738741 3 0 0 4 6 31
738742 27 1 0 9 5 16
738743 9 0 0 6 5 19
738744 10 1 0 4 5 27
738797 5 1 0 1 5 24
738799 9 1 0 3 6 19
738801 38 1 0 8 6 21
738804 18 1 0 8 5 20
738835 6 0 0 6 6 30
738878 18 1 0 9 6 23
738879 4 1 0 4 6 19
738880 6 0 0 1 6 25
738881 2 1 0 3 6 28
738912 13 1 0 2 6 25
738957 1 0 0 1 5 29
738958 8 1 0 8 6 22
738959 6 1 0 9 5 24
738960 10 1 0 9 5 20
738961 10 0 0 2 5 22
738964 2 1 0 4 6 24
738965 37 1 0 5 6 26
739377 6 1 0 2 5 28
739379 5 0 0 8 6 31
739386 20 1 0 2 6 29
739387 6 1 0 1 5 22
739390 2 0 0 5 6 20
739449 2 0 0 0 5 22
739453 7 1 0 3 5 21
739454 3 1 0 2 5 21
739457 1 1 0 4 5 22
739504 8 1 0 4 6 26
739506 27 1 0 2 6 22
739507 2 1 0 2 5 23
739508 20 1 0 7 5 26
739556 5 1 0 4 6 23
739557 3 0 0 1 6 19
739558 1 1 0 3 6 20
739573 3 0 0 4 6 20
739661 27 0 0 5 6 37
739740 11 1 0 2 5 31
739741 3 1 0 4 6 23
739742 5 0 0 6 6 20
739743 20 1 0 4 6 32
739744 11 1 0 1 5 22
739745 26 1 0 2 6 34
739746 11 1 0 8 5 24
739763 1 0 0 4 5 20
739764 11 0 0 6 5 22
739780 8 1 0 1 5 28
739782 1 0 1 6 5 26
739824 1 0 0 5 6 20
739825 10 0 0 4 5 19
739826 2 1 0 3 5 34
739827 96 1 0 1 6 29
739828 10 1 0 7 6 28
739829 2 0 0 4 6 19
739882 22 1 0 8 6 22
739883 9 1 0 8 6 31
739884 7 1 0 8 5 21
739921 6 1 0 1 6 26
739943 3 0 0 6 6 24
739944 5 1 0 1 6 25
739945 6 0 0 8 6 27
739947 5 0 0 6 6 20
740065 14 0 0 5 6 22
740067 69 1 0 5 6 20
740068 11 0 0 1 6 26
740085 8 0 0 1 6 30
740121 7 0 0 8 6 24
740161 11 1 0 2 6 27
740162 20 1 0 8 6 24
740163 8 0 0 5 6 20
740195 6 0 0 3 6 51
740197 3 1 0 1 6 27
740198 11 0 0 7 6 26
740267 10 1 0 3 6 24
740338 26 0 0 6 6 24
740421 17 1 1 0 6 37
740423 16 1 0 6 6 23
740444 9 1 0 2 6 25
740900 7 1 0 2 6 24
740908 18 0 0 3 6 21
740909 12 1 0 4 6 26
740910 3 1 0 3 5 18
740912 5 0 0 8 6 24
740963 6 0 0 0 6 23
741035 20 1 0 9 5 19
