45539
19
457
45539 907 1 1 1 6 21
654 64 0 0 0 6 19
1341 48 0 0 0 6 20
1384 83 0 0 0 6 18
2057 28 1 0 9 6 19
2137 86 0 0 9 6 18
2159 59 0 0 0 6 18
2909 18 0 0 0 6 18
3232 599 1 0 2 6 18
3348 62 1 0 0 6 20
3503 228 1 0 2 6 18
3542 202 1 0 0 6 19
6408 110 1 0 0 6 19
6466 12 0 0 5 6 19
6840 61 1 0 2 6 19
7413 70 1 0 9 6 20
7814 106 1 0 5 6 19
8066 214 1 0 4 6 19
8255 181 0 0 5 6 19
9423 260 1 0 2 6 20
10640 87 1 0 0 6 19
11095 210 1 0 5 6 19
11174 131 1 0 0 6 18
12105 43 1 0 1 6 19
12205 76 1 0 4 6 19
12947 47 0 0 5 6 20
13563 93 1 0 0 6 20
13887 25 0 0 0 6 20
14564 72 0 0 8 6 20
14672 63 1 0 0 6 20
15681 78 1 0 0 6 20
16287 73 1 0 0 6 19
17026 75 1 0 3 6 19
17667 66 0 0 2 6 20
20221 220 1 0 0 6 20
21767 57 1 0 7 6 18
22111 99 1 1 7 6 18
23031 155 1 0 0 6 19
25442 46 0 0 3 6 19
26434 176 0 0 2 6 18
26951 70 1 0 0 6 20
28366 22 1 0 0 6 20
28428 57 0 0 3 6 19
28942 16 0 0 0 6 18
29188 35 0 0 5 6 18
30256 28 0 0 0 6 19
30260 126 1 0 4 6 19
32778 151 1 0 0 6 19
33966 40 1 0 5 6 20
34092 49 0 0 0 6 19
36283 33 0 0 5 6 20
36443 32 0 0 0 6 19
36657 41 1 0 1 6 20
38624 52 1 0 0 6 18
38847 59 0 0 0 6 19
39468 71 1 0 6 6 19
39644 94 0 0 5 6 19
40029 70 1 0 3 6 19
40232 82 1 0 0 6 18
40936 62 0 0 6 6 18
41419 28 0 0 0 6 18
41648 201 1 0 8 6 19
42253 65 0 0 8 6 19
42310 65 1 0 4 6 21
42577 108 1 0 6 6 20
43608 32 0 0 1 6 18
44173 165 0 0 5 6 21
45182 59 0 0 7 6 18
45287 122 1 0 2 6 19
45293 49 1 0 0 6 19
46146 301 1 0 8 6 19
46886 144 1 0 7 6 19
47277 39 1 0 3 6 19
47761 152 1 0 3 6 20
47823 113 1 0 7 6 20
47827 81 0 0 3 6 20
48556 75 0 0 0 6 18
49709 49 0 1 0 6 23
49820 81 1 0 0 6 20
49952 87 1 0 2 6 19
50158 42 0 0 0 6 18
50516 34 0 0 0 6 20
50856 73 1 0 0 6 18
51013 34 0 0 0 6 21
51063 68 1 0 5 6 19
51089 29 0 0 0 6 18
51278 101 1 0 5 6 18
51864 98 0 0 7 6 20
52162 64 1 0 2 6 19
52573 61 0 0 0 6 21
52756 185 1 0 0 6 18
52856 29 0 0 0 6 19
53669 244 1 0 8 6 19
53793 118 0 0 4 6 21
54025 107 1 0 2 6 19
54071 89 0 0 5 6 18
54188 103 1 0 8 6 18
55456 35 1 0 1 6 18
56150 144 1 0 5 6 18
56268 19 0 0 5 6 18
56772 152 1 0 2 6 21
56928 76 1 0 5 6 20
57011 102 1 0 2 6 19
57193 17 0 0 5 6 19
57405 78 0 0 3 6 18
57421 120 1 0 9 6 20
57513 52 1 0 5 6 19
57754 85 1 0 4 6 19
57817 63 1 0 1 6 20
58230 86 0 0 3 6 18
58338 86 1 0 6 6 18
58373 135 1 0 7 6 19
58839 28 0 0 8 6 20
58881 27 0 0 3 6 19
58913 26 0 0 1 6 18
58955 170 0 0 2 6 18
58959 75 0 0 2 6 19
60722 84 1 0 1 6 19
61013 142 1 0 1 6 19
61068 22 0 0 5 6 18
61149 175 0 0 8 6 18
61289 57 1 0 1 6 21
61749 124 1 0 5 6 19
61864 79 1 0 8 6 20
62042 82 0 0 2 6 19
62161 97 1 0 5 6 19
62402 14 0 0 8 6 19
62623 217 1 0 3 6 20
63395 566 1 0 2 6 18
63452 170 1 0 4 6 15
63687 147 0 0 2 6 19
63952 128 1 0 3 6 19
64236 109 1 0 3 6 18
64265 80 1 0 6 6 19
66505 248 0 0 7 6 18
66900 62 0 0 6 6 19
68079 232 1 0 6 6 19
68126 32 1 0 0 6 21
68185 10 0 0 1 6 20
68661 44 0 0 0 6 19
69207 27 0 0 8 6 20
69407 82 1 0 0 6 19
69739 194 1 0 6 6 19
70236 27 0 0 1 6 19
71234 54 1 0 5 6 20
71314 86 0 0 6 6 18
71816 93 1 0 0 6 20
72424 55 1 0 1 6 20
73881 119 1 0 5 6 19
73887 61 0 0 5 6 20
74014 20 0 0 3 6 19
74804 42 0 0 2 6 20
75002 38 1 0 1 6 19
75205 75 1 0 1 6 19
76512 43 0 0 5 6 18
77057 72 1 0 2 6 20
77198 30 0 0 3 6 19
79139 47 0 0 6 6 18
79870 55 0 0 2 6 20
80283 32 0 0 0 6 18
83263 32 0 0 6 6 19
83393 54 0 0 0 6 19
83907 52 0 0 6 6 18
85701 93 1 0 3 6 19
86401 124 1 0 3 6 18
86787 42 1 0 1 6 19
87851 68 1 0 7 6 19
87982 92 1 0 3 6 19
88266 69 1 0 5 6 19
89891 257 1 0 7 6 18
93185 56 0 0 2 6 18
93354 302 0 0 6 6 18
93555 29 0 0 0 6 18
93783 89 1 0 0 6 20
94222 137 0 0 0 6 19
94750 33 0 1 2 6 21
94990 55 0 0 4 6 19
95378 24 0 0 2 6 20
95938 69 0 0 2 6 18
96433 24 0 0 0 6 19
96700 58 0 0 4 6 18
97994 77 1 0 2 6 22
98799 95 1 0 7 6 18
98864 107 1 0 0 6 19
99355 61 0 0 2 6 19
100004 27 0 0 2 6 20
102069 50 1 0 3 6 19
103260 41 0 0 0 6 19
105513 36 1 0 6 6 19
105920 23 1 0 8 6 23
106277 80 1 0 2 6 19
106544 117 1 0 6 6 19
106875 121 1 0 0 6 18
107864 109 0 0 2 6 18
108274 60 1 0 6 6 19
108467 145 1 0 1 6 19
109105 84 1 0 8 6 18
109122 45 0 0 7 6 19
109325 31 0 0 2 6 19
109647 144 1 0 6 6 19
110165 81 0 0 3 6 18
111332 155 1 0 2 6 19
111394 153 1 0 2 6 19
112725 86 1 0 7 6 19
113420 23 0 0 2 6 19
113724 141 1 0 1 6 20
115265 36 0 0 2 6 20
115449 44 1 0 0 6 19
115706 91 1 0 0 6 19
116080 236 0 0 6 6 19
117018 151 1 0 2 6 20
118039 105 1 0 6 6 20
118179 132 1 0 3 6 20
118248 91 0 0 8 6 19
118365 49 1 0 1 6 19
119055 92 1 0 8 6 19
119364 54 1 0 8 6 18
119740 91 1 0 0 6 19
119917 49 0 0 2 6 20
120367 67 1 0 0 6 18
120961 22 1 0 0 6 19
121012 71 1 0 0 6 18
121716 733 1 0 1 6 20
122177 65 0 0 1 6 20
122399 21 0 0 1 6 17
122788 91 1 0 2 6 18
122891 63 0 0 0 6 20
124700 89 0 0 7 6 18
125139 30 0 1 2 6 36
125466 153 1 0 2 6 20
125496 98 0 0 2 6 18
125699 117 1 0 3 6 18
126434 40 0 0 1 6 21
127059 58 0 0 4 6 21
129594 54 0 0 7 6 19
130681 216 1 0 4 6 19
131025 34 0 0 1 6 19
131608 25 0 0 3 6 19
132617 74 0 0 2 6 19
132674 131 1 0 7 6 19
134576 118 1 0 0 6 19
134713 95 1 0 0 6 19
135834 108 1 0 8 6 20
136334 41 0 0 0 6 20
137512 41 0 0 2 6 20
137845 56 1 0 5 6 20
138122 65 0 0 2 6 19
138138 33 0 0 5 6 19
141756 36 0 0 5 6 19
143681 346 1 0 5 6 18
144209 62 0 0 6 6 19
144680 45 0 1 1 6 21
144779 47 0 0 2 6 21
145315 33 0 0 1 6 24
148809 18 1 0 9 6 19
149520 164 1 0 2 6 18
149572 130 1 0 2 6 18
149832 91 0 0 6 6 18
153703 51 0 0 2 6 18
153838 79 1 0 0 6 18
154485 137 1 0 2 6 19
154573 92 0 0 2 6 18
154838 83 1 0 2 6 21
157719 123 1 0 6 6 18
158009 87 1 0 2 6 18
160300 41 1 0 5 6 20
160906 74 0 0 8 6 19
160992 96 1 0 2 6 18
161930 185 1 0 1 6 25
162926 26 0 0 6 6 18
163954 106 1 0 8 6 19
163956 54 0 0 9 6 18
164069 156 1 0 8 6 18
164390 26 0 0 2 6 18
164596 126 1 0 8 6 18
164780 100 1 0 8 6 19
165292 40 1 0 0 6 18
165298 60 0 0 4 6 15
165303 119 1 0 4 6 19
166028 148 0 0 4 6 18
166317 112 1 0 8 6 19
166390 58 0 0 8 6 18
166507 31 1 0 8 6 19
166603 61 1 0 8 6 19
166670 87 1 0 5 6 18
166886 57 1 0 1 6 19
167533 17 0 0 6 6 18
167685 8 0 0 6 6 18
167838 8 1 0 7 6 19
168091 19 1 0 3 6 19
168106 8 1 0 7 6 18
168986 58 1 0 6 6 18
169096 90 1 0 6 6 20
169232 105 1 0 1 6 22
169241 278 1 0 6 6 19
169297 103 0 0 8 6 18
169390 48 0 0 8 6 20
169506 81 0 0 8 6 18
169741 100 1 0 8 6 20
169751 43 1 0 3 6 19
169850 42 0 0 3 6 18
169954 65 1 0 8 6 19
169958 119 1 0 8 6 19
170142 230 1 0 3 6 20
170144 93 1 0 6 6 19
170248 128 1 0 3 6 19
170254 64 1 0 3 6 19
170326 51 1 0 1 6 19
170337 123 1 0 0 6 19
170739 193 1 0 6 6 18
170757 188 1 0 4 6 18
171663 116 1 0 2 6 18
172790 60 0 0 2 6 20
174834 89 1 0 7 6 19
176666 43 0 1 2 6 34
176677 22 0 1 3 6 28
176692 56 1 0 2 6 20
176738 74 0 1 6 6 46
180360 38 1 0 2 6 20
181213 90 1 0 4 6 19
184588 72 1 0 2 6 20
184904 108 1 0 2 6 19
184933 57 0 0 1 6 23
185477 12 0 0 0 6 19
187101 105 1 0 1 6 24
187787 153 1 0 2 6 19
188002 35 0 0 0 6 19
189188 34 0 0 0 6 19
189794 141 1 0 8 6 19
190675 105 0 0 5 6 18
191658 72 1 0 5 6 19
192738 54 1 0 1 6 20
194397 39 1 0 1 6 19
194509 33 0 0 7 6 20
194540 21 0 0 2 6 20
194721 60 1 0 2 6 20
195145 97 1 0 6 6 20
195454 48 1 0 7 6 19
195577 95 0 0 1 6 21
196739 28 0 0 4 6 20
197266 67 1 1 2 6 21
197302 66 0 0 0 6 19
197363 116 1 0 2 6 20
198929 100 1 0 2 6 19
198930 117 1 0 2 6 19
201029 58 1 0 8 6 18
206457 10 0 0 7 6 19
209689 69 0 0 1 6 21
209908 72 1 0 1 6 19
210009 49 1 0 2 6 19
211943 230 0 0 4 6 19
212301 31 0 0 0 6 19
212730 58 1 0 8 6 20
213568 66 1 0 3 6 19
214496 31 1 0 4 6 19
214500 35 1 0 1 6 19
216217 71 1 0 8 6 20
216426 24 0 1 0 6 40
216961 109 1 0 7 6 19
217332 129 1 0 5 6 20
218171 48 1 0 7 6 18
219614 130 1 0 7 6 20
220376 20 0 0 1 6 23
221982 46 0 0 8 6 18
222764 123 0 0 6 6 19
223394 80 1 0 8 6 19
223436 46 0 0 1 6 18
225020 130 1 0 6 6 19
225168 61 0 0 8 6 19
225287 229 1 0 8 6 19
226431 32 0 1 5 6 22
226479 29 0 0 4 6 18
226661 108 1 0 1 6 20
227164 60 0 0 2 6 19
228035 27 1 0 3 6 19
228213 74 1 0 0 6 18
229051 105 1 0 7 6 19
230194 60 0 0 0 6 18
230274 69 1 0 1 6 25
231373 223 1 0 8 6 18
234053 52 1 0 7 6 19
235312 95 0 1 7 6 28
236299 101 1 0 5 6 21
236725 33 0 0 1 6 21
238981 270 0 1 8 6 21
240559 85 1 0 2 6 18
241687 61 1 0 3 6 19
244518 86 1 0 8 6 19
244657 68 1 0 6 6 19
244779 121 1 0 8 6 19
245078 107 1 0 0 6 18
245813 28 1 0 3 6 18
245974 31 0 0 3 6 19
246199 43 0 0 2 6 19
246616 63 1 0 1 6 19
246618 114 0 0 1 6 19
246857 61 1 0 1 6 21
247713 23 1 0 3 6 20
247945 118 1 0 6 6 18
248401 50 1 0 5 6 19
248444 59 0 0 2 6 19
248803 32 0 0 3 6 18
251159 120 1 0 8 6 19
251309 82 0 1 1 6 33
260193 77 1 0 3 6 19
261044 57 1 0 5 6 19
261175 52 1 0 5 6 19
262174 121 1 0 2 6 20
263011 67 0 0 6 6 21
264270 69 0 0 3 6 19
264903 48 0 0 0 6 19
265268 25 0 0 1 6 20
266154 115 0 0 8 6 19
266407 50 1 0 1 6 23
266878 137 1 0 7 6 19
268317 35 0 0 0 6 19
269534 11 0 0 0 6 19
270576 37 0 0 3 6 19
270728 182 0 0 8 6 19
271254 8 0 0 0 6 19
272162 79 0 0 8 6 19
272494 128 1 0 6 6 18
272506 15 1 0 5 6 19
272795 95 0 0 6 6 20
273139 53 0 0 2 6 18
274148 67 0 0 7 6 19
275843 28 0 0 7 6 20
277142 72 1 0 3 6 19
277792 174 0 0 2 6 18
278277 59 1 0 3 6 22
279072 124 1 0 3 6 19
279624 86 1 0 1 6 21
279922 64 0 0 8 6 20
280633 77 0 0 6 6 19
281760 28 0 0 8 6 21
281872 65 0 0 8 6 21
282185 28 0 0 7 6 18
282575 144 1 0 6 6 19
282640 36 0 0 7 6 19
283169 72 1 0 3 6 19
283251 14 1 0 1 6 19
283501 65 1 0 3 6 18
284180 31 0 1 1 6 29
284380 186 1 0 3 6 19
285329 51 0 0 1 6 18
285502 59 1 0 3 6 19
285582 96 1 0 1 6 21
285703 351 1 0 8 6 19
286591 42 0 0 8 6 18
286671 23 1 0 1 6 19
289225 40 0 0 1 6 19
289604 89 0 0 7 6 19
289920 33 0 0 3 6 18
289942 23 1 0 5 6 21
290052 26 1 0 6 6 19
290940 50 0 0 3 6 18
291060 22 0 0 8 6 18
291314 79 1 0 5 6 19
292158 118 1 0 2 6 19
292255 70 1 0 0 6 20
292819 95 0 0 3 6 18
292987 76 1 0 1 6 19
293110 79 1 0 8 6 18
293324 104 0 0 6 6 19
293377 54 1 0 1 6 20
297621 13 1 1 0 6 18
298183 126 1 0 8 6 19
299406 38 0 0 7 6 19
299809 62 1 0 1 6 19
300420 52 1 0 1 6 20
301794 42 0 0 8 6 18
303278 121 1 0 3 6 19
305442 64 1 0 7 6 19
305897 136 1 0 6 6 20
306511 34 1 0 8 6 18
307297 31 0 0 0 6 18
307806 118 1 0 5 6 20
308522 48 0 0 0 6 19
310079 13 0 0 3 6 18
310945 18 0 0 2 6 19
311455 69 1 0 1 6 20
313968 120 1 0 3 6 19
314954 27 0 0 1 6 19
315694 27 0 0 0 6 20
316454 52 1 0 2 6 19
317111 71 1 0 6 6 19
317662 28 1 0 4 6 20
319627 76 0 0 3 6 20
319657 29 0 0 0 6 19
320063 92 1 0 6 6 20
320923 115 1 0 6 6 20
321449 286 1 0 8 6 20
321880 57 1 0 0 6 19
322182 44 0 0 6 6 18
322224 82 1 0 7 6 20
322605 143 1 0 6 6 19
322778 31 0 0 1 6 18
324281 17 1 0 6 6 19
326631 128 1 0 7 6 18
328390 82 1 0 3 6 20
329428 95 1 0 3 6 20
330589 18 0 0 7 6 19
330718 44 0 0 7 6 20
331086 101 1 0 2 6 19
331274 62 0 0 6 6 19
331949 115 1 0 8 6 19
333936 40 0 0 0 6 18
334652 7 0 0 1 6 19
335269 94 1 0 8 6 18
336351 10 1 1 7 6 29
337675 148 1 0 6 6 20
338909 97 1 0 7 6 19
339969 44 1 1 1 6 27
340082 34 0 0 3 6 20
340634 25 1 0 1 6 18
342062 25 0 0 7 6 19
344950 28 0 0 1 6 19
344975 5 0 0 2 6 20
345122 24 1 0 1 6 20
345125 184 1 0 7 6 19
345997 48 0 0 1 6 19
346206 40 1 0 8 6 20
346629 35 1 0 2 6 19
350687 54 1 0 7 6 18
352964 150 1 0 1 6 20
353480 49 0 0 8 6 18
355288 37 0 0 1 6 31
355513 23 1 1 0 6 39
355657 32 1 0 1 6 20
355683 75 1 0 8 6 19
355827 35 1 0 3 6 18
356083 145 0 0 5 6 20
356475 41 1 0 8 6 19
359695 22 0 0 2 6 20
359767 6 0 0 4 6 19
360364 60 1 0 0 6 19
361105 90 1 0 7 6 19
361991 43 1 0 1 6 19
362774 42 0 0 8 6 19
363666 49 0 0 1 6 24
364859 39 0 0 1 6 20
365627 23 1 0 9 6 20
365665 49 1 0 6 6 20
365792 43 0 0 8 6 19
366817 85 1 0 8 6 18
367964 81 0 0 8 6 19
370731 11 1 0 1 6 18
374531 22 0 1 3 6 25
376908 26 1 0 0 6 19
377724 71 1 0 9 6 19
378164 58 0 0 3 6 18
378350 28 0 0 2 6 19
378900 28 1 1 0 6 26
382413 76 1 0 5 6 20
382605 25 1 1 6 6 24
382882 66 0 1 1 6 28
383323 45 0 0 4 6 19
383683 37 0 0 3 6 20
383834 42 1 0 4 6 18
383837 43 0 0 8 6 18
386041 112 1 0 7 6 19
387309 54 1 0 5 6 19
389231 48 1 0 7 6 18
389430 14 1 0 1 6 21
389581 29 1 0 6 6 20
389855 88 1 0 1 6 20
393689 17 0 0 3 6 19
397398 23 0 0 3 6 20
398881 55 1 0 0 6 18
399511 31 0 0 3 6 18
401229 68 1 0 3 6 18
408215 25 0 0 1 6 19
408901 32 0 0 2 6 18
409220 89 1 0 7 6 18
412125 68 1 0 7 6 20
413348 74 1 0 2 6 20
413808 47 1 0 5 6 20
413893 121 0 0 3 6 18
414750 11 0 0 1 6 20
415147 56 0 0 6 6 19
418423 36 1 0 7 6 20
420791 51 1 0 8 6 19
424492 42 0 0 6 6 19
425644 110 1 0 5 6 19
426091 46 0 0 8 6 20
427103 42 1 1 3 6 51
428396 33 0 0 7 6 19
428594 14 0 0 1 6 20
431690 8 1 0 1 6 19
432164 259 1 0 8 6 18
432386 44 1 1 1 6 19
432674 54 1 1 1 6 20
433038 55 0 0 6 6 18
433328 44 0 0 3 6 18
433437 47 1 1 1 6 28
433709 45 1 1 6 6 24
433863 37 0 0 8 6 20
433948 72 0 0 9 6 19
437245 50 1 0 1 6 20
441494 6 1 0 1 5 22
441745 26 0 0 6 6 20
444599 62 1 0 4 6 19
445188 88 1 0 7 6 21
445411 19 1 0 1 6 19
445521 63 1 0 7 6 19
446847 16 1 0 1 6 19
446858 15 1 0 1 6 20
447540 24 0 0 2 6 20
449708 38 0 0 1 6 19
449794 46 1 0 1 6 23
449834 44 1 0 1 6 21
450659 44 1 0 8 6 20
450869 9 1 0 0 6 19
453131 13 0 0 0 6 21
453732 116 1 0 1 6 19
454192 89 1 0 8 6 20
454234 47 0 1 3 6 42
457680 19 0 0 5 6 19
458834 19 1 0 2 6 18
459244 53 1 1 1 6 22
460907 51 1 0 8 6 18
461387 24 0 0 7 6 19
462188 29 0 0 4 6 19
464684 33 0 0 8 6 18
465074 67 1 0 6 6 20
469560 86 1 0 4 6 19
470525 33 1 0 1 6 19
470757 76 1 0 8 6 19
470939 62 1 0 6 6 19
471374 51 1 0 2 6 19
472252 29 0 0 5 6 19
474552 13 1 0 1 6 19
482649 58 1 0 2 6 19
483504 102 1 0 6 6 19
483826 26 0 0 7 6 18
485889 33 1 1 7 6 28
489576 45 0 0 7 6 19
491805 50 1 0 8 6 19
496394 43 0 0 6 6 19
497818 23 0 1 1 6 28
498681 50 1 0 7 6 18
499626 22 1 0 1 6 20
501719 47 1 0 3 6 19
502229 10 1 0 7 6 18
506882 71 1 0 8 6 19
507653 41 1 0 6 6 19
509530 120 1 0 2 6 18
518767 40 0 0 8 6 19
519982 50 1 0 2 6 19
520309 83 1 0 8 6 19
520811 23 0 1 1 6 38
526561 16 1 1 1 6 29
528030 47 1 0 7 6 19
528572 80 1 0 3 6 18
529160 54 1 0 7 6 18
530896 31 1 0 8 6 18
531911 34 1 0 7 6 18
532955 39 1 0 1 6 19
533571 105 1 0 8 6 18
533984 85 1 0 6 6 19
540089 42 1 0 5 6 20
544336 86 1 0 8 6 18
551560 99 1 1 3 6 42
553506 41 1 0 3 6 18
553972 55 0 0 3 6 20
555942 23 0 0 6 6 19
556496 85 1 0 2 6 18
556658 65 0 0 1 6 20
558938 19 1 0 1 6 21
560604 23 0 0 6 6 20
562488 30 0 0 9 6 18
562492 5 1 1 1 6 38
563871 49 0 0 6 6 18
563910 8 0 1 1 6 40
563911 11 1 0 6 6 19
563934 5 1 1 9 6 46
564396 58 1 0 1 6 19
565001 25 0 0 2 6 20
565328 79 1 0 2 6 19
565726 35 1 0 3 6 19
566605 9 0 0 1 6 19
566990 6 0 0 2 6 20
567205 5 1 1 8 6 21
567583 23 1 0 0 6 19
567584 11 1 1 2 6 29
567585 10 1 1 5 6 62
567586 23 1 0 1 6 62
567587 7 0 1 6 6 23
567602 50 1 1 1 6 28
567603 1 0 1 6 6 41
567604 1 0 0 4 6 21
567605 45 1 0 8 6 18
567620 5 1 1 4 6 46
567621 13 1 0 6 6 19
567622 2 0 1 5 6 39
567623 33 0 0 3 6 20
567680 9 0 1 1 6 53
567681 4 1 1 2 6 39
567682 15 0 1 1 6 28
567683 18 0 1 2 6 25
567684 25 1 1 5 6 41
567685 6 0 1 1 6 32
567703 9 0 0 3 6 19
567704 1 1 1 0 6 43
567705 5 0 1 1 6 53
567706 23 1 0 6 6 18
567707 7 1 1 2 6 46
567708 49 1 0 6 6 19
567709 21 0 1 9 6 28
567723 9 0 1 1 6 38
567724 24 1 0 6 6 15
567727 24 0 0 9 6 20
567728 17 0 1 1 6 39
567759 1 0 0 2 6 19
567760 67 1 0 8 6 18
567761 43 1 1 1 6 19
567786 23 0 0 4 6 19
567788 2 0 1 1 6 42
567789 57 1 0 6 6 19
567791 3 0 1 1 6 42
567827 18 1 1 8 6 29
567847 11 0 1 1 6 40
567848 15 0 0 8 6 19
567852 29 0 0 8 6 20
567897 41 1 0 3 6 19
567898 20 1 1 5 6 25
567899 9 0 1 6 6 20
567900 31 0 0 1 6 55
567927 15 0 0 4 6 20
567928 25 1 0 1 6 18
567991 13 1 0 3 6 19
567992 17 1 1 3 6 46
567993 20 1 1 5 6 21
567994 3 1 1 7 6 56
567995 1 1 0 0 6 21
567996 13 1 0 1 6 20
568041 3 1 1 5 6 51
568043 1 1 0 2 6 21
568044 8 1 0 2 6 19
568045 3 1 1 8 6 53
568046 1 0 0 7 6 20
568047 7 1 0 1 6 19
568048 3 1 1 6 6 43
568295 84 1 0 8 6 20
568309 25 1 1 5 6 23
568310 28 1 0 2 6 18
568312 11 0 1 2 6 23
568313 4 0 0 2 6 19
568314 14 1 0 1 6 18
568315 6 1 1 4 6 58
568318 6 1 1 8 6 47
568319 8 0 0 8 6 18
568325 32 1 0 1 6 19
568326 8 0 0 4 6 19
568328 1 1 0 2 6 18
568329 4 0 1 8 6 25
568330 3 1 0 7 6 19
568331 47 1 0 5 6 20
568375 1 1 0 2 6 17
568377 19 1 0 1 6 19
568379 7 1 1 8 6 38
568380 22 1 0 2 6 17
568381 2 0 0 6 6 18
568382 11 0 0 6 6 18
568383 14 0 0 5 6 19
568384 1 1 1 7 6 20
568385 4 0 0 2 6 16
568386 15 1 0 2 6 19
568387 4 0 0 2 6 19
568388 4 1 0 2 6 18
568389 3 0 0 5 6 20
568390 6 1 0 5 6 19
568420 28 1 0 7 6 19
568422 1 1 0 6 6 20
568423 26 1 0 8 6 19
568424 10 1 0 3 6 19
568425 5 0 0 3 6 19
568427 2 1 0 1 6 19
568428 10 1 0 3 6 19
568429 3 1 0 3 6 18
568430 4 1 0 5 6 19
568431 5 1 0 1 6 20
568432 6 1 0 4 6 20
568433 19 1 0 2 6 20
568434 5 0 1 7 6 30
568435 2 0 0 8 6 18
568489 13 1 1 1 6 22
568490 8 0 0 4 6 18
568492 3 1 0 2 6 19
568493 6 0 0 1 6 19
568494 147 1 0 6 6 20
568495 106 1 0 2 6 18
568496 29 1 0 6 6 18
568497 2 1 0 2 6 20
568498 63 1 0 1 6 18
568499 4 1 0 6 6 20
568500 22 1 0 8 6 18
568528 4 1 0 1 6 20
568529 13 1 0 3 6 21
568530 3 0 1 1 6 38
568531 20 1 1 1 6 23
568532 36 1 0 2 6 18
568533 63 1 0 6 6 19
568545 49 1 0 4 6 19
568546 6 0 1 0 6 19
568547 11 1 1 1 6 39
568548 11 0 0 6 6 19
568570 42 1 1 1 6 27
568574 1 1 0 2 6 19
568575 7 1 0 0 6 21
568600 8 1 1 1 6 40
568605 2 1 1 7 6 36
568606 6 1 1 7 6 55
568607 18 1 0 8 6 20
568608 13 0 1 6 6 55
568609 14 1 1 1 6 29
568610 9 1 1 8 6 38
568611 6 1 0 1 6 19
568614 4 1 1 3 6 29
568615 10 0 1 2 6 19
568616 81 1 0 8 6 17
568747 29 1 0 8 6 18
568748 8 1 0 6 6 19
568749 18 1 1 8 6 44
568751 2 1 1 4 6 51
568753 16 0 1 8 6 23
568754 15 0 0 2 6 18
568755 3 1 1 4 6 23
568756 3 1 1 5 6 48
568815 29 0 0 6 6 18
568816 1 0 0 4 6 18
568817 7 0 1 1 6 24
568818 3 1 1 1 6 33
568819 19 0 0 3 6 19
568851 26 1 0 3 6 20
568944 32 1 1 1 6 19
568945 119 1 0 8 6 19
568947 28 1 0 6 6 19
568948 24 0 0 6 6 19
568981 46 0 0 6 6 19
569064 56 1 0 8 6 19
569109 37 1 0 1 6 42
569110 15 0 0 4 6 20
569111 17 1 0 7 6 19
569112 21 0 0 2 6 19
569113 61 1 0 8 6 20
569154 20 0 1 6 6 36
569155 25 1 1 1 6 22
569199 8 0 1 1 6 59
569252 50 1 0 5 6 20
569253 37 1 0 8 6 20
569255 25 0 0 6 6 21
569257 52 1 0 1 6 21
569258 21 0 1 5 6 43
569259 11 1 1 1 6 46
569469 6 1 1 7 6 46
569470 11 0 0 1 6 22
569471 4 0 1 1 6 38
569473 33 1 0 1 6 22
569474 5 0 1 1 6 21
569497 18 1 0 1 6 21
569498 9 0 1 4 6 40
569567 46 1 0 1 6 22
569568 38 0 1 6 6 45
569569 7 0 1 1 6 56
569570 12 1 1 1 6 30
569571 13 1 1 5 6 31
569572 16 0 1 1 6 49
569573 15 0 0 1 6 24
569574 70 1 1 4 6 42
569682 14 1 0 1 6 21
569683 28 1 0 3 6 20
569684 33 1 1 1 6 46
569685 8 0 1 5 6 52
569715 26 0 1 6 6 35
569716 11 0 1 0 6 43
569717 21 1 0 1 6 21
569718 4 0 1 1 6 39
569719 60 1 0 6 6 18
569748 8 0 1 1 6 24
569749 17 1 0 0 6 21
569750 6 1 1 1 6 26
569751 44 1 1 0 6 40
569796 65 1 0 6 6 18
569798 2 1 1 0 6 37
569803 25 1 0 1 6 18
569804 29 1 1 8 6 47
569823 23 0 1 7 6 26
569900 64 1 0 8 6 20
569902 16 0 1 0 6 42
569903 11 0 0 2 6 50
569967 27 0 0 7 6 20
569968 45 1 1 1 6 32
569999 9 0 0 8 6 20
570000 72 1 0 7 6 19
570001 98 1 0 1 6 18
570002 12 1 0 1 6 21
570038 9 0 1 1 6 44
570069 44 0 0 1 6 19
570071 48 1 0 3 6 19
570072 67 1 0 7 6 18
570110 6 0 0 3 6 19
570142 1 0 1 6 6 50
570143 1 0 0 0 6 21
570261 7 0 0 1 6 40
570262 9 0 0 5 6 19
570263 20 0 0 8 6 20
570299 17 0 1 3 6 39
