45499
19
2074
45499 533 1 0 4 6 18
7799 106 1 1 4 6 15
11239 102 1 1 8 6 17
19896 150 0 1 6 6 19
31791 134 0 1 6 6 18
40117 151 1 0 4 6 18
40875 49 1 1 6 5 17
42576 110 0 0 4 5 17
45205 383 1 1 1 6 17
46412 127 1 1 0 6 16
46794 496 1 1 6 6 20
58720 236 0 0 8 6 18
61303 292 0 0 4 6 16
62768 379 1 0 6 6 18
63452 170 1 0 4 6 15
72506 36 0 1 4 6 18
74091 81 1 1 6 6 18
78837 160 0 1 4 6 19
79025 359 1 1 4 6 17
79226 670 1 0 8 6 11
79281 100 1 1 4 6 18
79735 47 1 1 8 6 18
84544 233 1 0 3 6 15
85252 53 1 1 3 6 28
85611 45 0 1 8 6 16
85677 144 1 1 6 6 17
87735 176 1 1 6 6 18
88774 62 1 1 6 6 17
88953 172 1 1 8 6 16
89058 151 0 1 6 6 20
89178 90 0 1 4 6 17
100991 56 0 0 6 6 15
101064 140 1 1 1 6 22
107914 308 1 0 6 6 19
109642 877 1 1 7 6 27
119607 119 1 1 9 5 26
122115 300 1 0 4 6 17
122567 107 1 1 4 6 17
123499 176 1 1 4 5 19
130681 216 1 0 4 6 19
136093 151 1 1 6 6 18
137956 577 1 1 6 6 16
140517 58 1 1 6 6 21
148790 115 1 0 2 6 17
155798 84 1 1 8 6 17
156422 227 1 1 8 6 19
156489 265 1 1 4 6 18
165378 228 1 1 4 6 18
168382 177 1 0 4 6 18
168626 117 0 0 4 6 14
169241 278 1 0 6 6 19
172142 139 1 1 8 6 17
172420 131 1 0 4 6 15
172428 187 0 0 6 6 16
172433 251 1 1 6 6 22
172528 176 1 1 4 6 21
172665 79 0 0 2 6 13
172731 64 1 0 4 5 14
172733 91 1 1 4 6 17
172739 104 1 0 9 5 14
172745 167 1 0 4 6 13
172826 187 0 0 4 6 16
172833 284 1 0 6 6 16
172836 199 1 1 6 6 20
172838 144 1 1 2 6 19
172840 62 1 1 6 5 29
172881 108 1 0 6 6 13
172882 39 1 0 6 6 22
172883 74 1 0 4 6 16
172884 140 1 1 6 6 18
173094 48 1 0 6 6 19
173101 96 1 0 4 6 13
173259 107 1 1 6 6 15
173267 114 1 1 6 6 23
174505 362 1 0 4 6 21
178256 426 1 1 6 6 17
179487 40 1 1 4 6 18
184108 413 1 1 4 6 22
185265 14 1 1 4 6 21
185384 332 1 1 4 6 19
188477 337 1 0 4 6 15
188917 53 0 0 2 6 15
194712 80 1 1 8 6 17
207066 127 1 1 4 6 21
210959 69 1 0 6 6 20
211234 39 0 1 5 6 25
211697 126 1 1 6 6 16
211729 242 1 1 4 6 16
211809 112 1 1 6 6 27
212090 220 1 1 6 6 18
212152 129 1 1 6 5 24
212163 168 1 1 4 6 18
212377 202 1 1 8 6 18
212429 150 1 1 4 6 18
212933 286 1 1 8 6 19
213223 281 1 1 6 6 17
223709 462 1 1 6 6 21
229681 98 1 1 4 6 18
230069 73 1 1 4 6 21
231975 98 0 0 6 6 17
236701 193 1 1 9 6 15
237329 79 1 1 4 6 16
238463 141 1 1 8 6 17
239090 250 1 1 8 6 20
239312 185 1 1 9 6 21
239996 164 1 1 8 6 20
241061 101 0 0 6 6 18
241504 66 1 1 8 6 20
241625 307 0 0 8 6 20
242813 202 1 1 6 6 10
243468 14 1 0 0 6 11
254135 493 1 1 4 6 16
254423 55 1 1 6 6 17
254716 167 0 0 8 6 16
257554 115 1 0 4 6 20
261968 102 0 1 6 6 22
262016 160 1 0 4 6 17
265618 31 0 0 2 6 20
271483 251 1 1 4 6 17
271854 41 0 1 4 6 16
278541 28 0 0 6 6 25
289816 207 0 0 6 6 18
296960 99 1 1 6 6 14
305471 121 1 0 4 6 15
310817 236 1 0 2 6 15
311151 89 1 0 6 6 16
311161 106 1 1 6 6 16
311333 194 1 1 4 6 21
321747 20 1 1 2 6 10
323235 64 1 1 6 6 21
323509 151 1 0 2 6 16
328071 41 1 1 7 6 31
330545 69 1 1 4 6 14
336897 204 1 1 6 6 19
342962 46 0 1 8 6 18
346391 41 1 1 1 5 16
354376 73 1 1 6 6 17
357809 65 1 1 8 6 17
358787 9 0 0 4 6 19
367443 83 1 1 5 6 21
368117 78 0 1 6 6 22
368120 209 1 1 4 6 17
369122 216 1 1 4 6 20
370628 195 1 1 6 6 19
370697 30 1 1 8 6 19
371355 163 1 1 6 6 19
371426 32 1 1 4 6 18
371747 101 1 1 4 5 19
371748 162 1 1 6 6 21
372134 272 1 1 8 6 16
372972 113 0 1 4 5 21
372984 133 1 1 4 5 18
373002 318 1 1 4 6 20
373034 106 1 1 6 6 21
373741 215 1 1 9 6 16
373970 24 1 1 4 6 23
374068 422 1 1 6 6 20
374168 249 1 1 6 5 18
374456 156 1 1 2 6 18
374490 21 1 1 2 6 29
374492 50 1 1 4 6 17
374522 21 0 1 4 6 19
375287 55 0 1 4 6 15
375670 100 1 1 8 6 16
376690 43 1 1 6 6 24
377235 72 1 1 8 6 20
380188 51 1 0 2 6 22
380407 87 1 0 6 6 16
380674 211 1 0 4 6 15
381823 122 1 1 6 6 20
381827 186 0 0 9 6 13
381895 27 1 0 9 6 16
382091 203 1 1 6 6 17
382703 329 1 0 4 6 19
384607 421 1 0 6 6 21
384608 201 1 0 4 6 17
384877 36 1 1 6 6 17
384949 11 0 0 4 6 17
388509 44 1 0 6 6 21
389185 87 1 0 6 6 21
393620 173 1 1 8 6 16
397430 224 1 1 9 6 20
398300 60 1 1 8 6 17
398379 66 1 1 4 6 19
399564 54 0 1 6 6 18
399785 62 0 1 4 6 15
400079 164 1 1 8 6 17
400102 211 1 0 6 6 14
400602 78 1 1 3 6 22
405088 45 1 1 6 6 23
407518 78 1 1 6 6 17
408202 52 1 1 8 6 17
408290 157 1 1 6 6 19
416793 76 1 1 2 6 18
423382 23 0 1 6 6 20
424936 94 1 0 6 5 16
430247 35 0 1 6 6 22
436004 28 0 1 3 6 21
436968 65 0 0 6 6 21
437612 106 1 1 6 6 24
438235 154 0 1 6 6 22
446966 28 1 1 2 5 16
452707 158 1 1 6 6 19
459122 113 0 1 4 6 19
459248 25 1 1 6 5 14
462663 318 0 0 4 6 16
466781 234 1 0 8 6 16
470306 43 1 0 6 5 22
470556 201 1 0 6 6 20
473702 89 1 1 8 6 15
474868 323 1 1 4 6 17
476098 93 0 1 6 6 19
484791 156 1 1 4 6 18
487788 127 1 1 8 6 21
489180 131 1 1 6 6 20
489421 102 0 1 7 6 23
489430 106 1 1 1 6 24
500219 52 1 1 6 6 15
502322 57 1 1 4 6 19
504417 120 1 1 6 5 16
504520 39 0 1 9 6 21
504974 65 1 1 4 6 25
505714 17 0 1 6 6 24
506691 234 1 1 4 6 18
506932 115 1 1 8 6 15
507492 19 1 1 9 5 18
507562 216 1 1 6 6 17
507565 164 0 1 6 6 20
507985 63 1 1 8 6 23
508363 5 0 1 6 6 18
508837 137 1 1 6 6 20
508971 321 1 0 6 6 15
509318 40 1 1 6 6 17
509341 101 0 1 4 6 18
509846 38 1 0 4 6 18
510368 41 1 1 8 6 16
510844 134 0 1 4 6 18
510874 154 1 1 6 6 18
511222 62 1 1 6 6 20
511278 45 1 1 2 5 29
511279 46 1 0 2 5 29
511607 108 0 1 4 6 18
512150 210 1 1 6 6 28
512424 95 1 1 8 6 17
513284 76 0 1 4 6 17
513636 79 1 1 6 6 19
513837 238 1 1 6 6 19
513916 4 0 1 2 6 19
514053 45 1 1 8 5 16
514106 50 0 1 4 6 19
514199 147 1 1 6 6 21
514592 12 0 1 6 6 20
514631 90 1 0 6 6 17
514662 106 1 0 6 6 29
514968 102 1 1 6 6 18
515052 118 1 1 4 6 17
515433 35 1 1 2 6 15
516411 39 1 1 6 6 17
517529 92 1 1 2 6 16
518010 8 1 1 6 5 21
520019 121 0 1 9 6 16
522404 28 1 0 4 6 17
522906 99 1 1 6 5 19
523300 59 1 0 6 6 18
523386 124 1 1 6 6 20
523418 21 1 1 6 6 26
523420 13 1 1 6 5 26
523485 60 1 1 6 6 20
523563 34 1 0 6 6 17
524745 145 1 0 6 6 19
524785 88 1 0 6 6 20
524788 213 1 0 6 5 19
524794 99 1 1 6 6 16
524836 97 1 1 6 6 18
526281 61 1 0 4 6 31
530867 86 0 1 4 6 20
531706 111 1 1 4 6 17
533608 77 1 1 6 6 17
534918 33 1 1 0 5 19
535122 7 1 0 2 6 14
535178 139 1 1 4 6 17
535567 87 1 1 6 6 19
539965 124 1 1 4 6 16
540855 23 1 0 4 6 13
543782 103 1 1 4 6 20
544065 81 1 1 6 6 20
544769 35 0 1 6 6 21
546220 179 1 1 6 5 11
546581 44 0 1 4 6 17
548596 29 1 1 6 6 16
549645 39 1 1 6 6 21
555891 84 1 1 6 6 14
556856 96 1 1 6 6 16
558063 6 1 1 2 6 19
558229 93 1 0 6 6 11
560033 25 1 1 4 5 18
560162 99 1 0 4 6 16
560164 19 1 0 6 6 13
561467 16 1 1 4 6 16
561894 31 1 1 6 6 15
562049 34 1 0 6 5 14
562098 2 0 0 4 5 16
562460 14 1 0 6 6 62
562477 95 1 1 3 6 18
562539 31 1 1 9 6 21
562840 7 1 1 4 6 17
562841 24 1 1 4 6 14
562843 2 0 0 4 6 16
562845 1 0 0 4 6 16
562846 79 1 0 2 6 16
562847 63 1 0 4 6 16
562849 23 0 0 8 6 15
562850 13 1 1 4 6 16
562851 39 1 1 6 6 15
562852 23 1 0 2 6 11
562896 16 1 1 6 6 16
562932 104 0 0 6 6 14
562934 84 1 1 4 6 18
562935 16 1 1 4 6 18
562936 41 1 1 6 6 15
562937 14 1 1 4 6 10
562940 72 1 0 2 6 16
562943 28 1 0 6 6 14
562944 71 1 0 6 6 11
562990 16 0 0 6 6 16
562992 1 0 1 4 6 18
562994 8 1 0 6 6 14
562995 32 1 1 6 6 15
562996 15 0 1 4 6 19
562997 59 1 1 6 6 19
562999 68 1 1 4 6 19
563000 38 1 1 6 6 18
563001 13 0 1 2 6 24
563002 96 1 0 6 6 17
563077 55 1 1 2 6 11
563191 75 1 0 6 6 11
563193 5 1 1 4 6 18
563194 6 0 1 6 6 18
563195 26 1 1 4 6 29
563196 58 0 1 4 6 16
563197 67 1 1 4 6 19
563198 27 1 1 4 6 15
563302 49 1 1 5 6 29
563303 78 1 1 5 6 22
563304 18 1 1 8 6 21
563305 13 0 1 4 6 18
563306 13 1 0 9 6 14
563307 22 1 0 4 6 19
563308 58 1 0 6 6 16
563309 36 1 1 4 6 16
563310 3 1 0 6 6 14
563364 49 1 0 6 6 14
563365 15 1 0 8 6 8
563372 7 0 0 6 6 16
563373 42 1 1 2 6 29
563374 34 1 1 4 6 15
563375 14 1 0 8 6 16
563443 12 1 1 6 6 16
563445 48 1 1 6 6 18
563451 24 1 0 6 6 17
563452 39 1 0 6 6 20
563454 36 1 1 6 5 18
563455 34 1 1 4 5 19
563456 87 1 1 9 6 16
563457 3 0 0 4 5 16
563458 49 1 1 4 5 19
563483 60 1 0 4 6 9
563484 9 1 1 2 6 30
563485 25 1 0 2 6 11
563486 4 0 0 4 6 16
563487 6 0 0 6 6 16
563488 56 1 0 6 6 12
563489 27 1 1 2 6 16
563493 56 1 0 6 6 15
563526 6 1 0 4 6 18
563527 113 1 0 8 6 10
563530 1 1 0 6 5 22
563531 42 1 0 6 6 11
563534 50 1 1 6 6 16
563535 6 0 0 2 6 13
563553 16 1 0 6 5 22
563554 60 1 1 4 6 17
563555 2 1 0 6 5 19
563556 211 1 0 1 6 13
563558 11 1 0 6 6 14
563559 8 1 1 9 6 20
563560 124 1 1 6 6 17
563574 46 1 0 6 5 8
563575 3 1 1 4 6 20
563606 10 1 0 6 6 43
563749 3 0 1 4 5 18
563754 47 1 1 8 5 20
563758 13 1 1 4 5 18
563759 6 1 1 2 5 20
563760 26 1 1 6 6 36
563761 3 1 0 2 6 15
563781 41 1 1 6 6 9
563782 5 1 1 6 6 16
563785 74 1 1 6 6 13
563786 8 1 1 4 6 23
563788 7 1 0 4 6 16
563789 31 0 0 4 6 16
563793 5 0 1 6 6 20
563794 14 1 1 9 5 23
563795 8 1 1 2 5 22
563998 27 1 1 6 6 20
563999 15 1 1 2 5 15
564001 32 1 1 1 5 23
564002 27 1 0 2 6 11
564003 31 1 0 6 5 22
564004 12 1 0 6 5 21
564024 15 1 1 2 5 13
564025 15 1 1 2 5 11
564026 6 0 0 6 6 16
564027 5 0 0 4 6 16
564028 10 1 0 6 5 43
564029 56 1 0 1 5 15
564030 12 0 0 4 6 16
564052 22 0 1 6 6 27
564053 37 1 0 6 6 22
564054 9 1 1 8 6 20
564055 13 1 0 8 6 18
564056 19 0 0 6 6 25
564057 8 1 1 2 5 17
564058 19 1 0 4 6 17
564059 104 1 0 6 6 36
564085 17 1 1 2 5 17
564086 75 1 0 6 5 17
564087 8 1 1 6 6 28
564088 24 1 0 4 6 16
564089 37 1 1 6 6 34
564091 20 1 1 2 5 19
564093 80 1 1 6 5 23
564094 60 1 0 4 6 18
564127 37 1 1 2 5 17
564128 100 1 1 6 6 19
564129 16 1 1 6 5 15
564130 23 1 0 2 5 16
564131 19 1 1 6 5 19
564132 51 1 1 4 6 91
564134 33 1 1 6 5 16
564136 21 1 1 6 5 11
564137 53 1 0 6 5 18
564138 3 1 0 4 5 15
564205 5 1 1 8 5 18
564206 42 1 0 6 6 37
564207 125 1 1 6 6 17
564209 16 0 1 9 6 22
564213 39 1 1 6 6 33
564249 9 0 0 4 6 18
564250 64 1 1 6 6 11
564251 17 1 0 4 5 16
564253 123 1 1 8 6 17
564254 12 1 0 2 6 13
564337 18 1 0 2 6 16
564339 64 1 0 4 6 19
564341 56 1 0 6 6 17
564342 19 1 1 6 6 22
564343 30 1 1 4 6 17
564345 22 1 0 6 5 16
564346 15 1 1 4 5 20
564407 20 1 1 2 5 21
564408 15 1 1 6 6 28
564412 3 1 1 6 5 14
564413 25 1 1 8 5 33
564414 7 1 0 6 5 16
564459 32 1 1 9 6 15
564462 85 0 0 6 6 31
564491 19 0 1 4 6 19
564493 144 1 0 1 6 28
564526 6 1 0 6 5 18
564528 11 1 1 4 6 16
564529 3 0 0 4 5 17
564531 27 1 0 6 6 51
564556 14 1 0 4 5 20
564558 7 1 0 6 5 18
564560 75 1 0 6 6 31
565404 2 0 0 2 6 29
565434 2 1 0 4 5 14
565435 37 1 1 6 5 14
565438 56 0 1 6 6 14
565530 58 1 1 6 6 20
565531 42 0 1 6 6 18
565532 23 1 0 6 6 17
565533 1 1 0 2 5 14
565534 48 1 1 4 6 20
565537 35 1 0 6 6 14
565538 8 0 1 4 6 17
565540 1 1 0 6 6 16
565587 85 1 1 6 6 20
565588 19 1 0 4 6 16
565590 37 1 0 8 6 11
565591 3 0 1 4 6 16
565593 3 0 1 4 6 18
565594 16 1 1 8 6 14
565596 17 1 0 4 6 16
565683 1 0 0 6 6 29
565684 20 1 1 6 6 19
565685 80 1 1 4 6 20
565686 17 1 1 6 6 18
565687 25 1 0 6 6 22
565732 54 0 1 4 6 17
565735 16 1 1 6 6 15
565736 49 1 1 6 5 20
565737 5 1 0 6 6 15
565770 33 0 1 4 6 16
565772 21 1 1 6 5 17
565773 22 1 0 6 5 16
565774 37 1 0 2 6 22
565830 85 1 1 6 6 15
565831 42 1 1 4 6 18
565832 76 1 0 8 6 23
565835 76 1 0 6 6 15
565836 15 1 1 9 6 19
565837 37 0 1 4 6 17
565902 25 1 0 2 6 10
565904 3 0 0 4 5 21
565906 28 0 0 6 6 15
566043 145 0 1 4 6 14
566044 43 1 1 6 6 16
566045 11 1 0 4 5 13
566046 6 0 0 0 6 16
566047 54 1 1 5 6 17
566048 10 0 1 6 5 23
566049 5 1 0 2 6 22
566091 7 1 1 9 5 17
566093 15 1 0 6 5 19
566095 6 0 0 4 5 16
566096 38 1 0 4 6 16
566125 25 1 1 4 5 19
566126 36 1 0 4 6 19
566127 23 1 1 6 6 24
566132 31 1 0 6 6 10
566133 12 1 0 6 5 29
