46980
19
511
46980 498 1 0 1 6 20
2044 28 1 1 0 6 20
3529 187 0 1 0 6 19
4537 547 1 1 1 6 26
15007 73 0 1 0 6 32
15268 764 1 1 5 6 20
22255 731 1 1 7 5 22
22984 30 1 1 0 6 17
23483 96 1 1 8 6 18
27641 91 1 0 0 6 23
29777 17 1 1 1 6 23
36947 53 1 1 5 6 20
39426 104 1 0 2 6 20
39446 66 1 1 8 6 16
39553 112 1 0 8 6 18
41528 474 1 1 6 6 22
41533 581 1 1 2 6 31
42510 134 0 1 0 6 22
50846 27 1 1 0 6 13
50933 106 1 1 5 6 38
53797 39 1 0 2 5 23
56389 78 1 1 7 6 11
56485 495 0 1 7 6 37
57180 150 0 1 3 5 15
57261 245 1 1 6 6 20
63624 255 1 1 8 5 21
63962 76 1 0 2 6 21
66136 179 1 1 7 6 33
69127 255 1 1 2 6 15
70897 16 0 1 0 6 27
74235 21 1 1 0 6 13
74926 188 0 1 8 6 23
77250 113 1 1 6 6 17
77312 205 1 1 6 6 16
80785 67 1 1 8 6 17
82227 134 1 1 4 6 20
85545 24 1 0 6 6 27
88280 635 1 0 1 6 19
88391 62 1 1 6 6 19
98370 31 1 1 2 6 19
100631 97 1 1 1 6 17
107662 276 1 0 1 6 31
108449 333 1 0 1 6 21
108483 491 1 0 2 6 27
112130 14 1 1 1 6 13
121506 47 1 1 4 6 16
122646 16 0 1 4 6 16
122705 246 1 0 2 6 29
123958 116 1 1 0 6 15
129765 136 1 1 6 6 30
130976 66 0 1 7 6 27
131217 133 0 1 9 6 21
139161 191 0 1 7 5 26
140179 38 1 0 8 6 18
140824 26 1 1 8 6 16
142022 2 1 0 2 6 29
147490 21 1 1 0 6 15
150105 15 1 0 2 6 23
153599 39 1 1 0 6 24
154752 83 1 1 8 6 17
155827 13 1 1 0 6 15
156772 49 1 1 2 6 24
157557 9 1 1 7 6 31
160561 48 1 1 2 6 14
163006 50 0 1 0 6 111
163007 181 1 1 6 6 19
163447 564 1 0 2 6 18
165310 160 1 1 8 6 16
165378 228 1 1 4 6 18
165385 117 1 0 4 6 16
165499 169 1 1 8 6 13
165502 84 1 0 8 6 17
165508 177 1 1 8 6 14
168198 97 1 0 4 6 16
168975 32 1 1 8 6 14
169235 104 1 0 8 6 16
169912 122 1 0 7 6 20
170917 108 1 1 2 6 17
170918 35 1 1 7 6 19
171462 99 1 1 8 6 16
174316 119 1 0 3 6 24
175427 46 1 1 0 6 22
176251 85 1 1 2 6 23
179222 152 1 1 7 6 20
193198 40 1 1 4 6 14
195982 43 0 1 3 6 15
200908 215 1 1 1 6 31
202919 39 1 1 8 6 33
204591 148 0 1 8 6 43
204657 95 1 1 6 6 34
211608 42 1 1 4 6 16
212377 202 1 1 8 6 18
213016 81 1 1 0 6 22
213225 96 0 1 6 6 22
213346 33 1 1 8 6 16
213884 160 0 1 6 6 18
217093 5 1 1 0 5 44
217388 21 0 1 0 6 18
221975 51 1 0 1 6 17
227180 19 1 1 0 6 13
229840 12 0 1 3 6 17
230070 186 1 0 8 6 17
231752 269 1 1 7 6 24
249034 86 1 0 4 6 20
251032 38 1 1 7 6 13
254169 226 1 1 6 6 29
254488 28 1 1 8 6 12
259273 76 1 1 8 6 16
261286 113 1 1 8 6 14
276622 106 1 0 4 6 22
276624 39 1 0 6 6 20
283200 341 1 0 2 6 24
291881 83 1 0 6 6 18
294022 19 1 1 2 6 19
294023 86 1 1 0 6 17
296867 60 0 0 0 5 20
297236 37 1 1 8 6 15
298328 30 1 0 7 5 23
306949 136 0 1 7 6 28
306997 6 1 1 0 6 15
308230 185 1 0 5 6 22
310831 47 1 1 6 6 23
311523 8 1 1 0 6 14
312007 63 1 1 7 6 16
315876 134 1 1 2 6 17
318050 55 1 0 5 6 20
319491 23 1 1 0 6 14
320026 146 1 1 8 6 15
322006 106 1 0 2 6 37
330546 62 1 1 1 6 19
330703 62 1 0 7 6 21
332265 62 1 1 9 6 16
332268 31 1 1 2 6 19
332631 47 1 1 6 6 29
332659 84 0 0 6 6 37
333772 20 0 0 6 6 18
334081 94 1 1 4 6 16
334377 44 1 0 1 6 21
335787 222 0 1 8 6 22
340062 47 1 0 1 6 28
342596 63 1 1 3 6 18
342919 74 0 0 2 6 25
344507 51 1 1 2 6 24
350599 35 1 1 2 6 35
351355 284 0 1 4 6 15
351483 5 1 0 7 6 30
351631 3 0 0 6 6 27
353174 30 1 0 5 6 30
353271 44 1 0 9 6 21
355165 98 1 1 5 6 37
360276 9 1 1 2 5 15
363694 121 1 1 8 6 20
365742 60 1 1 0 6 19
367436 66 1 0 2 6 22
367565 41 1 1 5 6 38
368179 32 1 0 2 6 22
368317 144 1 0 1 6 20
374712 38 1 1 9 6 16
383325 56 1 1 4 6 15
384279 11 1 1 0 6 24
387997 79 1 1 8 6 20
388624 138 0 1 6 6 18
393208 246 1 0 1 6 30
393209 18 1 0 4 6 19
397124 24 0 0 1 6 17
397131 32 1 1 8 6 16
397157 47 1 1 8 6 11
397160 131 1 1 8 6 15
397269 67 1 1 8 6 17
397302 195 1 1 8 6 17
397303 115 1 1 6 6 15
397309 12 1 1 6 6 18
397585 7 1 0 3 6 17
397835 54 1 1 8 5 24
398431 207 1 1 8 6 19
398622 6 1 1 6 6 22
398883 53 1 1 0 6 19
399973 80 0 0 4 6 21
400923 23 1 0 3 6 29
401745 14 1 1 8 6 14
403564 6 1 1 0 6 26
405193 179 1 1 3 6 30
413317 64 1 1 3 6 31
415628 49 1 1 7 6 22
416571 33 0 1 2 6 12
418804 146 0 1 6 6 24
423354 8 1 0 0 6 20
423740 67 1 1 4 6 16
425724 53 1 1 9 6 27
425825 38 1 1 0 6 14
431713 61 1 1 8 6 12
431946 13 1 1 9 6 19
432364 20 1 0 1 6 17
432373 13 0 1 3 6 18
438908 190 1 1 4 6 15
444934 17 1 0 1 6 19
447623 39 1 0 1 6 18
454948 46 1 1 6 6 18
459618 105 1 1 8 6 16
467184 20 1 1 0 6 22
469589 52 1 1 7 6 15
470657 50 1 1 0 5 18
472007 45 1 0 0 6 14
473504 157 1 0 2 6 26
474749 36 1 0 0 6 11
475243 18 0 1 3 6 29
479295 62 0 1 4 6 18
480504 13 1 1 8 6 19
485303 30 1 1 2 6 17
485710 43 1 0 5 6 20
491092 32 1 1 2 6 17
491872 92 1 1 0 6 27
493284 25 1 1 0 6 25
499475 39 1 0 0 6 15
499648 33 1 1 4 6 18
502324 118 0 1 6 6 21
503560 14 1 1 1 6 16
504107 31 1 1 6 6 17
504115 182 1 1 8 6 16
504226 105 1 1 8 6 22
504316 47 1 1 6 6 15
504317 67 1 1 6 6 18
504318 33 1 1 6 6 17
504319 27 1 1 8 6 18
504413 115 1 1 8 6 16
504512 108 1 1 8 6 18
504558 32 0 1 6 6 17
505000 42 1 0 2 6 20
505055 46 1 0 2 6 22
505089 53 0 1 8 6 16
505800 95 1 1 6 6 20
506162 30 1 0 8 6 13
506194 32 1 0 8 6 10
506691 234 1 1 4 6 18
506898 30 1 1 1 6 16
506984 74 1 1 8 6 20
507015 92 1 1 8 6 16
507236 119 1 1 7 6 19
507340 21 1 1 2 6 18
508026 48 1 1 8 6 17
509535 103 1 1 8 6 12
511127 79 1 1 4 6 22
511622 20 1 1 9 6 15
513647 138 1 1 1 6 15
513680 59 1 1 2 6 28
515365 22 1 1 8 6 16
518607 36 1 1 8 6 17
519036 24 1 1 1 6 24
519113 45 1 0 8 6 15
519166 73 1 1 8 6 18
519316 85 1 1 8 6 23
520252 71 1 1 4 6 17
520671 4 1 1 8 6 21
522695 12 1 1 8 6 15
523295 4 1 1 9 5 14
524443 56 1 1 1 5 25
525868 84 1 0 1 6 28
526688 71 0 0 6 6 20
528460 67 1 1 0 6 9
528530 33 1 1 0 6 12
531322 16 1 0 8 6 25
532180 30 1 0 9 6 19
535300 47 1 1 8 6 13
535832 33 1 1 7 6 9
536984 28 1 1 7 6 13
537634 42 1 0 0 6 22
538285 34 1 1 2 6 21
538286 21 1 1 8 6 15
539432 15 1 1 8 6 20
539633 32 1 1 0 6 18
541200 61 1 1 4 6 18
555924 81 1 1 9 6 40
558931 11 1 1 3 6 30
559156 18 1 0 0 6 23
563301 6 1 1 0 6 17
563971 29 1 1 6 6 17
565264 106 1 1 6 6 16
565387 24 1 0 2 6 19
565475 18 1 1 8 6 15
566828 7 1 1 6 6 20
567826 13 1 1 4 6 22
567832 27 1 1 1 6 37
573682 48 1 1 8 6 14
574239 36 1 1 8 6 15
575405 48 1 1 4 6 14
575406 29 1 1 2 6 13
575407 15 1 1 6 6 19
575450 14 1 1 8 6 13
575452 48 1 1 8 6 15
575453 118 1 1 8 6 14
575454 5 1 1 3 6 13
575455 18 1 1 4 6 13
575457 40 1 1 2 6 15
575458 30 1 1 8 6 19
575459 3 1 1 8 6 22
575460 24 1 1 4 6 17
575462 4 1 1 4 6 18
575463 1 1 1 2 6 21
575493 33 1 1 6 6 16
575495 14 1 1 8 6 21
575496 8 1 1 1 6 12
575497 5 1 1 8 6 11
575498 16 1 1 9 6 17
575500 4 1 1 4 6 18
575501 19 1 1 6 6 15
575502 7 1 1 8 6 16
575503 7 1 1 2 6 19
575529 15 1 0 1 6 21
575530 18 1 1 8 6 14
575531 5 1 1 8 6 29
575532 33 1 1 6 6 37
575534 25 1 0 2 6 29
575535 16 1 1 4 6 31
575536 19 1 1 8 6 29
575537 18 1 1 1 6 22
575538 40 1 1 4 6 16
575539 24 1 1 8 6 12
575540 11 1 1 4 6 16
575541 39 1 0 2 6 19
575561 15 1 1 4 6 16
575562 76 1 0 6 6 13
575563 24 1 1 2 6 21
575565 13 1 1 2 6 17
575566 13 1 1 6 6 19
575567 5 1 1 2 6 13
575568 1 1 1 8 6 13
575569 15 1 1 0 6 15
575595 31 1 1 1 6 15
575596 30 1 1 6 6 18
575597 7 1 1 8 6 16
575598 5 1 0 2 6 16
575600 29 1 1 4 6 14
575601 11 1 1 1 6 13
575602 12 1 1 6 6 18
575625 2 1 0 8 6 12
575626 12 1 1 8 6 12
575627 32 1 1 8 6 10
575628 1 1 1 2 6 14
575630 25 0 1 6 6 30
575631 23 1 1 1 6 29
575633 6 1 1 7 6 15
575682 11 1 1 8 6 29
575686 106 1 1 4 6 29
575687 4 1 1 2 6 20
575688 22 1 0 2 6 22
575689 5 1 1 8 6 15
575690 1 1 0 2 6 18
575691 22 1 0 8 6 16
575713 10 1 1 8 6 15
575714 4 1 1 8 6 11
575716 23 1 0 6 6 20
575726 109 1 0 8 6 14
575727 15 1 1 8 6 12
575728 3 1 1 2 6 15
575729 1 1 1 8 6 16
575730 30 1 0 8 6 11
575731 12 1 0 8 6 12
575744 22 1 1 3 6 13
575745 8 1 1 6 6 12
575746 21 1 1 8 6 29
575747 12 1 0 8 6 19
575764 6 1 1 1 6 29
575765 7 1 0 7 6 9
575767 9 1 1 6 6 15
575769 35 1 1 8 6 15
575770 39 1 1 4 6 12
575771 18 1 1 6 6 13
575772 4 1 1 6 6 37
575773 13 1 1 6 6 20
575774 68 1 1 6 6 12
575786 22 1 1 8 6 42
575788 38 1 0 2 6 14
575789 13 1 1 6 6 20
575790 20 1 1 6 6 25
575791 10 1 1 8 6 18
575792 81 1 1 8 6 16
575793 9 1 1 8 6 12
575794 10 1 1 8 6 14
575832 39 1 1 2 6 18
575834 11 1 1 8 6 16
575835 44 1 1 8 6 10
575836 16 1 1 0 6 30
575837 54 1 1 8 6 13
575838 24 1 1 8 6 30
575839 21 1 1 2 6 29
575840 3 1 1 8 6 23
575842 24 1 1 3 6 13
575843 50 1 0 7 6 12
575875 48 1 1 8 6 15
575876 52 1 1 8 6 19
575877 5 1 0 2 6 20
575878 13 1 0 0 6 27
575879 10 1 1 8 6 13
575880 5 1 1 8 6 14
575881 12 1 1 8 6 13
575885 33 1 1 1 6 42
575909 19 1 1 8 6 21
575911 15 1 1 8 6 3
575912 70 1 1 9 6 16
575913 80 1 1 6 6 17
575914 96 1 1 8 6 18
575915 17 1 0 9 6 14
575916 54 0 1 6 6 16
575917 1 1 1 0 6 7
575919 24 1 1 7 6 15
575923 1 1 1 1 6 16
575924 9 1 0 1 6 11
575929 58 1 1 4 6 27
575953 5 1 1 1 6 21
575954 1 1 1 0 6 36
575956 7 1 1 0 6 14
575997 46 1 1 8 6 15
575999 11 1 1 4 6 12
576000 27 1 0 2 6 24
576001 3 1 0 0 6 12
576021 12 1 1 6 6 15
576022 48 1 1 1 6 14
576023 33 1 1 6 6 11
576024 19 1 1 8 6 17
576025 15 1 1 8 6 15
576026 13 1 0 8 6 17
576027 4 1 1 4 5 13
576029 1 1 1 2 5 23
576100 59 1 1 4 6 16
576101 31 1 0 2 6 18
576102 30 1 1 4 6 14
576110 1 1 1 2 6 21
576140 4 1 0 1 6 24
576141 40 1 1 1 6 15
576142 13 1 1 4 6 15
576143 32 0 1 4 6 19
576145 34 1 1 6 6 12
576146 25 1 1 4 6 15
576150 13 0 1 6 5 27
576188 43 1 1 6 5 14
576193 34 1 1 1 6 16
576195 9 0 1 8 5 13
576229 26 1 0 4 6 15
576231 28 1 1 2 6 18
576232 12 1 0 0 6 22
576233 35 1 1 8 6 15
576234 31 0 1 6 6 19
576235 33 1 1 6 6 19
576236 3 1 0 2 6 33
576268 41 1 1 6 6 14
576269 2 1 0 6 5 13
576270 9 0 0 8 5 21
576271 10 0 0 8 6 15
576273 5 1 1 8 6 32
576297 2 1 0 6 5 29
576298 6 1 1 0 6 18
576299 8 1 0 2 6 16
576300 119 1 1 8 6 18
576301 12 1 1 0 6 31
576302 40 1 1 2 6 16
576303 18 1 0 8 6 18
576304 33 1 1 9 6 13
576305 102 1 0 8 6 15
576316 33 1 1 8 5 24
576317 2 1 1 2 5 11
576318 2 1 1 1 5 23
576319 5 0 1 4 5 29
576321 20 0 1 0 6 15
576674 1 1 1 2 5 29
576676 105 1 1 6 6 22
576677 1 1 1 4 5 22
576680 16 1 0 8 6 23
576682 10 1 1 8 6 24
576684 33 1 1 6 6 15
576686 1 1 1 5 5 20
576688 18 1 1 8 5 17
576706 33 1 1 1 5 15
576708 11 1 0 2 5 24
576712 193 1 0 9 6 18
576714 22 1 0 9 6 13
576750 35 0 1 6 5 16
576752 21 1 0 4 6 15
576753 20 1 0 8 6 17
576754 24 1 1 8 6 26
576755 21 1 1 9 5 17
576756 3 1 1 0 6 20
576798 19 0 1 8 6 28
576799 17 1 1 9 5 18
576800 24 1 1 9 5 17
576801 19 1 1 2 6 20
576802 10 1 1 6 6 20
576803 7 1 1 6 6 14
576856 33 1 1 9 6 18
576857 5 1 0 7 6 26
576858 2 1 1 0 6 24
576860 5 1 1 4 6 39
576892 20 1 1 1 5 23
576893 10 1 1 1 6 26
576930 65 1 1 1 6 20
576932 17 0 1 3 6 37
576977 10 1 0 1 6 25
577381 16 1 0 2 6 20
577382 14 0 0 6 6 27
1232367 13 1 1 8 6 17
