224809
19
531
224809 569 1 1 5 6 21
5057 94 0 0 3 6 20
8515 60 0 0 5 6 17
9849 36 0 0 5 6 19
11207 36 0 0 5 6 18
11297 108 1 0 5 6 22
12032 73 1 0 5 6 20
12342 133 1 0 5 6 18
23912 120 1 0 5 6 18
29188 35 0 0 5 6 18
34890 31 0 0 5 6 16
38929 14 0 0 5 6 18
39539 49 1 0 5 6 21
39999 70 0 0 5 6 17
40228 39 1 0 5 6 19
40231 73 0 0 5 6 18
40859 37 1 0 5 6 18
41068 32 1 0 5 6 18
42738 73 1 0 5 5 19
43330 31 1 0 5 6 19
46885 64 1 0 5 6 19
48674 120 1 0 5 6 19
50045 32 0 0 5 6 21
50849 96 1 0 5 6 22
51576 52 1 0 5 6 20
51591 61 0 0 5 6 20
51657 43 1 0 5 6 17
52137 13 1 0 5 6 20
52196 137 1 0 5 6 18
52205 130 1 0 5 6 21
52377 27 0 0 5 6 17
52412 37 0 0 5 6 20
52930 14 1 0 5 5 18
52936 31 0 0 5 6 17
52981 80 0 0 5 6 18
52982 72 1 0 5 6 18
52990 26 0 0 5 6 19
52997 50 1 0 5 6 17
53010 10 0 0 5 6 20
53495 119 1 0 5 6 18
53504 47 0 0 5 6 16
53777 91 1 0 1 6 17
53879 80 0 0 5 6 18
54032 67 1 0 5 6 22
54065 97 1 0 5 6 17
54066 47 1 0 5 6 19
54068 95 1 0 5 6 19
54076 61 0 0 5 6 17
54123 133 1 0 5 6 22
54129 67 0 0 5 6 18
54146 45 0 0 5 6 18
54638 35 0 0 5 6 19
54854 92 0 0 5 6 19
54867 75 0 0 5 6 19
56260 64 1 0 5 6 17
56272 96 1 0 5 6 17
56372 164 0 0 5 6 15
56378 198 0 0 3 6 19
56866 89 1 0 5 6 22
57005 90 1 0 5 6 18
57028 87 0 0 5 6 18
57182 110 1 0 5 6 17
57183 153 1 0 5 6 19
57189 121 1 0 5 6 18
57372 58 0 0 5 6 21
57378 29 1 0 5 6 17
57508 18 0 0 5 6 18
57618 49 0 0 5 6 17
57619 85 1 0 5 6 21
57620 88 1 0 5 6 21
57966 103 0 0 5 6 21
58434 71 1 0 5 6 19
58438 90 1 0 5 6 22
58440 85 1 0 5 6 22
58445 86 1 0 5 6 20
58536 30 0 0 5 6 20
58538 36 0 0 5 6 18
58691 90 0 0 5 6 18
58792 221 1 0 5 6 18
58796 46 0 0 5 6 21
58935 60 1 0 5 6 18
59029 92 1 0 5 6 20
59030 39 1 0 5 6 19
59445 52 1 0 5 6 17
59499 52 0 0 5 6 18
59583 72 0 0 5 6 19
59589 139 1 0 5 6 19
60715 85 1 0 5 6 21
60741 88 1 0 5 6 18
61162 45 0 0 5 6 18
61991 44 0 0 5 6 18
62348 29 0 0 5 6 20
63097 50 1 0 5 5 17
63475 44 1 0 5 6 18
63806 114 1 0 5 6 18
63809 95 1 0 5 6 20
70914 165 1 0 5 6 20
71313 39 0 0 5 6 19
72873 48 0 0 5 6 16
73665 461 1 1 2 6 16
74083 126 1 0 5 6 18
74723 44 0 0 5 6 19
76667 43 0 0 5 6 17
76679 100 1 0 5 6 18
79268 30 0 0 5 6 18
80851 27 0 0 5 6 17
80897 17 0 0 5 6 16
80905 46 0 0 5 6 17
81065 128 1 0 5 6 18
81083 86 0 0 5 6 17
81281 92 1 0 5 6 20
81352 33 1 0 5 6 17
81429 36 1 0 5 6 17
81439 25 0 0 5 6 18
81444 97 0 0 5 6 17
81447 128 1 0 5 6 16
87929 90 1 0 5 6 20
88122 63 1 0 5 6 20
90879 70 0 0 3 6 20
91666 18 0 0 5 6 22
95229 63 0 0 5 6 15
95248 37 1 0 3 6 19
96783 28 1 0 5 5 17
96842 66 1 0 5 6 19
96859 29 0 0 5 6 19
102244 35 0 0 5 6 20
110287 157 1 0 5 6 19
110436 62 1 0 5 6 21
111346 45 1 0 5 6 21
118876 50 0 0 3 6 22
119159 53 1 0 3 6 21
119309 251 1 0 3 6 19
122084 129 1 0 5 6 18
124435 41 1 0 3 6 22
126062 91 1 0 5 6 21
126714 55 1 0 5 6 19
131416 40 0 0 5 6 18
135589 51 1 0 3 6 20
139109 169 1 0 5 6 17
139597 42 1 0 3 6 20
140687 86 1 0 5 6 20
146201 21 1 0 5 6 17
146241 8 0 0 5 6 17
146870 39 0 0 5 6 21
146879 27 0 0 5 6 18
146923 75 1 0 5 6 17
147821 29 0 0 5 6 21
147849 73 0 0 5 6 20
148000 53 1 0 5 6 20
149037 37 0 0 5 5 19
150865 81 1 0 5 5 19
153454 23 1 0 3 6 21
160385 43 1 0 5 6 19
161680 80 0 0 5 6 17
170250 29 1 0 3 6 19
170593 127 1 0 5 6 19
175220 92 1 0 5 6 17
179764 61 0 0 5 6 19
181921 177 1 0 3 6 22
182151 32 0 0 5 6 24
182345 39 0 0 5 6 22
183164 66 1 0 5 6 22
187655 31 1 0 5 6 14
187684 27 1 0 5 6 18
188513 36 1 0 5 6 22
188771 9 0 0 3 6 20
189862 32 0 0 5 6 21
191587 32 0 0 5 6 18
191658 72 1 0 5 6 19
197940 96 1 0 5 6 17
197945 19 1 0 5 6 17
198230 62 1 0 5 6 18
205110 49 1 0 3 6 18
205246 37 0 0 3 6 19
205255 39 0 0 3 6 19
206013 21 0 0 4 6 18
213677 16 0 0 3 6 21
223677 69 0 0 5 6 16
223735 40 0 0 5 6 21
223739 42 0 0 5 6 21
223788 136 1 0 5 6 20
223793 38 0 0 5 6 20
223797 43 0 0 5 6 19
223799 48 0 0 5 6 20
223974 36 0 0 5 6 21
223976 99 0 0 5 6 19
225108 24 1 0 5 6 22
225152 35 0 0 5 5 22
225319 31 0 0 5 6 22
225622 43 0 0 5 6 21
225625 115 1 0 5 6 20
225627 66 1 0 5 6 20
226653 55 1 0 5 6 18
226661 108 1 0 1 6 20
226662 65 1 0 5 6 20
226700 120 1 0 5 6 19
226746 82 1 0 5 6 18
227531 43 0 0 5 6 21
228132 25 0 0 5 6 22
228749 40 0 0 5 6 20
229107 25 0 0 5 6 20
229913 16 0 0 5 6 20
231167 27 0 0 5 6 22
232145 45 1 0 5 5 22
232217 29 0 0 5 6 21
232220 38 0 0 5 6 20
232519 53 1 0 5 6 20
232532 69 1 0 5 6 21
232537 26 0 0 5 5 19
232539 23 1 0 5 6 20
232540 22 0 0 5 6 22
232560 46 1 0 5 6 22
232755 29 0 0 5 6 18
232765 58 1 0 5 6 20
232768 48 1 0 5 6 18
232952 26 0 0 5 6 21
233027 61 1 0 5 5 20
233044 69 0 0 5 6 19
233068 57 0 0 5 6 21
233079 58 0 0 5 6 22
233370 46 1 0 5 6 21
233373 37 0 0 5 6 21
235057 69 1 0 5 6 22
235287 43 0 0 5 6 19
235292 54 0 0 5 6 19
235420 85 1 0 5 6 20
235422 36 0 0 5 6 20
235424 51 1 0 5 6 20
235673 34 0 0 5 6 22
235674 11 1 0 5 6 22
236208 23 0 0 5 6 22
236645 41 1 0 5 6 19
236695 112 1 0 5 6 22
237526 26 1 0 5 6 20
237892 45 1 0 5 6 21
238024 48 0 0 5 6 19
238060 42 0 0 5 6 18
238191 132 0 0 5 6 18
238192 85 1 0 5 6 20
238195 36 1 0 5 6 17
238771 32 0 0 5 6 19
238865 73 1 0 5 6 20
238868 20 1 0 5 6 21
240214 40 0 0 3 6 21
240356 42 1 0 5 6 18
240406 65 0 0 5 6 18
240439 80 1 0 5 6 18
240527 56 1 0 5 6 19
240598 38 0 0 5 6 18
240600 57 0 0 5 6 17
240996 97 0 0 5 6 19
240998 29 0 0 5 6 18
241608 80 1 0 5 6 19
241876 26 0 0 5 6 20
242173 70 1 0 5 6 21
242175 33 0 0 5 6 19
242218 16 0 0 5 6 19
242938 20 1 0 5 6 21
243301 22 0 0 5 6 16
243380 47 1 0 5 6 20
243466 65 1 0 5 6 19
243562 31 0 0 5 6 20
243656 75 1 0 5 6 20
244293 69 1 0 5 6 22
244621 8 1 0 5 6 19
244703 114 1 0 5 6 18
244834 64 0 0 5 6 19
244836 65 1 0 5 6 19
245235 75 0 0 5 6 20
245730 91 0 0 5 6 21
245966 35 0 0 5 6 22
247022 45 0 0 5 6 22
248459 77 1 0 5 6 21
249193 73 0 0 5 6 19
250230 48 1 0 5 6 19
251972 47 0 0 5 6 16
258038 71 1 0 5 6 17
258082 51 0 0 5 6 19
258084 144 1 0 5 6 19
258092 47 0 0 5 6 21
258163 109 1 0 5 6 19
258196 33 0 0 5 6 22
259358 34 0 0 5 6 17
259410 19 1 0 5 6 20
259413 76 0 0 5 5 17
259474 57 1 0 5 6 18
259611 16 0 0 5 6 16
259793 74 1 0 5 6 19
260298 63 0 0 5 6 18
260387 55 1 0 5 6 19
262608 88 1 0 5 6 19
262681 30 0 0 5 6 21
262689 37 1 0 5 6 20
262716 78 1 0 5 6 19
263674 70 1 0 5 6 19
263757 44 1 0 5 6 20
263871 22 1 0 5 6 21
263903 56 1 0 5 6 22
264524 78 1 0 5 6 18
276829 19 0 0 5 5 18
282519 15 1 0 3 6 20
283590 128 1 0 3 6 22
286965 42 0 0 3 6 19
289345 28 1 0 5 6 37
289555 25 0 0 5 6 17
300160 44 1 0 5 6 19
300387 36 0 0 5 6 22
300631 36 0 0 5 6 20
311181 38 0 0 5 6 19
317117 55 1 0 3 6 18
318953 7 0 0 5 6 19
324982 61 0 0 5 6 19
325019 63 1 0 5 6 20
327765 41 0 0 3 6 18
329243 131 1 0 5 6 17
329735 26 0 0 5 6 21
330898 23 0 0 5 6 21
334799 72 1 1 5 6 24
349928 48 1 0 5 6 18
355898 93 1 0 5 5 20
355899 123 1 0 5 6 19
357656 22 0 0 5 6 22
359149 46 1 0 5 6 21
360245 57 1 0 5 6 19
360246 29 1 0 5 5 19
360251 22 0 0 5 6 19
360490 109 1 0 5 6 18
364410 26 1 0 5 6 19
364411 151 1 0 5 6 21
364452 18 0 0 5 6 18
364538 69 1 0 5 6 19
364541 31 0 0 5 6 20
364654 29 0 0 5 6 19
364701 35 0 0 5 5 19
364788 57 1 0 3 5 20
365629 87 1 0 5 6 16
368883 25 0 0 5 6 21
379871 60 1 0 5 6 20
381610 26 0 0 5 6 19
385274 27 0 0 5 6 18
390230 38 1 0 5 6 16
394727 142 1 0 3 6 20
394991 23 0 0 5 6 17
397401 11 0 0 3 6 19
400053 33 1 0 3 6 23
418924 58 1 0 5 6 17
419224 14 1 0 5 5 26
420589 36 0 0 3 6 22
420830 25 0 0 5 5 19
421124 31 1 0 5 6 17
423466 86 1 0 5 6 20
424874 86 1 0 5 6 22
425048 55 0 0 5 6 18
425076 69 1 0 5 6 19
426102 34 1 0 3 6 21
428654 51 1 0 5 6 17
431272 32 1 0 5 6 18
431316 51 0 0 5 6 19
431408 46 1 0 3 6 19
436418 59 1 0 5 6 15
438580 52 1 0 3 6 22
438688 3 0 0 5 5 21
440073 76 1 0 3 6 19
440568 31 0 0 3 6 21
441064 18 1 0 5 6 17
443823 17 0 0 5 6 20
445605 18 1 0 3 5 22
447008 12 1 0 9 6 11
447938 28 0 0 3 5 22
450666 22 0 0 5 6 16
451538 41 1 0 3 6 21
452547 11 0 0 3 6 22
456939 18 0 0 5 6 16
468498 5 1 0 5 6 20
469725 40 0 0 3 6 23
471091 85 1 0 5 6 18
471398 44 1 0 3 6 20
471750 86 1 0 5 6 18
478229 71 1 0 5 6 22
480877 14 0 0 3 6 19
482905 28 1 0 7 6 18
488244 66 1 0 3 6 19
488284 76 1 0 3 6 19
489323 29 1 0 5 5 21
489371 14 0 0 5 6 22
489543 20 0 0 5 6 19
489629 35 0 0 5 6 19
492331 29 0 0 3 6 22
505668 37 1 0 5 6 18
506169 39 1 0 5 6 21
517975 6 0 0 5 6 20
523099 17 0 0 5 6 19
523292 12 1 1 3 5 12
523655 26 1 0 5 6 19
527307 64 1 0 5 6 21
527371 34 0 0 5 6 19
527458 100 1 0 5 6 19
527501 24 0 0 5 6 20
527676 3 1 0 5 6 22
527832 47 1 0 5 6 20
528806 10 0 0 1 6 20
529084 19 1 0 5 6 17
529760 47 1 0 3 6 18
529994 21 1 0 5 5 17
531506 58 0 0 5 6 18
533279 59 1 0 5 6 22
535270 27 0 0 5 6 17
552378 27 1 0 5 6 21
553282 21 0 0 5 6 19
557732 37 1 0 5 5 20
558106 9 0 0 5 6 19
563767 45 1 0 5 6 20
572650 24 1 0 5 5 21
572829 40 1 0 5 6 21
575482 17 0 0 5 6 17
584983 25 0 0 5 6 23
585465 56 1 1 5 6 27
585978 42 1 0 5 6 20
587504 22 1 0 3 6 16
589132 52 1 0 1 6 19
590189 123 1 0 5 6 19
599907 69 1 0 5 6 18
600010 76 1 0 5 6 19
600553 11 0 0 5 5 20
607217 20 1 0 5 5 20
608711 32 0 0 5 6 22
609174 22 0 0 5 6 21
609709 22 1 0 5 6 16
610168 56 1 0 5 6 13
610448 11 1 0 5 6 20
615775 5 0 0 5 6 22
615918 46 1 0 5 6 17
617009 19 0 0 5 6 18
618615 15 1 0 5 6 17
618702 26 0 0 5 6 18
618732 61 1 0 5 6 18
618733 30 1 0 5 5 17
619420 23 0 0 5 6 19
619623 36 1 0 5 6 18
619665 47 1 0 5 6 18
620975 58 1 0 5 6 21
621061 2 1 0 5 5 19
622476 72 1 0 5 6 19
622574 46 1 0 5 6 18
622597 25 1 0 3 6 21
622998 19 0 0 5 6 19
623257 34 1 0 5 6 20
623286 22 0 0 5 6 20
623515 28 1 0 5 6 21
623800 61 1 0 5 6 19
624260 37 0 0 5 6 19
627723 26 1 0 5 6 16
628424 50 1 0 5 6 18
629581 67 1 0 5 6 19
630478 37 1 0 5 6 18
635462 6 0 0 5 5 19
642816 12 0 0 5 6 22
648585 44 0 0 5 6 19
649595 25 0 0 5 5 19
650948 6 0 0 5 6 20
651663 15 0 0 5 6 18
651836 12 0 0 5 6 18
652882 31 0 0 5 5 16
653083 99 1 0 5 6 18
653986 72 1 0 5 6 16
654147 45 1 0 5 6 20
654470 68 1 0 5 6 16
654515 33 0 0 5 6 17
654562 23 0 0 5 6 18
655341 62 1 0 5 6 21
656045 56 1 0 5 6 20
656084 29 0 0 5 6 21
656314 23 1 0 5 6 19
656386 22 0 0 5 6 17
656556 13 0 0 5 6 21
658307 92 1 0 5 6 21
662437 34 1 0 5 6 21
662524 6 0 0 5 6 20
662827 7 0 0 5 5 21
663156 41 1 0 5 6 21
664115 27 0 0 5 6 19
665825 21 1 0 5 6 17
676217 4 0 0 3 5 22
679219 44 1 0 3 6 18
679893 12 0 0 5 6 22
686645 11 0 0 5 6 20
689231 5 1 0 5 6 19
689430 3 0 0 5 5 17
689466 39 0 0 5 6 21
696773 40 1 0 5 6 18
698778 18 0 0 5 6 18
699556 10 1 0 5 6 17
714233 27 1 0 3 6 22
717727 17 0 0 5 6 22
720322 9 0 0 3 6 20
740163 8 0 0 5 6 20
740556 8 1 0 5 5 19
746190 6 1 0 5 5 19
757469 49 1 0 5 6 19
772807 29 1 0 5 6 16
778712 39 1 0 3 6 19
788064 20 0 0 5 5 18
789872 28 0 0 5 6 18
790084 59 0 0 5 6 19
790852 42 1 0 5 6 17
792327 46 0 0 5 6 20
792681 12 0 0 5 6 17
792830 13 1 0 5 6 17
793998 11 0 0 5 6 22
820928 4 0 0 5 5 17
827348 4 0 0 5 6 19
845586 35 0 0 5 6 20
848146 8 1 0 5 6 17
853199 11 0 0 5 5 16
853779 19 0 0 5 6 22
863637 29 0 0 3 6 19
865378 3 1 0 5 6 18
884972 15 1 1 2 6 28
906497 8 1 0 5 5 17
919016 28 1 0 3 6 22
921232 5 0 0 4 6 19
923115 12 0 0 5 6 18
939858 5 0 0 5 5 19
948169 28 1 0 5 6 21
966543 19 1 0 5 6 19
971152 8 1 0 5 5 19
971441 10 1 0 5 6 18
973689 10 0 0 5 6 19
986073 3 0 0 5 6 21
986432 67 1 0 5 6 21
986468 8 1 0 5 5 18
987309 1 1 0 5 6 17
989081 27 1 0 5 5 21
1003307 2 0 0 5 6 20
1008033 24 0 0 3 5 22
1027797 3 1 0 5 5 18
1032525 44 1 0 4 6 19
1050281 5 1 0 5 5 19
1052848 5 0 0 5 6 18
1059735 6 0 0 2 5 17
1060085 31 1 0 5 6 21
1077058 5 1 0 5 5 20
1092710 8 0 0 5 6 20
1097180 5 1 0 3 5 20
1132137 10 1 0 5 6 22
1132157 7 1 0 5 6 17
1133700 2 1 0 5 5 19
1134153 3 1 0 5 6 20
1134383 9 1 0 5 6 22
1134396 2 1 0 5 5 22
1134454 4 0 0 5 6 16
1134473 2 1 0 5 5 22
1134493 23 1 0 3 6 23
1134499 1 1 0 5 5 22
1134504 3 0 0 3 6 21
1134505 11 1 0 5 5 19
1134520 2 1 0 5 5 32
1134521 2 1 0 5 5 19
1134522 1 1 0 5 6 21
1134523 4 1 0 5 5 19
1134524 1 0 0 5 5 22
1134533 2 1 0 0 6 13
1134535 3 1 0 5 5 20
1134536 2 1 0 5 5 20
1134537 2 0 0 5 6 20
1134538 1 0 0 5 5 18
1134586 6 1 0 3 5 20
1134588 1 0 0 5 5 17
1134699 9 0 0 5 6 19
1609497 10 1 0 1 6 19
