7556
19
2043
7556 885 1 1 8 6 17
101 144 1 1 0 6 20
507 104 1 0 0 6 18
655 73 1 0 0 6 19
1344 46 0 0 0 6 20
2147 128 0 0 0 6 18
2540 14 1 0 0 6 19
3503 228 1 0 2 6 18
4189 22 0 0 0 6 19
4626 113 1 0 2 6 18
6332 35 0 0 5 6 19
6601 161 1 0 5 6 19
6679 106 0 0 4 6 18
8182 68 0 0 2 6 19
8255 181 0 0 5 6 19
8311 71 0 0 0 6 18
8347 30 1 0 6 6 16
8368 67 0 0 0 6 19
8715 96 0 0 8 6 19
9383 189 1 0 0 6 19
9864 87 1 0 2 6 18
9998 36 0 0 0 6 19
10125 158 1 0 9 6 19
12159 190 0 0 2 6 19
12845 107 1 0 0 6 18
13103 119 1 0 0 6 18
13911 80 1 0 0 6 19
14698 47 1 0 0 6 18
15164 92 1 0 0 6 18
15379 183 1 0 0 6 17
19056 98 1 0 0 6 16
20596 70 1 0 7 6 18
22111 99 1 1 7 6 18
22245 35 1 0 0 6 20
22790 130 1 0 0 6 19
23031 155 1 0 0 6 19
24679 58 1 0 0 6 17
25783 77 1 0 0 6 19
26166 53 0 0 0 6 19
26434 176 0 0 2 6 18
29081 18 0 0 3 6 18
29188 35 0 0 5 6 18
29848 114 1 0 2 6 19
31571 42 0 0 8 6 18
32249 64 1 0 0 6 19
32778 151 1 0 0 6 19
36259 23 0 0 6 6 19
37639 24 1 0 9 6 17
41482 33 0 0 4 6 17
42253 65 0 0 8 6 19
42278 71 1 0 5 6 19
42394 94 1 0 7 6 17
44532 41 1 0 9 6 19
45489 47 1 0 1 6 19
47774 53 1 0 0 6 19
47827 81 0 0 3 6 20
49940 41 0 0 2 6 19
49952 87 1 0 2 6 19
51991 146 1 0 5 6 19
52126 113 1 0 5 6 19
52335 109 1 0 0 6 17
52906 51 0 0 8 6 33
53733 18 0 0 0 6 17
54025 107 1 0 2 6 19
54780 96 1 0 3 6 18
56202 42 0 0 2 6 18
56378 198 0 0 3 6 19
59372 40 0 0 4 6 18
60722 84 1 0 1 6 19
61064 36 1 0 4 6 20
61864 79 1 0 8 6 20
62356 52 0 0 8 6 18
65413 7 1 0 0 6 19
65753 90 1 0 0 6 16
66900 62 0 0 6 6 19
69202 26 0 0 8 6 14
69651 161 1 0 4 6 18
70564 111 1 1 8 6 15
72348 188 0 1 4 6 16
72424 55 1 0 1 6 20
73360 80 1 0 7 6 19
76194 79 1 0 0 6 19
76531 17 0 0 5 6 19
80070 103 1 0 0 6 17
81955 54 1 0 6 6 22
83840 134 1 0 0 6 16
83907 52 0 0 6 6 18
84685 57 0 0 6 6 17
85127 35 1 0 7 6 18
88949 362 0 1 4 6 18
92796 173 1 0 5 6 18
93555 29 0 0 0 6 18
96300 22 0 0 8 6 17
97197 52 1 0 5 6 19
98136 159 1 0 0 6 19
98590 50 1 0 0 6 18
98799 95 1 0 7 6 18
100370 54 1 0 7 6 17
101448 49 0 0 7 6 18
103192 82 1 0 0 6 19
103453 79 1 0 3 6 18
103925 64 1 0 8 6 19
106402 24 1 0 7 6 18
107058 15 0 0 9 6 16
107864 109 0 0 2 6 18
107918 66 0 0 4 6 20
108467 145 1 0 1 6 19
108863 35 0 0 4 6 19
108898 169 1 0 6 6 16
109122 45 0 0 7 6 19
109946 45 1 0 7 6 17
118191 151 1 0 0 6 19
118921 36 1 0 8 6 18
120961 22 1 0 0 6 19
121364 85 0 0 0 6 19
122568 54 1 0 7 6 18
122788 91 1 0 2 6 18
124198 68 0 0 8 6 19
124763 44 0 0 0 6 19
125516 135 1 0 8 6 18
126368 35 0 0 8 6 19
126397 87 1 0 7 6 19
126468 45 1 0 0 6 15
128154 43 0 0 7 6 19
128490 68 1 0 8 6 18
128782 54 1 0 7 6 18
129548 65 0 0 4 6 18
129856 38 1 0 0 6 16
130061 24 1 0 7 6 17
130595 37 0 0 4 6 20
130681 216 1 0 4 6 19
132789 28 0 0 8 6 18
133771 6 1 0 0 6 18
134713 95 1 0 0 6 19
136758 34 1 0 0 6 19
137845 56 1 0 5 6 20
140179 38 1 0 8 6 18
140989 24 1 0 0 6 15
141233 4 1 0 4 6 18
141603 120 1 0 6 6 16
141694 69 1 0 0 6 15
141782 140 1 0 6 6 16
145714 44 1 0 8 5 16
147485 28 0 1 2 6 19
149488 9 1 0 0 6 16
150093 19 1 0 2 6 19
151081 90 1 0 8 6 17
151782 115 1 0 0 6 19
151939 68 1 0 0 6 15
155259 43 1 0 0 6 16
156138 48 1 0 9 6 17
156159 69 1 1 8 6 16
161009 5 1 0 4 6 18
161176 50 1 0 8 6 26
161405 143 0 0 8 6 18
161915 147 1 0 4 6 19
161940 21 0 0 2 6 20
162008 49 1 0 7 6 16
162324 17 0 0 5 6 19
163391 53 1 0 4 6 13
163936 74 1 0 0 6 19
163956 54 0 0 9 6 18
164780 100 1 0 8 6 19
164822 160 1 0 7 6 19
164892 29 0 0 3 6 19
165296 62 1 0 8 6 17
165297 25 0 0 4 6 17
165298 60 0 0 4 6 15
165299 83 1 0 4 6 18
165300 17 0 0 8 6 18
165301 14 1 1 7 6 18
165302 6 1 1 8 6 14
165303 119 1 0 4 6 19
165304 213 1 1 8 6 19
165305 178 1 0 8 6 16
165307 63 0 0 8 6 24
165308 322 1 1 8 6 16
165309 14 1 0 4 6 16
165310 160 1 1 8 6 16
165311 18 1 0 7 6 16
165312 285 1 0 8 6 21
165313 23 1 0 4 6 19
165370 60 1 0 8 6 16
165371 100 0 0 2 6 15
165373 90 1 0 8 6 18
165376 88 1 0 8 6 15
165378 228 1 1 4 6 18
165379 233 1 0 9 6 16
165380 53 1 0 4 6 17
165383 145 1 1 8 6 15
165385 117 1 0 4 6 16
165387 28 0 0 3 6 19
165392 63 1 0 8 6 19
165395 212 1 0 2 6 11
165440 53 1 0 7 6 16
165494 93 0 0 4 6 18
165495 783 1 0 4 6 17
165498 24 1 0 6 6 18
165499 169 1 1 8 6 13
165500 103 1 0 8 6 16
165501 84 0 1 8 6 16
165502 84 1 0 8 6 17
165504 93 1 0 8 6 13
165505 173 1 1 8 6 15
165506 83 1 0 9 6 17
165507 30 1 0 6 6 25
165508 177 1 1 8 6 14
165657 119 1 0 1 6 18
165697 36 1 0 6 6 15
165890 3 1 0 9 6 18
165892 33 1 0 0 5 17
165957 101 1 0 6 6 16
165958 32 0 0 8 6 18
165959 147 1 0 4 6 17
165960 15 1 0 0 5 16
165961 2 0 0 8 6 17
165962 19 0 0 0 6 15
165963 75 1 0 8 6 16
165964 122 1 0 0 6 19
165965 15 1 0 8 6 15
165966 32 0 0 6 6 16
165967 11 1 0 1 6 17
165968 9 1 0 7 6 17
165969 20 1 0 8 6 20
165970 128 1 0 8 6 16
165971 26 1 0 6 6 17
165972 35 1 0 0 6 16
165973 17 1 0 6 6 16
165974 115 0 0 6 6 18
166025 51 1 0 8 6 18
166028 148 0 0 4 6 18
166029 11 1 0 0 6 15
166033 43 1 0 4 6 17
166035 102 0 0 8 6 21
166037 27 1 0 4 6 17
166038 30 1 0 1 6 19
166040 8 0 0 6 5 17
166042 49 0 0 4 6 19
166047 75 1 0 4 6 17
166048 31 1 0 6 6 15
166050 55 1 0 8 5 18
166051 48 1 0 7 6 16
166052 15 1 0 4 6 18
166053 23 1 0 4 6 19
166207 46 1 0 4 6 16
166208 18 1 0 4 6 17
166209 21 1 0 0 6 19
166213 78 1 0 8 6 16
166215 86 1 0 8 6 15
166217 13 1 0 0 6 15
166221 28 1 0 4 6 19
166223 34 1 0 8 5 16
166227 30 1 0 3 6 18
166230 124 1 0 8 6 18
166232 36 1 0 8 6 15
166234 1 1 0 7 6 18
166235 10 1 0 4 6 19
166237 27 1 0 9 6 16
166304 112 1 0 8 6 17
166305 136 1 0 8 6 16
166306 16 0 0 8 6 17
166307 9 0 0 6 6 16
166308 18 1 0 8 6 17
166309 36 0 0 8 6 20
166310 74 1 0 8 6 18
166311 51 1 0 4 6 18
166312 40 1 0 4 6 19
166313 16 0 0 4 6 16
166314 17 0 0 0 6 16
166315 24 1 0 4 6 18
166316 42 1 0 4 6 19
166317 112 1 0 8 6 19
166318 225 1 0 6 6 16
166319 24 1 0 4 6 19
166389 149 0 0 4 5 17
166390 58 0 0 8 6 18
166396 121 0 0 4 6 18
166398 50 0 0 6 5 18
166503 222 1 0 9 6 17
166504 187 1 0 6 5 16
166505 197 1 0 4 6 14
166506 10 0 0 6 6 16
166507 31 1 0 8 6 19
166508 9 1 0 8 6 16
166509 141 1 0 4 6 17
166510 117 1 0 4 6 17
166511 5 0 0 9 6 17
166512 103 1 0 4 6 20
166513 23 1 0 0 6 16
166514 41 1 1 8 6 16
166515 44 1 0 8 6 18
166516 45 1 0 9 6 17
166517 10 1 0 8 5 16
166518 13 1 0 8 6 17
166595 59 1 0 7 6 19
166596 83 1 0 8 6 17
166597 82 0 0 6 6 18
166598 92 1 0 8 6 19
166600 218 1 0 8 5 18
166601 24 1 0 0 6 15
166602 22 1 0 6 6 17
166603 61 1 0 8 6 19
166604 7 0 0 7 6 18
166605 73 0 0 8 6 19
166606 69 1 1 6 6 19
166607 54 1 0 8 6 16
166608 280 1 0 8 6 19
166609 35 1 0 6 6 16
166610 10 1 0 9 6 17
166612 31 1 0 8 6 15
166663 31 1 0 9 6 18
166664 10 1 0 0 6 16
166665 42 1 0 8 6 18
166666 30 1 0 8 6 15
166668 21 1 0 8 6 17
166670 87 1 0 5 6 18
166671 32 1 0 8 6 18
166672 12 0 0 0 6 15
166673 85 0 0 4 6 16
166674 90 0 1 8 5 16
166675 371 1 0 8 6 16
166676 323 1 0 8 6 16
166677 40 1 0 8 6 16
166678 140 1 0 6 6 20
166679 13 0 0 4 6 18
166680 52 1 0 0 6 16
166755 32 1 0 8 6 16
166756 110 0 0 7 6 19
166757 69 1 0 6 6 15
166758 85 1 0 9 6 18
166760 28 0 0 8 6 15
166761 24 0 0 4 6 18
166762 209 1 0 6 6 19
166763 66 1 0 8 6 17
166764 3 0 0 0 6 18
166765 81 0 0 8 6 19
166766 120 1 0 0 6 18
166767 80 0 0 4 6 18
166874 2 0 0 8 5 17
166875 34 1 0 4 6 18
166876 43 1 0 6 6 18
166877 35 0 0 6 6 16
166879 155 1 0 8 6 16
166880 72 1 0 6 6 23
166881 52 1 0 6 6 18
166882 293 1 0 8 6 16
166883 28 1 0 6 6 16
166884 12 1 0 8 5 18
166885 42 1 0 2 6 18
166886 57 1 0 1 6 19
166887 18 1 0 6 6 17
166888 6 0 0 8 5 16
166889 11 0 0 3 6 18
166890 38 1 0 8 6 17
166894 18 1 0 2 6 18
167013 14 1 0 9 6 17
167014 26 1 0 8 6 18
167015 75 1 0 8 6 18
167016 21 0 0 4 6 19
167017 42 1 0 9 5 17
167018 43 1 0 8 6 16
167019 28 0 0 9 6 17
167020 12 1 0 8 6 17
167021 12 1 0 6 6 16
167022 63 0 0 4 6 18
167023 60 0 0 0 6 18
167024 22 1 0 8 6 17
167025 21 1 0 9 6 17
167027 236 1 0 4 6 21
167028 30 1 0 8 6 15
167029 45 1 0 0 6 16
167030 70 1 0 8 5 16
167366 63 1 0 8 6 14
167395 19 1 0 6 6 16
167396 122 1 0 6 6 17
167397 22 0 0 8 6 19
167398 83 1 0 8 6 18
167399 153 1 0 4 6 18
167400 169 1 0 8 6 16
167402 146 0 0 4 6 17
167403 109 0 0 8 6 12
167404 12 1 0 0 6 18
167405 7 0 0 0 6 16
167406 13 1 0 4 6 18
167407 52 1 0 6 6 16
167408 20 1 0 8 6 22
167479 5 1 0 9 6 16
167519 11 1 0 8 5 16
167520 33 1 0 4 6 17
167521 62 1 0 7 6 16
167522 23 0 0 4 6 18
167523 2 1 0 4 6 18
167524 54 1 0 6 6 18
167525 6 1 0 0 5 16
167526 25 1 0 6 6 16
167527 54 1 0 4 6 18
167528 47 1 0 8 6 19
167531 27 1 0 6 6 19
167532 5 1 0 6 6 16
167533 17 0 0 6 6 18
167534 34 1 0 3 6 19
167535 9 1 0 0 6 16
167655 36 1 0 8 6 17
167658 12 1 0 6 6 15
167661 2 1 0 8 6 17
167664 16 1 0 7 6 18
167667 34 0 0 4 6 19
167670 21 1 0 4 6 18
167673 2 1 0 8 5 18
167674 33 1 0 8 5 16
167675 58 1 0 8 6 19
167676 3 1 0 8 5 16
167677 1 1 1 9 5 22
167678 14 1 0 4 6 18
167679 15 1 0 2 6 19
167680 21 1 0 9 6 17
167681 7 1 0 4 6 18
167682 44 1 0 4 6 18
167683 26 0 0 4 6 19
167684 8 1 0 9 6 17
167685 8 0 0 6 6 18
167796 81 1 0 2 6 19
167832 90 1 0 8 6 15
167834 15 1 0 8 6 18
167836 20 1 0 7 6 17
167838 8 1 0 7 6 19
167839 6 0 0 4 6 19
167840 35 1 0 9 6 20
167841 2 1 0 4 6 17
167842 6 0 0 8 6 15
167843 5 0 0 5 6 19
167844 55 1 0 8 6 16
167845 4 1 0 4 6 17
167846 56 1 0 8 6 16
167847 17 1 0 4 6 23
167848 2 1 0 2 6 18
167849 7 1 0 6 6 16
167851 6 1 0 9 6 15
167930 17 1 0 8 6 17
167931 89 1 0 8 6 15
167937 69 1 0 9 6 17
167938 1 1 0 8 6 17
167939 1 1 0 2 6 19
167940 29 1 0 4 6 20
167941 99 1 1 8 6 17
167942 6 1 0 7 6 17
167943 13 1 0 8 6 16
167944 4 1 0 4 6 17
167945 8 0 0 4 6 18
167946 28 1 0 4 6 17
167948 43 1 0 8 6 15
167949 25 1 0 8 6 19
167950 99 1 0 8 6 15
167951 77 0 0 8 6 18
167952 75 1 0 6 6 21
168006 5 1 0 7 6 16
168085 12 1 0 8 6 16
168086 11 0 0 2 6 19
168088 3 0 0 4 6 19
168090 11 1 0 1 6 19
168091 19 1 0 3 6 19
168092 1 1 0 6 5 15
168093 41 1 0 0 6 15
168096 15 1 0 0 6 15
168098 37 1 0 1 6 18
168100 9 1 0 2 6 19
168102 29 1 1 8 6 14
168104 37 1 0 4 6 17
168106 8 1 0 7 6 18
168107 13 1 0 8 6 16
168108 34 0 0 6 6 15
168184 12 1 0 4 6 17
168185 42 1 0 2 6 19
168186 8 1 0 8 6 16
168187 1 1 0 8 5 16
168188 9 1 0 9 6 18
168189 27 1 0 2 6 18
168190 62 1 0 6 5 17
168191 16 1 0 6 5 17
168192 2 1 0 4 5 18
168193 68 1 0 8 5 15
168194 9 1 0 0 5 16
168195 15 1 0 8 6 16
168196 60 1 0 6 5 17
168197 48 1 0 6 6 16
168198 97 1 0 4 6 16
168199 14 0 0 8 6 19
168200 17 1 0 8 5 16
168201 16 1 0 8 5 17
168260 2 0 0 8 6 16
168261 8 0 0 4 6 19
168262 11 1 0 8 6 19
168263 2 1 0 8 5 17
168264 16 1 0 9 6 17
168265 55 1 0 8 5 15
168266 4 0 0 4 6 18
168268 1 1 0 0 6 16
168269 10 1 0 0 6 16
168271 8 1 0 8 6 16
168273 48 1 0 4 6 17
168274 90 1 0 6 6 17
168275 13 0 0 4 6 19
168277 22 1 0 8 6 19
168370 74 1 0 8 6 19
168371 3 1 0 8 6 17
168372 26 1 0 8 6 18
168373 89 1 0 4 6 17
168374 9 1 0 2 6 18
168375 25 1 0 4 6 18
168376 103 1 0 8 6 18
168377 10 1 0 8 5 17
168379 32 1 0 6 5 15
168380 87 1 0 6 6 15
168381 13 1 0 8 6 19
168382 177 1 0 4 6 18
168383 51 1 0 6 6 21
168384 77 1 0 6 6 18
168385 54 0 0 4 6 18
168387 4 1 0 0 5 16
168388 37 1 0 8 6 19
168462 37 0 0 4 6 17
168463 79 0 0 4 6 18
168464 9 1 0 0 5 17
168465 2 0 0 2 5 17
168466 58 1 0 8 5 17
168467 8 1 0 6 6 16
168468 10 1 0 8 6 15
168470 1 1 0 8 5 17
168471 6 0 0 4 6 18
168472 96 1 0 2 6 19
168473 11 1 0 4 6 19
168474 2 1 0 8 5 17
168475 3 0 0 8 6 17
168478 12 1 0 8 6 17
168479 10 1 0 8 5 15
168480 1 1 0 8 6 18
168971 76 1 0 8 6 16
168972 72 1 0 8 6 16
168973 16 1 0 8 6 16
168974 7 1 0 4 6 18
168975 32 1 1 8 6 14
168978 84 1 0 4 6 17
168979 102 1 1 8 6 20
168980 32 1 0 6 6 16
168981 44 1 0 8 5 18
168982 66 1 0 8 6 18
168983 38 1 0 9 6 18
168984 52 1 0 0 6 16
168985 37 1 0 1 6 21
168986 58 1 0 6 6 18
168988 7 0 0 4 5 19
168991 99 1 0 4 6 17
169222 9 1 0 8 6 16
169224 4 1 0 0 5 15
169225 3 1 0 0 5 17
169227 191 1 0 6 6 16
169229 2 0 0 6 5 15
169231 46 0 0 6 6 18
169233 161 1 0 9 6 20
169234 31 0 0 4 6 18
169235 104 1 0 8 6 16
169236 11 1 0 6 5 17
169237 12 0 0 7 6 20
169238 26 1 0 4 6 18
169239 56 1 0 4 6 17
169240 154 1 0 8 6 17
169241 278 1 0 6 6 19
169242 12 1 0 8 6 17
169243 30 1 0 6 6 17
169244 32 1 0 8 6 17
169245 71 1 0 6 6 15
169300 5 1 0 6 5 15
169301 4 1 0 0 5 16
169306 34 0 0 6 6 15
169312 9 1 0 8 6 16
169315 72 0 0 8 6 15
169317 106 0 0 8 6 19
169320 22 0 0 6 6 18
169321 59 0 1 5 6 30
169323 24 0 0 8 6 18
169327 12 0 0 8 6 17
169329 63 0 0 6 6 19
169331 44 0 0 8 6 18
169390 48 0 0 8 6 20
169391 153 1 0 6 6 16
169392 37 0 0 8 6 18
169394 32 1 0 8 6 17
169395 109 1 0 8 6 18
169396 21 0 0 7 6 18
169397 103 1 0 8 6 18
169398 76 1 0 7 6 18
169399 77 0 0 6 6 17
169400 40 1 0 1 6 19
169483 41 1 0 8 6 18
169484 126 1 0 6 6 19
169485 149 1 0 3 6 18
169486 37 0 0 8 6 17
169487 35 0 0 1 6 19
169488 104 1 0 3 6 18
169490 57 0 0 0 6 19
169493 51 1 0 8 6 20
169494 25 1 0 0 6 17
169496 16 0 0 0 6 19
169499 19 0 0 6 6 19
169500 122 1 0 7 6 16
169502 152 1 0 2 6 19
169503 53 0 0 3 6 19
169504 24 0 0 8 6 19
169505 99 1 0 7 5 17
169506 81 0 0 8 6 18
169550 27 0 0 8 6 18
169552 100 1 0 4 6 19
169553 28 1 0 8 6 18
169554 87 1 0 7 6 19
169555 233 1 0 4 6 18
169556 161 1 0 8 6 16
169557 233 1 0 7 6 18
169558 25 1 0 7 6 16
169559 84 1 0 6 6 19
169560 74 0 0 8 6 19
169561 16 1 0 6 6 16
169562 117 1 0 5 6 19
169563 26 1 0 5 6 20
169564 133 1 0 8 6 18
169668 50 0 0 8 6 18
169669 78 1 0 8 6 18
169670 117 1 0 6 6 19
169671 67 0 0 8 6 18
169672 163 0 0 6 6 20
169673 77 1 0 8 6 18
169676 105 1 0 0 6 16
169677 54 1 0 7 6 18
169678 20 0 0 8 6 17
169679 35 0 0 8 6 18
169740 25 0 0 2 6 18
169741 100 1 0 8 6 20
169742 43 1 0 8 6 15
169743 59 1 0 7 6 19
169744 42 1 0 8 6 18
169745 45 1 0 8 5 17
169746 31 0 0 8 6 16
169747 149 1 0 5 6 19
169748 85 1 0 7 6 19
169749 63 1 0 8 6 18
169750 18 0 0 8 6 18
169751 43 1 0 3 6 19
169752 20 0 0 8 6 18
169753 65 1 0 8 6 19
169754 64 1 0 7 6 19
169842 95 1 0 7 6 18
169843 22 0 0 8 6 17
169844 40 1 0 6 6 16
169845 84 1 0 8 6 19
169846 35 0 0 9 6 17
169847 43 1 0 8 6 19
169848 65 0 0 6 6 19
169849 69 0 0 8 6 19
169850 42 0 0 3 6 18
169851 38 1 0 1 6 19
169852 39 1 0 8 6 18
169948 71 1 0 7 6 18
169949 91 1 0 3 6 18
169950 29 0 0 8 6 18
169951 45 1 0 7 6 18
169952 48 0 0 8 6 15
169953 162 1 0 7 6 18
169954 65 1 0 8 6 19
169955 21 0 0 8 6 17
169956 36 0 0 8 5 19
169958 119 1 0 8 6 19
169960 65 0 0 0 6 18
169961 18 0 0 8 6 16
170140 43 0 0 7 6 18
170141 56 1 0 7 6 18
170142 230 1 0 3 6 20
170143 18 1 0 1 6 20
170144 93 1 0 6 6 19
170145 13 0 0 8 6 18
170146 45 1 0 4 6 18
170147 63 1 0 8 6 19
170148 68 1 0 8 6 18
170149 69 1 0 7 6 20
170150 18 0 0 8 6 20
170151 35 0 0 3 6 19
170152 62 0 0 8 6 19
170153 40 1 0 3 6 19
170247 34 0 0 2 6 20
170248 128 1 0 3 6 19
170249 69 0 0 8 6 17
170250 29 1 0 3 6 19
170251 123 1 0 7 6 18
170252 42 1 0 0 6 16
170253 33 1 0 0 6 16
170254 64 1 0 3 6 19
170255 8 1 0 7 6 15
170256 62 1 0 7 6 19
170257 61 1 0 7 6 18
170258 6 0 0 8 6 17
170259 32 0 0 8 6 18
170260 77 1 0 8 6 17
170323 19 0 0 8 6 18
170325 41 0 0 2 6 19
170326 51 1 0 1 6 19
170327 129 1 0 5 6 20
170328 74 1 0 8 6 19
170331 44 0 0 3 6 19
170333 45 0 0 7 6 18
170335 38 0 0 7 6 18
170337 123 1 0 0 6 19
170340 15 0 0 0 6 19
170343 62 1 0 6 6 16
170345 33 1 0 8 6 19
170576 44 0 0 8 6 19
170577 35 0 0 8 6 18
170578 91 1 0 7 6 19
170579 16 0 0 0 6 19
170580 64 0 0 8 6 18
170581 92 1 0 8 6 19
170582 68 1 0 0 6 20
170583 64 1 0 0 6 16
170584 144 1 0 8 6 18
170585 78 1 0 8 6 17
170586 62 0 0 3 6 19
170588 37 0 0 6 6 18
170589 99 1 0 2 6 19
170590 109 1 0 6 6 19
170591 35 1 0 8 6 18
170593 127 1 0 5 6 19
170739 193 1 0 6 6 18
170742 26 0 0 0 6 17
170744 16 0 0 8 6 18
170746 20 0 0 8 6 16
170748 56 1 0 8 5 15
170751 40 0 0 7 6 17
170753 135 0 0 8 6 18
170755 67 1 0 0 6 15
170757 188 1 0 4 6 18
170759 17 1 0 7 6 18
170761 38 1 0 8 6 15
170763 78 1 1 8 6 18
170764 36 1 0 6 6 16
170890 46 1 0 6 6 15
170892 41 1 0 8 6 17
170893 92 1 0 8 6 16
170894 32 1 0 7 6 18
170896 26 0 0 8 6 18
170897 31 1 0 8 6 18
170898 94 1 0 6 6 18
170899 27 0 0 8 5 15
170900 46 1 0 6 5 15
170901 19 1 0 6 6 15
170902 27 0 0 8 6 16
170903 17 0 0 7 6 19
170904 33 1 0 8 6 16
171073 94 1 0 8 6 19
171074 44 1 0 8 6 15
171075 7 0 0 8 5 16
171077 83 1 0 0 6 16
171078 27 1 0 0 6 15
171079 6 1 0 7 6 17
171080 44 1 0 6 6 16
171081 20 0 0 8 6 18
171082 31 1 0 7 6 17
171084 10 1 0 6 6 16
171085 92 0 0 7 6 17
171086 22 0 0 9 5 17
171087 31 1 0 8 6 18
171088 187 0 0 4 6 17
171089 60 1 0 8 6 20
171090 34 1 0 0 6 17
171141 60 1 0 6 6 16
171142 30 1 0 9 6 16
171143 13 1 0 4 6 19
171145 37 0 0 9 6 18
171147 123 1 0 8 6 18
171149 102 1 0 7 6 15
171151 63 1 0 8 6 20
171152 30 1 0 8 6 18
171155 84 1 0 7 6 20
171157 33 1 0 8 6 18
171159 43 0 0 8 6 17
171160 174 1 0 4 6 17
171162 50 1 0 8 6 19
171165 24 0 0 8 6 16
171167 128 0 0 4 6 17
171302 35 0 0 3 6 20
171303 43 0 0 0 6 16
171304 37 1 0 7 6 17
171305 31 1 0 1 6 14
171308 46 0 0 6 6 16
171309 31 0 0 8 6 16
171310 44 1 0 8 6 19
171311 97 0 0 4 6 27
171312 62 1 0 4 6 17
171313 20 1 0 8 6 18
171382 97 1 0 8 6 16
171384 141 0 0 8 6 16
171389 395 1 0 8 6 18
171457 22 0 0 0 6 17
171459 68 0 0 4 6 17
171460 191 1 0 8 6 18
171462 99 1 1 8 6 16
171464 52 1 0 8 6 16
171466 32 1 0 3 6 19
171468 24 1 0 4 6 18
171471 42 0 0 8 6 17
171474 51 1 0 4 6 19
171477 67 1 0 8 6 25
171479 284 1 0 8 6 16
171481 72 1 0 0 6 15
171483 182 1 0 8 6 16
171485 84 0 0 8 6 17
171545 23 0 0 8 6 18
171546 60 1 0 8 6 18
171547 97 1 0 8 6 16
171549 162 0 0 4 6 17
171551 107 0 0 8 6 19
171552 34 0 0 8 6 18
171553 38 1 0 0 6 16
171554 31 1 0 8 6 16
171555 28 0 0 7 6 17
171556 32 0 0 8 6 18
171557 141 1 0 6 6 17
171579 26 0 0 8 6 18
171580 45 0 0 8 6 16
171581 68 1 0 7 6 18
171582 55 1 0 5 6 18
171584 12 0 0 8 6 17
171586 58 0 0 6 6 18
171587 27 0 0 8 6 19
171589 86 1 0 8 6 19
171590 52 0 0 8 6 20
171592 20 1 0 8 6 16
171594 55 0 0 8 6 18
171595 24 0 0 8 6 18
171596 77 0 0 8 6 18
171597 51 0 0 7 6 18
171658 46 0 0 8 6 18
171659 38 0 0 2 6 19
171661 17 0 0 8 6 17
171662 67 1 0 8 6 16
171663 116 1 0 2 6 18
171664 61 1 0 8 6 18
171665 58 1 0 8 6 16
171666 24 0 0 8 6 18
171667 34 1 0 8 6 16
171668 46 0 0 8 5 19
171669 30 1 0 7 6 17
171670 21 1 0 0 6 16
171671 26 1 0 8 6 17
171672 138 1 0 8 6 19
171717 35 0 0 8 6 16
171721 16 1 0 0 6 16
171723 11 1 0 8 6 17
171726 26 0 0 8 6 18
171728 67 1 0 6 6 19
171729 91 1 0 8 6 17
171730 53 1 0 0 6 20
171731 17 1 0 8 6 16
171732 70 1 0 8 5 16
171733 49 1 0 8 6 17
171734 18 0 0 7 6 18
171735 33 1 0 8 6 17
171788 34 0 0 0 6 16
171789 131 1 0 8 6 16
171790 40 1 0 8 6 18
171791 73 1 0 4 6 18
171792 64 1 0 6 6 15
171793 38 1 0 9 6 18
171794 41 0 0 7 6 17
171795 110 1 1 8 6 22
171796 44 1 0 4 6 18
171797 69 1 0 8 6 17
171798 44 0 0 8 6 19
171800 62 1 0 8 6 19
171801 91 1 0 8 6 17
171802 26 1 0 2 6 18
171834 124 1 0 2 6 20
171836 85 1 0 8 6 15
171837 62 1 0 7 6 18
171838 19 0 0 8 6 16
171839 10 0 0 6 6 17
171840 38 1 0 6 6 16
171841 11 0 0 7 6 18
171843 126 1 0 8 6 16
171845 94 1 0 6 6 19
