76467
19
527
76467 478 1 1 7 6 24
2814 134 0 0 0 6 21
3232 599 1 0 2 6 18
22249 81 1 0 0 6 23
30797 81 1 0 0 6 19
31522 64 0 0 7 6 17
31909 141 1 0 8 6 23
40048 65 0 0 3 6 22
41600 191 1 0 7 5 19
41735 144 1 0 4 6 26
41931 119 1 0 4 5 31
41945 13 0 0 4 6 28
42360 215 1 0 7 6 20
46666 126 1 0 1 6 21
48213 80 0 0 4 6 18
48899 101 0 0 5 6 16
49322 97 0 0 1 6 29
49388 67 1 0 7 5 16
49835 97 0 0 2 6 23
51753 33 0 0 7 5 32
52312 110 0 0 6 6 18
52362 147 0 0 6 6 23
52874 122 1 0 5 6 21
54531 104 0 0 4 6 18
57297 135 0 0 7 6 22
61303 292 0 0 4 6 16
62087 165 0 0 9 6 27
74566 110 1 0 7 6 17
74667 128 1 0 2 6 20
76631 161 1 0 5 6 24
77401 116 1 0 5 6 19
79092 422 1 1 1 6 26
82838 133 1 0 7 6 21
83851 156 0 0 5 6 25
85217 44 1 0 2 6 23
86431 123 0 0 7 6 21
86798 67 0 0 7 6 22
87599 6 0 0 2 5 27
90016 128 1 0 5 6 21
90300 47 0 0 7 6 20
90345 20 0 0 7 6 20
94112 130 1 0 7 6 19
97390 24 0 0 7 6 18
101262 93 0 0 7 6 27
102581 98 1 0 7 6 20
106422 143 1 0 7 6 21
107541 276 1 0 2 6 16
108396 122 1 0 7 6 26
113150 61 1 0 1 6 25
113315 168 1 0 2 6 21
113316 37 1 0 2 6 22
113321 102 1 0 7 6 25
113338 114 0 0 7 6 17
113411 39 0 0 5 6 21
113516 85 0 0 7 6 26
114369 99 1 0 6 6 31
119136 37 0 0 7 6 21
119854 136 1 0 5 6 17
125483 59 1 0 2 6 21
126051 62 0 0 7 6 21
126708 209 1 0 2 6 15
126797 127 1 0 2 6 18
126799 143 1 0 2 6 17
127874 301 1 0 2 6 16
129348 34 1 0 7 6 17
130050 7 1 0 2 5 18
130595 37 0 0 4 6 20
130604 89 1 0 7 6 18
130828 295 1 0 5 6 18
131752 107 0 0 7 6 22
131884 144 1 0 7 6 16
132011 97 0 0 7 6 19
132993 48 0 0 7 6 16
134713 95 1 0 0 6 19
135638 52 1 0 7 6 17
146959 763 1 0 7 6 20
149836 66 0 0 2 6 22
150941 77 1 0 5 6 16
154758 33 1 0 6 6 20
158973 62 1 0 7 6 19
159931 212 1 0 7 6 19
160003 100 1 0 1 6 20
172643 68 0 0 8 6 17
173396 51 1 0 7 6 22
173403 136 0 0 7 6 18
173611 83 1 0 7 6 18
174462 126 0 0 7 6 17
175467 15 0 0 7 6 29
178023 102 0 0 7 6 37
179420 222 1 0 7 6 19
184748 37 1 0 7 6 20
188524 18 0 0 7 6 25
188561 235 1 0 7 6 21
191956 115 1 0 6 6 20
192109 59 0 0 7 6 19
192259 222 1 0 7 6 19
193767 87 1 0 6 6 19
193986 104 0 0 2 6 24
194179 180 1 0 7 6 19
194920 106 0 0 7 6 21
195748 54 1 0 7 6 19
197115 38 0 0 7 6 20
202715 90 0 0 7 6 21
202840 75 0 0 7 6 18
202842 108 1 0 7 6 17
202843 45 1 0 7 6 16
203220 104 0 0 7 6 19
211551 135 1 0 7 6 20
211595 58 1 0 7 6 17
213525 120 1 0 7 6 18
223364 102 1 0 7 6 18
223408 70 0 0 8 6 19
223742 174 1 0 7 6 17
223743 49 1 0 7 6 17
224139 22 1 0 7 6 22
224506 43 1 0 7 6 18
224660 110 0 0 6 6 17
224840 169 1 0 7 6 18
229696 30 1 0 1 6 29
230120 17 0 0 2 6 23
230666 36 0 0 1 6 21
231979 56 1 0 7 6 15
233386 34 1 0 7 6 26
234720 49 1 0 0 6 16
238132 61 0 0 0 6 21
238908 102 1 0 7 6 20
240395 66 1 0 6 6 19
251184 35 1 0 7 6 23
254972 100 0 0 6 6 27
255522 98 1 0 2 6 15
256222 21 0 0 7 6 22
256446 80 1 0 6 5 16
257020 47 0 0 7 6 23
258182 157 1 0 6 6 17
258315 187 1 0 6 6 22
258372 77 0 0 7 6 16
258972 202 1 0 7 6 23
258979 130 1 0 7 6 23
259748 62 1 0 5 5 25
260354 136 0 0 2 6 27
263342 138 1 0 2 6 18
264898 33 1 0 7 5 23
269899 28 0 0 6 6 22
271178 100 1 0 6 6 25
271220 50 1 0 1 6 24
275172 202 1 0 7 6 17
275824 46 0 0 4 6 22
277708 34 0 0 1 6 19
278742 101 1 0 7 6 18
278811 30 0 0 1 6 20
282655 136 1 0 7 6 17
284489 34 0 0 0 6 36
285891 152 1 0 6 6 20
286429 122 1 0 7 6 21
286647 8 0 0 5 6 19
286842 67 0 0 5 6 19
287100 25 1 0 5 5 20
287232 230 1 0 7 6 21
289029 26 1 0 5 6 19
289334 49 0 0 7 6 23
289672 99 1 0 7 6 17
289740 72 1 0 5 6 20
290101 33 1 0 4 6 25
290458 42 0 0 6 6 20
291036 45 0 0 4 6 23
292254 14 1 0 2 6 27
296186 37 1 0 7 5 29
296256 59 1 0 7 6 22
305339 226 1 0 6 6 19
305571 231 1 0 7 6 19
305770 35 0 0 5 6 31
305778 112 1 0 6 6 25
305831 128 1 0 7 6 17
305835 162 1 0 7 6 20
305928 283 1 0 6 6 20
308821 35 1 0 7 6 22
308924 66 1 0 7 6 19
310356 59 1 0 1 6 15
315435 98 1 0 7 6 15
317916 107 0 0 8 6 26
318297 37 0 0 7 6 21
318596 7 1 0 7 6 22
319309 205 1 0 6 6 31
319723 142 0 0 2 6 18
320696 92 1 0 6 6 24
323496 44 0 0 7 6 22
323755 312 0 0 6 5 18
325568 28 1 0 6 6 27
329837 51 0 0 7 6 29
330024 52 1 0 7 6 25
330171 69 0 0 8 6 26
330233 55 0 0 7 6 27
330258 126 0 0 6 6 23
332607 122 1 0 7 6 16
332609 73 1 0 6 5 20
333484 42 0 0 7 6 23
333986 66 1 0 8 6 20
336392 56 0 0 6 6 18
337468 76 1 0 7 6 15
338341 11 1 0 7 6 34
338751 55 0 0 7 6 16
339293 70 1 0 7 6 20
339375 115 1 0 2 6 21
339935 65 1 0 7 6 16
341883 152 0 0 2 6 17
342134 87 1 0 1 6 18
342346 44 0 0 0 6 28
342704 105 0 0 6 6 18
345052 49 0 0 1 6 23
345129 21 0 0 1 6 34
345782 57 1 0 1 6 22
348248 69 0 0 3 6 27
349976 37 1 0 5 6 20
350203 50 1 0 7 6 18
350397 28 1 0 2 6 18
353838 59 1 0 1 5 26
354620 87 0 0 1 6 33
354790 114 1 0 7 6 19
356057 46 1 0 1 6 21
357286 58 1 0 7 6 17
358946 94 1 0 7 6 20
359284 117 1 0 5 6 19
366786 35 0 0 7 6 22
367201 115 1 0 7 6 20
369112 56 0 0 7 6 19
370440 92 1 0 5 6 28
370738 21 0 0 7 6 22
370828 42 1 0 7 6 34
373198 7 1 0 7 6 20
373846 21 1 0 2 6 27
373854 79 0 0 6 6 22
374014 49 1 0 2 6 27
374032 61 0 0 7 6 26
375333 53 0 0 0 6 32
378044 87 1 0 9 6 19
382507 77 0 0 9 6 16
385006 57 0 0 4 6 20
385081 38 0 0 4 6 17
386999 23 0 0 4 6 24
390942 56 0 0 7 6 17
392078 113 1 0 7 6 23
395025 85 1 0 6 6 16
405575 55 1 0 7 6 18
408428 36 1 0 7 6 17
410221 69 1 0 4 6 23
414637 114 1 0 7 6 17
416864 29 0 0 7 6 22
418019 69 0 0 2 6 18
418392 86 1 0 7 6 21
418588 39 1 0 7 6 20
418939 122 1 0 2 6 17
418960 65 1 0 7 6 22
420243 41 0 0 7 6 16
420585 73 1 0 7 6 18
421533 90 1 0 7 6 17
422050 51 1 0 7 6 23
422249 240 1 0 7 6 20
422646 32 0 0 4 6 16
425372 80 1 0 7 6 22
425824 100 1 0 7 6 15
430682 18 1 0 7 6 17
431955 13 0 0 3 6 20
432035 20 1 0 1 5 27
439505 96 1 0 7 6 20
440959 46 0 0 1 6 22
442237 51 1 0 7 6 18
442539 60 1 0 7 6 18
443443 22 1 0 7 6 20
444098 50 1 0 7 6 17
444277 119 1 0 5 6 20
444671 30 1 0 7 6 19
444967 41 1 0 5 6 19
445155 36 1 0 7 6 22
445389 75 1 0 7 6 17
445859 113 1 0 5 6 20
446260 68 1 0 7 6 18
446307 108 1 0 7 6 20
446545 92 1 0 7 6 19
446769 143 0 0 6 6 25
446828 51 1 0 5 6 21
450394 39 0 0 6 6 22
453745 63 1 0 7 5 20
455627 92 0 0 4 6 17
456788 47 0 0 7 6 25
457200 18 1 0 6 6 22
465502 149 1 0 7 6 18
465603 124 0 0 7 6 17
468935 68 0 0 5 6 19
468969 10 1 0 5 6 18
469931 13 0 0 7 6 16
471169 70 1 0 5 6 18
472131 26 1 0 5 5 19
474106 38 1 0 7 6 23
479430 21 1 0 2 6 25
481692 54 1 0 7 6 27
482180 70 1 0 7 6 19
482533 5 0 0 2 6 23
483796 78 1 0 7 6 22
483947 44 0 0 7 6 32
484413 89 1 0 2 5 16
484699 32 1 0 7 6 18
484784 16 0 0 4 6 19
485617 51 1 0 5 6 20
485908 36 1 0 5 6 25
485972 19 1 0 7 6 23
486160 70 1 0 5 6 17
486394 67 1 0 5 6 17
486570 70 0 0 6 6 22
486711 74 1 0 7 6 20
486726 39 0 0 7 6 30
486729 27 1 0 7 6 26
487055 38 1 0 7 6 22
487180 36 0 0 7 6 24
487329 30 0 0 2 6 19
487432 94 1 0 6 6 27
487490 3 0 0 7 5 21
487918 49 1 0 7 6 22
488253 29 1 0 7 6 19
489001 47 1 0 7 6 21
489139 39 0 0 7 6 23
489356 50 0 0 7 6 23
489830 54 1 0 1 6 21
490131 58 1 0 7 5 25
490316 77 1 1 6 6 19
490474 59 1 0 5 6 22
490516 115 1 0 5 6 32
493147 20 1 0 7 6 20
493159 60 1 0 7 6 18
493416 25 0 0 7 6 24
493682 35 1 0 2 5 28
494266 10 0 0 7 5 18
495269 55 0 0 7 6 18
497221 58 1 0 7 6 18
501061 28 0 0 7 6 33
501257 10 1 0 7 6 15
502058 46 1 0 7 6 21
508319 79 1 0 7 6 20
516088 74 0 0 7 6 20
518814 51 1 0 7 6 22
518923 64 1 0 7 6 24
528732 17 1 0 2 6 19
529028 98 1 1 7 5 21
530477 58 1 0 7 5 17
535663 14 0 0 7 6 27
538688 49 1 0 4 6 20
542017 53 1 0 1 5 21
550545 71 1 0 7 6 22
559017 58 1 0 5 6 21
559732 60 1 0 6 6 21
559932 36 1 0 7 6 21
561248 62 1 0 1 6 24
561684 43 1 0 6 6 21
569060 58 1 0 7 6 24
575804 30 0 0 7 6 18
586571 10 0 0 7 6 29
587277 13 1 0 7 6 25
593990 15 1 0 7 6 18
595905 54 1 0 5 6 24
596260 43 0 0 5 6 19
598123 32 1 0 7 6 18
598236 42 0 0 5 6 25
602600 99 1 0 7 6 19
602606 63 1 0 7 6 24
614152 29 0 0 1 6 29
624819 53 1 0 2 6 18
628242 43 1 0 7 6 29
628246 60 1 0 7 6 25
664282 26 0 0 7 6 22
672822 31 0 0 7 6 23
690850 14 0 0 2 6 15
691549 41 1 0 7 6 20
704477 53 0 0 7 6 19
707681 41 1 0 6 6 14
714694 9 0 0 5 6 31
744799 76 1 0 7 6 23
752102 7 0 0 4 6 27
763572 59 1 0 7 6 18
763695 36 1 0 6 6 17
767956 30 0 0 7 6 20
769342 88 1 0 7 6 24
769415 13 1 0 7 6 22
769416 7 1 0 7 5 25
769609 7 0 0 5 6 22
770220 24 1 0 7 6 24
770221 15 1 1 2 6 12
770222 7 1 0 2 5 20
770233 5 0 0 7 6 18
770234 3 1 0 7 5 23
770309 24 1 0 6 6 25
770310 5 1 0 7 5 19
770339 48 1 0 7 6 19
770340 22 1 0 7 6 16
770341 46 1 0 5 6 22
770342 1 1 0 7 6 23
770343 17 1 0 7 6 18
770344 8 1 0 7 6 22
770354 44 1 0 7 6 24
770359 21 0 0 7 6 29
770360 1 0 0 7 6 18
770404 23 1 0 7 6 19
770408 60 1 0 7 6 26
770428 18 1 0 7 6 31
770429 16 1 0 7 6 24
770443 3 1 0 7 6 19
770448 34 1 0 7 6 23
770449 5 1 0 7 5 25
770469 24 1 0 7 6 21
770478 2 1 0 7 5 17
770479 4 1 0 7 5 15
770480 1 1 0 6 5 23
770481 2 1 0 5 5 20
770485 14 1 0 0 6 27
770486 4 1 0 6 5 20
770503 1 0 0 7 5 26
770504 33 1 0 7 6 17
770505 17 1 0 5 5 22
770519 19 1 0 4 6 20
770520 2 1 0 7 5 26
770521 15 1 0 7 6 17
770531 1 0 1 7 6 26
770533 18 1 0 1 6 20
770534 5 1 0 2 6 23
770549 24 1 0 5 6 22
770550 31 0 0 1 6 25
770551 7 0 0 8 6 22
770553 8 1 0 4 6 22
770554 12 1 0 1 6 23
770555 10 1 0 7 6 17
770572 9 0 0 2 6 19
770575 13 1 0 2 6 20
770576 5 1 0 7 5 17
770577 7 1 0 4 5 18
770578 31 1 0 2 6 16
770608 21 1 0 6 6 23
770609 24 0 0 7 6 18
770628 9 1 0 7 6 23
770630 15 1 0 1 5 19
770631 10 1 0 2 5 22
770632 1 0 0 7 5 19
770633 41 1 0 6 6 30
770668 22 0 0 2 6 19
770670 23 0 0 7 6 37
770671 3 1 0 7 5 16
770672 1 0 0 7 6 28
770896 34 1 0 1 6 21
770962 2 0 0 7 5 19
770963 18 1 0 7 6 19
770964 14 1 0 7 5 28
770965 13 0 0 7 6 26
770966 12 0 0 7 6 24
770979 1 0 0 1 6 21
770996 40 1 0 5 6 22
771015 32 0 0 7 6 27
771022 45 1 0 7 5 22
771026 49 1 0 7 6 22
771048 22 0 0 7 6 27
771049 30 1 0 5 6 25
771050 22 0 0 7 6 21
771051 3 0 0 7 5 29
771075 13 1 0 7 6 28
771096 47 0 0 7 6 19
771097 35 0 0 7 6 22
771098 46 1 0 7 6 20
771099 19 1 0 7 6 26
771100 11 0 0 7 6 26
771101 10 0 0 7 5 28
771108 40 1 0 1 6 26
771170 53 0 0 7 6 18
771173 54 1 0 4 6 25
771177 9 1 0 7 6 22
771179 4 1 0 7 5 23
771180 61 1 0 5 6 20
771197 5 1 0 7 5 19
771198 11 0 0 7 5 22
771199 37 0 0 7 6 29
771209 35 1 0 7 6 26
771210 37 0 0 7 6 21
771227 9 0 0 7 6 29
771249 42 0 0 7 6 19
