334849
19
533
334849 459 1 1 8 5 19
20851 453 1 0 9 6 24
24440 379 1 0 8 5 19
24862 199 1 0 9 6 20
25149 51 0 0 1 6 20
39494 153 1 0 4 6 20
39500 81 1 0 8 6 17
39509 35 0 0 4 6 19
39803 267 1 0 4 6 19
39856 80 0 0 6 6 18
40587 409 1 0 8 6 21
40643 74 1 0 6 6 16
41183 276 0 0 6 6 18
42584 24 1 0 7 6 17
47900 50 1 0 0 6 14
55895 108 1 0 8 6 19
57349 54 0 0 6 6 29
72296 355 1 0 4 6 16
72892 216 1 0 8 6 17
76050 66 1 0 2 6 16
92205 106 1 0 8 6 19
93354 302 0 0 6 6 18
108206 151 1 0 8 6 16
108979 189 0 0 4 6 19
122116 117 1 0 6 6 19
122828 67 1 0 9 5 19
123497 86 1 0 2 6 18
125152 31 1 0 2 5 20
126388 76 1 0 8 6 15
135587 83 1 0 8 6 17
154140 34 1 0 8 6 18
154849 104 1 1 8 6 16
159185 47 1 0 7 6 17
164080 152 1 0 8 6 18
165312 285 1 0 8 6 21
165495 783 1 0 4 6 17
166025 51 1 0 8 6 18
168373 89 1 0 4 6 17
169239 56 1 0 4 6 17
170551 72 1 1 6 5 19
171160 174 1 0 4 6 17
171162 50 1 0 8 6 19
171389 395 1 0 8 6 18
172518 332 1 0 6 6 19
172532 185 1 0 2 5 22
174462 126 0 0 7 6 17
178704 112 0 0 9 6 16
182332 134 0 0 6 6 19
185272 208 0 0 8 6 17
188283 111 1 0 8 6 16
192762 55 1 0 8 6 19
193210 30 1 0 2 6 29
197480 76 0 0 8 6 15
210395 151 1 0 0 5 18
211007 398 1 0 6 6 19
211138 96 1 0 6 6 21
211207 212 1 0 8 5 19
211860 41 1 1 2 6 17
211927 78 0 0 6 6 16
212275 183 1 0 8 6 17
213471 286 1 0 2 6 14
214601 24 1 0 8 6 20
224619 162 1 0 4 6 15
224886 205 1 0 9 6 20
224995 382 1 0 8 6 13
225038 17 1 0 8 6 16
225043 169 1 0 8 5 19
225332 146 0 0 4 6 17
239996 164 1 1 8 6 20
241057 293 1 1 8 6 21
253498 33 1 0 0 6 18
253703 76 1 0 0 5 16
254992 49 1 0 0 6 18
259133 57 1 0 8 6 14
259339 112 1 0 8 6 18
270570 55 1 0 6 6 19
271322 384 1 0 4 6 15
271416 124 1 0 2 6 14
271593 246 1 0 8 6 16
271830 42 0 0 9 6 17
274109 50 0 0 8 6 18
277271 94 1 0 4 6 19
277888 104 1 0 4 6 15
279012 151 1 0 3 6 16
279312 167 1 0 6 6 18
279448 213 1 0 6 6 14
279449 102 1 0 4 5 18
279452 74 1 0 2 6 19
279457 10 1 1 4 5 17
282414 113 1 0 8 6 17
282453 106 1 0 6 6 17
282619 248 1 0 8 6 17
282713 87 1 0 8 6 22
282714 70 1 0 8 6 22
282890 336 0 0 8 6 18
285550 264 1 0 8 6 15
285551 256 1 0 8 6 18
285703 351 1 0 8 6 19
298297 149 1 0 4 5 19
299502 134 1 0 8 6 17
299597 222 1 0 8 6 19
301141 35 1 0 6 6 15
301457 62 1 0 6 6 15
305647 319 0 0 6 6 19
309338 232 1 0 4 6 17
312136 64 1 0 4 6 17
313651 49 1 0 8 6 16
314261 76 1 0 1 6 20
315178 110 1 1 4 6 29
320102 67 1 0 4 6 20
320331 76 1 0 8 6 17
320530 152 1 0 8 6 17
320621 30 1 0 8 6 19
323056 161 1 0 1 6 13
323272 74 1 0 6 6 16
323446 125 1 0 8 6 16
323755 312 0 0 6 5 18
332619 193 1 0 8 5 19
334194 82 1 0 9 6 20
337869 25 0 0 6 6 15
340190 164 1 0 5 5 13
348320 184 1 0 6 6 19
348453 268 1 0 4 6 15
348496 70 1 0 9 6 20
351264 298 1 0 1 6 14
351380 28 1 0 2 6 11
352535 134 1 0 4 6 19
352838 66 1 0 4 6 20
352989 157 1 0 8 6 15
353029 223 1 0 8 6 18
353042 152 1 0 8 5 16
353059 72 1 0 8 6 19
353066 263 1 0 8 6 16
353069 41 1 0 8 5 14
353102 148 1 0 8 6 15
353106 88 1 0 8 5 17
353180 72 1 0 8 6 19
353237 78 1 0 8 6 20
353420 229 1 0 8 5 18
354037 43 1 0 6 5 29
354366 298 1 0 8 6 16
354409 97 1 0 8 6 16
354429 134 1 0 8 5 16
354459 114 1 0 8 6 20
355378 115 1 0 4 6 17
356067 149 1 0 8 6 18
367977 142 1 1 9 6 12
367978 115 1 0 8 6 18
367981 108 1 1 8 6 17
370502 47 1 1 8 6 25
370637 373 1 1 8 6 18
371411 125 1 1 4 5 20
371479 26 1 1 8 6 18
371530 16 1 0 8 5 24
371603 32 1 0 8 5 17
372131 48 1 1 8 5 20
374221 177 1 0 8 6 16
374493 48 1 0 8 6 15
374562 223 1 1 8 6 18
374575 35 1 1 4 5 16
374608 350 1 1 8 6 19
374842 75 1 1 9 6 14
374876 58 1 1 8 6 25
375388 95 1 0 8 6 19
375582 164 0 0 4 6 16
375988 62 1 1 8 6 19
381638 167 1 0 9 6 17
382032 79 1 0 6 6 15
382079 140 1 0 8 6 19
382092 57 1 0 2 6 16
382659 19 1 0 8 5 19
385456 177 1 0 6 6 15
394094 15 1 0 0 5 18
395687 406 1 0 8 6 16
404024 12 1 0 2 6 18
406266 47 1 0 8 6 19
406942 138 0 1 8 6 18
406964 68 1 0 8 6 19
407025 10 1 1 5 6 17
408639 217 1 1 8 6 20
415127 87 1 1 8 6 18
421065 105 1 1 8 6 16
424219 78 1 0 8 6 19
429557 60 1 0 4 6 19
430044 137 1 0 6 6 18
430703 46 1 1 8 6 26
430749 112 1 0 8 6 17
431952 15 1 0 6 6 17
431991 73 1 0 8 6 18
432052 53 1 0 8 6 19
432160 265 0 0 6 6 21
432164 259 1 0 8 6 18
432431 97 1 0 2 6 18
433033 181 1 0 8 6 20
433133 45 1 0 5 6 19
437987 13 1 0 9 6 24
440027 29 1 1 6 5 29
441826 6 1 0 6 6 15
450761 132 1 0 1 6 17
454171 248 1 0 6 6 15
454305 134 1 0 8 6 18
455000 74 1 0 6 6 15
456222 40 1 0 1 6 17
456948 166 0 0 2 6 20
459132 157 1 1 8 6 13
459249 323 1 0 9 6 20
459336 110 1 0 2 6 14
459416 205 0 0 4 5 17
459497 145 1 0 2 5 15
462663 318 0 0 4 6 16
462754 59 1 0 8 6 12
462801 94 1 0 8 5 16
466739 63 1 0 8 5 18
466775 97 1 0 8 6 21
466875 42 1 0 8 5 17
469290 13 1 0 8 6 21
469965 16 1 1 2 6 21
470105 111 0 0 6 6 16
470307 65 1 0 8 5 19
470480 184 1 0 8 5 15
471579 245 1 0 6 6 60
471712 197 1 0 8 6 21
471923 73 1 0 6 6 17
472918 76 1 0 4 6 18
482424 95 1 0 8 6 17
482878 37 1 0 4 6 26
493893 64 1 0 8 5 13
494123 63 1 0 6 6 20
497192 60 1 0 8 6 21
501095 34 1 0 9 6 19
502585 65 1 0 8 6 17
504521 38 1 1 5 6 19
505408 39 1 0 6 6 19
508674 107 0 0 8 6 19
510181 34 1 0 4 6 15
510489 259 0 0 8 6 18
510989 137 1 1 8 6 20
512378 124 1 1 9 6 21
513631 88 1 0 9 6 13
514648 55 0 1 8 6 7
514657 75 1 1 8 6 15
514658 136 1 0 8 6 17
515546 248 1 0 4 5 19
517620 108 1 0 6 6 14
517746 33 1 1 8 6 20
517950 22 0 0 4 6 21
518035 22 1 0 8 5 17
518379 123 1 0 8 6 15
518485 252 0 0 8 6 17
519156 84 0 0 8 5 17
520886 103 0 0 6 6 16
521535 44 1 1 8 6 18
521625 45 0 0 6 6 17
522672 85 1 0 6 6 14
522818 32 1 0 2 6 18
525119 149 1 1 8 6 15
525540 21 1 1 8 5 19
525981 129 1 0 6 6 21
526336 151 1 0 4 6 18
527148 44 0 0 4 6 20
527398 68 1 0 2 6 14
527462 63 1 0 2 6 19
528526 65 1 0 0 5 17
531944 66 1 0 8 6 19
533571 105 1 0 8 6 18
535046 101 1 0 8 6 16
535168 47 1 0 8 6 15
535391 178 1 0 8 6 16
536157 78 0 0 2 6 19
538635 23 0 1 6 5 14
539397 129 1 0 4 6 18
539705 143 1 0 8 6 17
542709 30 1 0 6 6 16
544153 35 1 0 8 6 19
549172 15 1 0 9 6 15
552289 54 1 1 8 6 15
554231 23 0 0 4 5 18
558675 107 1 0 3 5 18
560406 125 1 1 8 6 18
560419 64 0 0 8 6 19
560844 34 1 0 8 6 15
562799 77 1 0 9 6 20
563061 46 0 0 8 6 14
564029 56 1 0 1 5 15
564471 19 1 0 8 6 17
564569 62 0 0 8 6 18
575110 80 1 1 6 6 22
578180 56 1 1 8 6 23
581198 22 1 0 2 6 20
588431 41 1 0 8 5 28
591303 110 1 0 8 6 16
594019 38 1 0 9 6 20
596684 110 0 0 6 6 13
607803 56 1 0 8 6 14
609099 11 1 0 4 6 15
616302 47 1 1 6 6 16
616737 42 1 0 4 6 31
618609 49 1 1 8 6 33
633589 82 1 0 8 6 16
633748 15 1 0 6 6 13
634170 50 1 0 4 6 18
638746 16 1 0 2 6 16
638747 8 1 0 2 6 11
638749 23 1 0 2 6 12
638751 29 1 0 2 6 14
638756 14 1 0 2 6 16
640082 22 1 0 6 6 13
643018 53 1 0 8 6 17
646677 39 1 0 8 6 18
646773 42 1 0 8 6 20
646901 55 1 0 8 6 20
650124 79 1 0 8 6 20
653853 202 1 0 8 6 16
664992 146 1 1 4 6 12
666176 19 1 0 6 6 21
671323 13 1 0 8 6 19
672094 26 1 0 3 6 19
674282 7 1 0 4 5 24
679798 120 1 1 8 6 14
691986 47 1 0 2 6 13
696248 28 1 0 0 6 19
698427 76 1 0 1 6 29
698571 54 1 0 6 6 17
699712 112 1 0 1 6 16
700874 71 1 0 8 6 17
700977 21 1 0 4 5 19
706871 104 1 0 8 6 17
707486 50 1 0 4 6 17
719951 39 1 0 0 6 17
722322 50 1 0 0 6 14
724496 81 1 0 8 6 19
724708 18 1 0 2 5 13
725413 63 1 0 2 6 26
727018 45 1 0 8 5 16
734535 42 1 0 3 6 17
746909 85 1 0 8 6 19
746916 26 1 0 8 6 19
747173 23 1 0 8 5 18
747185 63 1 0 8 6 17
747305 54 0 0 6 6 19
748062 49 1 0 8 5 17
748301 32 1 0 0 5 15
748826 205 1 0 6 6 17
749190 37 0 0 8 5 17
749542 29 1 0 8 6 16
749549 71 1 0 6 6 18
750741 37 1 0 8 6 18
752060 79 1 0 8 6 15
752963 89 1 0 4 6 17
753019 24 1 0 8 5 18
753332 21 1 0 9 5 20
754065 94 1 0 8 6 16
755352 31 1 0 8 5 15
756468 50 1 0 8 6 16
756796 34 1 0 4 6 20
756797 21 1 0 0 5 16
763584 25 1 0 4 6 14
764004 35 1 0 0 6 20
768135 26 0 1 4 6 18
768274 17 1 0 8 5 13
783405 37 1 0 8 6 6
783422 37 1 0 8 5 14
784347 60 1 0 8 6 21
784845 6 1 0 2 6 16
785045 21 1 0 8 6 19
785577 34 1 0 1 6 20
792594 40 1 0 8 6 15
801640 19 0 0 2 6 19
803349 5 1 0 3 6 30
805263 10 1 0 8 6 19
808459 48 1 1 8 6 19
808502 21 1 1 4 6 12
808559 31 1 0 8 5 18
808563 23 1 0 8 6 23
811482 11 1 1 8 5 18
811622 25 1 0 8 6 20
812770 15 1 0 8 6 16
813530 14 0 0 2 6 22
813867 5 0 1 6 6 14
814744 47 1 0 8 6 19
818920 30 1 0 8 6 16
821243 43 1 0 6 6 21
822227 41 1 0 2 6 19
823833 33 1 1 3 6 17
824731 26 1 0 6 6 15
826825 24 1 0 8 6 18
826828 22 1 1 8 6 23
827163 37 1 0 8 5 23
843773 10 1 1 2 5 29
870013 44 1 0 8 6 11
883433 66 1 1 8 6 14
885180 11 1 1 2 5 18
886186 60 1 1 8 6 16
886348 53 1 0 8 5 19
891564 14 1 0 8 6 15
894723 29 1 0 6 6 18
905472 37 1 0 8 5 18
918204 47 1 0 2 6 23
930106 20 0 0 4 6 20
932465 25 1 0 9 5 17
932831 54 1 0 6 6 13
932873 17 1 1 6 5 18
933052 8 0 0 4 6 21
938112 8 1 1 8 6 16
946764 10 1 1 8 6 19
968270 3 1 0 6 5 17
988239 60 1 0 8 5 14
988264 25 1 0 8 5 12
994058 16 1 1 8 6 23
1002751 12 1 0 8 6 15
1003578 87 1 1 8 6 18
1004540 41 1 0 8 6 16
1006801 17 0 0 8 5 19
1024359 50 1 1 8 6 21
1025198 13 1 0 8 6 17
1043380 19 1 1 8 5 17
1047390 26 1 1 8 6 27
1058847 7 1 1 8 5 29
1068499 29 1 0 6 6 16
1069552 13 0 1 4 6 20
1072003 19 1 0 8 6 16
1076628 18 1 0 8 6 34
1111256 22 1 0 8 6 33
1114370 7 1 0 8 5 19
1114793 9 0 0 4 5 20
1115283 10 1 1 8 5 12
1115293 12 1 1 8 6 16
1115354 13 1 0 8 6 40
1115378 4 1 1 8 6 18
1115475 15 1 0 8 6 16
1116003 10 1 0 4 6 16
1117083 23 1 0 2 6 15
1120849 32 1 1 8 6 20
1153284 7 1 0 8 6 14
1153304 2 1 0 8 5 15
1153305 14 1 0 8 5 19
1155397 13 1 1 4 6 30
1177637 3 1 0 2 5 15
1187172 27 1 0 8 6 18
1190832 20 1 0 8 6 20
1203101 49 1 1 8 6 12
1203397 42 1 0 8 6 16
1240073 4 1 0 6 5 17
1253825 5 1 0 8 5 21
1254053 10 1 1 8 5 12
1254097 3 1 0 2 5 15
1254109 1 1 1 8 6 17
1254110 10 1 0 8 6 18
1254115 1 1 0 6 5 16
1254189 4 1 0 8 5 19
1254193 13 1 0 8 6 13
1254210 4 1 0 7 6 18
1254212 7 1 1 6 5 12
1254221 3 1 0 8 5 17
1254226 17 1 1 8 6 23
1254321 4 1 1 6 5 32
1254335 15 1 1 8 6 20
1254361 11 1 1 8 5 25
1254572 3 1 1 8 5 21
1254573 3 1 0 9 6 17
