134768
19
2117
134768 520 1 1 6 6 32
270 80 0 0 0 6 22
2104 67 0 0 0 6 21
6065 66 1 0 6 6 24
14781 63 1 0 9 5 25
18951 145 1 0 0 6 21
24862 199 1 0 9 6 20
25632 110 1 0 3 6 29
26978 42 1 0 0 6 22
28101 120 1 0 3 6 24
28322 66 0 0 7 6 21
30670 106 0 0 7 6 21
32931 193 1 0 3 6 21
34882 38 0 0 7 6 22
35725 66 0 0 9 6 25
36166 73 0 0 3 6 22
41735 144 1 0 4 6 26
42431 57 1 0 9 6 26
43222 170 1 0 6 6 24
44607 157 1 0 3 6 20
47670 66 0 0 6 6 21
47766 24 0 0 3 6 26
47779 31 1 0 3 6 22
49104 177 0 0 3 6 25
50199 22 1 0 1 5 19
50628 224 1 0 7 6 17
51460 131 1 0 2 6 23
52273 20 0 0 1 6 29
52866 13 0 0 4 6 25
52920 21 0 0 4 6 21
53853 53 0 0 6 6 29
54525 42 0 0 5 6 36
54916 24 0 0 7 6 23
54992 21 1 0 3 5 23
55497 126 1 0 6 6 20
55617 153 1 0 0 6 27
56413 31 0 0 1 6 26
56916 47 1 0 6 6 26
57075 4 1 0 2 5 26
57294 59 0 1 5 6 23
58532 55 1 0 5 6 21
58560 37 0 0 6 6 23
58883 56 0 0 4 6 21
59123 62 1 0 6 6 21
59279 63 0 0 5 6 16
60139 40 0 0 5 6 27
62343 69 0 0 6 6 19
62418 37 0 0 8 6 21
63045 24 0 0 6 6 22
64938 40 0 0 5 6 20
64943 106 0 0 3 6 23
65084 271 1 0 6 6 18
65091 107 1 0 7 6 19
66607 181 0 0 2 5 22
68070 64 1 0 9 6 29
68680 28 0 0 2 6 22
69235 9 0 0 0 6 22
73706 85 1 1 6 6 19
74317 132 1 0 6 6 21
76472 68 0 0 0 6 23
82018 24 0 0 3 6 23
82314 43 0 0 1 6 25
83531 45 1 0 0 6 22
83851 156 0 0 5 6 25
85751 48 0 0 1 6 26
87521 270 1 0 5 6 19
87921 48 0 0 8 6 21
88558 96 1 0 2 6 23
89559 33 0 0 5 6 25
89947 117 0 0 1 6 31
90882 75 0 0 5 6 20
92210 42 1 0 7 6 22
93124 47 1 0 4 6 24
94124 126 0 0 4 6 17
94564 7 0 0 7 5 20
94932 66 0 0 2 6 24
96866 31 1 0 0 6 23
102118 76 1 0 2 6 21
102408 20 0 0 8 6 26
102904 101 0 0 2 6 19
107611 10 0 0 1 6 31
108280 5 1 0 9 5 23
108476 19 0 0 9 6 21
108622 69 1 0 2 6 22
108946 7 1 0 1 6 27
109733 47 1 0 9 6 23
110032 16 0 0 0 6 24
111562 167 1 0 9 6 24
113150 61 1 0 1 6 25
114323 50 0 0 2 6 20
116805 55 0 0 7 6 16
119243 109 0 0 7 6 21
119614 73 1 0 6 6 27
120900 4 1 0 0 6 23
121107 83 1 0 1 6 22
121607 17 0 0 0 6 24
123820 736 1 0 2 6 17
125486 105 1 0 3 6 23
126336 115 0 0 6 5 22
127747 76 1 0 1 6 22
133194 82 0 0 6 6 21
134758 31 1 0 0 6 15
134878 187 1 0 6 6 23
134883 51 0 0 6 6 20
135231 26 0 0 6 6 24
138532 61 0 0 4 6 21
138964 128 0 0 7 6 17
139042 42 1 0 2 6 23
144776 39 0 0 0 6 30
149500 40 0 0 3 6 21
151976 24 1 0 8 6 22
152503 14 1 0 2 5 21
152651 13 1 0 3 5 21
153423 7 1 0 2 6 20
171987 43 1 0 0 6 25
175223 30 0 0 7 6 23
175517 7 1 0 1 5 28
178100 41 1 0 0 6 22
178875 153 1 0 2 6 20
183605 11 1 0 4 5 28
187554 63 1 0 1 6 28
187609 18 0 0 0 6 23
188119 62 1 0 4 6 20
192405 32 1 0 2 6 26
194359 49 1 0 2 6 28
198030 128 1 0 2 6 22
201632 17 0 0 4 6 25
204411 70 0 0 2 6 30
205839 108 1 0 0 6 23
206774 109 1 0 7 6 22
207506 40 0 0 2 5 26
208541 14 0 0 4 6 23
210924 33 0 0 8 6 21
211604 175 0 0 6 6 19
211840 49 0 0 3 6 22
217385 76 1 0 2 6 23
221430 23 0 0 0 6 26
222556 91 1 0 7 6 19
223767 44 1 0 8 6 21
225878 16 1 0 0 6 20
226845 15 1 0 4 5 22
229432 21 0 0 4 6 27
230568 11 1 0 8 5 24
230658 36 0 0 1 5 25
230997 17 1 0 2 6 24
231043 7 0 0 1 6 22
231126 48 0 0 8 6 19
236328 95 1 0 1 6 27
240335 40 0 0 0 6 21
241887 151 1 0 5 6 25
242079 79 1 0 7 6 16
246295 54 1 0 6 6 22
248325 41 1 0 0 6 24
249751 5 1 0 2 5 20
257341 33 0 0 3 6 23
258170 15 0 0 0 6 21
259998 4 0 0 9 5 27
260066 11 1 0 9 6 25
261483 9 1 0 0 5 21
262516 120 1 0 8 6 22
263021 72 0 0 6 6 22
263834 33 1 0 0 5 20
267754 27 1 0 9 5 21
272026 37 1 0 5 5 28
272690 42 1 0 1 6 22
275990 24 1 0 2 6 19
275992 50 1 0 6 6 21
276216 45 1 0 4 5 23
276897 38 1 0 6 6 22
277130 14 0 0 1 6 22
277272 33 1 0 8 6 21
277281 58 1 0 2 6 27
277411 43 1 0 6 6 22
278474 12 0 0 3 6 23
278743 27 1 0 2 6 23
278939 47 0 0 2 6 19
279038 6 0 0 0 5 18
281623 185 0 0 6 6 23
282644 23 0 0 1 6 24
286066 18 1 0 0 6 12
286579 32 0 0 5 6 24
287120 101 0 0 5 6 23
287677 10 1 1 1 5 25
288963 19 1 0 1 6 22
289328 28 0 0 6 6 20
290146 28 1 0 4 5 22
290340 13 1 0 4 6 25
291712 10 1 0 4 5 37
291989 59 1 0 5 6 23
292116 28 1 0 9 6 23
292153 47 1 0 9 5 21
296495 35 1 0 4 5 20
296927 64 0 0 1 6 25
297490 7 0 0 6 6 24
298328 30 1 0 7 5 23
298588 51 1 0 0 6 26
298974 49 0 0 7 6 26
302430 12 0 0 0 6 31
302535 61 0 0 3 6 23
302898 28 0 0 5 6 24
304644 32 1 0 2 5 28
305548 138 1 0 6 6 22
305778 112 1 0 6 6 25
308250 32 0 0 6 6 20
310136 26 0 0 6 6 23
312028 6 0 0 5 6 30
312996 88 1 0 4 5 28
315867 10 0 0 9 6 26
315931 5 0 0 9 6 28
317356 11 0 0 4 5 30
317572 39 1 0 2 6 21
317754 20 1 0 1 6 24
318145 32 1 0 2 6 24
318256 21 1 0 1 5 28
318298 29 1 0 1 6 23
318593 1 0 0 1 6 24
319139 46 0 0 8 6 29
319255 11 1 0 7 6 26
319420 58 1 0 5 5 29
319514 37 0 0 2 6 21
319530 30 0 0 1 6 29
319630 5 0 0 4 6 21
320500 46 1 0 6 6 21
324570 28 1 0 2 6 30
327065 73 1 0 6 6 24
328925 22 0 0 4 6 21
329735 26 0 0 5 6 21
331267 21 1 0 9 6 21
334639 44 1 0 0 5 22
335927 86 1 1 6 6 19
339067 54 1 0 9 6 26
339732 36 1 0 6 6 22
345452 21 1 0 1 6 20
346092 22 0 0 6 6 25
346213 48 1 0 4 6 27
347885 5 1 0 2 6 20
348149 5 0 0 6 5 21
348443 50 0 0 6 6 24
349179 64 1 0 4 6 26
350459 8 0 0 2 5 22
352377 30 1 0 6 6 11
353619 46 1 0 2 6 25
354002 21 1 0 1 6 21
354012 51 1 0 1 6 27
355355 27 0 0 4 6 23
356432 25 0 0 2 6 22
356792 17 1 0 1 6 22
357669 12 0 0 2 6 21
358949 129 1 0 5 6 22
360387 52 1 0 3 6 21
364630 4 1 0 1 6 21
365668 9 1 0 6 6 23
367334 37 1 0 2 6 17
367700 16 0 0 8 5 27
368255 41 0 0 1 5 21
370226 25 0 0 0 6 22
370825 67 1 0 6 6 23
373564 5 1 0 2 6 26
373628 38 0 0 2 6 24
374364 104 1 0 3 6 39
382475 38 1 0 4 6 18
383798 44 1 0 7 6 23
383909 10 1 0 2 5 23
386160 6 0 0 1 5 20
386870 22 0 0 4 5 26
389454 25 1 0 1 6 24
389554 30 0 0 1 6 30
391060 25 0 0 8 6 28
412260 21 0 0 5 6 22
424396 4 0 0 2 6 20
427730 26 0 0 2 6 27
427747 192 1 0 6 6 25
430372 53 1 0 1 6 24
431563 47 1 0 1 6 25
431919 18 1 0 8 6 22
432653 24 1 0 9 6 26
432945 95 1 0 8 6 26
433018 64 1 0 3 6 26
442053 32 0 0 7 6 23
445748 53 0 0 6 6 23
450364 54 0 0 6 6 23
454999 27 1 0 2 6 22
456371 21 0 0 5 6 25
458034 8 1 0 2 5 26
459578 124 0 0 9 5 20
466315 97 1 0 6 6 20
466775 97 1 0 8 6 21
467400 33 1 0 9 5 25
469478 13 0 0 2 6 30
469860 37 1 0 6 5 23
472173 15 1 0 5 6 23
473784 24 0 0 6 6 17
476278 62 1 0 4 6 27
478935 91 1 0 7 5 22
481780 44 1 0 7 6 21
481844 8 0 0 8 6 21
482303 65 1 0 6 6 20
485454 5 1 0 5 5 26
485565 7 1 0 5 5 28
486184 4 1 0 2 5 22
486707 4 0 0 4 6 21
486921 32 0 0 6 6 25
486926 95 1 0 2 6 23
487428 13 1 0 6 6 22
488178 14 1 0 2 6 24
488449 52 1 0 7 6 25
488453 8 1 0 2 6 22
489040 9 1 0 2 6 21
495305 56 1 0 4 6 23
498757 40 1 0 6 6 34
499384 13 0 0 6 6 20
499442 37 0 0 6 6 31
501690 52 1 0 2 6 29
507621 70 1 0 9 6 21
509248 7 0 1 4 5 23
509356 21 0 0 2 6 21
514351 18 0 0 4 6 33
514491 57 1 1 6 6 19
518565 89 1 0 2 6 22
528510 29 1 0 8 6 25
533559 1 0 0 6 6 21
538805 14 1 0 7 6 36
539517 55 0 0 6 6 19
542013 26 1 0 3 5 23
542017 53 1 0 1 5 21
545074 9 0 0 6 6 27
548850 80 1 0 6 6 23
551340 22 1 0 9 5 22
557003 64 1 0 7 6 19
558039 8 0 0 4 6 24
560941 9 0 0 2 6 23
561329 25 1 0 2 6 29
562939 54 1 0 4 5 26
564787 20 0 0 9 6 22
565581 16 0 0 9 6 21
573476 11 1 0 4 6 21
584812 13 1 0 4 5 26
587657 7 0 0 4 5 23
589140 12 0 0 1 6 23
589541 28 1 0 7 6 22
593593 9 0 0 5 6 24
597185 45 1 0 2 6 13
597765 9 0 0 6 6 32
598514 22 1 1 5 6 53
598515 27 1 1 6 6 31
598608 7 0 0 2 6 21
598636 45 1 0 8 6 22
598829 16 0 0 5 6 31
598882 14 1 0 2 6 26
598950 12 1 0 2 6 27
599555 74 1 0 6 5 22
599980 14 0 0 6 6 28
600683 15 0 0 6 6 28
603398 8 1 0 2 6 23
611774 9 1 0 4 5 30
612152 19 1 0 5 5 23
613186 47 1 0 7 6 16
614689 9 0 0 6 6 29
621277 10 1 0 6 6 24
624850 8 1 0 2 6 25
630144 38 0 0 6 6 22
641169 20 0 0 4 6 22
647232 5 0 0 5 5 27
655417 45 0 0 8 6 23
672838 10 1 0 0 6 22
677187 16 0 0 4 6 27
679989 31 1 0 6 6 23
680971 20 0 0 6 6 28
689190 15 0 0 8 6 28
689365 7 0 0 6 6 22
690961 6 0 0 1 6 19
696003 16 1 0 4 6 22
699705 16 0 0 1 5 22
699833 13 0 0 8 6 26
713356 19 1 0 1 6 30
713893 5 0 0 4 5 21
716074 50 0 0 6 6 22
716701 5 1 0 6 6 13
716771 17 1 0 2 6 22
718466 5 0 0 3 6 24
720214 5 0 0 9 6 26
722933 40 1 0 7 6 23
726563 21 0 0 7 6 33
726893 41 0 0 2 6 35
729133 17 1 0 7 5 26
729832 5 1 0 9 6 24
730151 8 1 0 6 6 28
732440 6 1 0 2 6 26
732650 10 0 0 4 6 25
734704 26 1 0 4 6 26
734761 8 1 0 2 6 21
736180 18 0 0 7 5 28
741756 18 1 0 9 6 22
742313 10 1 0 0 6 29
744526 72 1 0 6 6 22
746911 4 1 0 0 5 23
751566 6 0 0 6 6 28
757455 21 0 0 6 6 23
759067 7 1 0 7 6 21
760478 27 1 0 6 6 34
762984 51 1 0 4 6 24
763957 6 1 0 2 6 21
764418 15 1 0 7 6 23
767246 10 1 0 0 6 28
769524 7 1 0 4 6 28
771293 17 1 0 4 6 23
772306 6 1 0 1 5 28
773304 16 1 0 0 5 28
774150 5 1 0 1 6 21
792337 7 1 0 2 6 21
792747 3 0 0 6 6 29
792940 7 0 0 8 6 29
799818 16 1 0 5 6 21
799840 2 0 0 4 5 22
802382 13 1 0 4 5 30
815546 12 1 0 5 6 24
818026 13 1 0 1 6 21
820435 16 0 0 2 6 28
844057 6 1 0 5 5 23
844586 12 0 0 7 6 21
844800 18 1 0 2 6 22
850138 20 1 0 3 6 24
851210 14 0 0 2 6 25
854425 8 1 0 2 5 22
857321 9 1 0 3 6 25
869513 3 0 0 8 5 26
881825 37 1 0 7 6 21
882642 2 0 0 6 6 28
882842 31 1 0 7 6 21
895109 4 0 0 7 5 24
896493 8 1 0 4 6 25
901206 6 1 0 1 6 20
908491 16 1 0 7 6 31
920409 11 1 0 1 6 27
921421 40 1 0 6 6 22
925019 15 1 0 4 6 26
925354 2 1 0 2 5 21
930377 2 0 0 6 6 21
946650 3 0 0 6 6 22
957891 8 1 0 6 6 22
958199 2 1 0 6 5 27
958601 5 1 0 7 6 22
958748 8 1 0 6 5 28
958954 1 1 0 0 5 19
958963 3 1 0 2 5 29
959074 26 1 0 1 6 29
959075 1 1 0 0 5 21
959081 11 1 0 6 6 23
959098 3 1 0 6 6 19
959103 12 1 0 9 5 21
959107 6 0 1 6 6 36
959173 7 1 0 4 6 29
959174 8 0 0 2 6 29
959205 12 1 1 6 5 29
959262 3 1 0 9 6 23
959263 7 0 0 3 6 23
959290 15 1 0 4 5 31
959291 7 1 0 7 5 23
959298 4 1 0 4 6 25
959299 7 1 0 3 6 35
959300 3 0 0 1 5 21
959301 18 1 0 9 6 21
959329 2 1 0 8 5 24
959371 12 0 0 2 6 28
959372 5 1 0 3 6 26
959374 8 1 0 5 5 21
959375 3 0 0 8 6 26
959383 12 1 0 2 6 24
959384 5 1 0 6 5 21
959385 1 0 0 1 6 28
959386 2 0 0 1 6 24
959403 14 1 0 6 6 32
959405 2 1 0 5 5 28
959406 1 1 0 8 6 24
959410 2 0 0 8 5 22
959414 2 1 0 2 6 28
959415 8 1 0 6 5 21
959416 11 1 0 2 6 21
959418 3 1 0 8 6 17
959427 1 0 0 6 5 27
959428 3 1 0 2 6 25
959442 51 0 0 4 6 19
959446 7 0 0 2 6 24
959448 5 1 0 2 6 22
959459 3 1 0 2 6 26
959460 1 1 0 6 6 20
959463 2 0 0 2 6 23
959464 1 1 0 1 6 21
959477 7 1 0 2 5 25
959478 2 0 0 6 6 23
959479 1 1 0 1 6 26
959488 3 0 0 4 6 21
959489 8 0 0 8 6 25
959505 11 1 0 5 5 26
959506 5 1 0 5 5 21
959507 17 1 0 5 5 30
959514 7 1 0 2 5 26
959516 2 0 0 2 5 24
959517 1 0 0 3 5 24
959518 6 1 0 9 5 23
959519 3 1 0 2 5 22
959537 3 0 0 2 5 20
959538 1 0 0 0 5 24
959539 1 1 0 2 5 23
959540 3 1 0 6 5 29
959541 1 1 0 1 5 21
959599 21 1 0 6 6 30
959603 16 0 0 6 6 28
959643 31 0 0 6 6 23
959649 3 0 0 7 6 29
959672 3 0 0 5 6 25
959691 7 1 0 3 6 21
959693 12 1 0 1 6 25
959707 8 0 0 4 6 46
959730 1 1 0 6 6 21
959743 11 0 0 1 6 28
959744 6 0 0 6 6 31
959745 1 0 0 0 6 24
959746 16 1 0 4 6 22
959772 17 1 0 3 6 24
959791 3 1 0 6 5 26
