147064
19
2050
147064 570 1 0 4 6 18
7108 85 1 0 4 5 12
12314 45 1 0 4 6 18
12602 333 1 0 4 5 19
21982 111 1 1 4 6 28
28541 79 0 0 4 6 19
33514 127 1 1 0 6 17
38904 71 1 1 0 6 21
40602 51 1 1 4 5 24
40609 12 0 0 4 5 40
41733 89 0 1 4 5 22
41735 144 1 0 4 6 26
41859 61 0 0 4 6 41
41860 57 1 0 4 5 19
41931 119 1 0 4 5 31
44231 23 1 0 4 5 22
48170 17 1 0 4 5 30
48347 107 1 0 4 6 26
48362 27 1 0 8 6 16
48366 62 1 0 4 6 26
48382 67 0 1 4 6 25
63269 70 0 0 4 6 19
64142 8 0 0 4 6 19
66999 26 1 0 4 5 19
68596 508 1 0 4 6 21
77003 282 1 0 9 6 17
79226 670 1 0 8 6 11
87035 17 0 0 4 6 18
88959 29 0 0 4 6 26
113066 56 1 0 3 6 23
131289 21 1 0 4 5 19
131773 118 1 0 4 6 19
133848 72 1 0 4 6 19
142415 49 1 0 4 5 19
142419 61 1 0 4 6 19
144761 51 1 0 4 6 21
145923 555 1 1 6 6 18
146253 37 1 1 4 5 18
146953 129 1 0 4 6 18
147066 51 1 1 4 5 18
147077 17 0 0 4 6 23
147083 59 0 0 4 6 22
147128 110 1 0 4 6 19
147131 105 1 1 4 6 18
147135 47 1 0 4 5 19
147197 4 0 0 4 6 30
147339 14 1 1 4 5 18
147394 12 1 0 4 5 27
147396 93 1 0 4 6 29
147408 26 1 1 4 6 18
147410 10 1 1 4 5 18
147501 45 1 1 4 5 18
147503 40 1 1 4 6 18
147508 96 1 1 4 6 18
147514 1 1 0 4 5 19
147516 50 0 1 4 6 18
147521 103 0 1 4 6 19
147548 88 1 0 4 5 18
147550 2 0 0 4 5 19
147551 46 1 0 4 6 19
147558 105 1 0 4 6 24
147563 12 1 0 4 5 19
147652 10 0 0 4 5 23
147660 41 1 1 4 6 18
147661 22 0 1 4 5 18
147662 14 0 1 4 5 18
147700 22 0 1 4 6 18
147706 50 0 0 4 5 19
147712 78 1 1 4 6 19
147719 26 1 0 4 6 22
147840 98 1 0 4 6 19
147844 30 1 0 4 6 19
147848 39 1 1 4 6 18
147850 5 0 1 4 5 18
147933 142 1 1 4 5 19
148375 51 0 1 4 5 18
148377 9 1 0 4 5 19
148380 11 1 0 4 5 19
148381 18 0 0 4 5 19
148417 39 0 0 4 6 19
148418 8 0 0 4 5 19
148420 15 1 1 4 5 15
148422 66 1 1 4 6 19
148423 37 1 1 4 5 18
148425 27 1 0 4 5 19
148426 9 0 0 4 6 18
148430 20 0 0 4 5 21
148432 23 1 0 4 6 11
148516 9 1 0 4 5 19
148519 34 1 0 4 5 19
148521 10 0 0 4 6 24
148526 85 1 1 4 5 18
148578 10 0 1 4 6 22
148584 38 1 0 4 5 19
148586 43 1 0 4 6 19
148683 33 0 0 4 6 24
148686 189 1 1 4 6 18
148776 8 1 0 4 5 19
148779 47 1 0 4 6 19
148784 21 0 1 4 5 20
148788 43 1 1 4 5 18
148789 12 1 0 4 5 26
148792 25 1 0 4 5 19
148885 15 0 0 4 6 19
148886 83 1 1 4 6 18
148895 7 0 0 4 5 26
148897 10 0 0 4 6 19
148908 11 0 0 4 6 12
148990 19 0 0 4 5 19
148993 12 0 0 4 6 16
149046 51 0 1 4 6 18
149051 54 1 0 4 6 18
149053 6 1 0 4 5 19
149054 31 0 0 4 6 26
149056 22 1 1 4 5 18
149207 15 0 1 4 6 24
149212 54 1 0 4 6 18
149214 24 0 0 4 6 19
149220 14 0 0 4 5 19
149221 23 1 1 4 5 18
149223 49 1 0 4 6 24
149226 43 1 1 4 6 18
149383 16 1 1 4 6 18
149393 10 0 0 4 6 12
149394 10 0 0 4 6 30
149400 29 0 1 4 6 19
151825 47 1 1 4 6 22
151835 41 0 1 4 6 70
151837 108 1 0 4 6 25
154447 9 0 0 4 6 19
154476 105 1 0 4 6 26
154811 39 1 1 4 5 18
154909 70 1 0 4 6 19
159636 43 0 0 4 6 19
159693 15 1 0 4 5 11
159755 4 0 0 4 5 19
159757 14 0 0 4 5 12
159762 11 0 0 4 5 19
159903 9 0 0 4 5 19
160079 41 1 0 4 5 29
161537 22 1 0 4 5 29
161976 108 1 0 4 6 29
162035 128 0 0 4 6 26
162090 15 1 0 4 5 17
162284 77 0 0 4 6 26
164581 197 1 0 4 5 26
166858 68 1 0 4 6 33
167160 45 1 1 4 6 20
167608 26 0 1 4 5 18
168053 197 1 0 4 6 29
169105 27 0 1 4 6 20
170373 344 1 1 6 6 26
173179 27 1 0 4 6 19
176654 19 0 0 4 6 20
178018 12 0 1 4 6 21
199665 786 1 0 6 6 25
212352 72 1 0 4 6 19
220643 47 0 0 4 6 23
232034 132 1 0 4 6 26
236448 93 1 1 7 6 19
242861 498 1 0 6 6 17
242917 4 0 1 4 5 19
242961 88 1 0 4 6 22
243054 31 0 0 4 5 20
243055 29 1 0 4 5 19
243220 13 0 0 4 6 17
243574 238 1 0 8 6 10
244105 26 1 0 4 6 12
244569 89 1 0 4 5 19
246070 53 1 1 4 6 19
246119 41 1 0 4 6 19
246338 49 0 0 4 6 23
259374 95 1 1 4 5 22
280477 12 1 0 4 6 26
284389 154 1 0 3 6 26
289488 21 1 0 4 6 26
289891 48 1 0 4 6 26
290370 14 0 0 4 5 26
290648 10 0 0 4 6 18
290919 109 1 1 4 6 18
291760 43 1 0 4 6 40
297515 11 1 0 4 6 19
302458 33 1 0 2 5 20
309534 48 1 0 4 6 22
312964 114 0 1 4 5 25
312994 100 1 1 4 6 25
312996 88 1 0 4 5 28
314344 29 0 0 4 6 34
314688 23 1 0 4 6 23
317769 81 0 0 4 6 29
329637 15 1 0 4 6 19
344770 69 1 0 4 6 29
344773 46 1 0 4 5 29
344774 30 1 0 4 5 28
344776 81 1 0 4 6 29
344810 47 1 0 4 6 29
344818 32 1 0 4 6 27
344894 75 1 0 4 6 29
344895 98 1 0 4 5 29
345036 90 1 1 4 5 28
347105 50 1 0 4 5 26
347114 110 1 0 4 6 29
347118 50 1 0 4 6 19
347120 70 1 0 4 6 26
347194 94 0 0 4 6 20
347309 96 1 0 4 6 29
347312 62 0 0 4 6 26
348021 50 1 0 4 6 29
348433 101 0 0 4 6 29
348712 32 0 0 4 5 29
348714 31 1 0 4 6 42
348772 60 0 0 4 6 26
348775 67 1 1 4 5 29
348819 8 0 0 4 6 29
348821 31 1 0 4 6 30
348822 28 1 0 4 6 25
348862 32 1 0 4 6 19
348868 23 0 1 4 6 25
349068 51 1 1 4 6 25
349104 89 0 0 4 6 26
349182 32 1 0 4 5 26
349183 32 1 0 4 5 26
349271 80 1 0 4 6 41
349347 45 0 0 4 5 26
349402 35 1 1 4 5 19
351450 81 1 0 4 5 14
351451 56 0 0 4 6 29
351490 62 1 0 4 5 26
351496 137 1 0 4 6 26
351497 105 1 0 4 6 26
351498 41 0 1 4 6 25
351500 19 1 0 4 5 29
351503 18 0 0 4 6 26
351504 23 1 0 4 5 29
351603 66 1 1 4 6 25
351715 20 1 0 2 6 19
352130 7 1 0 4 6 29
352164 17 1 1 4 6 32
352165 38 1 0 4 6 19
352167 8 0 0 4 5 15
352173 32 1 0 4 6 17
352207 93 0 0 4 5 26
352466 90 1 1 4 6 28
352507 35 1 1 4 5 31
352540 12 1 0 4 6 29
352542 17 1 0 4 6 26
352547 24 1 1 4 5 25
352730 58 0 0 4 6 23
353246 31 1 0 4 5 29
355781 10 1 0 1 6 19
361619 115 1 0 4 5 23
361661 28 1 0 4 5 40
369006 33 1 0 4 6 19
379250 57 1 1 4 6 26
379253 18 1 0 4 5 29
385792 6 1 0 9 5 19
386214 36 0 0 9 6 18
386275 5 0 0 4 5 16
386747 10 0 0 4 5 19
387162 16 1 0 4 5 17
390092 24 1 0 4 5 26
404165 91 1 0 4 6 29
413281 177 1 0 8 6 10
413720 57 1 0 3 6 12
415005 52 0 0 4 6 19
427731 22 1 0 2 6 26
430562 12 0 1 4 5 18
445967 23 0 1 5 6 22
469233 75 1 0 4 6 26
469292 38 1 0 4 5 19
473106 22 0 0 4 6 26
478910 20 0 0 4 6 25
487489 12 1 0 4 6 17
495259 27 1 0 4 6 17
504246 28 1 1 9 6 19
505988 7 1 0 4 5 29
508554 54 1 0 4 6 23
514244 34 1 0 9 5 15
514276 10 0 0 4 6 19
514351 18 0 0 4 6 33
517542 14 0 0 4 5 19
518439 6 0 0 4 6 26
519516 9 1 1 4 5 18
519624 10 1 0 4 6 19
519633 14 0 0 4 6 19
519637 27 0 0 4 6 19
519640 7 0 1 4 6 18
519744 14 1 1 4 5 18
519827 32 1 0 4 6 23
520177 27 0 0 4 6 23
521338 23 1 1 4 5 19
523447 100 1 0 6 6 18
525188 9 1 0 4 5 16
529043 51 1 1 4 6 23
533601 14 0 0 4 6 19
533723 22 0 0 4 6 17
534865 9 1 0 4 6 29
542730 81 1 1 4 5 20
542732 33 0 0 4 6 19
551729 7 0 0 4 6 23
553035 20 1 0 4 6 20
553036 13 0 0 4 5 19
562330 28 1 0 4 6 29
562332 39 0 0 4 5 15
562405 14 1 0 4 5 29
562478 24 0 0 4 5 20
562939 54 1 0 4 5 26
562941 14 0 0 4 5 41
562942 74 1 0 4 6 19
563005 23 0 0 4 6 33
563106 21 1 0 4 5 19
563297 16 1 0 4 5 19
563533 14 0 0 4 6 27
563711 24 1 0 4 5 19
563779 92 0 1 4 6 19
565511 3 0 0 4 5 19
568832 8 0 0 4 5 15
568836 89 1 0 4 6 20
569388 76 1 1 4 6 18
575468 12 1 0 4 5 19
578958 15 1 0 4 5 19
583866 24 0 0 4 6 26
584770 5 0 0 4 5 26
584773 4 0 0 4 5 30
584811 132 0 1 4 6 32
584851 24 0 0 4 6 22
585135 66 1 1 6 6 11
585158 34 0 0 4 6 29
585189 90 1 1 4 6 28
585210 19 1 0 4 5 29
585237 26 0 0 4 6 19
585238 32 1 1 4 5 28
585405 10 0 0 4 6 29
585844 9 0 1 4 6 25
585847 10 0 0 4 6 41
586043 62 1 0 4 6 29
586127 16 1 1 4 6 23
587657 7 0 0 4 5 23
590698 6 0 0 4 6 19
597689 6 1 0 4 6 17
597693 7 1 0 4 5 19
601045 13 0 1 4 6 28
613980 14 0 0 4 6 18
615123 7 1 1 1 6 18
624922 5 1 0 4 5 29
633391 10 1 0 4 6 14
641026 44 1 0 4 6 29
641114 17 1 0 9 6 16
641144 42 1 1 4 6 29
641145 14 1 0 4 5 29
641146 20 1 0 4 5 29
641147 23 0 1 9 6 18
646223 14 1 0 4 5 19
646228 18 1 0 4 5 29
646287 72 1 0 4 6 22
646363 71 1 0 4 6 2
646376 11 1 0 4 6 19
646415 17 0 0 4 5 20
646538 14 1 0 4 5 20
647183 21 1 0 4 5 20
647234 16 0 0 4 5 29
647309 47 1 0 4 5 19
647310 14 1 0 4 6 29
647619 7 1 0 4 5 20
647623 1 1 0 4 5 19
647625 3 1 0 4 5 19
647693 4 1 0 4 5 19
647797 13 1 0 4 5 26
647842 3 0 0 4 5 19
647908 16 1 0 4 6 20
647909 30 1 0 4 6 29
648023 1 1 0 4 5 26
648054 28 1 0 4 5 19
648057 20 0 0 4 6 30
659151 33 1 0 4 5 33
662321 63 1 0 4 5 29
662490 62 1 1 4 6 28
662700 15 1 0 4 6 30
662703 26 1 0 4 6 29
662735 33 1 0 4 6 29
662865 40 1 0 4 6 29
662912 14 1 0 4 5 36
663041 23 1 0 4 5 29
663895 11 1 1 5 6 14
667428 4 1 0 4 5 19
667563 24 1 0 4 6 19
670522 27 1 0 4 6 26
672271 25 1 0 4 6 29
673043 42 1 1 4 6 23
676490 146 0 1 4 6 19
676597 2 0 0 4 5 19
677005 25 1 0 3 6 13
677225 21 1 0 4 6 18
678347 38 1 0 4 6 26
678348 85 1 1 4 6 28
678801 13 1 0 4 5 26
683474 15 1 1 4 6 29
687127 16 1 0 4 6 29
688559 8 0 0 4 5 19
688727 36 1 0 4 6 12
689513 57 1 1 4 5 19
693327 32 1 0 4 6 19
693754 15 0 1 4 6 28
693817 20 1 0 4 6 29
695086 16 0 0 4 6 26
695590 6 0 0 4 5 19
697728 16 1 0 4 5 19
709756 43 1 0 4 6 19
709825 19 1 0 4 6 26
709841 8 0 0 4 5 19
715147 85 1 1 4 5 19
715179 17 0 0 4 5 26
717039 4 1 0 4 5 19
720873 12 1 0 4 5 22
720936 27 1 0 4 5 19
721062 16 1 0 4 6 19
730355 5 1 1 4 5 18
734098 18 1 0 4 5 17
735336 4 0 1 4 5 21
740659 100 1 0 4 6 9
740867 9 1 0 4 5 19
740873 12 1 0 4 5 14
743723 18 0 0 4 6 26
749753 5 0 0 4 5 19
751127 19 1 0 4 6 5
759835 24 1 1 4 6 19
761095 77 0 1 4 6 28
761098 1 0 1 4 5 23
761769 6 0 1 4 6 18
767609 17 1 1 4 5 25
769639 18 0 0 4 6 18
769771 19 0 0 4 6 15
772954 7 1 0 4 5 34
773001 16 1 0 4 5 19
773755 15 0 1 4 6 31
773856 15 1 0 4 6 29
773858 38 1 0 4 6 22
774127 60 1 1 4 6 26
774149 30 0 0 4 6 29
774548 6 0 1 4 5 16
783171 9 1 1 4 5 18
784005 3 1 0 4 5 19
784323 26 1 1 4 6 28
785152 30 1 0 4 6 27
785421 13 0 0 4 6 34
790129 14 0 1 4 5 19
804389 5 0 0 4 6 19
807545 80 1 0 4 6 19
807633 13 1 0 4 6 22
809196 10 0 0 4 6 23
809222 4 0 0 4 6 19
810136 48 1 1 6 6 30
826804 112 1 1 4 6 19
837512 7 1 0 4 5 20
843323 13 1 0 4 5 20
843378 7 1 0 4 5 19
843379 12 0 0 4 6 19
882286 15 0 0 4 6 24
882713 75 1 1 4 6 19
889791 2 0 1 4 6 21
898996 19 1 1 4 5 18
911704 21 1 0 3 5 23
913535 6 1 0 4 6 26
945397 5 0 0 3 5 16
948359 16 1 0 4 5 20
948597 7 0 0 4 5 19
951532 25 1 0 4 5 12
951556 25 0 0 4 6 19
951567 19 1 0 4 6 12
954260 3 1 0 4 5 22
954721 4 1 0 4 5 18
954747 6 0 0 4 5 29
954748 14 1 1 4 6 44
954761 6 1 0 4 6 29
954771 6 1 0 4 5 26
955938 10 1 0 4 5 19
962949 10 1 0 4 6 35
963286 2 1 0 1 5 17
966987 15 1 0 4 6 26
967011 17 1 1 4 5 20
983977 24 1 1 4 5 18
984987 12 1 0 4 5 26
985202 2 0 0 4 5 16
986174 16 1 1 4 6 28
986353 5 1 0 4 5 26
986367 5 0 0 3 6 16
986400 2 0 0 1 6 18
986401 4 1 0 4 5 29
986402 1 0 1 1 6 18
986403 3 0 0 4 6 18
986412 8 1 1 8 5 23
986415 16 1 0 4 5 24
986427 7 1 0 4 6 20
986428 9 1 0 4 5 25
986429 1 0 0 4 5 22
986430 2 1 0 4 5 18
986435 24 1 0 4 5 20
986437 7 0 0 4 5 19
986438 20 1 0 4 5 20
986439 1 0 0 4 5 15
986457 22 1 0 4 5 14
986463 4 1 1 4 5 22
986474 23 1 0 4 5 19
986476 12 0 0 4 6 18
986477 2 0 0 4 6 26
986523 10 0 0 4 5 26
986551 10 0 0 4 6 26
986553 6 0 0 4 5 19
986567 2 0 0 4 5 11
986569 3 1 0 4 5 19
986570 3 0 0 4 5 19
986596 9 1 0 4 5 29
986598 10 1 0 4 6 30
986599 2 0 0 4 5 29
986600 2 1 0 4 5 29
986602 19 1 0 4 5 1
986604 14 1 0 4 6 33
986605 13 1 0 4 5 4
986608 8 1 0 3 5 13
986609 7 1 0 7 5 15
986611 4 0 0 4 5 29
986624 12 1 0 4 6 22
986625 3 0 0 4 6 19
986626 1 1 0 4 5 19
986627 2 1 0 4 5 19
986628 6 1 0 4 6 24
986629 1 0 0 4 6 19
986630 4 0 0 4 6 19
986631 1 0 0 4 6 19
986633 11 0 0 4 6 19
986645 8 1 0 4 5 20
986646 1 0 0 4 5 19
986647 13 1 1 4 5 16
986650 4 1 0 0 5 15
986651 31 1 1 4 6 19
986652 5 1 0 4 5 27
986658 2 0 0 4 6 19
986659 1 0 0 4 5 19
986661 2 0 0 4 5 19
986670 7 1 0 4 6 19
986698 2 1 0 4 5 17
986700 12 0 0 4 6 19
986715 20 1 0 4 6 16
986722 10 1 0 4 5 30
986723 2 1 0 4 5 19
986724 1 0 0 4 5 18
986741 2 0 0 4 6 26
986742 29 1 1 4 6 32
986744 23 1 0 4 5 29
986746 3 0 0 4 5 19
986772 3 0 0 4 6 26
986774 6 1 0 4 5 26
986797 1 1 0 9 5 29
986833 2 1 0 4 5 19
986834 12 1 0 4 6 16
986847 8 1 1 4 5 24
986906 9 1 0 4 5 19
986948 9 1 0 4 5 19
987058 14 1 0 4 6 29
987059 3 1 0 4 5 26
987060 10 0 0 4 6 26
987076 2 0 0 4 5 24
987090 12 1 1 4 6 25
987097 2 0 0 4 5 12
987132 2 1 0 4 5 12
987153 8 1 0 4 5 26
987159 4 1 1 4 5 32
987161 5 0 0 4 6 20
987162 16 1 1 4 6 23
987185 3 0 0 4 5 18
1025837 12 1 1 8 6 15
