57918
19
515
57918 1254 1 1 0 6 27
1550 30 0 0 0 6 28
2172 130 1 1 0 6 27
2423 74 1 1 0 6 22
2470 16 1 1 6 6 27
2557 113 0 0 6 6 29
3332 69 1 1 0 6 26
3797 39 0 0 0 6 23
3967 34 1 1 2 6 20
4470 101 1 1 4 6 19
5810 10 1 1 0 5 17
9825 31 1 1 4 6 22
10865 27 1 1 2 6 16
11570 55 1 1 0 6 24
12277 70 1 1 8 6 24
12968 44 1 1 0 6 17
14979 55 1 1 0 6 17
15127 86 1 1 0 6 16
15520 52 1 1 6 6 25
16088 67 1 1 0 6 25
16619 20 1 1 0 6 30
16711 50 1 1 0 6 28
18204 72 1 1 0 6 17
18675 169 1 1 0 6 15
19978 114 1 1 7 6 24
20262 54 1 1 0 6 15
21022 88 0 1 0 6 25
21755 86 1 1 0 6 17
22365 43 0 1 0 6 23
23022 62 0 0 0 6 21
23051 52 1 0 0 6 20
23483 96 1 1 8 6 18
23926 30 0 1 0 6 17
24268 173 1 1 4 6 18
25882 6 0 1 4 6 28
27401 36 0 1 0 6 36
28699 51 1 0 5 6 17
29140 34 0 1 0 6 36
30810 7 1 0 2 6 20
31481 35 0 1 7 6 26
31548 30 1 0 0 6 22
31863 47 1 0 6 6 25
32675 57 1 1 9 6 31
34601 91 1 1 4 6 35
35667 50 1 1 3 6 17
35819 24 1 1 0 6 17
37007 78 1 1 5 6 15
37429 41 1 1 0 6 25
38450 21 0 1 0 6 31
39076 121 1 1 0 6 21
39674 87 1 1 7 6 20
41649 98 1 0 2 6 21
45556 45 1 1 0 6 21
45934 23 1 1 0 6 22
46877 15 1 1 3 6 28
48198 44 1 1 0 6 18
48422 15 0 0 1 6 25
48756 4 0 1 1 6 26
49131 47 1 1 4 6 17
52745 19 1 1 0 5 15
53956 106 1 1 4 6 20
54284 96 0 0 6 6 28
55012 31 0 0 4 6 23
55340 58 0 0 2 6 21
56217 136 1 1 4 6 20
56563 120 1 0 5 6 22
57252 157 1 1 6 6 18
59544 174 1 1 0 6 18
59652 48 0 1 1 6 17
60157 39 0 1 6 6 34
61633 227 1 0 5 6 29
61636 43 0 0 6 6 27
62415 54 0 1 8 6 21
63668 45 1 1 6 6 19
63676 10 0 1 0 6 38
64111 28 1 1 0 6 31
64672 36 1 1 8 6 16
66702 33 0 1 6 6 19
68779 98 1 1 5 6 30
70330 35 1 1 7 6 26
70566 83 0 1 8 6 15
70591 43 1 1 0 6 21
71401 37 1 1 0 6 31
71782 61 1 1 0 5 17
72040 155 1 0 0 6 17
72062 48 1 1 8 6 25
72913 66 0 1 7 6 19
74909 33 1 1 8 6 16
75134 90 1 1 8 6 17
75338 58 1 1 1 5 19
76632 9 1 0 4 5 23
76743 22 1 1 0 6 16
76856 39 0 1 3 6 16
77259 196 1 1 2 6 17
78555 29 1 1 6 6 14
79064 79 0 1 6 6 24
79319 399 0 1 7 6 15
80545 24 1 1 0 6 17
81634 59 1 1 1 6 25
84885 37 0 1 7 6 19
85891 218 1 1 4 6 20
86141 95 1 1 8 6 28
88984 46 1 1 6 5 18
89310 85 1 1 4 6 17
90055 62 1 1 2 6 16
90841 122 1 0 8 6 24
90912 74 1 1 2 6 18
91128 47 1 1 5 6 16
91997 36 1 1 8 6 17
93206 90 1 1 2 6 25
94632 100 1 1 7 6 18
96821 111 1 1 2 6 18
97099 97 1 1 2 6 18
97849 77 1 1 3 6 18
98128 43 0 1 3 6 23
100385 28 1 1 8 6 19
100496 41 1 1 7 6 19
100544 37 1 1 1 6 19
100894 112 1 1 0 6 17
101271 36 1 1 7 6 16
101386 30 1 1 3 6 19
104294 25 1 1 6 6 16
108008 87 1 1 0 6 15
108187 4 0 1 4 6 20
108278 93 1 0 6 6 22
109296 42 1 1 2 6 17
109769 156 1 0 0 6 19
110002 84 0 1 1 5 21
110340 129 1 1 7 6 20
110342 58 1 0 8 6 22
110344 20 1 0 6 5 24
111249 40 1 1 0 6 24
111319 82 1 1 0 6 16
111858 31 1 1 0 5 15
112006 39 1 1 5 6 35
115995 90 1 1 6 6 16
117724 71 1 1 4 6 21
118146 43 0 1 5 6 20
118791 53 1 1 2 6 21
118834 93 0 1 1 6 20
118909 164 1 0 7 6 23
119431 38 0 1 8 6 25
120140 78 1 1 2 6 23
121411 14 1 1 4 6 19
123432 10 1 0 4 6 24
123568 30 1 1 6 6 22
124175 59 0 0 1 6 29
124529 66 1 1 2 6 16
126412 107 1 1 0 6 23
127539 5 1 1 0 6 17
128086 16 0 1 0 6 28
130976 66 0 1 7 6 27
131217 133 0 1 9 6 21
131436 74 1 1 3 6 22
132287 35 1 0 2 6 21
133203 36 1 1 2 6 20
136680 109 1 1 6 6 21
136832 15 0 0 3 6 21
137841 38 1 1 2 6 15
137992 76 1 0 9 6 20
140284 91 1 1 0 6 18
140517 58 1 1 6 6 21
141113 59 1 1 2 5 17
141649 96 1 1 7 6 17
142031 41 1 0 7 6 22
142041 18 1 1 2 6 21
143969 157 1 1 6 6 21
144714 6 1 0 0 5 15
145297 62 1 1 2 6 16
146100 23 1 1 8 6 31
149720 85 1 1 7 6 18
150716 17 0 1 7 6 19
150863 9 1 1 7 6 19
150963 31 1 1 2 5 21
153409 133 1 0 6 6 20
155827 13 1 1 0 6 15
156836 75 1 1 6 6 27
157675 13 1 1 0 5 13
159316 26 1 1 2 6 32
160050 26 0 1 6 6 25
160639 153 1 1 2 6 25
161018 39 1 1 7 6 20
161323 107 0 1 1 6 23
162536 125 1 0 2 6 27
162684 35 1 1 3 6 27
164452 38 1 1 6 5 16
164541 36 0 0 4 6 77
165117 34 0 1 4 6 27
167126 43 1 1 4 6 72
168779 49 1 1 7 6 20
169839 33 1 1 2 6 17
169924 87 1 1 1 6 42
170538 7 1 0 2 6 1
170664 72 0 1 2 6 22
171454 79 1 0 7 6 25
172412 62 1 1 2 6 17
172758 496 1 0 8 6 20
172884 140 1 1 6 6 18
173287 83 1 1 2 6 24
173526 95 1 1 2 6 18
173972 48 1 1 1 6 24
174484 12 1 1 1 6 22
174943 12 0 1 0 6 33
175140 20 0 1 6 6 19
175762 136 1 1 8 6 18
175833 59 0 1 3 6 34
176545 32 0 1 0 6 37
177450 30 1 1 2 6 34
178730 185 1 1 3 6 20
182391 77 1 1 4 6 21
182676 86 1 1 2 6 17
184034 14 1 0 4 6 17
184092 83 1 1 6 6 17
184418 54 1 1 9 6 22
184736 54 1 1 2 6 19
184850 14 0 0 0 5 22
185360 45 1 1 8 6 17
187285 13 0 1 0 6 26
188399 95 1 1 7 6 21
188905 26 1 0 6 6 19
190610 130 1 1 7 6 22
191827 8 1 1 6 6 30
192192 146 1 1 1 6 17
193537 74 1 1 2 6 25
194116 39 1 1 0 6 17
196244 30 0 1 3 6 28
198009 46 1 1 2 6 19
198743 20 0 1 7 6 17
199569 51 1 0 0 6 22
199874 47 0 1 2 6 17
200908 215 1 1 1 6 31
201221 287 1 1 2 6 40
201958 47 0 1 0 5 23
202567 73 1 1 8 6 19
204242 121 1 1 6 6 22
205687 69 1 1 8 6 22
207312 24 0 1 2 6 23
207619 37 1 1 5 6 17
208274 89 1 1 8 6 18
208440 28 0 0 1 6 24
208502 44 1 1 4 6 27
209171 19 1 1 2 6 22
209350 1 1 1 0 6 21
209544 51 1 1 6 6 25
209972 11 1 0 0 6 23
210090 20 1 1 1 6 19
210268 16 1 1 0 6 32
210270 3 0 0 1 6 29
212431 121 1 1 4 6 20
213357 25 1 1 8 6 19
213783 42 1 1 3 6 16
214329 41 0 1 3 6 31
214767 41 1 1 2 6 19
215592 45 0 1 3 6 17
216278 78 1 1 5 6 22
216360 76 1 1 3 6 17
217387 40 1 1 0 6 17
218434 41 1 1 2 6 17
218939 83 1 0 8 6 23
219010 13 0 0 4 6 28
220242 40 0 1 7 6 26
221749 26 1 0 2 6 22
221799 72 1 1 8 6 14
223399 17 0 1 3 6 19
223506 62 1 1 3 6 19
223776 66 0 1 8 6 19
223871 12 0 0 0 5 23
223942 62 1 1 5 6 20
224927 67 1 1 5 6 21
226063 38 1 1 0 6 20
227618 28 1 0 6 6 16
227735 53 1 1 0 6 18
231383 18 1 1 0 6 31
231409 28 1 1 7 6 27
232640 27 1 1 0 6 16
232704 28 1 1 7 6 17
233087 33 1 1 7 6 18
233419 38 1 0 2 6 20
233849 9 1 0 5 6 21
233850 35 1 0 4 6 21
233879 67 1 0 3 6 20
234501 47 1 1 8 6 32
235903 57 1 0 2 6 20
237042 18 1 1 0 5 15
237268 48 1 1 4 6 16
238049 12 1 1 7 6 34
238542 62 1 0 7 6 24
238793 68 1 1 0 6 21
238888 32 0 1 2 6 25
239136 29 1 0 3 6 23
239413 68 1 1 2 6 20
239885 64 1 1 5 6 24
240101 182 0 1 4 6 18
240341 34 1 1 6 6 37
240744 13 0 1 2 6 27
241342 6 1 1 2 6 24
242229 33 0 1 7 6 15
242459 89 1 1 4 6 25
243338 86 1 1 6 6 23
244630 23 1 1 0 5 15
244819 16 1 1 8 6 12
244923 124 1 1 8 6 21
246294 16 1 1 4 6 11
247584 57 1 1 4 6 19
247660 36 0 1 4 6 20
247850 116 1 0 0 6 17
251710 33 1 1 6 6 34
251772 53 0 1 5 6 19
252552 28 1 1 3 6 21
253336 48 1 1 2 6 14
253388 12 1 1 8 6 26
256321 15 0 0 1 5 30
256715 45 1 1 3 6 16
257216 91 0 1 4 6 20
258503 31 1 1 8 5 30
258818 23 0 1 5 6 21
259434 5 1 1 0 6 38
259485 83 1 1 2 6 18
262190 49 1 1 5 6 24
263574 68 1 1 3 6 21
263687 80 1 1 6 6 16
264883 26 1 1 6 6 18
265413 50 1 1 0 6 16
266137 37 1 1 3 6 17
267388 20 1 1 0 6 17
268493 43 0 1 2 6 27
268711 66 0 0 9 6 24
268758 41 1 1 1 6 18
269127 79 1 1 6 6 18
269316 13 1 1 0 6 16
270093 138 1 1 6 6 18
271358 85 0 0 0 6 22
271831 42 0 1 1 6 25
273551 23 1 0 1 6 27
274004 58 0 0 2 6 20
274371 154 1 1 9 6 22
275770 24 0 0 8 6 20
276519 25 0 0 1 6 25
277268 33 1 1 0 6 13
277381 14 0 1 7 6 17
277627 86 1 1 0 6 30
278936 46 0 0 4 6 26
281479 27 1 1 0 6 18
282111 10 0 1 4 5 29
282182 32 1 0 6 6 29
282857 19 1 1 0 6 17
283877 42 1 0 1 6 22
283961 24 1 0 7 6 22
285358 39 0 0 1 6 15
286905 236 1 0 8 6 26
288657 19 1 1 8 6 24
289329 174 1 0 2 6 20
289429 37 1 1 8 6 16
291161 28 1 0 2 5 21
291861 3 1 1 1 6 28
292679 16 1 1 2 6 19
293466 36 1 0 3 6 26
294400 20 1 1 0 6 15
295216 13 1 1 3 6 16
295646 56 1 1 3 6 18
296545 12 1 0 2 6 29
296863 48 1 0 6 6 20
296867 60 0 0 0 5 20
297007 13 1 0 9 5 28
297457 52 1 0 1 5 31
297470 60 1 0 3 6 21
297783 20 1 0 7 6 23
298144 29 1 1 4 6 31
298434 33 0 0 0 6 19
298539 21 1 0 4 6 27
298540 73 1 0 6 6 20
298813 190 1 0 8 6 21
299560 23 1 1 3 6 18
300865 10 1 1 0 6 27
301188 8 0 1 4 6 20
301826 31 1 1 2 6 15
305809 77 1 1 3 6 17
308416 44 1 1 6 6 18
308634 4 0 1 6 6 19
309533 46 0 1 3 6 22
310796 31 0 1 8 6 17
311937 27 1 1 5 6 18
314614 5 0 0 6 6 26
314629 60 0 1 8 6 20
315623 9 0 0 8 5 20
316670 53 1 1 0 6 13
317363 77 1 0 4 6 23
317757 124 1 0 2 6 24
318152 55 1 0 2 6 20
319349 49 1 0 8 6 24
319405 139 1 0 5 6 29
320564 136 1 1 1 6 23
322485 16 0 1 0 6 26
322599 14 0 1 0 6 25
322645 26 1 1 0 6 15
323816 165 1 1 5 6 22
325202 11 0 1 4 6 16
325583 89 1 1 1 6 23
326309 34 1 0 1 6 27
326358 73 1 0 3 6 29
327605 6 1 1 8 6 18
328080 55 0 1 4 6 24
328741 209 1 1 3 6 30
329484 32 1 1 2 6 27
330168 14 1 0 4 6 20
330250 16 0 0 7 6 24
330567 145 1 0 8 6 22
332095 33 1 0 4 6 23
332168 19 1 0 8 6 23
332346 73 1 1 6 5 18
332350 9 1 0 2 6 14
332629 42 1 0 6 6 19
332659 84 0 0 6 6 37
335004 64 1 0 2 6 21
336540 88 1 1 6 6 21
337343 17 1 1 8 6 22
338041 52 1 1 3 6 19
338064 57 1 1 8 6 21
338300 6 1 0 1 6 23
339867 99 1 0 3 6 20
339886 13 1 0 1 5 18
340151 10 1 0 1 6 18
340218 18 1 0 9 6 19
340534 12 1 0 3 5 17
340618 121 1 1 7 6 19
340770 31 1 0 7 6 16
340819 72 1 1 6 6 27
341139 59 1 0 3 6 21
342433 31 1 0 2 6 18
342514 68 1 1 8 6 19
342751 38 1 0 5 6 20
343274 92 1 0 2 6 16
344017 23 1 0 2 6 21
344046 61 0 1 8 6 19
344509 8 1 1 2 6 21
344517 23 0 1 8 6 19
345320 23 1 1 6 6 17
345477 86 1 1 2 6 16
345971 51 1 1 2 6 21
346025 41 0 0 0 5 26
346316 25 1 0 8 6 23
347268 52 1 1 7 5 17
348733 42 1 1 8 5 18
348916 188 1 1 7 6 17
349444 37 0 1 3 6 18
351142 64 1 1 2 6 15
351152 93 1 1 7 6 21
351752 21 1 0 1 6 33
351824 8 0 0 0 5 21
352161 55 1 1 7 6 22
353233 246 1 0 2 6 29
353271 44 1 0 9 6 21
353992 12 1 0 0 5 23
354092 29 0 0 8 6 23
355166 59 1 0 8 6 28
355236 20 1 0 1 6 26
356288 94 1 1 7 6 19
356939 40 1 0 0 6 25
359082 22 1 0 4 6 25
359390 34 0 1 2 6 16
359826 75 1 1 6 6 18
360087 37 1 1 8 6 24
360120 70 1 1 8 6 19
360171 23 0 1 0 6 18
362398 60 1 1 8 6 17
363275 19 1 0 3 5 19
366097 90 1 0 2 6 21
366191 57 0 1 8 6 19
366669 64 1 1 8 6 16
367138 27 1 1 6 6 21
367280 62 1 1 6 6 18
367631 64 0 0 5 6 26
367773 93 1 0 6 6 19
368062 91 1 1 4 6 26
369118 46 1 0 2 6 21
369343 106 1 1 6 6 19
370983 88 1 1 0 6 18
370992 61 1 0 4 5 28
371414 29 1 1 1 6 23
372410 22 0 0 2 5 21
372907 133 0 1 4 6 22
373608 35 0 1 6 6 16
373979 180 1 1 6 6 18
374437 48 1 0 2 6 22
374661 148 1 1 6 6 16
376021 46 1 1 2 6 16
376637 19 1 1 9 6 25
376690 43 1 1 6 6 24
376909 29 1 1 2 5 18
377001 46 1 1 7 6 18
377124 50 1 1 6 6 24
378652 75 1 1 6 6 17
379471 14 1 1 3 6 26
380531 4 1 0 0 5 26
380956 6 1 1 6 5 17
381454 26 1 1 0 6 16
382327 4 1 1 8 6 23
383479 50 0 1 6 6 27
385461 33 1 1 0 6 16
385846 28 0 1 5 6 19
386004 4 1 1 8 6 22
387026 25 1 1 1 6 14
388954 50 1 1 8 6 16
389615 16 1 0 6 6 21
390832 65 1 1 2 6 17
391958 50 1 1 1 6 18
393216 38 1 1 8 5 22
393525 39 1 1 2 6 19
393745 48 1 1 8 6 37
396366 31 1 1 1 6 20
397150 37 0 1 2 6 20
397474 19 1 1 5 6 20
397875 128 1 0 1 6 22
397880 29 1 1 5 6 16
398437 42 1 0 1 6 16
398773 69 1 1 6 6 18
398787 84 1 1 6 6 32
399862 7 1 1 5 6 30
399989 36 1 1 3 6 18
400099 109 0 1 4 6 17
400489 16 1 1 5 6 24
400912 69 1 1 7 6 16
401433 38 1 1 7 6 16
401838 27 1 1 2 6 26
402194 52 1 1 8 5 26
402478 13 1 1 7 6 20
404001 83 1 1 6 6 15
406130 27 1 1 2 6 18
407017 119 1 1 6 6 24
409419 62 1 1 8 6 17
411327 28 1 1 5 6 18
411361 51 1 1 1 6 18
412068 155 1 1 6 6 19
412133 161 1 0 1 6 30
413047 24 1 1 8 6 18
413289 38 1 1 7 6 17
413624 104 1 1 3 6 21
413829 8 1 1 1 6 14
414304 40 1 0 4 6 23
414466 78 1 1 8 6 17
416597 56 0 1 6 6 21
417394 20 1 1 5 6 20
417522 48 1 1 3 6 31
417665 12 0 0 2 6 29
419828 97 1 1 1 6 30
420459 28 0 0 7 6 28
420851 5 1 0 0 6 22
422437 19 0 1 6 6 20
423242 7 1 0 8 6 25
424481 128 1 1 6 6 19
424500 163 0 1 4 6 16
425136 58 1 1 4 6 17
425333 39 0 1 6 6 16
425794 68 1 1 3 6 28
428039 132 1 1 6 6 20
428651 35 1 1 5 6 16
433176 57 0 1 8 6 18
433216 12 1 1 3 6 21
433616 66 1 1 6 6 18
434246 30 0 1 8 6 21
434281 12 1 0 3 6 26
434759 7 1 1 0 6 13
435349 61 1 1 7 6 19
435582 48 0 1 5 6 18
435589 16 1 0 2 5 27
436637 24 1 0 8 6 24
437535 7 1 1 8 6 15
439684 2 0 1 2 6 24
440497 15 1 0 7 6 21
444867 17 1 1 7 6 18
445949 41 0 1 7 5 21
446064 24 1 1 5 6 18
447000 23 1 0 8 6 27
449619 41 1 1 7 6 18
450147 59 1 1 8 6 19
451091 58 1 1 3 6 18
454995 14 1 0 1 6 19
455044 12 1 1 2 6 17
455685 84 1 1 1 6 18
455903 35 0 1 6 6 17
456168 7 0 1 8 6 18
457153 20 0 1 8 6 18
457798 10 1 0 3 6 18
457801 29 1 0 2 6 20
459115 118 1 1 3 6 22
459353 15 0 1 1 6 24
459694 64 1 1 8 6 20
461853 73 1 1 8 6 18
462434 40 1 1 8 6 23
462692 39 1 1 0 6 16
463822 4 1 1 5 6 32
464176 77 1 1 7 6 16
464259 16 1 0 1 6 35
464289 15 1 0 2 6 27
464296 85 1 0 2 6 27
466545 20 0 1 5 6 18
467370 59 1 1 7 6 20
468335 23 1 0 1 6 16
470064 56 1 1 4 6 25
471438 8 1 0 1 5 17
471767 35 1 0 7 6 23
472789 27 1 0 0 6 26
473370 58 1 1 8 6 18
473504 157 1 0 2 6 26
473528 52 1 1 7 6 17
474803 11 1 1 0 6 25
475063 4 0 0 2 5 25
475269 70 1 1 2 6 21
476157 58 1 1 8 6 16
476255 33 0 1 5 6 18
477436 26 1 1 6 6 21
478756 9 0 1 5 6 29
479001 23 1 1 3 6 24
479202 117 1 1 6 6 1
480209 45 1 1 2 6 15
481209 14 0 1 6 5 14
482638 20 0 1 3 6 17
483489 67 1 1 5 6 17
487537 11 1 0 1 6 23
488309 21 0 1 8 6 17
488623 37 0 1 5 6 16
489430 106 1 1 1 6 24
489467 11 1 0 3 6 22
489745 33 1 1 6 6 18
490697 57 1 1 6 6 21
490976 13 1 0 1 6 24
492194 27 0 1 4 6 31
492214 143 1 1 1 6 29
492647 4 1 1 0 6 21
493442 44 1 1 5 6 28
494287 94 1 1 2 6 21
494680 39 1 1 2 5 16
496285 3 0 1 4 6 32
497656 66 1 1 7 6 26
499346 135 1 1 4 6 23
500422 65 1 1 8 6 14
501455 41 1 1 0 6 23
502065 19 0 1 4 6 25
502348 65 1 1 2 6 27
503458 47 1 1 7 6 17
505276 68 1 1 4 5 16
510688 28 1 1 8 6 21
510774 58 1 1 4 6 15
513854 23 0 1 4 6 26
513920 22 0 1 7 6 17
514933 203 1 1 6 6 17
515772 9 1 1 0 6 1
516040 61 1 1 8 6 17
516233 34 1 1 6 6 15
518968 64 1 1 8 6 18
519597 36 1 1 8 6 15
519765 10 0 1 8 6 29
519798 13 1 1 1 6 24
520207 25 1 0 8 6 18
520675 25 1 1 5 6 23
520839 24 1 0 2 5 18
521275 47 1 1 3 6 22
522329 32 1 1 7 6 30
523108 44 1 1 7 6 19
523565 89 1 1 8 6 19
525150 12 1 0 7 6 26
525609 62 1 1 4 6 20
526373 7 1 0 7 6 19
527664 22 1 1 4 6 18
527758 4 0 1 1 6 24
528019 27 1 1 1 5 35
529382 45 1 0 1 6 19
529427 55 0 1 5 5 28
530492 34 1 0 2 6 23
531322 16 1 0 8 6 25
531719 30 1 1 3 6 24
531733 19 1 0 4 6 22
533125 48 1 0 6 6 20
534142 28 0 1 8 6 21
534225 32 1 1 2 6 27
534354 61 1 1 4 6 14
534519 54 0 0 6 6 20
534616 31 1 1 6 6 19
534877 34 1 1 0 6 28
536607 43 0 1 5 6 32
536798 36 1 1 2 5 17
537113 4 1 0 0 6 26
541145 14 1 1 6 6 25
541477 59 1 1 7 6 19
542780 23 1 1 2 6 17
543830 20 1 0 3 5 17
543913 21 1 1 2 5 19
544415 9 0 1 3 6 28
544709 35 0 1 8 6 32
545897 19 1 0 1 6 22
545973 5 1 0 5 6 22
546120 48 1 1 2 6 24
548358 29 0 1 6 6 18
548665 90 0 1 6 6 19
550262 30 1 1 7 6 25
550553 26 1 1 7 6 29
550708 38 1 0 6 6 23
550829 34 1 1 7 6 30
551562 4 1 1 7 6 20
551586 24 1 1 6 6 22
555496 44 1 1 0 6 27
555752 49 1 1 2 6 38
555924 81 1 1 9 6 40
556148 28 1 1 6 6 18
557430 2 0 1 1 6 23
557637 16 0 0 1 6 19
558948 48 1 1 7 6 33
559156 18 1 0 0 6 23
560485 25 1 1 6 6 16
561192 30 1 1 1 6 36
562915 95 1 1 8 6 18
564172 47 1 1 4 6 26
565105 6 1 0 2 6 20
565497 21 1 1 1 6 23
565551 24 1 0 2 6 22
565595 46 1 0 4 6 21
565614 51 0 1 5 6 37
565756 56 1 0 4 6 19
565762 2 1 0 3 6 19
565856 15 1 0 8 6 22
566131 9 1 0 8 6 22
566242 10 1 0 2 5 25
566245 13 0 1 6 6 32
566293 23 1 1 1 6 30
566335 16 1 1 6 6 19
566414 8 1 0 2 5 21
566421 9 1 1 3 6 39
566525 48 1 1 6 6 26
566550 19 1 1 0 6 15
566687 72 1 0 0 6 22
566690 16 1 1 0 5 28
566828 7 1 1 6 6 20
566830 16 0 1 4 6 26
566866 22 0 1 6 6 25
566926 23 1 1 3 6 17
569082 30 1 1 2 6 34
569965 20 1 1 7 6 14
570722 6 1 0 6 6 23
572336 11 0 1 4 6 29
576750 35 0 1 6 5 16
576756 3 1 1 0 6 20
576857 5 1 0 7 6 26
577764 18 0 1 5 6 19
578239 84 1 1 3 6 25
578336 20 1 1 1 6 17
579397 89 1 1 4 6 18
581976 33 1 1 9 6 20
583711 37 1 0 2 6 29
585956 53 1 1 1 6 21
587117 12 1 0 1 6 19
588001 94 1 1 1 6 18
589646 69 1 1 6 6 28
589727 35 1 1 5 6 21
590005 8 1 1 8 5 25
590132 21 1 0 2 6 23
590161 37 1 1 6 6 25
590234 63 1 1 6 6 27
590746 31 1 1 4 6 21
591239 26 1 0 8 5 21
592217 52 1 0 0 5 21
592428 6 0 1 7 5 27
592708 13 1 1 6 6 30
592837 27 1 1 6 6 33
593933 16 0 1 0 6 16
594707 15 1 1 7 6 15
594914 56 1 1 8 6 22
595139 39 1 1 6 6 14
595224 4 0 1 8 6 23
595539 37 0 1 5 6 29
596471 49 1 0 2 6 25
599240 6 1 0 2 6 27
599404 25 1 1 0 6 29
602621 41 1 1 4 6 20
608355 12 1 1 1 6 36
608393 10 0 1 1 6 33
608444 20 1 0 7 6 23
608731 61 1 1 6 6 25
609280 38 1 1 7 6 17
617843 36 1 1 0 6 21
618254 23 1 1 9 6 16
620129 31 1 1 0 5 16
621214 20 1 0 0 6 13
621295 12 1 1 6 6 19
623788 33 1 1 7 6 17
623793 2 1 1 2 5 23
627478 66 1 1 4 6 25
627667 36 1 1 8 6 18
629024 16 1 1 6 6 13
629320 31 0 1 1 5 20
631649 16 0 1 1 6 27
633506 86 1 1 8 6 22
633717 35 1 1 8 6 18
635538 55 1 1 6 6 17
636048 46 1 1 8 6 15
636791 10 0 1 5 6 36
637775 25 1 1 6 6 18
641395 35 0 1 8 6 17
642966 24 1 1 6 6 21
644471 31 1 1 6 6 31
645923 67 1 1 2 6 21
647979 10 0 1 5 6 26
648405 12 1 1 6 6 20
649391 19 0 1 8 6 17
651471 35 1 1 6 6 10
652103 15 1 0 2 6 43
652153 5 1 1 7 5 22
652193 18 1 1 4 6 25
652429 15 1 1 1 5 21
653973 20 1 0 2 6 22
654390 7 1 1 6 6 25
654650 16 1 1 5 6 18
655967 4 1 1 4 5 26
656144 58 1 1 4 6 22
656145 62 1 0 2 6 33
656337 4 1 0 7 6 21
657094 3 0 1 8 6 19
657117 51 1 1 6 6 20
657156 4 1 1 4 5 27
657235 1 0 1 5 6 25
657381 9 1 1 8 6 19
657382 39 1 1 2 6 18
657385 97 1 1 8 6 11
657386 1 1 1 2 6 17
657387 1 1 1 2 6 21
657388 30 1 1 2 6 15
657574 19 1 0 0 6 28
657575 1 1 0 2 5 18
657576 1 1 1 5 5 28
657578 6 1 1 0 6 22
657579 3 1 0 2 5 19
657596 19 1 0 2 6 21
657597 2 1 0 2 6 21
657599 4 1 0 6 6 20
657627 10 1 1 4 6 23
657630 4 1 0 2 6 17
657631 9 1 1 7 6 26
657632 8 1 1 7 6 16
657633 16 1 1 4 6 27
657647 4 1 1 4 5 25
657648 1 1 1 8 6 32
657649 1 1 1 1 6 23
657651 7 1 1 2 6 19
657653 2 0 1 4 6 22
657654 51 1 1 8 6 17
657673 7 1 1 5 6 16
657674 36 1 1 2 6 16
657675 49 1 0 1 6 23
657677 22 1 1 1 6 23
657692 5 1 1 3 6 19
657699 27 1 1 4 5 16
657701 95 1 1 8 6 39
657702 18 1 0 2 6 19
657703 12 1 0 8 6 22
657705 7 1 0 4 5 20
657706 18 1 1 2 6 26
657723 49 1 0 1 6 27
657725 28 1 0 2 5 22
657726 4 1 1 7 6 16
657727 1 1 0 2 5 20
657728 9 1 0 6 6 19
657729 31 1 1 4 6 22
657730 15 1 0 4 6 27
657741 6 1 0 2 5 22
657742 21 1 1 3 6 14
657743 19 1 1 1 6 23
657744 40 1 1 7 6 18
657745 5 1 1 8 6 19
657760 24 0 0 2 6 23
657764 38 1 0 4 6 22
657784 19 1 1 6 6 23
657785 20 1 0 2 6 27
657786 40 0 1 1 6 36
657787 1 1 0 4 5 22
657818 8 1 1 8 6 17
657819 15 1 0 2 6 19
657820 4 1 1 6 5 20
657821 11 0 1 2 6 21
657866 7 0 1 1 6 17
657867 2 0 1 5 6 21
657895 2 1 1 2 6 33
657896 11 1 0 6 6 19
657897 11 1 1 4 5 12
657898 13 1 1 0 6 15
657899 3 1 0 6 6 23
657928 1 1 1 4 5 22
657929 4 1 0 2 6 33
657930 24 1 1 8 6 13
657931 2 1 1 8 6 29
657933 38 1 1 5 6 24
657957 6 1 0 6 6 20
657958 22 1 1 7 6 31
657959 10 0 1 6 6 16
657965 6 1 0 1 6 21
657966 7 0 1 4 6 31
657968 5 1 1 8 6 26
657970 4 1 1 2 6 14
657996 67 1 1 6 6 20
657999 8 1 1 5 6 26
658000 2 1 0 6 6 22
658001 39 1 1 8 6 24
658002 26 1 1 6 6 16
658052 1 1 1 7 5 23
658053 6 1 0 1 6 24
658054 12 0 1 8 6 20
658055 12 1 0 1 6 20
658056 10 1 1 8 6 16
658058 9 1 1 6 5 15
658059 7 1 0 6 5 20
658068 23 1 0 8 6 21
658069 15 0 1 0 6 31
658070 4 1 1 5 6 44
658071 9 0 1 4 6 31
658072 5 1 1 0 5 24
658074 1 1 1 2 5 21
658075 30 1 1 6 6 16
658077 12 1 0 2 5 20
658087 4 0 0 8 5 21
658089 30 0 1 8 6 16
658090 2 1 0 8 5 25
658093 2 0 1 0 5 15
658094 4 1 0 4 6 17
658095 20 0 1 8 6 17
658103 3 1 1 6 6 32
658106 13 1 1 8 6 15
658108 17 0 1 8 6 16
658136 14 1 0 2 5 26
658140 19 1 1 2 6 19
658155 18 1 0 2 5 21
658156 22 1 1 3 6 27
658157 18 1 1 8 5 28
658158 43 1 1 2 6 16
658160 10 1 1 6 6 17
658161 1 1 1 1 6 41
658162 8 1 1 4 5 18
658176 8 1 1 1 6 24
658179 1 1 0 7 5 28
658188 14 1 0 1 6 25
658189 13 1 0 8 6 17
658190 8 1 0 4 6 32
658191 1 1 0 1 5 22
658192 9 1 1 8 5 13
658193 10 1 0 4 6 27
658194 79 1 1 8 6 19
658218 2 0 1 7 6 28
658242 4 1 1 3 6 36
658243 8 1 1 1 6 41
658244 3 0 0 9 6 24
658246 2 0 1 5 5 29
658248 40 1 1 1 6 34
658251 4 1 1 2 6 31
658290 34 1 1 6 6 22
658314 1 1 1 3 5 42
658315 3 1 1 2 6 26
658316 11 1 0 7 5 31
658317 69 1 1 6 6 37
658327 3 1 0 1 5 22
658332 1 1 1 6 6 48
658333 18 1 1 7 6 38
658335 2 1 1 0 6 22
658346 1 1 0 2 6 23
658351 61 1 1 8 6 24
658352 5 0 1 5 6 35
658388 1 1 1 5 5 20
658389 6 1 1 9 5 23
658390 1 0 1 5 6 19
658391 89 1 1 8 6 16
658393 22 1 0 7 6 20
658394 40 1 1 2 6 19
658405 10 1 0 6 6 22
658407 11 1 1 4 6 33
658414 10 1 1 8 6 26
658415 3 0 0 7 6 23
658416 7 0 1 2 6 33
658418 26 1 1 6 6 15
658419 13 1 1 6 5 17
658420 7 1 1 6 6 17
658451 7 1 1 4 6 29
658460 5 1 1 8 6 29
658484 34 1 1 2 5 13
658485 4 1 0 6 5 22
658486 9 1 1 6 6 15
658487 9 1 0 2 6 19
658517 23 1 0 6 5 21
658518 24 0 1 3 6 24
658519 5 1 1 3 6 27
658557 13 1 1 6 6 14
658562 11 1 1 1 6 30
658596 2 1 1 3 6 22
658597 7 1 1 8 6 20
658598 12 1 0 2 6 22
658602 4 1 1 5 5 30
658603 7 1 0 1 6 22
658605 8 1 0 1 6 22
658606 12 0 0 2 6 37
658607 15 1 1 0 6 16
658642 8 1 1 0 6 15
658672 4 1 1 7 6 13
658673 11 1 0 1 6 26
658674 16 1 0 1 5 20
658675 10 1 0 1 6 19
658686 4 1 0 3 6 34
658699 6 1 0 4 6 20
658717 7 0 1 8 6 17
658720 18 1 1 8 6 14
658724 19 1 1 8 6 21
658728 1 1 1 6 6 22
658730 13 1 0 1 6 25
658748 24 1 1 8 6 17
658749 1 1 1 5 6 20
658755 18 0 1 8 6 16
658758 7 1 0 1 6 21
658779 15 0 1 6 6 26
658784 12 1 1 6 6 16
658793 5 1 0 3 6 21
658830 23 1 1 8 6 12
658832 20 1 1 6 6 15
658841 9 1 1 5 6 26
658845 14 1 1 6 6 23
658859 18 1 1 1 6 22
658863 8 1 1 7 6 22
658870 12 1 1 3 6 32
658873 15 1 1 7 6 22
658904 22 0 1 5 6 17
658907 17 1 1 2 5 16
658909 31 1 1 6 6 15
658917 11 1 1 6 6 39
658971 3 0 1 6 6 20
658998 11 0 1 8 6 15
659072 16 1 1 0 5 15
659075 58 1 1 4 6 17
659100 4 0 1 2 6 40
659117 16 0 1 2 6 19
659155 9 1 1 5 6 26
659156 36 1 1 7 6 15
659174 2 0 1 6 6 30
659187 10 0 1 7 6 27
659201 2 1 0 8 6 23
659223 52 1 0 6 6 19
659246 26 1 0 6 6 23
659301 20 1 1 3 5 21
659307 22 1 0 2 6 25
659321 14 1 1 6 6 22
659390 24 1 1 8 6 26
659405 19 1 1 2 5 51
659408 4 1 1 2 6 33
659417 4 0 1 6 6 29
659422 6 1 1 3 6 112
659426 3 0 1 6 6 23
659466 4 1 1 6 6 32
659479 6 1 0 4 5 20
659484 42 1 1 2 6 30
659502 8 1 1 8 6 15
659505 28 1 1 1 6 18
659517 3 1 1 5 6 28
659520 6 1 1 8 6 15
659543 5 0 0 8 6 31
659565 17 1 0 7 6 23
659566 14 1 1 0 6 37
659580 34 1 0 6 6 25
659608 19 0 1 6 6 29
659618 2 0 0 8 6 24
659620 44 1 0 2 6 41
659622 20 1 1 6 6 36
659632 17 1 0 6 5 23
659655 37 1 1 8 6 30
659717 44 1 0 2 6 21
659720 10 1 1 6 6 26
659758 6 1 0 7 6 24
659800 4 1 0 3 5 21
659851 13 1 1 8 6 20
659881 30 1 1 7 6 26
659911 72 1 0 4 6 32
659935 4 0 1 7 6 35
659950 24 1 1 2 6 39
659976 18 1 1 1 6 32
659993 7 0 1 1 6 28
659999 29 0 1 8 6 15
660025 22 1 1 8 5 29
660037 1 1 1 6 5 23
660039 10 1 0 7 5 20
660055 10 1 0 3 6 21
660095 4 0 1 0 6 23
660098 37 1 1 5 6 30
660112 5 0 0 1 6 23
660150 16 0 1 6 6 16
660162 71 1 1 2 5 17
660177 8 1 1 7 6 39
660275 1 0 1 8 6 25
660276 26 1 0 6 6 22
660299 4 0 0 7 6 31
660329 33 1 1 6 5 17
660340 15 1 1 0 6 26
660347 2 1 0 1 5 23
660350 10 1 0 3 6 21
660389 18 1 1 8 5 20
660411 24 1 0 8 5 26
660415 15 1 1 4 6 35
660446 12 1 0 0 6 21
660455 12 0 1 8 5 28
660460 76 1 1 6 6 24
660472 2 0 1 3 6 22
660488 5 1 1 1 6 45
660505 4 1 1 2 6 27
660511 11 1 1 7 6 36
660520 8 0 1 7 6 34
660554 4 1 0 0 6 23
660567 5 1 0 2 5 22
660585 18 1 1 5 6 19
660621 29 0 1 8 6 36
660639 2 1 1 6 6 25
660642 2 0 1 7 5 23
660653 13 1 0 6 6 29
660691 7 1 1 6 5 24
660709 22 1 1 8 6 18
660713 24 1 1 1 6 22
660781 8 1 1 9 6 41
660787 10 1 0 5 6 21
660790 7 1 1 2 6 22
660796 2 1 1 7 6 25
660826 11 0 0 7 6 90
660869 8 1 1 1 6 24
660878 5 0 1 3 6 40
660887 10 1 0 1 6 21
660892 1 1 1 7 6 26
660893 7 1 0 1 6 26
660918 2 0 1 3 6 21
660939 8 1 1 3 6 26
660944 7 1 1 1 6 38
660954 19 1 1 6 6 22
660958 27 1 1 7 6 26
660974 3 1 0 1 6 22
661010 30 1 0 0 6 21
661013 3 1 0 6 5 24
661018 9 1 1 6 6 31
661027 47 1 1 8 6 21
661032 1 0 0 5 5 23
661034 3 1 0 5 6 22
661037 4 1 1 1 6 27
661043 10 0 1 3 6 17
661049 18 1 1 7 6 42
661050 4 1 1 6 6 22
661074 13 0 1 5 6 21
661096 4 1 1 0 6 28
661114 15 1 0 7 6 22
661126 22 1 1 8 6 16
661138 19 1 1 8 6 17
661143 20 0 1 3 6 32
661146 4 0 0 0 6 22
661154 26 1 1 7 6 16
661161 33 1 1 7 6 24
661166 18 1 0 2 6 24
661212 6 1 1 1 6 26
661217 75 1 1 5 6 18
661221 8 1 1 3 6 29
661246 1 1 0 7 5 21
661292 5 0 1 8 6 28
661295 9 1 1 6 5 19
661302 6 1 0 1 5 23
661367 19 1 1 6 6 30
661391 3 0 1 3 6 30
661423 34 1 1 3 6 20
661469 7 1 1 1 6 39
661483 32 1 1 7 6 24
661496 109 1 0 3 6 29
661521 1 1 1 3 6 25
661546 2 1 1 0 6 32
661567 5 1 0 8 5 32
661586 77 1 1 6 6 18
661623 7 0 1 6 6 31
661636 29 0 1 2 6 31
661637 60 1 1 8 6 21
661639 25 1 1 2 6 20
661645 1 1 0 0 6 22
661656 38 1 0 7 6 23
661715 6 1 1 3 6 27
661735 8 1 1 6 6 18
661749 6 1 1 1 6 26
661772 8 0 0 1 6 25
661787 21 1 0 8 6 22
661798 4 0 1 6 6 23
661841 1 0 1 1 5 48
661866 33 1 1 6 6 27
661897 12 1 1 6 6 29
661912 12 0 1 6 6 31
661916 16 1 1 8 6 16
661918 13 1 1 2 6 33
661935 52 1 1 8 6 34
661940 15 0 1 6 6 33
661941 4 0 1 7 6 28
661945 19 1 1 8 6 20
661946 10 0 1 2 6 17
661952 13 1 0 4 6 21
661956 11 1 1 0 6 26
661970 18 0 1 8 6 19
662010 10 1 0 1 6 21
662047 33 0 1 6 6 19
662055 7 1 1 7 5 29
662092 2 0 0 1 5 26
662096 2 0 0 5 5 26
662113 2 1 0 1 5 29
662126 6 0 1 0 6 22
662138 3 1 1 1 6 43
662167 9 1 0 8 5 21
662176 25 1 0 6 6 36
662221 27 1 1 2 6 34
662274 8 1 0 3 5 22
662281 10 0 1 4 6 23
662282 15 0 1 7 6 21
662294 8 0 1 3 6 41
662295 63 1 1 8 6 19
662320 2 1 1 6 5 27
662325 8 0 1 4 6 55
662340 8 0 1 1 5 22
662344 16 1 1 8 6 39
662349 6 0 1 0 6 22
662355 3 0 1 1 6 44
662357 77 1 1 8 6 19
662375 17 1 0 1 6 20
662380 4 1 1 6 6 31
662382 5 0 0 2 6 34
662386 7 1 1 2 5 31
662390 2 1 0 3 6 37
662426 8 1 1 1 6 27
662438 2 1 1 2 6 27
662444 9 1 1 7 6 26
662457 11 0 1 1 6 33
662479 35 0 1 4 6 27
662510 4 0 1 8 5 46
662526 1 1 1 1 6 27
662529 11 0 1 4 6 24
662534 2 1 1 2 6 22
662573 14 1 1 8 6 30
662601 10 0 1 2 6 36
662637 1 0 1 8 6 29
662638 4 1 1 1 6 30
662642 1 0 1 6 6 24
662644 7 1 1 2 6 31
662726 26 1 0 5 6 27
662732 5 1 1 5 6 44
662734 9 1 0 8 6 24
662738 31 1 1 5 5 18
662741 4 1 1 7 6 29
662750 10 1 0 4 5 21
662754 41 1 1 4 6 34
662762 3 1 0 8 6 28
662766 3 0 1 6 6 29
662792 4 1 1 5 6 24
662810 3 0 0 7 6 26
662817 1 1 1 7 6 29
662843 21 1 0 4 6 26
662846 3 1 1 3 6 32
662857 7 1 1 4 5 33
662863 5 0 1 1 6 33
662866 6 1 1 6 5 25
907747 21 1 1 4 6 44
