124176
19
2108
124176 467 1 1 6 6 32
5007 178 1 1 6 6 17
27162 46 0 0 0 6 22
36055 133 0 1 6 6 42
39595 96 1 0 2 6 18
39661 248 1 0 6 6 20
44721 117 0 0 4 6 22
44973 27 1 1 4 6 17
45294 41 1 0 4 5 26
51489 65 0 0 4 6 28
53712 81 0 0 4 6 19
72284 34 0 1 6 6 17
88019 459 1 1 2 6 17
88670 108 1 1 4 6 21
89056 39 1 1 5 5 21
92324 26 1 1 4 6 29
121690 33 1 0 9 6 38
122145 22 0 1 4 6 27
122671 160 1 1 6 6 22
123929 80 0 0 4 6 23
138547 50 1 1 6 6 19
143483 204 1 1 6 6 14
145923 555 1 1 6 6 18
156488 329 1 1 6 6 19
162216 164 1 1 2 6 18
162846 62 1 0 4 6 10
172827 103 1 1 6 6 22
172886 299 1 0 4 6 16
176897 135 1 0 4 6 24
176956 65 1 0 4 6 29
176986 60 1 0 6 6 33
176988 83 1 0 6 6 28
177106 53 0 0 4 6 22
182934 19 1 0 6 6 53
182935 137 0 0 6 6 21
182982 44 0 0 4 6 26
183037 49 1 1 4 6 32
183040 44 1 1 4 5 33
183047 88 1 1 4 6 24
183090 39 0 0 6 6 27
183091 69 1 1 6 6 29
183098 103 0 1 4 6 25
183142 98 1 0 6 6 31
185384 332 1 1 4 6 19
196221 24 1 0 5 6 30
203739 78 0 1 6 6 19
207340 32 1 1 8 6 27
211737 169 1 0 4 6 9
212093 192 1 1 4 5 18
212436 205 0 1 6 6 21
213016 81 1 1 0 6 22
213277 96 0 1 4 6 21
214126 180 1 1 4 6 17
224203 35 1 0 6 6 21
224558 93 1 1 8 6 17
224560 86 1 0 4 6 19
224627 317 1 1 8 6 18
224734 70 0 1 6 6 21
241045 61 1 1 6 6 29
242807 143 1 0 6 6 9
242811 235 1 1 5 6 29
261470 28 1 1 9 6 25
263886 63 0 0 4 6 21
271281 60 1 1 4 6 29
272337 168 1 1 6 6 25
274535 134 1 0 2 6 16
282771 22 0 0 4 6 34
286463 126 1 0 4 6 13
298767 106 1 0 4 6 17
305426 91 0 0 6 6 18
305834 101 1 0 4 6 23
308110 134 0 1 4 6 16
308119 114 1 1 4 6 20
314528 31 1 1 6 6 11
315263 62 1 1 6 6 15
321662 290 1 0 6 6 15
329894 109 1 0 4 6 21
330317 98 1 0 6 6 20
331257 105 0 0 4 6 20
331736 11 1 0 6 6 23
334888 88 1 1 6 6 28
335163 82 0 1 4 6 18
336895 158 1 1 6 6 24
348110 64 0 0 6 6 34
368062 91 1 1 4 6 26
371298 48 1 0 4 6 28
373011 88 1 1 6 5 18
373359 10 0 0 6 6 24
374521 113 0 1 6 6 21
374642 175 1 0 4 6 18
374644 70 0 0 6 6 23
374825 156 1 1 6 6 28
374827 87 1 0 4 6 18
374875 330 1 1 6 6 34
377038 195 0 1 6 6 23
377176 65 0 1 6 6 23
384356 79 1 1 4 6 24
398388 100 0 1 6 6 24
398857 77 1 1 8 6 23
399379 42 1 1 0 6 21
399523 23 1 1 6 6 13
399556 164 1 1 4 6 17
399769 30 1 1 6 6 15
399997 344 1 1 4 6 20
400422 66 0 1 4 6 37
400555 90 1 1 6 6 16
404881 16 0 0 3 6 47
408132 126 1 1 6 6 19
408602 127 0 1 4 6 19
417524 12 1 1 1 6 43
418036 99 0 1 6 6 18
419231 46 1 0 9 6 17
428105 140 1 0 4 6 31
432553 66 1 1 6 6 33
432554 127 1 1 6 5 26
432607 42 0 1 4 6 24
432611 25 1 1 6 6 31
432666 58 1 1 4 6 29
432669 75 1 1 6 6 28
432706 41 1 0 6 5 23
433412 136 1 1 4 6 25
434492 211 1 1 6 6 20
434903 71 0 0 4 6 33
435066 71 1 1 8 6 21
435200 83 1 0 4 6 35
443400 38 0 0 6 6 45
449674 33 0 1 6 6 23
449677 46 1 1 6 6 27
459568 43 0 0 8 6 40
466414 50 0 0 1 6 24
469286 101 1 0 6 6 19
470565 49 0 0 6 6 21
471008 107 0 0 4 6 22
476290 44 0 0 6 6 43
480319 217 1 1 6 6 16
483606 71 1 1 2 6 18
487656 126 0 1 6 6 17
494031 48 1 0 4 6 25
496389 144 1 0 6 6 18
497708 56 1 1 4 6 23
504451 61 1 1 6 6 19
504473 30 1 1 4 6 20
505301 115 1 1 4 6 21
505360 171 1 1 8 6 20
505677 56 1 1 6 6 12
506064 78 1 0 4 6 20
506078 84 0 0 6 6 25
506702 123 0 1 6 6 25
509476 81 1 1 4 6 22
510038 114 1 1 4 6 28
510219 43 1 0 4 5 22
511066 151 0 1 6 6 19
511146 25 1 1 3 6 22
511222 62 1 1 6 6 20
511227 42 1 1 6 6 23
511228 80 1 1 6 6 23
511289 73 0 0 1 6 10
511315 42 0 0 8 6 21
511872 30 0 0 8 6 18
511905 31 1 1 8 6 39
513096 123 1 0 6 6 18
513188 182 1 1 6 6 24
513532 59 1 1 8 6 31
514056 151 1 1 4 6 37
514694 45 1 1 8 6 33
515183 38 1 0 6 6 19
515312 45 1 0 4 6 38
515497 29 1 1 4 6 21
515548 39 1 1 6 6 20
516932 77 1 1 6 6 29
517570 56 0 0 6 6 29
517858 64 1 1 6 6 26
517913 51 0 1 6 6 24
518333 77 0 0 4 6 20
518740 33 1 1 6 6 21
519408 102 1 1 4 6 17
519474 128 1 1 6 6 22
520833 46 1 1 6 6 16
521314 150 1 1 4 6 22
521317 155 1 1 4 6 13
522698 22 1 0 6 6 20
523068 20 0 1 4 6 39
523829 47 1 1 6 5 21
524049 71 0 0 6 6 24
524618 79 1 1 6 6 32
526783 79 1 0 4 6 22
527032 67 1 0 4 6 25
527334 46 1 1 6 6 23
530868 91 1 1 2 6 22
533100 54 1 0 4 6 15
534951 54 0 0 6 6 35
535358 98 1 0 6 6 22
539443 107 1 0 6 6 35
542296 18 1 0 6 6 19
542482 31 1 0 3 6 34
543127 29 1 1 4 6 22
550516 22 0 0 4 6 29
554648 46 1 1 6 6 22
554952 82 0 1 8 5 23
556841 218 1 1 6 6 18
557760 65 1 1 6 6 21
558093 53 0 0 4 6 27
558159 87 1 0 6 6 19
558629 32 1 1 4 5 24
558716 119 1 0 6 6 31
558848 14 0 0 4 6 29
562396 25 0 1 3 5 22
562546 103 1 1 4 6 22
562826 11 1 0 4 6 29
562829 43 0 1 6 6 35
562984 25 1 1 4 6 20
563145 30 1 1 4 6 27
564075 47 1 1 6 6 22
564076 65 1 1 4 6 27
564171 75 1 0 6 6 25
564195 44 0 1 6 6 25
564279 36 1 0 6 6 24
564940 51 1 0 6 6 38
564971 25 1 1 6 6 24
565180 71 1 1 6 6 28
565187 20 0 0 6 6 23
566864 39 0 1 4 5 18
567724 24 1 0 6 6 15
578319 105 1 0 6 6 34
581488 190 1 0 6 6 25
584346 43 0 1 4 6 19
586458 95 1 0 4 6 20
586684 105 0 0 6 6 40
586753 62 1 0 6 5 21
591028 78 0 0 4 6 28
591035 82 1 0 4 5 28
591183 55 1 0 6 6 36
591193 67 1 0 4 6 33
591243 41 1 0 6 6 50
591246 36 1 0 6 6 50
591801 35 0 1 6 6 26
592537 12 1 1 6 6 25
593093 41 1 1 4 6 22
596677 98 1 0 4 6 18
596685 118 1 0 4 6 18
596946 111 1 1 6 6 35
600299 38 1 0 4 6 28
601795 97 1 1 6 6 36
601820 84 1 0 4 6 33
601861 161 1 1 4 6 31
602176 35 0 0 4 6 27
602349 26 1 0 6 5 18
606955 83 1 1 8 6 15
610067 61 0 1 4 6 29
617024 60 1 1 6 6 21
617947 14 1 0 6 6 37
618238 121 1 0 4 6 43
618287 51 0 0 6 6 35
618326 72 1 1 6 6 23
618331 46 1 1 4 6 35
618450 146 0 1 6 6 31
621155 69 1 0 4 6 15
623425 91 1 0 6 6 26
624239 49 1 1 6 6 19
628282 57 1 1 4 6 30
629449 48 1 0 6 6 46
629451 20 0 1 4 6 35
631781 70 1 1 4 6 22
633532 81 1 0 7 6 41
640080 25 0 1 2 6 37
640480 47 1 1 4 6 33
641512 60 1 0 6 6 14
643792 26 1 0 6 6 29
645958 58 1 0 6 6 32
645964 33 1 0 6 6 30
646086 144 1 0 4 6 26
654505 46 1 0 6 6 46
661238 37 1 1 6 6 28
662185 36 0 0 4 6 27
672090 36 1 1 4 6 21
675440 15 1 0 6 6 24
675838 174 0 0 6 6 37
676617 56 0 0 4 6 32
678087 27 0 1 6 6 32
679723 24 1 1 9 6 30
682829 57 1 1 6 6 23
683366 92 1 0 6 6 27
683382 71 1 0 4 5 21
683511 45 1 0 6 6 22
699041 64 0 1 6 6 42
699322 59 1 0 8 6 35
718659 80 1 0 6 6 21
728535 99 1 0 4 6 24
730708 25 1 1 6 6 39
730898 43 1 1 6 6 27
741916 30 0 0 4 6 28
742834 44 1 0 4 6 20
744144 36 1 1 6 6 37
747282 17 1 1 6 6 22
748052 17 1 1 6 6 31
748623 47 1 1 4 6 26
750173 61 1 1 4 6 18
750420 48 1 1 8 6 21
752530 85 1 0 4 6 29
753541 24 1 1 6 6 48
760373 16 1 0 3 6 18
762711 19 1 0 4 6 36
769713 33 1 1 9 6 35
772786 38 1 0 6 6 11
780562 86 1 0 6 6 20
785396 37 1 1 4 6 25
786030 50 0 0 5 6 38
786919 63 1 0 6 6 29
787458 17 1 0 1 6 33
788092 8 1 0 6 5 28
802280 38 1 0 4 6 23
808258 128 1 1 6 6 19
808478 6 1 0 3 5 15
810009 15 1 0 6 6 29
810165 40 1 0 6 6 22
814237 8 1 1 1 6 14
815272 39 1 0 4 6 32
820580 45 1 1 4 5 38
821058 50 1 0 6 6 24
822887 25 1 1 6 6 33
823808 79 1 0 4 6 17
826716 59 0 0 6 6 38
829788 15 0 0 4 6 22
829825 40 0 0 6 6 20
834423 21 1 1 0 6 23
839575 13 1 0 2 6 23
840162 57 1 0 6 6 24
840678 30 1 0 4 6 32
840698 26 1 1 6 6 25
840797 34 1 1 6 6 33
840874 34 1 0 4 6 34
841011 34 1 0 6 6 37
841119 31 1 0 6 6 32
854769 20 1 0 6 5 23
854816 45 1 0 2 6 24
857129 45 1 1 6 6 26
863540 9 1 1 4 6 29
869519 20 0 0 4 6 50
879217 29 1 0 2 6 16
882608 26 1 0 6 6 21
883434 21 1 0 2 6 46
885338 33 1 0 4 6 3
889330 20 1 0 4 6 14
894067 77 1 1 4 6 28
895829 8 1 1 9 6 27
906155 24 0 0 4 6 28
914468 51 0 0 4 6 20
914873 57 0 1 4 6 25
915643 78 1 0 4 6 37
915763 44 0 1 6 6 29
923601 81 1 1 6 6 30
923602 22 1 0 6 6 23
925827 28 1 0 4 6 31
926386 50 1 1 6 6 32
926497 9 1 1 0 6 29
926942 44 1 1 4 6 33
927395 104 1 0 4 6 23
927837 76 1 1 6 6 25
927883 35 1 0 6 6 50
927937 41 1 0 4 6 24
927965 58 1 0 6 6 25
929232 76 1 0 6 6 27
929315 17 1 0 4 6 22
929800 13 1 1 6 6 18
930542 44 1 1 6 6 20
931472 29 1 1 9 6 34
931537 64 1 1 6 6 25
932173 28 1 1 6 6 18
932180 24 1 0 2 6 16
932576 21 1 0 6 6 31
932609 11 1 1 2 6 9
932740 52 1 0 6 6 36
932757 26 1 0 4 6 25
932856 39 1 1 6 6 33
932912 35 1 1 6 6 12
932930 31 1 0 6 6 36
932932 31 1 1 4 6 12
932933 61 1 1 6 6 18
932940 1 1 1 6 6 26
932958 37 1 1 6 6 27
932960 30 0 1 4 6 20
932961 5 1 1 6 6 18
932964 26 0 0 4 6 22
932971 27 1 0 0 6 45
932972 57 1 1 6 6 26
932973 23 1 1 6 6 17
932974 16 1 0 6 6 23
932975 50 1 0 6 6 43
932987 27 1 0 4 6 32
933005 29 1 0 6 6 22
933006 5 1 0 6 6 25
933007 18 1 0 4 6 30
933020 13 1 1 6 6 20
933021 100 1 0 6 6 14
933023 51 0 0 6 6 36
933029 14 1 1 6 5 48
933052 8 0 0 4 6 21
933054 18 1 0 4 5 27
933074 44 1 0 6 6 36
933075 5 1 0 3 6 43
933083 2 0 1 2 6 28
933086 3 1 1 9 5 32
933092 23 1 0 6 6 28
933104 49 1 1 4 6 29
933112 4 1 0 6 5 30
933113 13 1 1 6 5 41
933119 14 1 0 4 6 30
933137 5 1 0 3 5 15
933139 12 0 1 4 5 23
933141 21 1 1 6 5 10
933145 13 1 0 6 6 26
933148 27 1 1 6 6 18
933166 35 1 1 6 6 33
933171 9 1 0 4 5 31
933172 7 0 0 6 6 27
933174 10 1 1 6 5 26
933176 6 1 1 6 5 30
933178 18 1 1 6 6 38
933179 45 1 0 4 6 24
933194 23 1 1 2 5 10
933195 21 1 1 6 6 51
933196 62 1 0 6 6 35
933207 38 1 0 4 5 22
933225 61 1 0 6 6 27
933226 17 1 1 6 6 21
933243 44 1 1 4 6 23
933246 16 0 0 6 6 24
933249 38 0 0 6 6 32
933251 15 1 1 6 6 40
933345 60 1 0 4 6 27
933359 8 1 1 8 6 25
933467 13 1 0 4 6 31
933469 8 1 0 4 6 24
933470 56 0 0 6 6 26
933482 55 1 0 6 6 46
933491 58 1 0 6 6 19
933495 28 0 0 4 6 30
933498 73 0 1 6 6 29
933499 42 1 0 4 6 31
933500 17 0 1 4 6 50
933516 19 1 1 6 6 22
933519 36 1 0 4 6 30
933522 43 1 1 4 6 40
933524 37 1 0 4 6 46
933542 20 0 0 6 6 29
933565 17 0 1 4 6 32
933594 1 1 0 6 6 21
933595 18 1 1 6 6 27
933621 18 1 1 1 6 23
933623 17 0 1 4 6 33
933630 56 1 1 6 6 25
933632 13 1 1 6 6 28
933645 73 1 1 4 6 27
933672 20 0 0 6 6 26
933684 13 1 1 4 6 23
933838 3 1 1 4 6 22
933839 23 1 1 4 6 32
933840 4 0 1 4 6 28
933841 24 1 1 9 6 24
933842 4 1 1 6 6 26
933843 4 1 0 4 6 24
933844 17 1 0 4 6 36
933862 1 1 0 6 6 18
933863 8 1 1 6 6 50
933864 23 1 1 4 6 15
933865 22 1 1 4 6 27
933889 39 1 0 4 5 41
933895 16 1 1 6 6 35
