79397
19
2029
79397 167 1 1 6 6 21
9130 33 0 0 6 6 21
20327 68 1 0 6 6 18
28254 92 1 0 6 6 19
29781 50 0 1 4 5 21
49092 71 1 0 0 6 20
61638 139 1 0 6 6 20
73640 72 1 1 6 6 25
77457 36 1 1 6 6 18
78457 62 1 1 1 6 21
79158 29 0 0 6 6 19
79160 83 1 0 6 6 18
79246 38 0 0 6 5 18
79250 46 1 0 6 6 18
79252 92 1 1 6 6 19
79301 35 0 1 6 5 19
79394 54 0 0 6 6 16
79771 20 1 1 6 5 19
79807 61 1 0 6 6 17
85964 21 1 1 4 6 21
86554 158 1 0 1 6 21
87320 55 0 1 6 6 25
106192 109 1 0 7 6 20
106195 118 1 0 7 6 20
112801 24 0 1 2 6 21
113452 102 1 0 6 6 17
115561 62 0 0 6 6 20
116153 47 0 1 6 6 22
116216 33 0 1 6 6 23
119895 56 0 0 6 6 20
119896 63 1 0 6 6 22
130811 62 1 1 6 6 25
131833 50 1 0 6 6 20
153801 49 0 0 6 6 21
153808 88 1 0 6 6 20
159944 81 1 0 6 6 19
160599 136 1 0 6 6 21
172582 130 1 1 1 6 23
177509 70 1 0 6 6 20
182389 49 0 1 1 6 20
186189 57 0 0 6 6 18
189361 83 1 0 6 6 15
193343 101 1 1 2 6 23
193452 45 1 1 2 6 21
204482 94 0 1 6 6 25
208202 98 1 0 6 6 21
211416 114 1 1 6 6 21
216266 72 0 1 6 6 23
217677 118 1 0 6 6 21
218698 53 0 0 6 6 20
221273 104 0 0 6 6 19
221941 102 1 1 7 6 24
221942 91 1 1 7 6 24
222798 87 1 1 6 6 24
226141 92 1 0 2 6 20
268086 47 0 0 6 6 21
277946 41 1 1 8 5 22
280538 148 1 0 2 6 19
281342 34 0 1 6 6 21
287711 231 1 0 6 6 21
307013 37 1 0 6 6 18
307144 49 0 0 4 6 20
307184 45 0 0 6 6 19
315487 109 1 0 6 6 20
315732 52 0 0 6 6 17
319509 79 0 0 7 5 19
319946 61 1 1 3 5 22
323713 85 0 0 7 6 20
324175 53 0 1 6 6 25
324789 20 0 1 6 6 21
330640 56 1 0 1 6 22
331715 72 1 0 6 6 21
334412 102 0 1 6 5 21
338371 52 0 0 6 6 17
338874 80 1 0 6 6 16
339339 76 0 1 6 6 21
349004 110 1 1 6 6 21
366548 48 1 1 6 6 20
383342 28 0 1 2 6 20
396572 64 0 0 6 5 20
405324 44 1 1 6 6 24
405326 106 1 1 6 6 24
405333 57 1 0 6 6 20
405363 84 0 0 6 6 21
405394 107 1 0 6 6 22
405402 96 1 0 6 6 20
405403 91 1 0 6 6 20
405440 114 1 1 6 6 24
405441 66 1 1 6 6 23
405443 43 1 1 6 6 21
405685 25 0 1 6 5 24
416327 111 1 1 6 6 22
427867 64 1 0 6 6 14
431239 64 1 1 6 6 20
433866 46 0 0 6 6 19
441933 80 1 1 6 6 20
441968 14 0 0 6 6 21
443541 37 1 1 6 6 21
455213 57 1 1 1 6 21
480508 89 1 0 6 6 21
480509 76 1 0 6 6 19
480571 205 1 0 6 6 24
481286 17 0 0 6 6 26
521245 36 1 1 6 6 27
524576 43 1 1 2 6 21
549718 75 1 0 6 6 20
558678 17 0 1 1 6 22
559908 37 1 1 6 6 26
566106 73 1 0 6 6 19
566107 55 1 0 6 6 20
569938 35 0 1 6 6 24
579758 25 0 1 6 6 20
579825 57 0 0 6 6 18
592155 40 1 1 6 6 22
599860 44 1 0 6 6 21
599871 70 1 0 6 6 22
600339 38 0 0 6 6 20
608567 27 0 1 6 6 24
610079 34 0 0 6 6 21
610183 54 1 0 6 6 21
610501 20 1 1 6 6 21
610579 76 1 1 6 6 22
610636 71 1 0 6 6 22
611316 35 1 1 6 6 21
612145 53 1 0 6 6 21
612260 77 1 1 6 6 22
612529 28 1 1 6 6 21
614269 86 1 1 6 6 23
645735 35 0 0 6 6 21
666320 41 1 1 6 6 19
666781 28 1 1 6 5 28
694087 14 0 0 6 6 20
705464 23 0 1 6 6 28
705876 61 1 0 6 6 21
733052 70 1 1 6 6 21
733476 66 1 1 6 6 22
734237 83 1 0 6 5 21
737381 60 1 1 6 6 19
749715 76 1 1 6 6 20
752276 53 1 0 6 6 20
752315 60 1 1 6 6 20
752317 18 1 1 6 6 24
752510 33 1 0 6 6 20
757185 43 1 1 6 6 20
757344 47 1 1 6 6 21
757381 36 1 0 6 6 21
757556 28 1 0 6 6 21
757679 60 1 0 6 6 20
757765 73 1 1 4 6 20
757766 62 1 1 6 6 22
757767 68 1 0 6 6 21
760064 35 1 1 6 6 23
761366 60 1 0 6 6 21
761403 20 0 0 6 6 19
762453 13 0 0 6 6 20
762884 35 0 1 6 6 21
781875 54 1 0 6 6 26
782114 15 0 1 6 6 21
782623 19 1 0 6 6 22
783012 25 0 1 6 6 22
783048 81 1 1 6 6 23
783049 26 0 1 6 6 21
783548 4 0 0 6 5 16
783607 25 0 1 6 6 21
783627 19 1 0 6 5 22
783641 30 1 1 6 6 22
783642 46 1 1 6 6 21
863045 19 1 0 2 6 21
