251075
19
444
251075 689 1 1 1 6 18
6138 43 0 1 5 6 18
13102 142 1 0 1 6 19
20116 15 0 0 4 6 18
20713 52 1 0 1 6 16
37006 34 1 0 5 6 16
37055 33 1 0 5 5 15
37058 16 1 0 5 6 16
37259 129 1 0 5 6 16
37265 64 1 0 5 6 16
39288 33 0 0 5 5 16
40189 78 0 0 5 6 18
42853 78 0 0 5 6 15
43072 76 1 0 5 6 19
43949 110 1 0 6 6 14
45096 48 0 0 5 6 14
45292 82 1 0 5 6 19
46194 129 1 0 5 6 17
48140 136 0 0 5 6 20
48213 80 0 0 4 6 18
48899 101 0 0 5 6 16
49147 93 1 0 1 6 21
49182 22 1 0 5 6 16
51062 52 1 0 5 6 16
52126 113 1 0 5 6 19
54982 18 1 0 5 5 23
58559 15 0 0 4 6 19
58792 221 1 0 5 6 18
62616 49 0 0 4 6 19
64854 76 1 0 5 6 18
64938 40 0 0 5 6 20
65250 42 1 0 5 6 13
68849 78 1 1 5 6 19
74699 147 1 0 7 6 18
76369 221 1 0 5 6 17
76737 198 1 0 5 6 20
80851 27 0 0 5 6 17
82234 152 1 0 5 6 18
84055 149 1 0 1 6 21
85477 34 1 0 7 6 16
86446 55 1 1 5 6 19
86575 83 1 0 5 6 16
86579 61 0 0 1 6 17
86612 39 1 0 5 6 17
86929 107 0 0 5 6 18
87036 27 1 0 5 6 15
87074 102 1 0 5 6 18
87453 78 1 0 5 6 16
87590 68 1 0 5 6 18
88289 10 1 0 1 6 22
90961 158 1 0 5 6 17
92379 113 1 0 5 6 19
93384 93 0 0 5 6 18
95046 20 0 0 5 6 21
99383 147 1 0 2 6 17
101657 61 0 0 5 6 18
107915 72 1 0 5 6 18
108633 15 1 0 9 6 17
112925 424 1 0 2 6 16
113189 40 1 0 5 6 17
116993 42 1 1 1 6 27
119854 136 1 0 5 6 17
126482 14 1 0 6 6 19
126636 84 1 0 5 6 17
126704 103 1 0 1 6 15
126706 42 1 0 5 6 17
127944 99 1 0 5 6 16
127947 36 1 0 5 6 18
129129 129 1 0 5 6 17
129198 99 1 0 5 6 16
129412 54 1 1 1 6 20
129438 58 1 0 1 6 21
130058 19 1 0 2 6 25
130432 76 0 0 5 6 17
130828 295 1 0 5 6 18
131168 107 1 0 5 6 17
132669 59 1 0 1 6 16
132693 48 0 0 1 6 17
133493 62 1 0 1 6 17
135800 45 0 0 7 6 20
136048 10 0 0 5 6 15
140290 51 0 0 5 6 91
142898 22 1 0 1 6 15
144283 319 1 1 1 6 18
145893 153 1 0 5 6 18
149377 91 1 0 5 6 14
150830 114 1 0 5 6 18
150941 77 1 0 5 6 16
152666 52 0 0 5 6 18
152671 52 1 0 9 6 16
152974 22 1 0 5 6 17
155285 192 1 0 5 6 17
156645 171 1 0 5 6 19
165967 11 1 0 1 6 17
166756 110 0 0 7 6 19
166963 90 1 0 5 6 15
169747 149 1 0 5 6 19
171826 61 1 0 5 6 21
172051 61 1 0 4 6 15
172386 81 1 0 5 6 19
172655 284 1 0 4 6 16
173164 52 0 0 5 6 15
173635 77 1 0 5 6 18
188561 235 1 0 7 6 21
188778 20 0 0 5 6 17
188877 61 0 0 5 6 20
189082 82 0 0 5 6 20
191939 92 1 0 5 6 21
194828 71 1 0 1 6 15
195028 27 1 0 2 6 19
203223 158 1 0 5 6 17
215499 13 0 0 1 6 18
218462 111 1 1 5 6 22
219636 79 0 0 6 6 15
219973 114 0 0 5 6 20
221981 84 1 0 6 6 12
223742 174 1 0 7 6 17
223831 71 1 0 5 5 18
224791 26 1 0 5 6 16
224792 51 1 0 5 6 17
224840 169 1 0 7 6 18
225056 54 1 0 5 6 17
225174 31 1 0 5 6 16
225175 178 0 0 5 6 19
225278 96 0 0 5 6 18
225990 29 1 0 5 6 21
226882 26 1 0 1 6 16
231027 33 1 0 1 6 18
232523 47 1 0 5 6 23
239822 31 1 0 5 6 18
244809 146 1 0 1 6 18
245027 55 0 0 7 6 13
245145 45 1 0 1 6 18
249118 79 1 0 5 6 18
250921 73 0 0 1 6 16
254890 69 1 0 1 6 14
256333 84 0 0 4 6 16
256555 51 1 0 2 6 15
257236 66 1 0 5 6 18
257886 81 0 0 5 6 16
257938 32 1 0 5 6 16
258072 92 1 0 5 6 18
258186 108 1 0 4 6 17
258448 155 1 0 2 6 16
260890 88 0 0 5 6 25
261525 143 1 0 5 6 22
262813 31 1 0 5 6 19
264394 61 0 0 5 6 17
267716 48 1 0 5 5 18
270667 64 0 0 5 6 16
271253 79 1 0 5 6 17
272756 35 1 0 4 6 22
273491 4 0 0 1 6 19
275572 138 1 0 7 6 17
275640 30 0 0 4 5 19
276212 53 1 0 4 6 21
277399 19 1 0 5 6 16
279149 32 0 0 5 6 15
280751 42 0 0 5 6 19
283380 148 0 0 5 6 18
285563 24 1 0 5 6 18
285651 8 0 0 1 6 17
285673 46 1 0 5 6 18
286436 80 1 0 5 6 14
286503 67 1 0 5 6 16
286673 21 1 0 5 6 18
286842 67 0 0 5 6 19
286844 99 1 0 5 6 17
286845 49 1 0 5 6 18
287300 21 0 0 5 6 19
287343 34 1 0 5 6 20
287497 36 1 0 5 6 17
287810 10 0 0 4 6 16
289042 96 1 0 5 6 18
289050 67 1 0 7 6 16
289552 113 1 0 7 6 14
289599 25 0 0 7 5 16
289888 29 0 0 4 6 17
289942 23 1 0 5 6 21
289953 61 1 0 5 6 19
290016 35 1 0 1 6 15
290235 26 0 0 4 6 22
290458 42 0 0 6 6 20
290664 62 0 0 5 6 19
290861 26 1 0 4 6 15
298472 102 0 0 1 5 19
298747 9 1 0 5 6 17
301580 10 0 0 5 6 14
302266 49 1 0 5 6 17
302761 88 1 0 5 6 18
302881 5 1 0 1 6 18
303271 30 1 0 1 6 19
305571 231 1 0 7 6 19
305708 26 0 0 4 6 20
305774 75 1 0 5 6 18
305830 161 1 0 7 6 16
309333 36 1 0 5 6 17
310263 66 1 0 5 6 14
312583 11 1 0 5 6 15
316886 18 0 0 1 6 19
317762 10 1 0 5 6 18
318398 70 1 0 3 6 17
323395 56 0 0 5 6 23
323782 56 0 0 5 6 15
326478 14 0 0 4 6 17
328925 22 0 0 4 6 21
329386 60 1 0 7 6 20
331959 42 1 0 5 6 19
334247 12 1 1 5 6 21
336598 127 0 0 5 6 19
338592 29 1 0 4 6 16
339890 13 1 0 1 5 16
340481 37 1 0 5 6 18
340519 17 1 0 7 6 17
341015 82 1 0 5 6 17
341795 43 1 0 5 6 17
342469 70 1 0 5 6 19
347736 19 1 0 5 6 20
349541 73 1 1 1 6 20
349951 49 1 0 5 6 18
349952 109 1 0 5 6 16
350068 62 0 0 5 6 17
350207 30 1 0 5 6 19
350428 14 1 0 5 6 21
351479 73 1 0 5 6 18
353357 14 1 0 1 5 15
353702 27 1 0 1 5 22
355820 14 1 0 1 6 20
357756 23 1 1 0 6 18
357757 51 1 1 5 6 16
357898 24 1 0 5 6 15
358482 185 1 0 7 6 18
358990 120 1 0 5 6 18
358991 2 1 0 4 5 16
359092 8 0 0 5 6 16
359105 44 1 0 5 6 19
359207 60 1 0 1 6 23
359283 33 1 0 1 6 17
359454 180 1 0 5 6 17
360512 74 0 0 1 6 15
360513 40 1 0 5 6 15
361700 35 0 0 8 6 15
361730 60 0 0 5 6 14
362019 69 1 0 5 6 16
365588 14 1 0 5 6 16
366180 102 1 0 5 6 17
368804 82 1 0 5 6 14
369754 22 0 0 1 6 15
378044 87 1 0 9 6 19
383125 256 1 0 5 6 17
383371 51 1 0 5 6 18
384733 12 0 0 5 6 21
385194 17 0 0 4 6 19
386272 121 1 0 5 6 17
387912 88 1 1 5 6 20
388976 29 0 0 1 6 18
391306 56 0 0 4 6 14
394156 32 1 0 2 6 12
399342 309 1 0 5 6 18
404979 31 1 0 5 6 16
404992 27 0 0 5 6 18
405314 63 1 0 5 6 14
405592 82 1 0 7 6 14
413301 29 1 0 9 6 14
414081 95 1 0 7 6 14
417557 41 0 0 5 6 15
417658 25 1 0 5 6 20
418025 93 1 0 5 6 21
420815 46 1 0 5 6 17
421581 107 1 0 5 6 18
422646 32 0 0 4 6 16
425228 70 1 0 5 6 16
425322 140 1 0 1 6 17
425381 67 1 0 7 6 15
425399 30 1 0 5 6 16
425404 34 1 0 5 6 15
425451 61 1 0 5 6 17
425502 99 1 0 5 6 17
425608 29 1 0 5 6 18
425644 110 1 0 5 6 19
425714 18 1 0 5 6 18
427446 27 1 0 5 6 15
428158 42 1 0 6 6 19
428757 35 0 0 5 6 15
430458 57 1 0 2 6 17
430565 46 1 0 4 6 17
430682 18 1 0 7 6 17
430912 10 1 0 5 6 16
431022 8 0 0 9 6 21
431139 14 1 0 5 6 17
431168 13 1 0 5 6 18
431953 12 1 0 5 5 18
432365 29 1 0 6 6 18
432991 22 1 0 1 6 20
434037 94 1 0 6 6 14
435741 7 1 0 5 6 16
438502 11 1 0 5 6 19
441306 11 1 1 5 6 21
443192 62 1 0 5 6 20
443661 109 1 0 5 6 17
443949 77 1 0 5 6 17
444274 41 1 0 5 5 19
444370 89 1 0 5 6 17
444400 41 1 0 5 6 16
444622 22 1 0 7 6 14
444650 65 1 1 1 6 23
444967 41 1 0 5 6 19
444985 53 0 0 1 6 14
445174 11 0 0 1 6 18
445693 301 1 0 6 6 15
445768 93 1 0 5 6 19
445977 27 1 0 5 6 17
445989 45 0 0 1 6 24
446258 24 1 0 1 6 14
446495 64 1 0 1 6 11
446955 99 1 0 5 6 20
447215 111 0 0 5 6 16
449611 10 0 0 4 6 19
450623 43 1 0 1 6 18
453332 43 1 0 5 6 20
455627 92 0 0 4 6 17
456666 69 1 0 5 6 17
457232 21 0 0 5 6 20
458782 5 1 0 2 6 15
459458 89 1 0 5 6 18
461486 9 0 0 1 6 18
463254 4 0 0 4 6 16
463321 10 1 0 4 6 18
465363 99 1 0 5 6 18
465515 97 1 0 5 6 17
465680 68 1 0 5 6 16
467709 40 1 0 7 6 13
467891 17 0 0 1 6 16
468283 15 0 0 1 6 16
468702 23 1 0 5 6 16
468703 41 1 0 1 6 16
468704 45 1 0 5 6 17
468739 21 1 0 1 6 47
468886 32 1 0 1 5 15
468929 53 1 0 5 6 15
468932 26 1 0 5 6 13
468939 8 1 0 5 5 16
468989 30 1 0 5 6 15
469027 17 1 1 5 6 26
469072 12 0 0 1 6 17
469132 75 1 0 4 6 18
469163 33 1 1 5 6 23
469187 37 1 0 5 6 19
469351 12 1 0 7 5 17
469531 9 1 0 5 5 15
469534 10 0 0 5 6 16
469536 9 1 0 1 6 47
469537 17 1 0 5 6 18
469756 6 0 0 1 6 18
469933 19 1 0 4 6 19
470472 44 1 0 7 6 14
470522 112 1 0 5 6 17
470524 58 1 0 5 6 18
470541 8 1 1 5 6 21
470547 18 1 0 5 6 16
470721 87 1 0 5 6 16
470759 33 1 0 5 6 17
470811 72 1 0 5 6 18
470814 25 0 0 1 6 16
471112 44 1 0 5 6 16
471169 70 1 0 5 6 18
471364 18 1 0 1 6 16
471429 34 1 1 1 6 22
471433 109 1 0 5 6 21
471434 67 1 0 1 6 16
471459 28 1 0 1 6 23
471571 37 1 0 5 6 14
472080 6 1 0 5 5 17
472081 32 1 0 5 5 19
472126 79 1 0 5 6 16
472339 31 1 1 5 6 19
472348 21 1 0 5 6 15
472519 50 1 1 1 6 23
472763 11 1 0 5 5 14
472983 55 1 0 4 6 16
473302 6 0 0 5 6 19
473400 12 1 0 5 6 19
473593 7 0 0 1 6 14
473998 71 1 1 1 6 22
475585 127 1 0 1 6 17
475638 46 1 0 1 6 18
480080 133 1 0 7 6 15
480081 25 1 0 7 6 15
480114 8 0 0 5 6 16
481243 3 1 0 5 6 17
482094 24 1 0 5 6 16
483258 56 1 0 5 6 16
483422 65 1 0 5 6 14
483705 22 1 0 1 6 15
483709 25 1 0 5 6 16
483854 12 0 0 5 5 15
483949 12 1 0 5 6 16
483951 19 1 0 5 6 14
483971 2 1 0 5 6 15
483975 24 1 0 5 6 15
483976 17 1 0 5 6 16
483980 62 1 0 5 6 14
484012 6 1 0 5 5 16
484060 2 1 0 5 6 16
484062 2 1 0 5 5 15
484065 4 1 0 5 5 14
484088 40 1 0 5 6 16
484338 7 1 0 5 6 15
484339 14 1 0 5 6 15
484488 49 1 0 5 6 19
484568 16 1 1 3 6 18
484579 21 1 0 5 6 23
484645 36 1 0 5 5 15
484723 20 1 0 5 5 18
484845 11 1 0 5 6 18
484848 15 1 0 5 6 20
484849 22 1 0 5 6 16
484881 34 1 0 5 6 19
485139 75 1 0 5 6 17
485266 49 1 0 5 6 17
485272 88 1 0 5 6 19
485311 7 1 0 5 6 15
485448 22 1 0 5 6 17
485456 36 1 0 5 6 17
485459 12 1 0 5 6 17
485462 26 0 0 5 6 18
485553 76 1 0 5 6 17
485560 6 1 0 5 6 24
485677 33 1 0 5 6 19
485727 23 1 0 5 6 16
485942 41 1 0 5 6 21
486019 32 0 0 5 6 18
486156 45 1 0 5 6 18
486261 19 1 0 5 6 23
486341 16 1 0 5 6 17
486392 44 1 0 5 6 18
486411 9 1 0 5 6 19
486536 5 1 0 2 5 20
486574 39 1 0 5 6 18
486841 66 1 0 5 6 16
486845 32 1 0 5 6 17
486865 14 0 0 5 5 17
487176 16 1 0 5 6 23
487349 110 1 0 5 6 18
487394 67 1 0 5 6 16
487428 13 1 0 6 6 22
488149 110 1 1 1 6 22
488998 48 1 0 5 6 22
489507 37 0 0 4 6 17
489781 42 1 0 5 6 17
489810 22 1 1 5 6 19
489830 54 1 0 1 6 21
490157 12 1 0 5 6 14
491058 46 1 0 5 6 18
491063 43 1 0 5 6 17
492974 19 1 0 5 5 14
493933 34 1 0 5 6 17
493938 41 1 0 5 6 19
494636 50 0 0 7 6 15
494641 40 1 0 5 6 12
494676 30 1 0 5 6 19
494835 72 1 0 5 6 16
495218 23 1 0 1 6 16
498497 24 0 0 1 6 15
505042 67 1 1 5 6 21
507198 37 1 0 5 6 17
507330 16 1 0 5 6 16
511934 34 1 1 1 6 17
519652 20 1 0 5 6 15
529331 10 1 0 1 6 18
529664 44 1 0 4 6 19
533688 64 0 1 1 6 18
534383 82 1 0 6 6 15
537245 7 1 0 1 5 21
542651 25 1 0 5 6 19
554728 38 1 0 5 6 17
554764 69 0 0 5 6 16
555026 77 0 0 5 6 17
557196 18 1 0 5 6 16
559517 38 0 1 5 6 23
563683 52 1 0 1 6 18
569925 4 1 0 5 5 18
570069 44 0 0 1 6 19
570539 60 1 1 1 6 16
571788 12 1 0 2 5 18
574741 20 1 0 5 6 14
574745 26 1 0 5 6 14
574939 59 1 0 5 6 18
574940 33 1 0 5 6 16
576160 47 1 1 5 6 16
576454 13 1 0 2 5 16
577194 92 1 1 1 5 17
584627 15 1 0 5 6 19
590483 29 1 0 4 6 22
591823 7 1 0 5 6 20
596253 17 1 0 5 6 16
596499 64 1 1 5 6 41
597413 43 1 0 5 6 16
598095 2 1 0 5 5 16
598105 16 1 0 5 6 18
598108 31 1 1 1 6 20
598662 12 1 0 1 6 24
610222 24 1 0 1 6 17
610279 78 1 0 5 6 18
611620 127 1 0 5 6 19
611947 11 1 0 5 6 19
615868 49 1 0 1 6 14
617575 61 1 0 2 5 17
626149 84 1 0 4 6 15
643861 53 1 0 1 6 23
651538 9 1 0 5 6 23
666592 40 0 0 1 6 23
666785 10 0 1 4 6 29
667724 58 1 0 1 6 17
675233 10 1 0 1 6 16
676680 50 1 0 1 6 22
686810 15 1 0 5 6 14
691716 13 1 0 4 6 18
698326 29 1 0 1 6 15
699892 25 1 0 1 6 14
706945 53 1 0 5 5 17
708634 9 1 0 5 5 14
716015 8 1 0 5 6 15
724989 48 1 0 5 6 23
732104 16 1 0 5 6 21
736378 37 0 0 5 6 18
736704 15 1 0 1 6 18
736839 53 1 0 5 6 16
736940 26 1 0 5 6 18
739762 10 0 0 4 6 16
739825 10 0 0 4 5 19
741583 9 1 0 2 5 20
743330 7 1 0 1 6 15
757334 10 0 0 1 6 17
763410 49 1 1 5 6 21
763448 21 1 0 5 6 18
763695 36 1 0 6 6 17
766931 10 1 0 5 6 17
770341 46 1 0 5 6 22
770504 33 1 0 7 6 17
770577 7 1 0 4 5 18
771049 30 1 0 5 6 25
771681 12 1 0 2 6 18
775097 4 1 0 1 6 24
775952 10 1 0 5 6 16
784923 50 1 1 6 6 25
791766 79 1 0 1 6 24
791977 8 1 0 1 6 18
807448 7 1 0 5 5 17
808847 3 1 0 4 6 15
811882 28 1 1 5 6 19
812414 43 1 0 5 6 17
814046 44 1 0 5 6 19
814724 9 1 0 5 5 15
814749 30 0 0 5 6 14
814782 17 1 1 1 6 18
815663 30 1 0 1 6 36
816157 57 1 0 5 6 16
816195 18 1 0 5 6 16
816231 13 1 0 5 6 18
816354 28 1 0 5 6 16
816377 7 1 0 5 6 18
816379 5 1 0 5 6 18
816513 18 1 0 5 6 14
816542 9 1 0 5 6 19
816560 12 1 0 4 6 19
816848 4 1 0 5 6 16
817542 16 1 0 5 6 18
818026 13 1 0 1 6 21
819572 29 1 0 1 6 23
821409 10 1 0 1 5 18
832141 36 1 0 5 6 20
832555 4 0 0 1 6 15
836364 101 1 0 2 6 14
838515 6 1 0 5 6 19
843477 24 1 0 4 6 17
843528 17 1 0 1 5 22
847438 19 1 0 5 6 15
862988 30 1 1 7 6 48
882293 28 1 0 1 6 20
888128 13 1 0 1 6 18
891908 16 0 0 5 6 19
896861 3 1 0 4 5 19
902923 11 1 0 4 6 17
903071 13 0 0 5 6 14
905872 13 1 0 7 6 14
917822 5 1 0 1 6 15
918623 11 1 0 1 6 13
920859 5 1 0 1 6 18
925751 13 1 0 5 6 17
928621 13 1 0 5 6 18
929142 38 1 0 5 6 13
938549 7 1 0 1 5 17
941668 17 1 0 5 6 14
945266 8 1 1 1 5 20
946208 2 1 0 5 6 16
947538 12 1 0 7 6 18
953499 19 1 0 5 6 14
957293 9 1 0 5 6 16
962244 8 1 0 7 5 17
970612 2 1 0 5 5 19
970614 7 1 0 5 5 18
971563 2 1 0 5 5 19
972195 19 1 1 1 6 20
977586 2 1 0 1 5 17
980869 8 1 0 5 6 16
980927 3 0 0 5 6 17
980952 5 1 0 5 6 18
981199 10 1 0 5 6 18
981255 3 0 0 1 6 17
985944 7 1 0 5 5 16
986451 6 1 0 9 6 20
986717 6 1 0 4 6 21
986992 23 1 0 4 6 17
987271 6 1 0 1 6 18
1007889 3 1 1 5 5 17
1015172 4 0 0 6 6 18
1022012 15 1 0 4 6 17
1022400 5 0 0 4 6 17
1025788 8 1 0 5 6 18
1036534 6 1 0 4 6 18
1040456 12 1 0 5 5 17
1062418 6 1 0 4 6 17
1064731 11 1 0 5 6 18
1064804 11 1 0 5 6 18
1065480 11 1 0 1 6 16
1085070 18 0 0 5 6 14
1110708 2 0 0 1 6 18
1110770 6 1 0 1 6 19
1118063 7 0 0 0 6 17
1121499 5 1 0 5 5 16
1132324 17 1 0 2 6 21
1135372 13 1 0 5 6 16
1136989 11 1 0 1 6 18
1140702 2 1 0 5 6 16
1152338 8 1 0 1 6 14
1154458 3 1 0 5 5 19
1157694 14 1 0 1 6 14
1161827 6 1 0 5 6 17
1167992 3 1 0 5 5 16
1167993 3 1 1 4 5 19
1168292 2 1 0 7 5 14
1168305 2 1 0 5 6 17
1168373 3 1 0 5 6 17
1168408 3 1 0 5 5 19
1168414 4 1 0 5 5 18
1168415 4 1 0 1 6 15
1168441 2 0 0 4 6 16
1168443 2 0 0 1 5 19
1168473 6 1 0 5 5 14
1168507 2 1 0 1 5 21
1168526 2 1 0 5 6 22
1168543 6 1 0 1 5 16
1168546 2 1 1 1 6 29
1168548 3 1 0 5 5 14
1168563 1 1 0 5 5 16
1168584 7 1 0 5 6 14
1168585 3 1 0 5 6 16
1168588 5 1 0 5 5 16
1168592 2 1 0 5 6 15
1168595 3 1 0 1 5 18
1168606 4 1 0 5 6 15
1168609 1 0 0 4 6 16
1168611 1 1 0 4 5 29
1168613 3 1 0 5 5 17
1168614 1 1 0 5 5 18
1168626 3 1 0 1 6 15
1168629 11 1 0 4 6 18
1168633 7 1 0 5 6 22
1168645 5 1 0 8 6 19
1168649 6 1 0 4 6 18
1168653 2 0 0 1 6 19
1168655 2 1 0 1 6 20
1168656 1 1 0 1 6 17
1168663 1 1 0 5 5 16
1168665 2 1 1 2 6 22
1168683 3 1 0 5 5 17
1168686 1 1 0 1 5 16
1168694 3 1 0 5 5 16
1168718 11 1 0 5 6 13
1168721 4 1 0 5 5 15
1168726 3 1 0 5 6 21
1168733 1 0 0 5 5 17
1168739 9 1 0 5 6 14
1168757 3 1 0 4 5 19
1168814 6 1 1 5 6 43
1168973 5 1 0 5 6 20
1168977 1 1 0 5 6 18
1168999 6 1 0 5 6 15
1169010 12 1 0 5 6 21
