73665
19
2111
73665 461 1 1 2 6 16
2893 53 0 0 0 6 17
3126 184 1 0 6 6 18
3568 209 1 0 0 6 18
6090 160 1 0 0 6 19
6672 36 0 0 4 6 16
6741 55 0 0 6 6 15
7687 165 1 0 4 6 18
11173 104 1 0 0 6 19
22111 99 1 1 7 6 18
26036 194 0 1 5 6 18
27460 91 0 0 0 6 18
27737 124 1 0 0 6 17
31520 88 0 0 3 6 15
34257 40 0 0 0 6 18
35516 120 1 0 8 6 16
38271 97 0 0 6 6 17
43949 110 1 0 6 6 14
43955 86 1 0 5 6 22
45482 28 1 0 4 6 18
47676 40 1 0 6 6 17
47849 128 1 0 8 6 17
48176 61 1 0 4 6 17
48209 181 1 0 2 5 18
48213 80 0 0 4 6 18
48275 83 1 0 6 5 15
48358 320 1 0 7 6 18
48562 174 1 0 6 6 14
48646 97 1 0 6 6 14
48874 131 1 0 6 6 16
48977 97 1 0 6 6 17
49104 177 0 0 3 6 25
50641 58 1 0 8 6 15
51094 94 0 0 2 6 15
51710 39 0 0 6 6 21
51976 92 0 0 6 6 15
52930 14 1 0 5 5 18
53229 102 0 0 2 6 16
53490 78 0 0 8 6 23
54817 62 0 0 5 6 16
55236 56 0 0 3 6 16
55608 72 0 0 2 6 16
55994 61 0 0 6 5 15
56083 46 1 0 3 6 15
56372 164 0 0 5 6 15
56418 75 0 0 0 6 20
57736 227 0 0 2 6 18
57982 138 0 0 5 6 18
58492 68 0 0 6 6 21
58955 170 0 0 2 6 18
59278 53 0 0 3 6 19
63996 25 1 0 2 6 17
69416 162 1 0 6 6 17
69418 108 1 0 5 6 17
71065 20 0 0 4 6 15
71487 195 1 0 5 6 18
72209 134 1 0 6 6 20
73757 216 1 1 2 6 19
74466 117 1 1 6 6 23
75693 69 0 0 6 5 17
76183 109 1 0 2 6 19
76514 86 0 0 5 6 15
79769 96 0 0 4 6 16
80316 89 0 0 5 6 20
81432 92 1 0 2 6 22
83168 194 1 0 6 6 17
83377 26 0 0 7 6 20
85664 48 0 0 4 6 16
86861 67 0 0 4 6 25
87540 22 0 0 4 6 19
87598 14 0 0 6 6 21
87847 17 0 0 4 6 18
90691 66 1 0 3 6 17
90839 106 1 0 1 6 13
91569 34 1 1 2 6 14
95331 57 0 0 5 6 17
96079 92 1 0 7 6 16
97051 37 0 0 5 6 15
104084 66 0 0 5 6 18
104430 192 1 0 6 6 20
106341 177 0 0 2 6 22
106343 33 0 0 2 6 17
107026 185 1 0 6 6 18
108348 67 1 0 4 6 17
108607 83 1 0 2 6 38
108899 34 0 0 1 6 32
109842 98 0 0 7 6 18
112936 27 1 1 6 6 17
112939 27 1 1 6 5 14
112946 80 1 1 6 6 18
113409 99 1 0 6 6 16
113412 89 0 0 6 6 17
113451 90 0 0 6 6 16
113453 44 1 1 6 6 17
113744 54 1 0 2 6 18
117275 45 1 0 0 6 19
117351 153 0 0 7 6 20
118883 79 1 1 6 6 23
121883 23 1 1 0 5 27
122255 37 0 0 2 6 18
123114 40 0 0 0 6 23
123820 736 1 0 2 6 17
125190 10 1 0 6 6 19
126792 37 1 1 2 5 20
129439 106 0 0 0 6 17
130044 14 1 0 7 6 24
130464 14 1 0 6 6 23
131406 212 1 0 2 6 16
134758 31 1 0 0 6 15
137652 121 1 0 6 6 16
137750 42 1 0 6 6 18
138333 13 1 0 2 6 15
142407 54 1 0 4 6 15
146725 42 1 1 6 6 14
150942 49 0 0 3 6 16
153198 19 1 0 2 6 20
156652 25 1 1 6 5 12
156986 44 1 0 2 6 18
160070 80 0 0 8 6 16
160623 113 0 0 2 6 18
162605 62 1 1 1 5 15
164621 78 1 0 6 6 15
171312 62 1 0 4 6 17
172643 68 0 0 8 6 17
172802 39 1 0 3 6 15
176500 82 0 0 3 6 18
178695 106 1 0 8 6 17
178795 182 1 0 6 6 19
181956 158 1 0 8 6 14
181959 85 0 1 6 6 20
182055 35 1 0 6 5 13
183982 128 0 0 9 6 16
183990 40 0 0 6 6 18
183993 108 1 0 6 6 17
184024 140 1 0 2 6 17
184025 75 1 0 6 6 16
184026 99 1 0 6 6 17
184028 74 0 1 6 6 16
184032 47 1 0 6 5 22
184062 182 1 1 4 6 23
184066 32 1 1 6 6 19
184069 100 0 0 6 6 17
184070 107 0 0 6 6 16
184091 308 1 1 6 6 18
184098 168 1 1 6 6 19
184174 58 1 0 6 6 16
186586 113 1 0 8 6 18
188909 10 0 0 1 6 19
190125 44 1 1 2 6 18
191365 119 1 0 6 6 15
191389 136 0 1 6 6 20
192808 13 1 0 8 6 17
202867 61 0 0 2 6 16
205139 109 0 0 4 6 15
206151 12 0 0 2 6 30
207150 66 0 0 3 6 15
210587 62 0 0 8 6 18
211063 55 0 0 7 6 18
214273 6 1 0 0 6 18
218565 17 0 0 2 6 18
221217 82 0 0 2 6 15
224619 162 1 0 4 6 15
224809 569 1 1 5 6 21
225056 54 1 0 5 6 17
226160 60 0 0 8 6 15
227115 91 1 0 6 6 15
227280 166 1 0 6 6 15
228172 75 0 0 4 6 15
231250 156 1 0 8 6 15
237666 66 0 0 3 6 19
242059 122 1 0 2 6 16
243519 48 1 0 6 6 16
243634 128 1 0 6 6 17
246228 58 1 0 2 6 17
249802 34 1 0 9 5 19
250118 22 0 0 5 6 19
251238 85 1 0 0 6 19
254116 44 1 0 4 6 21
258128 91 1 0 7 6 16
268708 64 0 0 6 6 20
269070 110 1 0 1 6 29
269276 27 0 0 1 6 19
271180 56 1 0 7 6 19
271644 25 1 0 6 6 15
273286 4 1 0 1 5 22
274139 60 0 0 8 6 15
274424 47 1 0 2 6 16
278293 41 0 0 5 6 18
279187 88 1 0 6 6 16
284608 27 0 0 9 5 17
285262 107 0 0 6 6 18
286301 171 1 0 2 6 18
286626 89 1 0 6 6 17
286783 60 1 0 0 6 14
287253 106 1 0 1 6 18
287711 231 1 0 6 6 21
289599 25 0 0 7 5 16
290235 26 0 0 4 6 22
291680 22 0 0 3 6 16
296403 23 0 0 4 6 19
297161 88 1 0 2 6 19
297580 39 0 0 8 6 19
297655 135 0 0 4 6 20
298428 71 0 0 2 6 23
303127 140 0 0 6 6 15
307108 43 0 0 6 6 18
307144 49 0 0 4 6 20
309471 61 0 0 6 6 16
310101 85 1 0 6 6 15
312210 86 0 0 6 6 18
312641 24 0 0 2 6 15
313175 52 0 0 6 6 18
313565 60 0 0 6 6 16
313830 45 1 0 4 6 21
314492 58 1 0 6 5 19
315189 89 1 0 2 6 29
318815 30 0 0 6 6 17
324990 126 1 0 6 6 15
325598 107 0 0 4 6 17
326451 71 1 0 1 6 20
331071 30 1 0 6 6 19
331137 16 1 0 2 6 18
331715 72 1 0 6 6 21
332580 23 0 0 6 6 19
333072 101 0 0 6 6 21
335927 86 1 1 6 6 19
336249 62 1 1 6 6 20
336658 70 1 0 4 6 19
337410 69 1 0 2 6 14
338372 136 0 0 6 6 17
338408 172 1 1 6 5 21
338418 88 1 0 6 6 17
339627 81 1 0 2 6 24
340006 10 0 0 4 6 20
344930 38 1 0 2 6 22
346149 82 1 0 1 6 19
346281 4 0 0 3 6 20
350427 37 1 0 9 5 19
350530 48 0 0 6 6 15
350773 175 1 0 6 6 19
351558 71 1 0 2 6 20
353643 27 1 0 1 6 21
353905 4 0 0 1 6 20
354070 29 0 0 7 6 19
354275 138 0 0 4 6 18
358890 65 1 0 0 6 16
359187 51 0 0 2 6 19
359717 82 0 0 8 6 17
364864 20 0 0 2 6 21
365629 87 1 0 5 6 16
366774 52 0 0 6 6 17
368611 118 1 0 8 6 16
369355 86 1 0 6 6 20
371122 57 1 0 1 6 35
382692 57 0 0 1 6 17
384840 32 1 0 2 5 20
386308 23 0 1 7 6 16
386870 22 0 0 4 5 26
387418 44 1 0 2 6 16
387789 34 0 0 6 6 17
388277 59 0 0 3 6 21
390480 45 1 1 9 6 16
391989 144 1 1 7 6 16
394069 24 1 0 6 6 11
395071 24 0 0 5 6 19
395296 52 0 1 6 6 17
397369 32 0 0 7 6 18
397878 68 0 0 5 6 17
399936 79 0 1 6 6 23
402133 20 0 0 7 6 21
403883 41 0 0 7 6 19
405439 43 0 0 6 5 19
407279 11 1 0 8 6 19
410498 48 0 0 8 6 21
414978 28 1 0 8 6 23
416597 56 0 1 6 6 21
417494 68 1 0 7 6 15
418971 107 1 0 2 6 19
421531 59 0 0 6 6 16
422235 270 1 0 2 6 16
422299 70 1 1 6 6 17
422427 226 1 0 6 6 18
422833 56 0 0 8 6 15
422863 72 1 0 6 6 15
424034 56 1 1 6 6 18
424455 86 1 0 6 6 16
424460 53 1 0 6 6 15
428835 20 0 0 6 6 17
430161 43 1 1 2 6 17
430699 156 1 0 4 6 16
431445 119 1 0 8 6 15
431632 78 1 0 6 6 16
433416 10 0 0 3 6 16
436424 32 0 0 5 5 11
441164 14 1 0 2 6 15
441531 38 0 0 3 6 16
442489 23 0 0 7 6 20
446495 64 1 0 1 6 11
446497 24 0 0 6 6 21
446666 30 1 0 6 6 17
446855 21 0 0 4 6 20
450278 42 1 0 6 6 13
450356 35 0 0 6 6 14
450358 35 1 0 2 6 15
450380 4 1 0 6 5 23
450447 54 0 0 6 6 17
451465 14 0 0 4 6 18
457774 9 1 1 6 6 20
457859 8 1 1 6 6 17
459178 36 0 0 6 6 16
459434 38 0 0 6 6 17
459435 28 1 1 6 6 16
465346 16 1 0 9 5 16
467913 35 0 0 6 6 16
469477 31 0 0 2 6 59
471610 14 0 0 8 6 17
472025 14 1 0 1 6 18
480080 133 1 0 7 6 15
482489 11 0 0 6 6 18
483826 26 0 0 7 6 18
485916 27 0 0 7 6 18
486692 28 1 0 8 6 23
488702 43 1 1 6 6 17
489192 22 0 0 6 6 22
495254 3 1 0 5 5 33
495585 13 0 0 1 6 20
506709 22 1 0 5 5 16
507016 75 1 0 6 6 18
507875 18 1 0 5 6 17
511123 38 0 1 6 6 22
514354 25 1 0 3 6 15
514491 57 1 1 6 6 19
522865 45 1 0 6 5 17
527735 46 1 1 5 6 18
529405 18 1 0 2 6 22
529873 67 1 1 6 6 18
529943 119 1 0 6 6 11
530223 42 1 1 6 6 17
540414 59 0 0 7 6 15
548569 17 1 1 6 6 16
548696 80 1 0 6 6 22
549227 69 1 1 6 6 27
551028 37 0 0 6 6 14
559991 77 1 0 6 6 17
562210 18 1 0 6 5 16
562792 23 1 0 7 6 16
563211 49 1 0 4 6 16
584492 20 1 0 6 5 15
584630 35 1 0 6 6 15
584670 42 1 0 6 6 14
585196 27 1 0 2 5 15
586385 40 1 0 6 5 13
586462 30 1 0 6 6 16
588797 69 1 1 6 6 20
588799 9 1 1 6 5 15
588862 35 1 1 6 6 18
588864 5 0 0 6 6 16
588865 20 0 0 6 6 15
588868 14 0 1 6 5 22
588869 58 1 0 6 6 16
589092 55 1 0 6 6 12
589590 19 1 1 6 6 21
593449 6 0 0 1 6 23
594053 82 1 0 6 6 15
594192 19 0 0 1 6 26
595336 37 1 1 6 6 13
597961 25 0 0 6 6 18
598609 21 1 0 6 6 20
599083 19 1 0 2 6 18
599187 28 1 0 6 6 18
599188 29 0 0 6 6 16
599372 13 1 0 6 6 16
600561 71 1 0 6 6 14
603663 4 0 0 4 6 16
612405 68 1 0 6 6 17
619647 19 1 0 3 6 13
630306 20 1 0 0 6 18
631498 9 0 1 0 6 32
637391 28 1 0 6 6 16
674517 36 1 0 6 6 16
680194 12 1 0 6 6 15
691496 18 1 0 6 6 9
692962 27 0 1 6 5 14
696196 31 1 1 7 6 29
697620 28 1 0 6 6 17
705475 15 1 0 6 6 17
711478 21 0 0 7 6 14
716782 11 0 0 2 6 18
719390 6 1 0 7 5 13
720551 27 1 0 6 5 13
722597 7 0 0 6 6 16
723838 117 1 0 6 6 18
732439 11 0 0 7 5 22
735742 5 1 0 2 5 20
736530 24 1 0 7 6 15
737431 18 1 0 9 6 14
740293 27 1 0 2 6 18
745704 48 1 0 6 6 16
747971 41 1 0 6 6 15
754096 10 1 0 5 5 17
754802 27 1 1 7 6 22
755774 1 1 1 6 6 16
756220 15 1 1 6 6 15
757555 24 0 0 7 6 19
757612 29 0 0 2 6 21
757775 5 1 0 6 5 20
758444 5 1 0 6 5 22
758573 31 1 0 6 6 9
758574 42 1 0 6 6 14
758590 35 1 0 6 6 12
758591 7 1 0 6 6 12
758604 5 0 1 2 6 17
758607 31 1 0 6 6 16
758783 9 1 0 4 6 34
758799 60 0 1 7 6 28
758817 10 1 0 6 6 17
758819 2 1 0 2 5 21
758878 22 1 0 2 6 14
758879 1 1 0 2 6 21
758881 4 1 0 1 5 25
758906 40 1 0 6 6 14
758946 1 1 0 1 6 17
758947 7 1 1 6 6 14
758949 10 1 0 3 6 14
758955 2 1 0 9 6 17
758956 20 0 1 6 6 35
758957 21 1 1 6 6 13
758976 7 0 0 4 6 17
758989 65 1 0 7 6 17
759011 12 1 0 1 5 17
759186 8 1 0 6 5 18
759187 14 1 0 4 6 17
759188 9 1 0 1 5 21
759189 1 1 0 2 6 19
759202 3 1 0 7 6 15
759203 5 1 0 3 6 15
759205 1 1 0 2 5 16
759226 4 0 0 3 6 16
759228 1 0 0 6 6 15
759229 1 0 0 8 6 17
759259 15 1 0 2 6 13
759260 1 1 0 2 5 18
759270 9 0 0 2 5 18
759299 3 0 0 6 6 14
759300 2 1 0 2 6 17
759301 1 1 0 5 5 59
759302 2 1 0 6 6 26
759303 3 1 0 6 5 18
759335 1 0 0 6 6 19
759336 1 1 0 2 5 15
759337 25 1 0 1 6 2
759338 5 0 0 2 6 18
759390 6 1 0 2 5 22
759422 4 0 0 4 6 20
759423 44 1 1 2 6 15
759531 18 0 0 7 6 20
759533 18 0 0 1 6 22
759648 24 0 0 8 6 19
759650 1 1 1 2 6 29
759654 5 0 0 4 6 17
759665 5 1 1 0 6 21
759765 3 1 1 8 6 13
