31289
19
447
31289 706 1 1 6 6 17
539 72 0 0 0 6 20
1144 21 0 0 0 6 16
1283 104 1 0 3 6 15
1360 64 0 0 0 6 18
2050 73 0 0 0 6 17
2217 34 0 0 0 6 19
3172 168 1 0 6 6 17
3905 148 1 0 2 6 16
6144 163 1 0 5 6 18
6250 45 0 0 7 6 16
7889 117 1 0 6 6 21
10118 108 1 0 6 6 17
10433 93 0 0 4 6 23
11534 189 1 0 0 6 18
12143 45 0 0 0 6 18
15367 76 0 0 0 6 18
15425 104 0 0 0 6 18
16259 46 0 0 0 6 18
17852 44 0 0 4 6 17
18733 74 0 0 1 6 18
19195 96 1 0 0 6 16
19679 148 1 0 0 6 19
20221 220 1 0 0 6 20
25392 71 1 0 6 5 1
25897 187 1 0 0 6 19
26431 81 1 0 0 6 18
26705 152 1 0 0 6 18
26936 72 0 0 0 6 20
27232 210 1 0 4 6 24
27292 77 1 0 4 6 17
27429 161 1 0 5 6 16
27452 267 1 0 0 6 19
27737 124 1 0 0 6 17
28101 120 1 0 3 6 24
29599 151 1 0 5 6 19
29886 92 0 0 2 6 17
30087 56 0 0 4 6 17
30305 128 1 0 0 6 20
32737 49 0 0 0 6 21
32778 151 1 0 0 6 19
32880 117 0 0 4 6 19
32900 57 1 0 0 6 15
34067 63 1 0 0 6 17
35070 106 0 0 0 6 14
35516 120 1 0 8 6 16
36392 90 1 0 5 6 16
38269 68 1 0 5 6 16
38706 92 1 0 0 6 18
39769 227 1 0 2 6 16
39909 204 0 0 3 6 20
40017 114 1 0 6 6 17
40023 89 1 0 2 6 15
40069 18 1 0 8 6 15
40511 33 0 0 1 6 19
42364 151 1 0 6 6 18
43592 53 0 0 6 6 15
43601 34 1 0 3 6 17
44658 33 0 0 3 6 18
44670 55 0 0 5 6 19
44854 44 1 0 5 6 20
45444 21 0 0 0 6 17
47676 40 1 0 6 6 17
47724 48 0 0 5 6 20
47765 34 1 0 8 6 18
48178 8 0 0 4 6 16
48270 48 0 0 7 6 20
48293 42 0 0 4 6 24
48643 143 1 0 3 6 18
49563 16 0 0 0 6 16
49955 64 1 0 3 6 16
50641 58 1 0 8 6 15
50769 3 1 0 0 6 14
51286 162 1 0 6 6 18
51829 104 1 0 4 6 19
52253 85 0 0 6 6 19
52418 14 0 0 0 6 18
52982 72 1 0 5 6 18
53098 16 0 0 6 5 29
53243 130 1 0 5 6 17
53269 33 1 0 7 6 18
53593 58 0 0 0 6 18
53600 37 0 0 0 6 18
53779 67 0 0 5 6 20
54071 89 0 0 5 6 18
54131 103 0 0 7 6 18
54817 62 0 0 5 6 16
54950 54 0 0 8 6 15
55501 50 0 0 0 6 17
55672 147 0 0 8 6 19
56150 144 1 0 5 6 18
56469 59 0 0 6 6 16
57182 110 1 0 5 6 17
57618 49 0 0 5 6 17
57683 57 0 0 0 6 20
57736 227 0 0 2 6 18
57779 75 1 0 0 6 18
58279 210 1 0 8 6 20
58792 221 1 0 5 6 18
59026 88 0 0 7 6 16
59111 58 0 0 5 6 20
59583 72 0 0 5 6 19
59589 139 1 0 5 6 19
59595 98 1 0 6 6 18
60145 49 0 0 0 6 18
62700 38 0 0 2 6 16
63277 26 0 0 6 6 16
63806 114 1 0 5 6 18
66977 123 1 0 0 6 18
68196 53 0 0 6 6 19
69455 255 1 0 8 6 16
72354 145 0 0 6 6 16
72572 64 0 0 4 6 18
75984 86 1 1 6 6 16
76514 86 0 0 5 6 15
77635 60 1 0 2 6 17
79242 84 0 0 6 6 18
79598 58 0 0 6 6 16
79951 155 1 0 0 6 18
81602 22 0 0 5 6 18
84933 86 1 0 2 6 16
87132 18 0 0 1 6 18
87525 41 0 0 5 6 19
87592 46 1 0 9 6 18
87935 7 0 0 7 6 15
88112 14 1 0 5 6 17
88130 128 0 0 8 6 20
89184 301 1 0 8 6 16
89346 38 1 0 6 6 15
90677 102 0 0 7 6 20
90987 133 1 0 2 6 18
92094 25 0 0 2 6 17
93354 302 0 0 6 6 18
93711 30 0 0 8 6 18
94056 96 0 0 7 6 18
94346 78 0 0 5 6 15
94946 105 0 0 5 5 16
97051 37 0 0 5 6 15
97510 65 0 0 1 5 15
97844 241 1 0 6 6 18
104180 50 0 0 8 6 19
105441 30 0 0 0 6 17
106343 33 0 0 2 6 17
106528 29 0 0 0 6 18
106706 45 0 0 6 6 18
108274 60 1 0 6 6 19
109905 190 1 0 6 6 19
110785 25 0 0 0 6 37
111562 167 1 0 9 6 24
114235 25 1 0 2 5 16
117405 120 1 0 2 6 18
119391 96 1 0 0 6 14
121295 50 0 0 5 6 20
121602 82 0 0 3 6 18
121844 29 0 0 0 6 17
121958 26 0 0 4 6 16
122655 78 1 0 6 6 20
123820 736 1 0 2 6 17
123880 77 0 0 3 6 20
124763 44 0 0 0 6 19
125708 72 1 0 3 6 17
127470 88 1 0 8 6 11
128116 253 1 0 6 6 18
128861 117 0 0 6 6 15
129604 46 0 0 8 6 17
131922 76 0 0 1 6 17
132867 133 1 0 6 6 13
133407 33 1 0 0 6 16
133586 171 1 0 2 6 17
133635 84 1 0 8 6 27
133923 68 0 0 7 6 20
136048 10 0 0 5 6 15
137169 59 0 0 4 6 19
137652 121 1 0 6 6 16
138111 57 1 0 7 6 21
142166 49 1 0 1 6 17
144255 66 0 0 3 6 17
145437 83 1 0 7 5 15
145928 36 0 0 5 6 19
146237 114 1 0 5 6 19
146680 31 0 0 1 6 18
147599 110 0 0 1 6 19
147614 38 0 0 2 6 21
148853 67 1 0 0 6 20
150117 88 1 0 5 6 19
150214 80 1 0 8 6 21
150331 47 1 0 6 6 18
154162 52 0 0 6 6 20
157668 95 1 0 6 6 19
157719 123 1 0 6 6 18
163009 103 1 1 8 6 21
163529 29 0 0 2 6 16
164021 282 0 0 7 6 14
164076 88 1 0 8 6 15
164080 152 1 0 8 6 18
164112 95 1 0 4 6 19
164521 68 0 0 6 6 16
164929 53 0 0 6 6 17
166504 187 1 0 6 5 16
166807 27 0 0 5 6 17
166877 35 0 0 6 6 16
167670 21 1 0 4 6 18
168560 26 1 0 6 6 19
168999 110 1 0 8 6 20
169241 278 1 0 6 6 19
169391 153 1 0 6 6 16
169399 77 0 0 6 6 17
169517 34 1 0 8 6 14
170584 144 1 0 8 6 18
170590 109 1 0 6 6 19
171141 60 1 0 6 6 16
171728 67 1 0 6 6 19
172890 26 1 0 5 6 16
173148 172 1 0 2 6 17
173845 54 1 0 5 6 22
174360 10 1 1 0 6 16
174524 74 1 0 6 6 18
176116 8 1 0 2 5 18
177258 168 0 0 6 6 28
178589 111 1 0 6 6 16
178701 31 0 0 6 6 18
179620 132 1 0 6 6 16
181637 91 0 0 3 6 18
181956 158 1 0 8 6 14
186245 12 0 0 4 6 19
186387 65 1 0 7 6 12
186487 27 1 0 2 5 17
187694 68 0 0 0 6 20
187950 62 1 0 1 6 17
189312 13 1 0 0 5 17
192337 44 0 0 1 6 16
192667 59 0 0 1 6 19
193055 67 1 0 5 6 17
194539 75 1 0 2 6 19
203861 170 1 0 8 6 16
205139 109 0 0 4 6 15
205840 205 1 0 0 6 18
207212 27 0 0 1 6 19
209416 32 1 0 0 6 20
209799 59 0 0 6 6 18
210136 166 1 0 1 6 15
210180 125 1 0 0 6 14
210722 51 1 0 1 6 15
211679 91 0 0 8 6 17
211705 48 1 0 1 6 16
211904 111 1 0 1 6 15
212380 221 1 0 8 5 17
212488 200 1 0 2 6 18
213689 22 0 0 8 6 19
214114 23 1 0 1 5 19
215564 55 0 0 6 6 17
217113 18 0 0 3 6 18
217961 208 1 0 7 6 20
219047 131 1 0 0 6 16
220935 63 1 0 6 6 18
221455 40 1 0 0 6 18
221713 19 0 0 6 6 14
223841 46 1 0 8 6 14
224782 33 1 0 2 6 17
224947 117 1 0 6 6 18
226686 108 0 0 6 6 16
226752 42 1 0 2 6 17
227216 128 0 0 6 6 15
227315 90 1 0 0 6 15
228868 72 0 0 4 6 19
229265 76 1 0 7 6 14
234597 56 0 0 0 6 19
236342 24 1 0 9 6 18
238865 73 1 0 5 6 20
241168 120 1 0 5 6 19
241379 47 0 0 0 6 16
241588 145 1 0 4 6 20
243480 161 1 0 4 6 15
244114 33 0 0 4 6 18
244159 35 1 0 8 6 16
244507 41 1 0 6 6 17
244703 114 1 0 5 6 18
244838 50 0 0 2 6 16
246155 191 1 0 4 6 20
246948 38 0 0 5 6 19
247617 41 1 0 6 6 17
248016 73 1 0 6 6 16
248456 163 1 0 6 6 18
250646 296 1 0 1 6 15
251344 85 1 0 1 6 18
254711 304 1 0 6 6 17
255636 30 0 0 6 6 16
255689 30 0 0 4 6 15
256059 44 0 0 0 6 27
256374 35 0 0 2 6 15
256734 35 1 0 8 6 15
256767 67 0 0 3 6 17
258245 256 0 0 9 6 16
258514 27 0 0 6 6 18
259017 57 1 0 0 6 16
259366 84 0 0 6 6 15
262551 57 1 0 4 6 20
263424 80 1 0 8 6 19
265668 99 1 0 3 6 15
265765 42 1 0 8 6 17
267290 101 0 0 4 6 20
268872 29 1 0 7 6 16
269016 106 0 0 6 6 19
271287 71 1 0 4 6 18
271487 206 1 0 6 6 17
272481 227 0 0 6 6 19
272740 148 1 0 6 6 19
272905 95 1 0 3 6 19
272999 29 0 0 7 6 22
273942 80 1 0 7 6 20
273958 42 1 0 4 6 15
274424 47 1 0 2 6 16
278248 47 1 0 5 6 21
278904 83 0 0 6 6 19
279438 37 0 0 5 6 16
280129 37 0 0 1 6 16
280145 56 0 0 6 6 18
280952 151 0 0 6 6 17
282457 9 1 0 2 6 29
283562 98 1 0 5 6 15
283614 104 1 0 2 6 16
285080 93 0 0 6 6 19
285652 13 1 0 1 5 19
286301 171 1 0 2 6 18
286379 53 1 0 0 6 13
286873 24 1 0 1 5 21
287810 10 0 0 4 6 16
289340 74 1 0 2 6 18
291344 88 0 0 6 6 15
291931 133 1 0 2 6 17
292831 46 1 0 3 6 21
292945 144 1 0 8 6 18
294543 44 1 0 3 6 19
294842 27 0 0 3 6 16
295519 45 0 0 3 6 20
296550 239 1 0 6 6 20
297023 108 0 0 8 6 17
298223 107 1 0 8 6 18
298297 149 1 0 4 5 19
299095 7 1 0 5 6 15
299599 48 0 0 6 6 17
300205 5 0 0 0 6 23
300623 5 0 0 0 6 18
300964 33 0 0 3 6 17
301259 67 1 0 3 6 22
301721 108 1 0 3 6 20
302210 74 0 0 6 6 17
302353 146 1 0 8 6 19
303013 53 1 0 5 6 15
303948 131 0 0 3 6 20
304644 32 1 0 2 5 28
305277 91 1 0 6 6 19
305642 60 1 0 6 6 17
305825 173 1 0 6 6 19
308084 33 1 0 0 6 19
310898 145 1 0 2 6 17
311485 26 0 0 7 6 21
313028 122 0 0 6 6 17
313069 77 1 0 6 6 17
313313 34 1 0 6 5 18
313546 58 1 1 6 6 18
313570 124 1 0 6 5 19
317027 41 1 0 6 6 16
317785 26 0 0 0 6 18
318021 66 0 0 2 6 17
318183 60 1 0 6 6 19
319527 238 1 0 6 6 21
319549 203 1 1 6 6 19
320646 169 1 0 5 6 39
320889 7 1 0 6 6 17
321343 64 0 0 8 6 20
321496 13 0 0 0 5 17
326265 56 0 0 7 6 17
328739 97 1 1 8 6 19
330401 12 0 0 1 6 25
332690 232 1 1 8 6 16
333243 59 0 0 4 6 20
334300 46 0 0 1 6 21
336267 128 1 0 6 6 16
336521 23 1 0 6 6 16
336850 4 0 0 0 5 14
338835 33 0 0 6 6 18
341441 58 1 0 6 6 21
342181 10 0 0 2 5 17
342600 35 0 0 7 6 13
343085 41 0 0 8 6 18
343088 41 1 0 5 6 15
343272 67 1 0 2 6 22
347121 128 1 0 6 6 15
347390 152 1 0 4 6 18
347870 255 1 0 6 6 20
349272 63 1 0 4 6 29
349374 59 1 0 7 6 17
350663 30 0 0 2 6 17
350975 28 0 0 8 6 16
352207 93 0 0 4 5 26
352337 184 1 0 6 6 19
353854 48 1 0 9 6 17
354587 24 0 0 7 6 19
356728 12 0 0 1 6 17
358890 65 1 0 0 6 16
358993 73 0 0 6 6 16
359059 28 0 0 0 6 20
359358 111 1 0 1 6 17
360257 63 0 0 4 6 18
360490 109 1 0 5 6 18
362721 59 0 0 3 6 19
362834 64 1 0 0 6 20
363619 17 0 0 5 6 19
363990 16 0 0 1 6 15
364874 38 1 0 8 5 16
366208 198 1 0 6 6 17
368379 37 0 0 0 6 18
368775 51 0 0 1 6 15
369728 90 1 0 8 6 17
369833 60 1 0 6 6 19
370714 69 1 0 0 6 20
371187 25 1 0 0 5 19
371536 59 1 0 7 6 16
371647 116 1 0 6 6 16
371826 51 0 0 5 6 20
374290 55 1 0 6 6 20
374591 63 1 0 8 6 15
375325 80 1 0 0 6 17
376681 35 1 0 6 6 17
377507 47 1 0 8 6 16
378992 57 1 0 6 6 16
379004 54 1 0 6 5 16
379053 30 1 1 6 5 18
379057 74 1 1 6 6 17
379115 67 1 0 2 6 19
382703 329 1 0 4 6 19
383043 23 1 0 6 5 18
383340 6 1 0 6 6 19
383497 22 1 0 2 6 17
384237 64 1 0 8 6 18
385936 25 1 0 7 5 20
386481 53 0 0 6 6 18
389580 308 1 0 6 6 17
389941 85 1 0 7 6 17
390938 18 1 0 0 6 18
394740 113 1 0 2 6 16
395165 28 0 0 5 6 28
395363 43 0 0 0 6 18
397245 67 1 0 8 6 15
399297 55 1 0 6 6 18
401704 104 1 0 4 6 18
412214 54 1 0 1 6 17
416469 32 0 0 2 6 16
417842 154 1 0 7 6 16
418971 107 1 0 2 6 19
419361 95 1 0 6 6 19
419514 29 1 0 5 6 22
420443 79 1 0 5 6 21
422833 56 0 0 8 6 15
422863 72 1 0 6 6 15
424366 18 1 0 6 6 16
424418 7 0 0 5 6 19
427487 18 1 0 6 6 18
427590 65 1 0 6 6 16
428413 18 1 0 5 6 19
428654 51 1 0 5 6 17
429321 92 1 0 6 6 17
429934 20 1 0 8 6 16
429935 77 1 1 6 6 20
429937 14 0 0 4 6 18
429940 42 1 0 8 6 21
429941 39 1 0 8 6 18
429942 26 1 0 6 6 19
429943 26 1 0 8 6 16
429944 127 1 0 6 6 14
429946 2 1 0 6 6 16
430019 4 0 0 0 6 16
430020 36 1 0 4 6 16
430021 108 1 0 6 6 14
430023 27 1 0 6 6 14
430026 16 1 0 2 6 29
430028 75 0 0 8 6 16
430029 99 1 0 6 6 13
430471 6 0 0 4 6 17
430473 19 0 0 4 6 19
430520 26 1 0 6 6 17
430521 66 1 0 2 6 19
430522 158 1 0 6 6 14
430523 26 1 0 6 6 15
430524 36 1 0 6 6 15
430525 37 1 1 6 6 25
430526 10 1 0 4 5 16
430529 17 1 0 7 6 32
430585 51 0 0 5 6 20
430587 58 1 0 4 6 18
430588 64 1 0 6 6 16
430589 25 1 0 1 5 14
430638 127 1 0 9 6 16
430640 15 1 0 4 6 13
430642 106 1 0 8 6 16
430643 6 1 0 1 6 18
430949 26 0 0 8 6 17
431006 8 0 0 1 6 17
431007 63 1 0 6 6 17
431009 108 0 0 6 6 16
431010 17 1 0 8 6 20
431011 15 1 0 6 5 19
431020 111 0 0 6 6 18
431021 11 0 0 4 6 18
431022 8 0 0 9 6 21
431024 10 1 0 4 6 15
431026 39 1 0 6 5 27
431062 4 0 0 2 6 21
431064 10 0 0 7 6 48
431065 4 0 0 8 6 16
431066 28 1 0 6 6 18
431067 66 1 0 6 6 18
431190 164 0 0 6 6 17
431191 27 0 0 8 6 15
431193 24 1 0 6 6 15
431194 3 0 0 6 6 18
431199 17 1 0 6 5 16
431272 32 1 0 5 6 18
431273 106 0 0 4 6 17
431357 14 1 0 1 6 17
431381 12 1 0 5 5 22
431445 119 1 0 8 6 15
431446 1 0 0 1 6 23
431447 25 1 0 8 6 14
431448 93 0 0 8 6 21
431449 20 1 0 1 6 23
431450 132 1 0 4 5 16
431513 125 0 0 6 6 16
431517 267 1 0 6 6 16
431518 21 0 0 8 6 20
431525 82 1 0 2 6 16
431580 65 0 0 6 5 21
431581 7 1 0 6 6 19
431582 11 1 0 6 6 18
431584 17 1 0 1 6 20
431625 22 1 0 6 6 17
431626 19 0 0 1 6 18
431627 9 1 0 6 6 20
431628 5 0 0 4 6 17
431629 43 1 0 2 6 17
431632 78 1 0 6 6 16
431633 8 0 0 8 6 15
431675 93 1 0 6 6 17
431676 9 1 0 5 6 18
431677 2 1 0 5 5 19
431678 3 1 0 9 6 18
431680 12 1 0 4 6 20
431681 3 0 0 7 5 16
431682 25 0 0 7 6 15
431683 4 1 0 4 5 19
431695 58 1 0 5 6 17
431826 2 0 0 6 6 15
431827 3 1 0 2 5 22
431828 7 1 0 6 6 14
431831 11 1 0 7 6 15
431833 11 1 0 2 6 18
431835 11 1 0 6 6 17
431837 4 1 0 8 5 16
431838 4 1 0 2 5 17
431840 4 0 0 4 5 15
431843 15 0 0 6 6 17
431898 7 1 0 1 5 21
431899 6 0 0 4 5 16
431900 37 0 0 4 6 19
431901 3 1 0 4 5 28
431902 5 1 0 6 6 18
431903 2 1 0 7 6 16
431904 40 1 0 6 5 15
431905 24 1 0 1 6 17
431907 1 1 0 7 5 22
431918 37 1 0 6 6 18
431952 15 1 0 6 6 17
431953 12 1 0 5 5 18
431954 9 1 0 9 5 19
431955 13 0 0 3 6 20
431958 16 1 0 4 6 16
431959 35 0 0 6 6 19
431960 17 1 0 1 6 15
432019 1 1 0 4 5 19
432020 9 1 0 5 6 16
432021 8 1 0 8 6 17
432022 21 1 0 8 6 15
432023 28 1 0 2 6 19
432024 32 1 0 2 6 15
432025 4 0 0 1 6 18
432026 34 1 0 2 6 14
432027 20 1 0 6 6 16
432029 8 0 0 4 6 21
432030 3 0 0 8 6 18
432031 7 1 0 2 6 20
432033 3 0 0 5 6 15
432034 65 1 0 8 6 16
432035 20 1 0 1 5 27
432088 12 1 0 6 6 14
432089 13 1 0 6 6 17
432090 3 1 0 2 5 20
432091 22 1 0 8 6 14
432093 3 0 0 3 5 20
432094 7 1 0 5 6 18
432095 4 1 0 1 5 19
432096 6 0 0 6 5 15
432097 2 0 0 1 5 20
432099 28 0 0 8 6 17
432155 91 1 0 2 6 17
432168 44 1 0 6 6 19
432170 9 0 0 1 6 28
432172 27 0 0 6 6 15
432173 20 1 0 5 6 18
432177 72 1 0 6 6 18
432295 1 1 0 4 6 17
432296 5 0 0 5 6 17
432298 21 0 0 1 6 20
432299 26 0 0 9 6 22
432301 29 1 0 2 6 19
432303 9 0 0 4 6 34
432304 27 1 0 6 5 16
432306 28 1 1 2 5 29
432364 20 1 0 1 6 17
432365 29 1 0 6 6 18
432366 31 1 0 6 5 16
432367 45 1 0 7 6 20
432368 36 0 0 4 6 18
432450 34 1 0 4 6 20
432451 1 1 0 2 5 15
432452 1 1 0 6 5 19
432454 7 1 0 5 6 16
432458 1 0 0 2 6 30
432459 6 0 0 6 6 17
432560 10 1 0 5 6 39
432561 6 0 0 4 5 16
432562 8 1 0 6 6 18
432564 7 1 0 4 5 27
432567 59 1 0 1 6 20
432568 53 1 0 2 6 23
432570 132 1 0 8 6 16
432574 32 1 0 6 6 20
432624 14 1 0 6 6 15
432625 4 0 0 4 5 19
432626 2 0 0 2 5 17
432628 32 1 0 6 6 15
432631 17 1 0 2 6 16
432633 8 1 0 2 6 22
432636 13 1 0 3 6 18
432639 2 1 0 2 5 17
432641 17 1 0 6 5 17
432816 10 1 0 6 5 16
432820 16 1 0 3 6 15
432862 57 0 0 6 6 18
432915 50 1 0 6 6 19
432916 73 0 0 6 6 18
432917 66 0 0 6 6 18
432952 56 0 0 6 6 15
433036 64 0 0 6 6 16
433038 55 0 0 6 6 18
433095 71 1 0 8 6 16
433201 16 0 0 4 6 20
433202 39 1 0 5 6 18
433203 44 1 0 3 6 20
433204 28 0 0 6 6 17
433205 47 0 0 7 6 19
433370 139 0 0 6 6 17
433371 107 1 0 5 6 18
433372 15 0 0 4 6 19
433373 33 0 0 1 6 18
433375 77 1 0 6 6 18
433376 46 0 0 9 6 28
433422 13 1 0 5 6 21
433423 63 1 0 5 6 20
433424 24 0 0 6 6 17
433442 43 1 0 1 6 17
433480 5 0 0 4 6 20
433527 25 0 0 5 6 28
433535 46 0 0 8 6 19
433606 66 1 0 7 6 19
433608 33 0 0 7 6 21
433636 6 1 0 1 6 21
433637 17 1 0 3 6 14
433638 56 0 0 3 6 23
433662 96 1 0 7 6 24
433664 14 1 0 3 6 19
433665 19 0 0 4 6 17
433687 51 0 0 6 6 20
433727 18 0 0 1 6 16
433797 52 0 0 8 6 23
433827 12 0 0 7 6 20
433856 11 0 0 5 6 14
433859 91 1 0 7 6 17
433899 23 0 0 8 6 15
433900 52 1 0 2 6 17
433902 62 1 0 6 6 17
433978 49 1 0 6 6 16
433979 14 1 0 1 6 15
433980 44 0 0 8 6 21
433981 39 1 0 8 6 18
434034 27 1 0 3 6 20
434037 94 1 0 6 6 14
434038 6 0 0 7 6 23
434040 44 0 0 6 6 16
434041 32 1 0 2 5 16
434069 37 0 0 8 6 18
434071 30 0 0 6 6 17
434072 28 0 0 4 6 18
434073 19 1 0 6 6 15
434104 49 1 0 8 6 14
434134 31 0 0 2 6 15
434135 14 1 0 7 6 20
