35347
19
466
35347 604 1 1 1 6 18
737 48 1 0 0 6 28
1138 90 1 0 1 6 16
4778 19 0 0 4 6 15
6150 255 1 0 5 6 17
8958 61 1 0 1 6 23
9849 36 0 0 5 6 19
10017 20 0 0 1 6 18
10410 18 1 0 4 6 18
12145 161 1 0 5 6 21
21346 161 1 0 5 6 16
27871 34 0 0 1 6 18
34763 165 1 0 5 6 18
35685 176 1 0 1 6 18
37058 16 1 0 5 6 16
39288 33 0 0 5 5 16
40425 25 0 0 5 6 20
40914 92 1 0 1 6 20
41551 14 0 0 1 6 20
41600 191 1 0 7 5 19
43520 88 1 0 5 6 18
43666 90 1 0 5 6 21
44367 70 1 0 1 6 19
44444 12 1 0 5 6 16
45292 82 1 0 5 6 19
47406 68 0 0 5 6 15
48466 26 0 0 1 6 23
48872 246 0 0 6 6 19
48899 101 0 0 5 6 16
49679 159 1 0 1 6 14
49862 101 0 0 1 6 19
52126 113 1 0 5 6 19
53490 78 0 0 8 6 23
53709 78 1 0 5 6 17
53779 67 0 0 5 6 20
53875 260 0 0 1 6 18
54711 46 0 0 6 6 14
54987 85 1 0 5 6 16
56150 144 1 0 5 6 18
56375 252 1 0 3 5 34
58439 69 1 0 5 6 21
58955 170 0 0 2 6 18
58956 97 0 0 5 5 20
61290 114 1 0 0 6 16
62078 30 1 0 1 6 20
63199 35 1 0 5 6 19
64938 40 0 0 5 6 20
65478 82 1 0 5 6 18
69053 25 1 0 1 6 18
72952 91 1 0 5 6 22
73434 8 0 0 1 6 25
74797 67 1 0 4 6 18
75231 29 1 0 1 6 16
76514 86 0 0 5 6 15
77401 116 1 0 5 6 19
77586 6 0 0 1 5 18
78774 62 1 0 7 6 16
79045 55 0 0 1 6 18
79864 119 1 0 1 6 20
81248 32 0 0 5 6 16
85477 34 1 0 7 6 16
85737 61 1 0 1 6 21
86453 51 1 0 1 6 18
86457 56 1 1 5 6 20
86579 61 0 0 1 6 17
87841 3 0 0 4 6 17
87989 171 1 0 5 6 19
89031 118 0 0 7 6 17
89947 117 0 0 1 6 31
90223 7 0 0 5 6 19
90951 26 1 0 5 6 15
90961 158 1 0 5 6 17
91064 85 1 0 1 6 16
91437 19 0 0 4 6 17
91849 41 0 0 5 5 18
101559 66 1 0 5 6 18
104562 20 0 0 5 6 18
107605 13 1 0 5 5 17
109074 38 1 0 5 6 19
109697 83 1 0 1 6 18
113066 56 1 0 3 6 23
114305 15 0 0 5 6 18
115226 36 0 0 5 6 17
116660 206 1 0 7 5 20
119854 136 1 0 5 6 17
122195 32 0 0 9 6 18
122599 17 0 0 5 6 18
122740 139 0 0 5 6 15
126434 40 0 0 1 6 21
127944 99 1 0 5 6 16
127947 36 1 0 5 6 18
128118 69 0 0 1 6 19
128330 28 0 0 1 6 15
128568 23 1 0 1 6 19
129198 99 1 0 5 6 16
129606 151 1 0 6 6 17
131119 47 0 0 7 6 16
131651 50 0 0 1 6 16
132659 120 1 0 5 6 16
132669 59 1 0 1 6 16
132692 41 1 0 5 6 17
133493 62 1 0 1 6 17
133528 41 1 0 1 6 17
134561 97 1 0 5 6 18
136669 40 0 0 2 6 15
140030 234 1 0 2 6 19
145893 153 1 0 5 6 18
148319 47 1 0 6 6 10
148385 20 1 0 2 6 21
152641 46 1 0 2 6 21
152666 52 0 0 5 6 18
156606 67 1 0 5 6 17
156609 29 0 0 4 6 17
164991 60 1 0 1 6 22
166756 110 0 0 7 6 19
171826 61 1 0 5 6 21
172386 81 1 0 5 6 19
172896 26 1 0 1 6 16
173100 75 1 0 3 6 16
173635 77 1 0 5 6 18
180298 141 1 0 1 6 19
180301 77 1 0 5 6 19
184231 47 0 0 7 6 21
188778 20 0 0 5 6 17
189082 82 0 0 5 6 20
192442 52 0 0 1 6 16
194784 42 0 0 2 6 17
194828 71 1 0 1 6 15
198418 106 1 0 5 6 16
203223 158 1 0 5 6 17
211551 135 1 0 7 6 20
217145 40 1 0 1 6 18
223436 46 0 0 1 6 18
223923 69 0 0 7 6 18
224791 26 1 0 5 6 16
224840 169 1 0 7 6 18
225056 54 1 0 5 6 17
225271 64 1 0 5 5 21
225278 96 0 0 5 6 18
227285 4 1 0 1 6 14
231276 5 0 0 1 6 19
233120 19 1 0 1 6 25
234353 73 1 0 1 6 18
239624 68 1 0 2 6 22
239822 31 1 0 5 6 18
246714 35 1 0 1 6 18
247801 94 1 0 1 5 22
249802 34 1 0 9 5 19
251614 70 0 0 7 6 16
252082 157 1 0 7 6 19
253469 32 0 0 3 6 17
254973 79 1 0 5 6 16
255692 134 1 0 2 6 15
257886 81 0 0 5 6 16
258072 92 1 0 5 6 18
258262 102 0 0 2 6 18
258852 140 0 0 5 5 22
259069 187 1 0 5 6 20
260964 17 1 0 1 6 21
261527 153 1 0 6 6 20
262174 121 1 0 2 6 20
263507 97 1 0 2 6 18
264399 54 1 0 1 6 18
264530 25 1 0 1 6 17
266050 42 1 0 1 6 16
267532 87 0 0 1 6 20
267716 48 1 0 5 5 18
271111 210 1 0 0 6 22
275219 125 0 0 5 6 18
275990 24 1 0 2 6 19
276072 10 1 0 1 6 18
276328 79 1 0 0 6 16
277234 62 1 0 1 6 14
277399 19 1 0 5 6 16
279299 90 1 0 1 6 15
279543 20 1 0 5 6 18
283416 26 0 0 5 6 19
283419 70 1 0 1 6 20
283562 98 1 0 5 6 15
284974 9 1 0 4 6 22
285563 24 1 0 5 6 18
287044 271 1 0 1 6 18
287100 25 1 0 5 5 20
287299 24 1 0 5 6 16
287527 27 1 0 1 6 16
287793 94 1 0 1 6 20
288453 9 1 0 1 6 19
288903 25 1 0 1 6 20
289202 61 1 0 7 6 16
289678 37 0 0 3 6 16
289942 23 1 0 5 6 21
289953 61 1 0 5 6 19
290260 37 1 0 4 6 19
290288 60 1 0 5 6 19
290664 62 0 0 5 6 19
290667 85 1 0 5 6 18
291616 55 1 0 1 6 15
291990 19 1 0 3 6 18
297016 55 1 0 4 6 19
297507 48 1 0 1 5 24
298968 51 0 0 4 6 16
302587 133 1 0 5 6 17
303271 30 1 0 1 6 19
305774 75 1 0 5 6 18
305830 161 1 0 7 6 16
309635 88 1 0 1 6 19
310965 11 0 0 1 6 22
311318 34 1 0 1 6 17
311319 39 0 0 1 6 16
312705 27 1 0 1 6 17
312722 96 1 0 1 6 19
315625 16 1 0 0 6 17
315952 31 1 0 1 6 22
316259 7 1 0 1 6 24
316952 8 0 0 8 6 19
318151 23 1 0 1 6 25
318152 55 1 0 2 6 20
318251 50 1 0 4 6 25
325932 24 0 0 1 5 20
326265 56 0 0 7 6 17
326450 34 0 0 1 6 20
327573 89 1 0 1 6 18
329250 11 1 0 1 6 21
329938 21 1 0 4 6 23
333155 53 0 0 1 6 22
333582 73 0 0 5 6 21
335794 79 1 0 1 6 20
336570 252 1 0 6 6 21
336598 127 0 0 5 6 19
340327 4 1 0 1 5 14
341597 48 1 0 4 5 16
342134 87 1 0 1 6 18
343145 63 1 0 1 6 15
343601 40 1 0 1 6 19
345312 30 1 0 1 5 19
346316 25 1 0 8 6 23
347856 92 1 0 5 6 17
347933 54 1 0 1 6 19
349937 11 0 0 1 6 19
349944 21 1 0 1 6 23
349952 109 1 0 5 6 16
349976 37 1 0 5 6 20
350469 14 0 0 7 6 17
350623 156 1 0 1 6 18
351479 73 1 0 5 6 18
351985 5 0 0 1 5 17
351988 20 0 0 4 6 18
355347 88 0 0 1 6 20
357032 51 1 0 1 6 21
357756 23 1 1 0 6 18
358172 18 0 0 1 6 20
358658 13 1 0 1 6 15
358784 7 0 0 1 6 18
358984 28 0 0 1 6 15
358988 34 0 0 4 6 18
358990 120 1 0 5 6 18
359086 24 1 0 1 6 19
359118 8 0 0 5 6 17
359283 33 1 0 1 6 17
359454 180 1 0 5 6 17
359457 118 1 0 5 6 18
359765 39 1 0 5 6 13
362858 60 1 1 8 6 15
364147 13 1 0 7 6 18
364854 21 1 0 1 6 25
367534 45 0 0 1 6 22
368804 82 1 0 5 6 14
370249 18 1 0 2 6 20
372821 54 1 0 1 6 19
382592 43 1 0 5 6 17
383983 9 0 0 1 6 19
385853 19 1 0 1 6 19
387434 18 1 0 1 6 17
388413 44 0 0 4 6 17
388943 7 0 0 4 6 16
391115 13 1 0 1 6 15
391359 77 1 0 1 6 17
397534 49 0 0 1 6 19
398571 7 1 0 7 6 21
399342 309 1 0 5 6 18
402724 15 0 0 2 6 15
402899 61 0 0 1 6 21
405385 49 1 0 1 6 14
405486 130 1 0 7 6 18
405547 163 1 0 7 6 19
405574 31 1 0 5 5 16
410452 42 1 0 1 6 16
410702 116 0 0 5 6 16
412298 38 1 0 5 6 15
413356 39 0 0 1 6 17
414081 95 1 0 7 6 14
415487 61 0 0 7 6 18
417658 25 1 0 5 6 20
418025 93 1 0 5 6 21
418070 73 1 0 5 6 19
419001 50 1 0 1 5 19
419745 53 1 0 5 6 20
420936 55 1 0 5 6 19
421009 4 0 0 3 6 21
421698 52 1 0 5 6 21
421715 42 1 0 5 6 19
422835 26 1 0 1 6 14
425399 30 1 0 5 6 16
425502 99 1 0 5 6 17
425584 116 1 0 5 6 17
425714 18 1 0 5 6 18
427839 2 0 0 1 6 21
433956 32 1 0 1 6 15
435039 28 0 0 2 6 14
439199 26 1 0 1 6 18
441075 86 1 0 6 6 13
441288 16 1 0 7 6 13
442360 37 1 0 1 6 17
442867 28 1 0 1 6 21
443254 79 1 0 5 6 15
444397 30 1 0 5 6 15
445043 39 0 0 3 6 15
445104 21 1 0 1 6 18
445576 76 0 0 5 6 18
445619 32 1 0 1 6 18
445694 49 1 0 1 6 15
445923 31 0 0 7 6 13
446185 34 1 0 1 6 19
447727 9 1 0 1 5 17
454981 11 0 0 1 6 19
455177 125 1 1 7 6 21
455627 92 0 0 4 6 17
456101 2 0 0 1 6 17
456666 69 1 0 5 6 17
456930 120 1 0 7 6 18
457849 26 0 0 5 6 20
459023 6 0 0 1 5 16
459558 5 0 0 1 5 18
462362 10 1 0 5 6 16
465820 130 1 0 1 6 16
466304 41 0 0 5 6 26
466705 22 1 0 4 5 18
467134 26 1 0 5 6 22
467152 25 1 0 1 5 17
467252 12 0 0 1 5 21
467423 50 1 0 2 6 17
467428 3 1 0 1 6 19
467460 24 1 0 5 6 17
468335 23 1 0 1 6 16
468566 16 1 0 1 6 18
468697 45 1 0 2 6 21
468698 56 1 0 7 6 17
468699 13 1 0 1 6 20
468700 7 0 0 1 5 19
468701 14 1 0 5 6 18
468702 23 1 0 5 6 16
468703 41 1 0 1 6 16
468704 45 1 0 5 6 17
468737 25 0 0 7 6 17
468738 98 1 0 7 6 18
468739 21 1 0 1 6 47
468740 12 1 0 2 6 18
468742 12 1 0 1 6 15
468855 4 1 0 2 5 17
468875 1 1 0 5 6 17
468880 58 1 0 5 6 17
468881 3 1 0 1 6 19
468882 1 1 0 1 6 19
468883 7 0 0 5 6 20
468884 20 0 0 2 6 17
468885 6 1 0 1 5 17
468886 32 1 0 1 5 15
468929 53 1 0 5 6 15
468932 26 1 0 5 6 13
468933 54 1 0 5 5 16
468935 68 0 0 5 6 19
468936 5 1 0 2 6 14
468938 8 0 1 1 6 19
468939 8 1 0 5 5 16
468940 47 1 0 1 5 17
468941 68 1 0 1 6 17
468942 3 0 0 1 5 18
468943 24 1 0 1 6 25
468964 15 1 0 5 5 24
468965 8 1 0 7 5 34
468966 29 1 0 5 6 18
468967 11 1 0 1 6 22
468969 10 1 0 5 6 18
468970 18 1 0 5 6 19
468971 41 1 0 1 6 20
468972 6 0 0 1 6 18
468983 6 1 0 1 6 16
468985 135 0 0 6 6 16
468986 2 1 0 1 6 16
468987 47 1 0 1 6 16
468989 30 1 0 5 6 15
468991 49 1 0 5 5 20
469021 47 1 0 5 6 18
469022 68 0 0 7 5 22
469023 13 0 0 1 6 17
469024 1 0 0 1 5 22
469025 22 1 0 1 6 19
469026 2 0 0 5 6 23
469027 17 1 1 5 6 26
469078 6 1 0 1 6 25
469079 50 1 0 7 6 17
469080 28 1 0 8 6 16
469081 1 1 0 1 6 19
469082 8 1 0 5 6 15
469083 47 0 0 7 6 15
469128 24 1 0 4 6 18
469132 75 1 0 4 6 18
469135 126 1 0 2 6 17
469161 8 1 0 1 6 16
469162 8 1 0 5 6 16
469163 33 1 1 5 6 23
469164 29 1 0 1 6 18
469182 37 1 0 5 5 17
469184 19 0 0 5 5 15
469186 8 0 0 7 6 12
469187 37 1 0 5 6 19
469188 15 1 0 5 5 18
469300 2 0 0 8 6 20
469301 21 1 0 1 5 18
469303 3 1 0 1 5 20
469304 5 1 0 1 5 26
469305 3 1 0 6 6 17
469306 13 1 0 2 6 18
469307 29 0 0 1 6 16
469308 5 1 0 1 6 17
469309 1 1 0 1 6 17
469310 12 1 0 4 5 19
469311 3 0 0 1 5 21
469342 8 1 0 5 5 14
469343 10 0 0 4 6 17
469344 1 1 0 1 5 16
469345 9 1 0 1 6 19
469346 1 1 0 0 5 22
469347 26 1 0 1 6 19
469348 1 1 0 1 6 14
469349 8 1 0 5 6 26
469350 17 1 0 1 6 18
469351 12 1 0 7 5 17
469352 6 1 0 1 6 20
469353 5 0 0 5 5 17
469354 2 1 0 1 5 19
469397 7 1 0 1 6 18
469398 55 1 0 2 6 21
469399 28 0 0 1 6 19
469400 4 1 0 4 5 18
469402 9 0 0 4 6 21
469403 7 0 0 4 5 19
469408 2 1 0 7 5 15
469409 6 1 0 7 5 19
469411 1 1 0 1 5 19
469529 3 1 0 1 5 17
469530 3 1 0 4 5 16
469531 9 1 0 5 5 15
469532 1 1 0 1 5 17
469533 7 1 0 1 6 14
469534 10 0 0 5 6 16
469535 11 1 0 5 6 16
469536 9 1 0 1 6 47
469537 17 1 0 5 6 18
469538 6 1 0 5 6 19
469539 5 1 0 1 6 22
469540 1 1 1 5 5 18
469596 8 1 0 1 6 16
469598 51 1 0 5 5 18
469599 3 1 0 0 6 15
469600 8 1 0 0 6 17
469602 4 0 0 1 6 16
469603 11 1 0 1 5 16
469604 5 1 0 4 6 21
469605 39 1 0 4 6 17
469669 7 1 0 4 6 18
469672 1 1 0 1 6 22
469674 4 0 0 5 6 16
469676 3 1 0 5 5 19
469679 8 1 0 7 6 20
469756 6 0 0 1 6 18
469758 17 0 0 1 5 16
469759 8 1 0 1 6 17
469760 10 1 0 5 6 17
469761 5 1 0 1 5 18
469762 12 1 0 1 6 20
469763 2 0 0 1 6 17
469783 17 0 0 1 6 22
469817 1 1 0 1 6 19
469818 20 1 0 5 6 18
469819 12 1 0 1 5 16
469820 13 1 0 1 6 18
469821 6 1 0 1 6 17
469822 7 1 0 1 6 17
469823 18 1 0 1 6 20
469824 3 1 0 1 6 22
470411 3 1 0 1 6 17
470413 4 0 0 4 6 16
470414 8 1 0 2 6 18
470415 1 1 0 1 5 14
470416 5 0 0 9 6 18
470417 8 0 0 8 6 20
470418 5 1 0 2 6 22
470465 5 0 0 0 5 18
470466 19 1 0 1 6 16
470467 5 1 0 1 6 19
470468 4 0 0 7 5 17
470469 10 0 0 1 6 16
470470 2 0 0 2 5 22
470471 7 0 0 8 6 21
470472 44 1 0 7 6 14
470518 36 0 0 2 6 16
470521 73 1 0 1 6 17
470522 112 1 0 5 6 17
470523 16 1 1 1 6 18
470524 58 1 0 5 6 18
470525 33 1 0 1 6 19
470540 15 1 0 1 6 23
470541 8 1 1 5 6 21
470543 59 1 0 4 6 18
470545 32 1 0 1 6 17
470547 18 1 0 5 6 16
470550 3 1 0 1 6 21
470759 33 1 0 5 6 17
470760 19 0 0 5 6 20
470761 64 1 0 5 6 18
470762 69 0 0 1 6 19
470763 35 1 0 1 6 20
470764 40 1 0 1 6 20
470765 84 0 0 6 6 19
470811 72 1 0 5 6 18
470812 3 0 0 5 5 23
470813 43 1 0 5 6 15
470814 25 0 0 1 6 16
470816 7 1 0 1 6 17
470851 36 1 0 1 6 16
470852 16 1 0 1 6 19
470853 3 0 0 1 6 22
470880 11 0 0 1 6 18
470881 9 0 0 1 6 20
470882 6 0 0 1 6 18
470883 28 1 0 1 6 21
470886 5 0 0 4 6 21
470923 63 1 0 4 6 20
470925 65 1 0 6 6 20
470926 16 1 0 1 6 21
470927 48 1 0 1 6 20
470929 19 0 0 1 6 23
470986 19 0 0 1 6 25
470988 3 0 0 1 6 21
470989 19 0 0 1 6 22
470990 72 1 0 5 6 22
471110 28 0 0 5 6 23
471111 33 1 0 1 6 21
471112 44 1 0 5 6 16
471113 29 0 0 4 6 18
471114 37 1 0 1 6 21
471164 31 1 0 1 6 21
471165 10 0 1 1 6 19
471166 27 1 0 5 6 23
471167 40 0 0 1 6 23
471169 70 1 0 5 6 18
471170 74 1 0 7 6 21
471256 3 0 0 4 6 16
471257 16 1 0 1 6 26
471258 5 0 0 1 6 24
471259 60 1 0 3 6 17
471310 52 1 0 1 6 15
471312 18 1 0 1 6 16
471313 10 1 0 1 6 19
471315 11 1 0 1 6 17
471316 27 1 0 3 6 12
471358 19 1 0 1 6 23
471359 50 1 0 5 6 18
471360 43 1 0 1 6 17
471364 18 1 0 1 6 16
471427 48 1 0 1 6 23
471428 4 1 1 5 6 30
471429 34 1 1 1 6 22
471431 60 1 0 5 6 17
471432 36 1 0 3 6 14
471433 109 1 0 5 6 21
471434 67 1 0 1 6 16
471438 8 1 0 1 5 17
472080 6 1 0 5 5 17
472081 32 1 0 5 5 19
472082 1 1 0 5 5 18
472125 40 1 0 5 6 19
472126 79 1 0 5 6 16
472129 48 1 0 5 5 24
472130 6 1 0 1 6 17
472131 26 1 0 5 5 19
472259 82 1 0 5 6 19
472260 767 1 1 1 6 20
472262 52 1 0 1 6 16
472348 21 1 0 5 6 15
472349 35 1 0 1 6 27
472350 38 1 0 1 6 17
472351 39 1 0 5 6 21
472354 50 1 0 5 6 19
472357 66 0 0 4 6 17
472358 94 1 1 5 6 19
472405 11 1 0 1 5 19
472406 11 0 0 1 6 23
472407 50 1 0 5 6 15
472408 45 1 0 1 6 17
472470 14 1 0 1 6 23
472473 20 1 0 1 6 17
472519 50 1 1 1 6 23
472521 22 1 0 5 6 20
