277343
19
2121
277343 627 1 1 8 6 21
20851 453 1 0 9 6 24
24440 379 1 0 8 5 19
25176 67 1 0 0 6 18
32324 124 0 0 7 6 22
39460 211 0 0 3 6 15
39507 101 1 0 6 6 19
39593 134 1 0 9 6 18
39803 267 1 0 4 6 19
40227 25 1 0 3 6 15
40414 80 1 0 9 6 18
40587 409 1 0 8 6 21
41172 104 1 0 9 6 16
41173 43 1 0 9 6 18
41175 12 0 0 4 5 19
41177 213 1 0 3 6 15
42576 110 0 0 4 5 17
42582 233 0 0 8 5 19
43892 124 1 0 9 6 18
44025 39 1 0 8 6 18
44972 90 1 0 6 6 21
45294 41 1 0 4 5 26
45339 103 1 0 8 6 20
45350 39 1 0 9 6 19
45353 100 1 0 4 6 26
47132 104 1 0 7 6 17
47817 172 1 0 2 6 20
48925 39 1 0 4 6 20
53164 38 1 0 3 6 19
53669 244 1 0 8 6 19
55151 212 1 0 8 6 20
59202 77 1 0 0 5 24
60869 23 1 1 1 6 33
66627 58 1 0 9 6 15
72603 163 0 1 4 6 22
73494 55 0 0 8 6 21
74962 195 1 0 8 6 19
75495 319 1 1 9 6 19
76183 109 1 0 2 6 19
76571 47 1 1 8 6 17
77347 30 1 1 6 6 22
79386 100 1 1 8 6 29
88019 459 1 1 2 6 17
88861 344 0 0 6 6 16
89182 224 1 1 8 6 15
93438 74 1 0 5 6 16
100120 95 1 0 9 6 24
107679 140 1 0 7 6 19
111714 43 1 0 8 6 20
122673 186 1 0 2 6 15
124169 15 1 0 1 6 20
125167 142 1 0 8 5 16
129543 51 1 0 9 6 17
131169 152 1 0 4 5 17
133138 266 0 0 4 6 18
133167 39 1 0 2 6 19
135587 83 1 0 8 6 17
147287 100 1 0 0 5 21
149992 166 1 1 8 6 17
152749 76 1 0 8 6 20
152865 103 1 0 2 6 18
164069 156 1 0 8 6 18
165305 178 1 0 8 6 16
166510 117 1 0 4 6 17
166879 155 1 0 8 6 16
168382 177 1 0 4 6 18
171389 395 1 0 8 6 18
171672 138 1 0 8 6 19
172518 332 1 0 6 6 19
172655 284 1 0 4 6 16
172866 43 1 0 2 6 21
175376 29 1 0 9 6 27
175524 12 1 0 7 5 28
180123 68 1 0 4 6 17
188736 58 0 0 4 6 21
189794 141 1 0 8 6 19
193767 87 1 0 6 6 19
194715 174 1 0 0 6 17
197177 142 1 0 2 6 21
197270 47 1 0 4 6 21
198940 13 1 0 8 6 20
205630 193 1 0 8 6 18
205650 100 1 1 8 6 20
205844 203 1 0 8 6 16
205888 106 1 0 8 6 18
208286 99 1 0 8 6 18
210189 233 1 0 6 6 22
210390 76 1 0 9 5 22
210627 126 1 0 2 5 16
212002 31 0 0 6 6 18
213887 62 1 1 9 6 20
219632 190 1 1 8 6 25
224240 26 1 0 6 6 17
224621 106 1 0 8 6 24
224622 25 1 0 8 6 17
224995 382 1 0 8 6 13
225043 169 1 0 8 5 19
225287 229 1 0 8 6 19
230225 135 1 0 2 6 19
239090 250 1 1 8 6 20
241583 217 0 0 6 5 21
241625 307 0 0 8 6 20
242182 28 1 0 6 6 23
250335 141 1 0 4 6 17
254427 93 1 0 1 6 12
254716 167 0 0 8 6 16
254809 48 1 0 8 6 31
257544 70 1 0 6 6 19
257866 104 1 0 8 6 21
258151 39 1 0 6 5 16
259339 112 1 0 8 6 18
260595 93 1 0 2 6 29
261509 73 1 0 3 6 24
261947 151 1 0 8 6 17
266595 41 1 0 0 5 18
269357 83 1 1 8 6 13
271416 124 1 0 2 6 14
272089 63 1 0 6 6 20
272273 246 0 0 4 6 17
276484 146 1 0 8 6 19
277312 60 0 0 1 6 19
277563 37 1 0 8 6 9
278793 154 1 0 6 6 20
279012 151 1 0 3 6 16
279050 252 1 1 8 6 17
280107 48 1 0 8 6 14
280277 225 0 0 6 6 18
280358 80 1 0 8 6 16
280585 48 0 0 8 6 16
282341 55 1 0 6 6 24
282713 87 1 0 8 6 22
282714 70 1 0 8 6 22
282715 131 0 0 0 6 19
283249 50 0 0 1 5 20
283291 63 1 0 1 6 16
284411 36 1 0 4 6 21
285546 81 1 0 9 6 17
285570 32 1 0 9 5 20
285703 351 1 0 8 6 19
285952 160 1 1 7 5 26
287714 57 1 0 6 6 17
292659 43 0 0 1 6 23
293677 122 0 0 8 6 19
295680 237 1 0 6 6 19
296555 32 1 0 9 6 19
296975 158 1 0 8 5 18
297148 16 1 0 8 6 22
298223 107 1 0 8 6 18
299702 58 1 0 8 6 15
299805 74 0 0 8 6 37
299847 264 1 0 4 6 19
301918 44 1 0 9 6 21
303875 163 1 0 3 6 20
304318 127 0 0 6 6 20
305248 89 1 0 2 6 18
309338 232 1 0 4 6 17
310725 96 0 0 4 6 17
310756 71 1 0 4 6 21
311520 140 0 1 8 6 11
312981 58 1 0 2 6 19
312987 161 1 0 4 5 19
315408 52 1 0 2 6 19
316240 86 1 0 8 6 15
320030 71 1 0 8 6 19
320095 111 1 0 0 6 16
321469 92 0 0 8 6 22
322013 69 0 0 8 6 21
322065 65 1 0 8 6 22
323236 114 0 0 4 6 25
323506 40 1 0 4 5 19
324971 91 1 0 8 6 17
325721 80 0 0 6 6 17
326839 35 1 0 2 6 1
335909 25 0 0 2 6 17
345125 184 1 0 7 6 19
347044 105 1 1 8 6 18
347420 63 1 1 8 6 22
348320 184 1 0 6 6 19
348461 98 1 0 4 6 19
348672 145 1 0 4 6 19
350118 120 1 0 4 6 17
352479 70 1 0 9 6 18
352535 134 1 0 4 6 19
352614 76 1 0 8 6 15
352615 40 1 0 8 5 17
353073 34 1 0 8 6 21
353237 78 1 0 8 6 20
354338 31 1 0 8 6 18
354366 298 1 0 8 6 16
354370 283 1 0 2 6 18
354409 97 1 0 8 6 16
354412 16 1 0 2 5 16
354416 20 1 0 8 5 17
354417 25 1 0 8 6 17
354429 134 1 0 8 5 16
354437 16 1 0 6 6 21
354438 61 1 0 8 5 17
354452 173 1 0 8 5 20
354453 43 1 0 8 6 15
354459 114 1 0 8 6 20
355378 115 1 0 4 6 17
355382 198 1 0 8 6 14
355436 237 0 0 8 6 20
355581 161 0 0 8 6 20
355674 14 1 0 3 5 16
355675 136 1 0 8 6 16
356105 203 1 0 8 6 15
356107 169 0 0 8 6 17
356109 140 0 0 8 6 17
356603 48 1 0 7 6 17
360925 36 1 0 9 6 19
361683 24 1 0 9 6 18
366101 10 1 0 9 6 16
369689 45 1 0 8 6 18
371058 13 0 0 4 6 19
371289 75 1 1 8 6 19
373251 26 1 0 4 6 20
374912 139 0 0 8 6 16
375027 230 1 0 8 6 16
376248 142 1 1 9 6 15
376643 225 1 1 8 6 18
376647 23 1 0 8 6 19
376679 52 1 0 8 6 20
376715 122 1 0 8 6 18
376716 47 1 0 8 6 15
381827 186 0 0 9 6 13
382476 82 1 0 4 6 18
383229 115 0 0 4 6 16
384611 260 1 0 4 6 19
384812 62 1 0 4 6 18
389039 90 0 0 8 6 17
389726 181 0 0 8 6 20
389729 192 1 1 9 6 20
393621 80 1 1 6 5 20
395687 406 1 0 8 6 16
396547 92 1 0 0 6 14
397436 19 1 0 9 6 21
397950 100 0 0 8 6 26
398130 52 1 0 2 6 18
406413 29 1 0 7 6 17
408127 30 1 1 8 6 16
408603 101 1 1 8 6 24
410159 129 1 1 8 6 22
416045 88 1 0 8 6 17
429709 34 0 0 1 6 24
430913 132 1 0 9 6 19
431450 132 1 0 4 5 16
431900 37 0 0 4 6 19
432711 117 1 1 4 6 22
432833 87 1 0 8 6 19
434845 210 0 0 6 6 16
437988 52 1 0 8 6 24
448904 35 1 0 8 6 18
450340 49 1 0 8 6 17
454173 26 1 0 4 6 19
454175 115 1 0 8 6 17
454180 28 1 0 8 6 17
454297 153 1 0 8 6 21
454305 134 1 0 8 6 18
454309 188 1 0 8 6 17
454835 93 1 0 8 6 22
454839 206 1 0 8 6 15
454894 107 1 0 8 6 21
454895 21 1 1 8 6 37
454900 70 1 0 8 6 21
454903 124 1 1 8 6 17
454906 116 1 0 8 6 18
455847 50 1 0 4 6 15
456848 122 1 0 8 6 15
456948 166 0 0 2 6 20
457188 79 0 0 8 6 18
458917 243 1 0 4 6 16
459249 323 1 0 9 6 20
459578 124 0 0 9 5 20
459583 79 1 0 6 6 17
459615 10 1 0 1 6 4
461623 231 0 1 8 6 11
462066 54 1 0 2 6 10
462490 144 1 0 8 6 17
462491 39 1 0 8 6 12
462546 42 1 0 8 6 17
462549 42 1 1 8 6 8
462624 93 1 1 8 5 11
462664 25 1 0 8 6 19
462667 9 1 0 2 6 18
462702 11 1 1 8 6 8
462749 173 1 1 8 6 21
462754 59 1 0 8 6 12
462801 94 1 0 8 5 16
462804 36 1 0 6 6 19
462843 40 1 0 8 5 19
462845 67 1 0 8 6 16
462850 42 1 0 2 6 7
462851 13 1 0 9 5 17
462852 24 1 0 2 5 19
462882 14 1 0 2 5 13
462910 42 1 0 6 5 17
462911 92 1 0 8 5 21
462945 19 1 0 2 6 19
462949 137 1 0 8 6 18
462950 119 1 0 8 6 17
463005 42 1 0 7 6 20
463565 98 1 0 8 5 19
464471 26 0 0 7 6 27
466875 42 1 0 8 5 17
467052 61 1 0 8 6 18
468543 24 1 1 8 6 13
469486 61 1 0 8 5 19
469559 43 0 0 4 6 20
469858 142 0 0 6 6 17
470180 153 1 0 8 6 18
470480 184 1 0 8 5 15
470888 34 1 0 8 6 23
471008 107 0 0 4 6 22
471061 31 1 0 9 6 18
471712 197 1 0 8 6 21
471973 48 1 0 1 6 49
472805 89 1 0 9 6 28
472861 90 1 0 8 6 16
472911 101 1 0 8 6 21
472985 63 1 0 8 6 21
474151 40 1 1 2 6 19
476246 25 1 0 4 6 19
481894 53 1 0 8 6 18
482256 75 1 1 8 6 14
484676 78 1 0 5 6 19
489209 67 1 0 8 6 22
493897 86 1 0 6 5 19
494032 10 1 0 6 5 18
494062 26 1 0 0 6 16
494131 29 1 0 9 6 18
494160 62 1 0 9 5 21
496389 144 1 0 6 6 18
501095 34 1 0 9 6 19
503343 203 1 0 8 6 16
504300 26 1 1 8 5 17
504584 45 1 0 8 6 22
505647 40 1 1 8 6 22
506224 140 1 0 8 6 18
507357 87 1 0 4 6 18
507981 65 0 1 9 6 19
510962 115 1 0 6 6 18
510981 34 1 0 4 5 22
511625 75 1 0 2 6 17
511664 59 1 0 9 6 19
511907 40 1 0 4 6 20
513399 51 1 0 2 6 18
513897 57 1 0 1 6 23
516979 154 1 0 9 6 16
517779 23 1 0 6 5 16
518336 78 1 0 4 6 23
518485 252 0 0 8 6 17
518693 160 1 1 8 6 19
519720 19 0 0 6 5 17
521588 155 0 0 8 6 18
522818 32 1 0 2 6 18
522866 128 1 0 4 6 17
525009 75 1 0 4 6 20
525446 52 1 0 8 5 22
525539 3 1 0 9 6 16
525830 35 1 0 9 6 19
526115 15 1 0 9 6 17
527023 124 1 0 4 6 17
527094 46 0 0 6 5 17
528210 18 1 0 9 6 19
530046 37 1 0 0 6 28
530707 10 1 0 0 5 23
531988 32 1 0 2 6 14
532826 64 0 0 1 6 26
533571 105 1 0 8 6 18
533783 18 1 0 8 6 17
533876 55 1 0 3 6 19
534542 28 1 0 8 6 17
535383 84 1 0 8 6 21
537108 75 1 0 9 6 21
538308 75 1 1 8 6 22
538637 166 1 0 8 6 19
538645 44 1 0 3 5 21
541595 60 1 0 4 5 18
542169 67 1 0 8 6 28
545170 75 1 0 2 6 19
546302 37 1 0 6 6 19
548452 25 1 0 3 6 16
548972 45 0 0 8 5 20
550048 42 1 0 9 6 25
553296 64 1 0 9 5 20
553445 69 1 0 8 6 18
554231 23 0 0 4 5 18
555694 25 0 0 1 6 23
556714 32 1 0 4 5 15
558624 66 1 1 8 6 19
558958 63 1 0 8 6 20
558959 127 1 0 8 6 15
559570 162 1 0 4 6 18
560198 40 1 0 4 6 16
560419 64 0 0 8 6 19
562488 30 0 0 9 6 18
562799 77 1 0 9 6 20
563126 46 1 0 2 6 18
563869 111 1 0 8 6 35
564273 39 1 0 6 6 20
564313 36 1 0 6 6 23
564788 7 1 0 9 6 24
568532 36 1 0 2 6 18
575915 17 1 0 9 6 14
576377 64 1 0 8 6 19
576866 66 1 0 8 5 16
576885 55 1 0 6 6 17
586756 81 1 0 4 6 23
591457 37 1 0 4 6 19
594019 38 1 0 9 6 20
595731 123 1 0 4 5 19
595853 16 1 0 4 6 22
595881 29 1 0 6 6 18
600976 8 1 0 4 6 24
605993 184 1 0 4 6 16
606295 81 0 0 6 6 19
606941 25 1 0 2 6 20
610915 29 1 0 2 6 15
616215 27 1 1 8 6 25
617053 93 1 1 8 6 21
617078 31 1 0 9 6 22
619281 24 1 0 8 6 17
619524 79 1 0 9 5 18
620398 44 0 0 8 6 21
620496 29 1 0 4 6 19
623424 31 1 0 4 6 21
628426 23 1 0 8 5 34
632706 46 1 0 8 6 17
633786 57 1 0 8 5 16
638589 100 1 0 6 6 16
638698 82 1 0 6 6 24
640787 88 1 0 6 6 16
642923 49 1 0 1 6 17
647493 15 1 0 4 6 16
653853 202 1 0 8 6 16
658172 7 1 1 8 5 22
666480 21 1 0 9 6 19
667011 30 1 1 2 5 11
668808 55 1 0 2 6 16
672242 27 1 0 9 6 21
673172 78 1 0 6 6 20
679264 43 1 0 6 5 16
682045 9 0 0 6 6 22
682797 48 1 0 8 6 18
682897 33 1 1 8 6 19
684236 54 1 1 8 6 20
692986 31 1 0 8 6 41
693122 8 0 0 8 5 17
694483 38 0 1 4 6 19
696247 18 1 0 9 5 19
698427 76 1 0 1 6 29
700874 71 1 0 8 6 17
700951 86 1 0 6 6 19
706614 86 1 0 8 6 15
708831 24 1 0 0 6 29
715323 67 1 0 6 5 19
718118 16 1 0 6 6 15
718619 29 1 0 8 6 16
723696 26 1 0 6 5 16
724250 3 1 0 4 6 22
725410 13 1 0 2 6 22
725413 63 1 0 2 6 26
725458 54 1 0 8 6 17
728237 36 1 0 6 6 17
738973 73 1 0 8 6 16
745539 96 0 0 6 6 29
745744 39 1 0 8 6 19
746026 114 1 0 4 6 19
746720 42 1 0 6 6 18
746909 85 1 0 8 6 19
749194 8 1 0 9 6 17
749893 8 1 0 2 6 15
749994 81 1 0 8 6 20
749997 135 1 0 6 6 17
750025 24 1 0 2 5 23
750463 90 1 0 8 6 16
750503 74 1 0 8 6 20
750580 58 1 0 2 6 18
750636 46 1 0 4 6 17
750638 51 1 1 8 5 15
750667 20 1 0 8 6 16
750668 53 1 0 8 5 27
750741 37 1 0 8 6 18
751000 8 1 0 4 6 21
751008 39 1 1 8 5 20
751189 17 1 0 6 5 19
751476 49 1 1 8 6 19
751606 33 1 0 8 6 19
752060 79 1 0 8 6 15
753300 17 1 0 0 5 17
753347 35 1 0 3 5 17
753703 15 1 0 6 5 17
753754 13 1 0 8 5 17
753755 78 1 1 8 6 16
753857 42 1 0 8 6 24
756017 10 1 0 6 5 22
762956 16 1 0 4 6 19
763027 60 1 0 6 6 19
763700 87 1 0 4 5 16
765691 75 1 0 8 6 20
765744 117 1 0 8 6 19
766339 59 1 0 8 6 17
766523 37 1 1 8 6 20
766587 54 1 0 8 6 20
771507 10 1 1 8 6 29
771515 51 1 1 8 6 28
772168 28 1 0 2 5 18
781689 86 1 0 4 6 19
782668 32 0 0 4 6 18
783504 6 0 0 4 6 18
783723 22 1 0 9 5 18
784058 34 1 0 8 5 17
784347 60 1 0 8 6 21
784508 29 1 0 6 6 15
787267 13 1 0 6 6 19
787268 11 1 0 2 5 29
787310 26 1 0 4 5 20
792974 28 1 0 6 6 11
797587 39 1 0 6 5 17
801408 18 0 0 8 5 20
808140 112 1 0 8 6 21
808205 28 1 0 4 5 21
808558 27 1 0 2 6 15
808559 31 1 0 8 5 18
808966 4 1 0 4 5 19
809814 45 1 0 4 6 18
810363 8 1 1 6 6 18
810452 14 1 0 9 5 18
812016 33 1 0 6 6 20
812423 5 1 1 1 5 21
814041 25 1 0 4 6 18
815315 10 0 0 2 6 20
819376 46 1 0 2 6 12
820142 21 1 0 8 6 20
820198 32 1 0 4 6 20
820257 12 1 0 8 6 16
820983 7 1 0 8 5 18
822227 41 1 0 2 6 19
822810 11 1 0 2 5 17
823242 10 1 0 2 6 13
823353 34 0 0 4 5 18
824922 12 0 0 3 6 15
825420 6 1 0 9 5 34
825481 17 1 0 9 6 16
827164 8 1 0 8 6 19
828630 5 1 0 6 6 22
830193 31 1 0 6 6 21
833995 8 1 0 1 6 17
856394 50 1 0 8 5 20
856963 25 1 0 9 5 22
879339 44 1 0 9 6 19
884179 28 1 0 4 6 18
886801 50 1 1 4 6 12
898943 17 0 0 6 6 21
919705 2 1 0 9 6 21
922905 31 1 0 4 6 17
926749 43 1 1 8 6 25
927393 7 1 0 4 5 24
930236 48 1 0 6 6 36
933687 56 1 0 4 6 20
935018 3 1 0 2 5 17
946652 16 1 0 6 6 22
948524 19 1 1 8 6 27
953160 5 1 1 6 6 21
956958 48 1 0 8 6 16
960230 36 1 0 8 6 12
967401 28 1 0 8 6 23
968095 10 1 0 6 5 15
968140 8 1 0 2 5 20
968243 31 1 0 8 5 20
968681 23 1 0 6 6 25
984211 10 1 0 4 6 19
988093 32 1 1 8 6 12
994323 23 1 0 8 6 17
997310 16 1 0 4 6 19
997341 8 1 1 8 6 30
997731 46 1 1 8 6 26
997737 6 1 0 2 5 15
1001532 37 1 0 8 6 16
1003643 36 1 0 4 5 19
1003645 39 1 0 4 5 19
1003759 43 1 0 6 5 19
1005059 77 1 0 8 6 19
1005327 37 1 1 8 6 30
1007841 25 1 0 1 5 19
1008005 20 1 0 9 6 20
1021018 13 1 0 2 5 17
1026611 11 1 0 4 6 20
1034789 14 1 0 8 6 21
1034936 31 1 0 8 6 19
1059210 19 0 0 8 6 12
1060525 8 1 0 6 6 21
1069294 30 1 0 9 6 38
1069721 2 0 0 7 6 17
1076128 26 1 0 1 6 22
1080292 36 0 0 8 6 19
1111088 23 1 1 3 6 14
1114554 12 0 0 6 6 22
1115423 15 1 0 9 6 16
1117394 10 1 0 8 6 20
1119865 13 1 0 4 6 20
1126207 12 1 1 8 6 34
1126227 5 1 0 8 5 35
1133248 13 1 0 8 6 18
1134257 14 1 0 8 6 19
1155890 14 1 0 9 6 17
1174732 24 1 0 6 6 21
1197444 6 1 0 8 6 22
1197485 2 1 1 8 5 21
1197637 7 1 0 2 6 13
1197639 21 1 0 6 6 23
1197813 1 1 0 1 6 22
1197814 2 1 0 2 6 40
1197856 12 1 0 8 5 19
1197866 8 1 1 8 6 25
1197873 1 0 0 8 6 16
1197874 14 1 0 1 6 16
1197882 7 1 0 8 6 16
1197884 8 1 0 8 5 19
1197890 6 1 0 6 5 20
1197914 10 1 0 2 5 8
1197936 2 1 1 0 5 30
1197993 9 1 1 8 5 21
1198021 8 1 0 1 6 17
1198056 2 0 0 1 5 24
1198107 6 1 0 9 5 21
1198435 4 1 0 6 5 11
