223709
19
2109
223709 462 1 1 6 6 21
11053 85 1 0 2 6 18
15335 59 1 0 6 6 20
21346 161 1 0 5 6 16
27639 38 1 0 6 6 20
41184 103 0 0 8 6 14
41189 117 0 0 6 6 19
42582 233 0 0 8 5 19
43949 110 1 0 6 6 14
44275 69 0 0 4 6 19
44568 289 1 0 6 6 20
45499 533 1 0 4 6 18
47462 136 0 0 2 6 17
48213 80 0 0 4 6 18
48562 174 1 0 6 6 14
48597 163 1 0 4 6 20
48648 99 0 0 6 6 17
48874 131 1 0 6 6 16
51976 92 0 0 6 6 15
55712 143 0 0 8 6 16
55994 61 0 0 6 5 15
60796 335 1 0 8 6 19
61303 292 0 0 4 6 16
67175 81 1 0 2 6 18
67705 201 1 0 6 6 19
69684 28 0 0 6 6 22
72296 355 1 0 4 6 16
72349 117 0 0 4 6 16
76511 50 0 0 6 6 19
83168 194 1 0 6 6 17
86929 107 0 0 5 6 18
87332 77 1 0 9 6 17
88861 344 0 0 6 6 16
88997 219 1 0 1 6 17
89184 301 1 0 8 6 16
90559 104 1 0 6 6 17
92624 101 1 0 6 6 17
93303 49 1 0 1 6 18
93354 302 0 0 6 6 18
105643 430 1 0 6 6 17
106660 79 1 0 6 6 18
107031 162 1 1 6 6 18
107914 308 1 0 6 6 19
108809 214 0 0 6 6 19
112925 424 1 0 2 6 16
113315 168 1 0 2 6 21
113412 89 0 0 6 6 17
119854 136 1 0 5 6 17
120778 104 1 0 6 6 12
121088 198 0 0 1 6 15
123849 78 0 0 6 6 17
123871 9 1 0 3 6 21
126708 209 1 0 2 6 15
127874 301 1 0 2 6 16
129204 77 1 0 9 6 17
129440 158 1 0 2 6 16
129850 88 1 0 6 6 19
129853 98 0 0 6 6 23
131406 212 1 0 2 6 16
131891 102 0 0 6 6 23
132650 257 1 0 8 6 16
132651 108 1 0 6 6 18
132778 394 1 0 4 6 16
133138 266 0 0 4 6 18
142742 25 0 0 5 6 17
145923 555 1 1 6 6 18
150099 94 1 0 6 6 18
155898 65 1 0 7 6 20
159457 108 1 0 6 6 19
160152 162 1 0 6 6 18
165992 102 0 0 6 6 37
166673 85 0 0 4 6 16
167522 23 0 0 4 6 18
167710 99 1 0 6 6 11
169555 233 1 0 4 6 18
175188 22 1 0 2 6 23
178796 86 0 0 6 6 18
179621 223 1 0 6 6 18
179674 98 0 0 6 6 17
183982 128 0 0 9 6 16
184024 140 1 0 2 6 17
187994 69 0 0 6 6 17
188104 46 1 0 8 6 14
188299 233 1 0 8 6 18
188561 235 1 0 7 6 21
190954 159 0 0 2 6 21
193767 87 1 0 6 6 19
194445 117 1 0 0 6 20
197177 142 1 0 2 6 21
197596 158 1 0 2 6 21
203861 170 1 0 8 6 16
210992 101 1 0 6 5 17
211007 398 1 0 6 6 19
211207 212 1 0 8 5 19
211314 111 0 0 8 6 25
211679 91 0 0 8 6 17
214108 31 1 0 6 6 20
215635 89 0 0 6 6 18
221321 111 1 0 2 6 16
223378 181 1 0 2 6 14
223742 174 1 0 7 6 17
224863 82 1 0 6 6 17
225043 169 1 0 8 5 19
225205 181 1 0 8 6 18
225287 229 1 0 8 6 19
226498 40 1 0 2 6 17
226897 52 1 0 6 6 19
227115 91 1 0 6 6 15
241073 329 1 0 6 6 17
244189 36 1 0 6 6 17
244918 41 1 0 6 6 18
244921 42 0 0 6 6 20
246535 65 0 0 6 6 20
247613 30 0 0 8 6 18
248908 205 0 0 2 6 18
249397 197 1 0 2 6 18
251616 29 0 0 6 6 17
254883 33 0 0 6 6 23
258975 150 0 0 6 5 18
261101 54 1 0 6 6 18
266963 104 1 0 6 6 18
267600 227 1 0 6 6 17
269009 252 0 0 8 6 19
271593 246 1 0 8 6 16
271762 92 0 0 4 6 18
272082 211 0 0 6 6 17
272182 126 1 0 8 6 20
272421 378 1 0 4 6 15
273926 17 1 0 6 5 17
274878 217 1 0 7 6 20
277880 8 0 0 5 6 19
280277 225 0 0 6 6 18
280353 183 0 0 0 6 15
282373 196 1 0 6 6 17
282374 23 1 0 6 6 18
282521 276 1 0 6 6 19
282615 113 1 0 6 6 29
282623 228 0 0 6 6 17
282661 270 1 0 4 6 19
282890 336 0 0 8 6 18
283374 119 1 0 6 6 18
285551 256 1 0 8 6 18
285963 35 1 0 8 5 16
286591 42 0 0 8 6 18
286749 16 0 0 8 6 22
287801 8 0 0 6 6 24
289202 61 1 0 7 6 16
289552 113 1 0 7 6 14
289599 25 0 0 7 5 16
289816 207 0 0 6 6 18
290144 49 0 0 4 6 20
291900 72 1 0 2 6 19
295584 55 1 0 4 5 16
295685 268 1 0 8 5 16
298223 107 1 0 8 6 18
298656 51 0 0 0 6 26
299584 90 0 0 6 6 21
299847 264 1 0 4 6 19
301457 62 1 0 6 6 15
304600 220 0 0 8 6 17
305642 60 1 0 6 6 17
305647 319 0 0 6 6 19
305746 167 1 0 6 6 16
305893 206 1 0 6 6 17
306076 59 1 0 6 6 17
308325 99 0 0 6 6 17
309471 61 0 0 6 6 16
311272 120 1 0 4 6 17
313253 119 0 0 4 6 19
313317 138 0 0 8 6 18
313605 58 1 1 6 6 21
315127 85 0 0 4 6 17
316959 6 0 0 5 6 19
317602 94 0 0 1 5 21
320225 115 0 0 8 6 16
320632 7 0 0 4 6 19
320940 231 1 0 9 6 18
321337 161 1 0 8 5 19
321392 27 0 0 8 6 22
322086 76 1 0 6 6 19
322721 200 1 0 6 6 24
323085 180 1 0 6 6 16
323443 45 1 0 6 6 19
323576 17 0 0 4 6 15
323755 312 0 0 6 5 18
324104 198 1 0 6 6 19
324192 59 1 0 6 6 21
324990 126 1 0 6 6 15
326265 56 0 0 7 6 17
327473 508 1 0 4 6 25
330102 152 1 0 4 6 19
330320 88 1 0 4 5 19
331544 11 0 0 4 6 17
333105 119 1 0 2 6 18
338418 88 1 0 6 6 17
340005 45 1 0 6 6 18
343478 53 0 0 6 6 18
348670 258 1 0 4 6 16
349976 37 1 0 5 6 20
350118 120 1 0 4 6 17
350931 204 1 0 6 6 18
352612 24 1 0 8 5 18
352618 303 1 0 8 6 15
352989 157 1 0 8 6 15
353031 73 1 0 8 5 18
354008 48 1 0 1 6 21
355182 32 0 0 2 6 18
356105 203 1 0 8 6 15
356790 98 1 0 1 6 18
360578 41 0 0 9 6 18
360925 36 1 0 9 6 19
365026 74 1 0 3 6 22
368079 82 1 1 6 6 19
369355 86 1 0 6 6 20
369686 80 1 0 6 6 18
369784 9 1 0 8 6 19
371647 116 1 0 6 6 16
371805 90 0 0 8 6 17
372312 83 1 0 6 6 21
372779 229 1 0 8 6 17
373262 102 0 0 6 6 17
373902 140 1 0 2 6 21
374532 62 1 0 6 6 22
374568 100 1 0 4 6 19
375881 100 0 0 4 6 18
382476 82 1 0 4 6 18
383176 16 1 0 6 5 18
383185 395 1 0 4 6 15
384765 71 1 0 4 6 21
384910 91 1 0 6 6 15
384915 182 1 0 4 6 17
386733 93 0 0 6 6 16
387262 131 1 0 6 6 16
389713 96 0 0 7 6 21
390472 94 1 0 2 6 17
395856 172 1 0 8 6 16
399931 108 1 1 6 6 23
405300 57 1 0 6 5 18
410104 76 1 1 4 6 27
411034 92 0 0 6 6 18
419361 95 1 0 6 6 19
422235 270 1 0 2 6 16
422239 24 1 0 6 6 17
424455 86 1 0 6 6 16
424963 66 1 0 2 6 17
431632 78 1 0 6 6 16
431712 171 1 0 8 6 17
431959 35 0 0 6 6 19
431990 121 1 0 8 6 18
431994 30 1 0 6 6 15
432160 265 0 0 6 6 21
432803 151 1 0 8 6 17
433370 139 0 0 6 6 17
435295 122 1 1 6 6 28
444564 5 1 0 7 6 16
445150 120 1 0 8 6 18
445981 50 0 0 6 6 19
446288 45 0 0 6 6 16
446608 139 1 0 6 6 12
450447 54 0 0 6 6 17
458288 141 1 0 2 6 15
459432 44 1 0 6 6 21
462594 58 0 0 8 6 12
462663 318 0 0 4 6 16
462949 137 1 0 8 6 18
467191 57 0 0 1 6 32
468416 20 0 0 4 5 17
471582 73 0 0 6 6 18
472871 100 0 0 6 6 16
475526 120 1 0 4 5 16
476245 72 0 0 2 6 19
477041 23 0 0 6 6 19
480080 133 1 0 7 6 15
480480 52 1 0 8 6 21
481124 24 0 0 6 6 20
481681 15 1 0 7 6 19
482406 6 0 0 2 6 16
487746 48 1 0 9 6 19
489209 67 1 0 8 6 22
490367 48 1 0 6 6 19
494825 91 1 0 6 6 13
495738 77 1 0 2 6 19
503343 203 1 0 8 6 16
504828 200 1 0 8 6 17
505341 84 1 0 6 6 29
505520 187 1 0 8 6 15
506544 82 1 0 6 6 19
506617 135 0 0 6 6 17
506695 73 0 0 6 6 19
509322 19 0 0 6 5 19
509458 171 1 1 6 6 21
510483 173 1 1 4 6 20
511386 76 0 0 6 6 20
514782 96 1 0 6 6 18
518011 104 0 0 6 6 21
518500 76 1 0 6 6 16
518677 122 0 0 8 6 16
522028 87 0 0 4 6 16
522118 52 0 0 3 6 18
522481 100 0 0 6 6 23
522994 230 1 0 4 6 16
526336 151 1 0 4 6 18
527302 26 1 0 2 6 18
528671 41 1 0 6 6 17
528823 23 0 0 4 6 19
528829 30 1 0 4 5 19
529410 5 1 0 6 6 21
529945 37 1 1 6 6 16
531017 82 1 1 9 6 20
531087 33 1 0 2 5 22
531859 16 1 0 6 6 19
532078 94 0 0 8 6 16
532186 64 1 0 8 6 18
533764 104 1 0 2 6 17
533902 24 1 0 4 6 19
539467 70 1 0 6 6 17
543339 41 1 0 4 6 23
547606 131 1 0 9 6 18
551148 24 0 0 6 5 16
555889 40 1 0 6 6 19
556841 218 1 1 6 6 18
558159 87 1 0 6 6 19
558176 58 1 0 6 6 24
558198 73 1 0 6 5 24
558726 46 0 1 6 6 33
559570 162 1 0 4 6 18
560103 147 1 0 2 6 13
560505 35 1 0 8 6 18
561256 21 1 0 6 6 22
563000 38 1 1 6 6 18
563997 127 1 0 6 6 17
565542 22 1 0 9 6 18
576829 57 1 0 6 6 21
576871 156 1 0 8 6 17
586593 44 1 1 6 6 19
587129 142 1 1 6 6 18
588742 33 1 0 6 6 17
591089 106 1 0 6 6 15
591095 106 0 1 6 6 19
591303 110 1 0 8 6 16
591337 8 1 0 6 6 3
593947 38 1 0 8 6 19
595839 54 1 0 6 6 16
597796 167 1 0 6 6 16
600100 52 1 1 6 6 27
600561 71 1 0 6 6 14
615231 27 1 0 4 6 19
617164 69 1 0 6 6 16
618493 95 1 0 6 6 23
620258 5 1 0 9 5 19
626850 34 0 0 6 6 19
627478 66 1 1 4 6 25
628962 33 1 0 6 6 17
628963 32 1 1 6 6 14
633476 81 1 0 8 6 16
634170 50 1 0 4 6 18
638440 39 0 0 6 6 17
641658 47 1 0 6 6 15
655118 16 1 0 6 6 18
658145 105 1 0 6 6 17
670868 143 1 0 2 6 18
672422 33 1 0 6 5 21
673034 76 0 0 6 6 17
677955 42 1 0 6 6 16
682322 90 0 0 6 6 17
684609 177 1 0 6 5 21
694238 134 0 0 2 6 20
708448 35 1 0 6 6 17
708516 25 1 1 6 6 15
708929 127 1 0 6 6 16
718619 29 1 0 8 6 16
732514 66 1 0 6 6 19
733110 108 1 1 6 6 17
739508 20 1 0 7 5 26
743061 15 1 0 6 6 18
744741 17 0 0 6 6 18
745191 26 1 0 6 6 22
745293 185 0 0 8 6 17
747305 54 0 0 6 6 19
748826 205 1 0 6 6 17
749525 26 1 0 9 6 20
750473 11 1 0 6 5 16
751764 11 1 0 9 6 19
756079 44 0 0 6 6 15
756316 33 1 0 6 6 15
763612 74 1 0 8 6 18
763838 99 1 0 8 6 18
764733 36 0 0 6 6 22
764759 13 0 0 6 6 20
766164 119 1 0 9 6 16
767171 5 1 0 6 5 17
770884 11 0 0 8 6 19
772721 39 1 0 6 5 18
775768 90 1 0 4 6 15
777706 47 1 0 6 6 16
780106 88 1 0 8 6 16
780809 10 1 0 6 6 18
783326 44 1 0 6 6 18
792949 50 1 0 6 6 12
801613 20 1 0 6 6 19
809600 27 0 1 6 6 29
810200 19 1 0 6 5 24
814377 28 1 1 6 6 20
814396 119 1 0 6 6 15
814411 38 0 1 6 6 17
828574 45 1 0 8 6 16
829469 55 1 0 6 5 17
830148 33 1 0 6 5 17
832373 20 0 0 6 6 20
835996 109 1 0 6 6 17
841072 28 1 1 6 6 20
872131 81 1 0 2 6 20
887847 18 1 0 6 6 16
889600 2 0 0 4 6 23
923570 36 1 1 6 6 46
923657 63 1 1 6 6 22
923661 25 1 0 6 6 20
923666 30 1 1 6 6 11
923731 9 1 0 6 5 12
923732 43 1 1 6 6 17
932833 46 1 1 6 6 11
945374 43 1 0 6 6 8
961515 12 0 0 6 6 17
972437 12 1 0 6 6 35
972644 2 0 0 6 6 18
983910 41 1 0 6 6 32
983943 4 0 0 6 5 23
984212 3 1 0 2 5 15
994708 7 1 0 6 5 19
1004290 45 1 0 6 6 16
1036326 10 1 0 6 6 19
1040712 30 1 1 6 6 9
1047406 5 0 0 6 6 20
1070623 27 1 0 6 6 16
1070937 6 1 1 6 6 33
1071383 11 1 1 6 6 13
1105673 12 1 0 6 5 15
1111250 28 1 1 6 5 21
1115294 8 1 0 6 5 20
1117304 29 0 0 6 6 23
1121596 5 0 0 6 6 22
1126876 15 0 0 6 6 20
1132301 2 1 0 6 6 15
1133069 8 1 0 6 6 13
1133102 57 1 0 6 6 16
1133125 9 1 0 6 6 21
1133131 15 1 1 6 6 11
1133144 8 1 0 4 6 22
1133145 7 1 0 6 6 17
1133176 13 1 0 6 5 16
1133177 3 1 0 6 5 23
1133178 3 1 0 6 5 13
1133191 10 1 0 2 6 29
1133192 11 1 0 6 6 14
1133197 10 1 0 6 5 19
1133258 2 1 1 6 6 20
1133280 11 1 0 6 6 21
1133298 7 1 1 6 6 23
1133330 20 1 0 6 6 16
1133373 5 0 0 4 6 21
1133374 1 1 0 4 6 18
1133375 15 1 0 6 6 16
1133376 8 0 0 4 6 22
