100090
19
2124
100090 480 1 0 3 6 13
4272 39 1 1 2 5 11
6157 17 1 1 3 6 11
23550 53 1 1 0 6 16
27602 82 1 0 3 6 14
31223 30 0 1 5 6 19
35115 182 1 1 2 6 16
37007 78 1 1 5 6 15
37260 70 1 1 7 6 21
38325 90 0 0 3 6 19
39767 125 0 1 2 6 13
40191 41 1 1 0 6 14
40977 243 1 1 7 6 31
41689 457 1 1 0 6 15
41826 62 1 1 0 6 13
50030 35 1 1 8 6 11
50033 58 0 0 0 6 12
50843 9 1 1 0 6 13
59536 9 1 1 3 6 12
60252 46 1 1 9 6 13
60905 46 1 1 2 6 12
62673 77 1 1 8 6 12
62684 47 0 1 0 6 10
62830 34 1 1 0 6 13
65030 21 0 1 3 5 11
65035 65 0 1 5 6 14
65632 115 1 1 8 6 16
66564 50 1 1 6 6 14
70198 61 1 1 0 6 14
70345 23 1 1 7 6 13
73184 11 0 1 0 6 14
78072 73 0 0 3 6 16
79739 28 0 1 0 6 14
81536 53 0 1 2 6 13
82220 415 1 1 3 5 12
88026 38 1 1 2 6 14
89182 224 1 1 8 6 15
94009 39 1 0 3 6 12
95952 79 0 1 2 6 15
98925 38 1 1 0 6 13
99502 60 1 1 1 6 15
99788 27 0 1 5 6 15
102283 86 1 1 1 6 14
103949 91 1 1 5 6 12
104121 56 0 1 3 6 17
112371 33 1 1 3 6 15
112426 25 1 1 7 6 15
116040 11 1 1 0 6 14
122467 22 0 1 5 6 15
126496 22 1 1 7 6 14
127155 24 1 1 6 6 13
132102 24 1 1 2 6 14
134234 102 1 0 0 6 13
136555 74 1 0 3 6 11
136556 11 1 1 3 6 11
136675 51 0 1 3 6 15
138639 45 0 1 3 6 17
141076 230 1 1 7 6 12
142229 36 1 1 5 6 13
147970 39 1 1 0 6 15
148038 24 1 1 0 6 14
148493 43 1 1 8 6 15
153357 40 1 1 0 6 12
153870 32 1 1 7 6 15
154132 52 1 0 8 6 15
156650 57 1 1 6 6 15
158079 22 1 1 7 6 13
158741 20 1 0 3 6 11
159995 17 1 1 5 6 15
160994 60 1 1 4 6 15
165488 19 1 1 7 6 13
167465 32 1 1 5 6 12
168123 92 1 1 4 6 15
169041 40 1 1 8 6 12
170432 71 1 1 2 6 14
170697 53 1 1 6 6 15
172333 50 1 1 2 6 13
173081 113 1 1 8 6 15
176290 56 1 1 5 6 12
177999 42 1 1 8 6 16
179221 16 1 1 7 6 13
182100 92 1 1 0 6 13
182115 138 1 1 8 5 17
182497 18 1 1 4 6 15
182517 71 0 1 7 6 15
183524 29 1 1 6 6 13
187123 44 1 1 8 6 14
187337 81 1 1 7 5 15
191456 81 1 1 1 6 16
192187 24 1 1 1 6 11
197092 32 0 1 7 6 17
197512 28 0 1 0 6 13
198954 45 1 1 7 6 16
208347 52 1 0 1 6 23
209190 54 0 1 7 6 14
211555 25 1 1 7 6 15
212398 34 1 1 7 6 17
214646 129 1 1 4 6 15
221248 47 1 1 8 6 14
222330 47 1 0 7 6 13
223026 30 1 0 7 6 25
225663 33 1 1 1 6 12
226383 92 1 1 1 6 15
226783 42 1 1 3 6 11
228406 50 0 0 7 6 16
229219 52 1 1 6 6 23
229943 18 1 1 5 6 15
230220 37 1 1 0 6 15
230575 64 0 1 0 6 16
232203 60 0 1 4 6 17
233778 20 0 1 3 6 11
237784 22 1 1 7 6 13
240727 38 1 1 7 6 32
244185 31 0 1 0 6 14
247032 42 1 1 2 6 12
255212 201 1 0 2 6 18
257888 66 1 0 6 6 15
258651 40 0 0 7 6 15
259901 11 1 1 1 6 13
264665 16 1 1 6 6 12
267136 10 1 1 2 6 13
269785 10 0 0 3 6 20
275898 31 1 1 4 6 26
280664 25 0 1 7 6 16
282535 439 1 1 2 6 20
286655 15 1 1 0 6 15
289077 35 0 0 7 6 16
291503 49 0 1 7 6 16
291592 62 1 0 7 6 18
294784 18 1 1 3 6 13
295056 69 0 1 7 6 19
295861 30 1 1 4 6 15
297563 33 1 1 2 6 15
297607 68 1 0 3 6 11
297613 85 1 0 3 6 11
298782 5 0 1 0 6 14
299326 25 0 1 3 6 13
304260 32 1 1 0 6 11
304419 39 1 1 0 6 12
307876 40 1 1 0 6 17
308308 63 0 1 3 6 13
310277 65 1 1 7 6 15
310374 12 1 1 3 6 10
310391 13 0 1 9 6 15
310771 53 0 1 6 6 12
310773 145 1 1 3 6 13
310972 37 1 1 2 6 15
310976 12 0 0 7 6 11
311013 14 1 1 7 6 14
311141 19 1 1 1 6 15
311152 19 1 1 2 6 15
311158 33 1 1 5 6 15
311216 9 1 1 7 6 12
311217 47 0 1 5 6 15
311218 20 1 1 8 6 12
311223 31 1 1 4 6 14
311225 29 1 1 5 6 11
311226 10 0 1 6 6 13
311465 16 1 1 3 6 13
311521 10 1 1 1 6 19
311529 46 1 1 6 6 14
311593 15 1 1 2 6 11
311594 35 1 1 6 5 15
311595 28 1 1 7 6 13
311596 13 1 1 1 5 11
311600 24 1 1 7 6 14
311602 48 0 1 3 6 14
311630 22 1 1 5 6 15
311633 22 1 1 8 6 14
311635 27 1 1 5 6 11
311637 5 1 1 0 5 15
311643 12 1 1 3 6 14
311644 39 1 1 0 6 14
311645 32 1 1 6 6 14
311689 33 1 1 5 6 12
311694 3 1 1 2 6 14
311696 54 1 1 4 6 15
311697 9 1 1 5 6 12
311747 26 1 1 2 6 15
311749 42 1 1 7 6 13
311778 69 1 1 3 6 12
311779 46 0 1 6 6 15
311781 40 1 1 7 6 14
311914 52 1 1 7 6 15
311915 26 1 1 2 6 13
311917 41 1 1 6 6 15
311929 17 1 1 8 6 11
311972 27 1 1 2 6 15
311977 132 1 1 8 6 23
311999 55 1 1 8 6 12
312003 28 1 1 2 6 14
312005 30 1 1 5 6 11
312011 19 1 1 7 6 13
312012 10 1 1 2 6 12
312015 24 0 1 6 6 22
312016 57 1 1 2 6 17
312046 35 1 1 0 6 11
312097 37 1 1 8 6 15
312098 73 1 1 3 6 15
312154 21 1 1 6 6 13
312569 61 1 1 6 6 15
315187 65 1 1 4 6 13
320144 39 0 1 0 6 15
321752 117 1 1 3 6 14
331633 107 1 1 3 6 14
335310 22 1 1 3 6 13
337137 38 0 1 7 6 19
344920 90 1 1 4 6 12
350858 40 1 1 2 6 14
361895 12 0 1 7 6 11
362240 23 0 1 5 6 15
362631 19 1 1 2 5 15
363279 84 0 1 4 6 22
365231 25 1 1 8 6 16
371510 61 1 1 5 6 17
372069 118 0 1 4 6 16
372402 77 1 1 1 6 14
372968 27 1 1 6 5 14
373481 35 1 1 3 5 14
387513 125 1 1 6 6 15
389053 143 0 1 8 6 37
389799 18 1 1 0 6 14
391744 38 0 0 3 6 17
395092 21 1 1 3 6 14
395198 5 1 0 7 5 16
397160 131 1 1 8 6 15
403560 19 0 1 3 6 15
404328 29 0 1 4 6 16
404629 51 1 1 3 6 12
405030 27 1 1 2 5 12
405668 17 1 1 0 6 13
407051 26 1 1 6 6 14
409713 48 1 1 3 6 13
415102 36 0 1 4 6 14
421807 9 1 1 7 6 13
423469 24 1 1 1 6 14
424284 37 1 1 7 6 17
424974 56 1 1 8 6 18
425685 53 1 0 7 6 15
426841 7 0 1 8 6 14
436171 18 1 1 3 6 12
436960 24 1 1 8 6 15
439251 22 0 1 3 6 12
440795 18 1 1 8 5 12
445484 34 1 1 3 6 11
447800 37 1 1 3 5 15
451109 28 1 1 6 6 13
454395 64 0 0 7 5 12
456038 30 1 1 7 6 31
459831 34 1 1 2 6 9
461700 94 1 1 0 6 14
465549 27 1 1 5 6 26
467685 46 1 1 7 6 13
470290 19 1 1 7 6 12
473771 27 1 1 1 6 13
475786 18 1 1 0 6 11
477901 35 1 1 6 6 14
479132 10 1 1 7 6 11
479214 25 1 1 0 6 11
480803 39 1 0 3 6 22
484286 65 1 0 7 6 14
485429 32 1 1 8 6 21
501134 34 1 1 0 6 12
502190 6 0 0 7 6 16
504289 51 1 1 8 6 14
507260 31 1 1 3 6 15
507908 29 1 1 2 6 14
508491 31 0 1 7 6 17
512805 83 1 1 8 6 15
515066 31 1 1 5 6 14
519044 41 0 1 8 5 11
522861 36 1 1 2 6 14
523858 37 1 1 3 6 12
526661 102 1 1 8 6 18
529881 15 1 1 0 6 15
529885 28 1 0 0 6 14
531237 58 1 1 3 6 14
535335 47 0 1 4 6 24
536595 8 1 0 3 6 10
538147 12 1 1 6 6 13
545420 24 0 1 1 6 13
551646 4 1 1 2 5 11
557787 42 1 0 3 6 15
557835 22 0 0 3 6 18
558620 44 1 1 8 6 14
559909 39 1 1 5 6 12
561528 43 0 1 4 6 16
562067 78 1 1 6 6 14
565099 17 1 1 3 6 13
565946 11 0 1 7 6 16
574294 21 1 1 7 6 15
574480 65 0 1 6 5 16
580765 27 1 1 3 6 12
586552 43 1 1 3 6 14
596455 14 1 1 8 6 13
596495 24 1 1 4 5 10
597353 11 1 1 5 6 14
600082 31 1 1 7 6 15
602099 115 1 1 6 6 12
602328 32 1 1 3 6 15
603184 26 1 1 3 6 13
603204 25 1 1 3 6 13
604056 15 1 1 3 6 12
604757 37 1 1 8 6 13
604797 27 1 1 6 6 14
605342 62 1 1 3 5 14
605781 6 1 1 2 5 13
607215 40 1 1 7 6 14
607307 52 0 1 3 6 18
607832 30 1 1 4 5 10
607989 10 1 1 3 6 14
608108 14 0 1 0 5 15
616264 22 0 1 3 6 13
617865 17 1 1 3 6 15
618442 7 1 1 7 6 13
622907 10 1 1 8 6 12
624659 24 1 1 6 5 15
624757 17 1 1 3 5 13
637643 44 1 1 1 6 12
638518 19 1 1 7 6 13
647745 15 0 1 0 6 14
648790 40 1 1 5 6 15
650174 20 1 1 6 6 12
653589 19 1 1 6 6 14
654100 9 0 1 2 6 12
660532 16 1 1 3 6 14
661316 19 1 1 8 6 12
661432 21 1 1 7 5 12
661502 10 1 1 7 6 12
661523 25 1 0 7 6 11
661526 11 1 0 7 6 112
671784 45 1 1 3 6 10
671898 11 1 1 3 5 13
677849 54 1 0 8 5 14
678845 33 1 1 3 6 14
679406 36 1 1 7 6 42
679579 10 1 1 9 5 13
682827 42 0 1 6 6 15
689991 4 1 1 0 6 12
696351 30 1 1 8 6 14
696355 4 0 1 0 6 15
700924 4 0 1 1 5 15
701064 30 1 1 2 6 15
707310 24 1 1 6 6 12
707473 48 0 0 3 6 61
707659 22 1 1 5 5 13
707661 20 1 1 1 6 11
708502 23 1 1 6 6 15
710860 38 1 1 3 6 12
711342 5 0 1 5 6 17
711603 20 1 1 6 6 12
717037 21 1 1 4 6 11
718344 27 1 1 3 6 11
734181 12 1 1 3 6 13
735628 37 1 1 3 6 12
735683 29 1 1 4 6 13
735811 7 1 1 3 6 12
736529 14 1 1 3 6 12
739046 47 1 1 3 6 11
739647 5 1 1 2 6 13
740544 20 1 1 7 6 13
745839 19 0 1 6 6 14
746336 20 1 1 4 6 13
746732 16 1 1 8 6 14
747497 7 1 1 7 6 15
751082 18 1 0 1 6 14
760723 15 1 1 2 6 11
763936 16 0 1 3 6 11
763937 16 1 1 3 6 12
766618 31 1 0 3 6 11
769019 8 1 1 7 6 13
780245 9 1 1 7 6 13
782200 76 1 1 2 6 15
789624 44 1 1 8 6 14
789822 22 1 1 3 6 14
789925 36 0 1 6 6 14
794367 13 0 1 2 6 15
796300 23 1 1 3 5 13
798581 17 1 1 0 5 13
799019 18 1 1 3 6 12
799133 18 1 1 5 5 14
800298 11 1 1 0 6 11
823545 63 1 1 7 6 14
828019 7 1 1 0 6 29
833993 6 1 1 3 6 12
834874 11 1 1 2 6 14
839583 3 1 1 7 5 42
846531 11 1 1 0 6 11
851258 20 1 1 4 6 14
852244 14 1 1 7 6 10
853077 45 1 1 2 6 14
859689 19 1 1 3 6 11
862296 16 1 1 7 6 12
863227 5 1 1 6 6 12
863305 22 1 0 7 6 11
863306 11 1 1 6 6 11
863307 7 0 1 8 5 10
863308 38 1 0 3 6 27
863317 3 1 1 0 5 11
863318 18 1 0 3 6 13
863319 12 1 1 2 6 14
863320 16 0 1 8 6 13
863343 7 1 1 8 6 7
863344 3 1 1 1 6 10
863346 7 1 1 0 5 17
863508 11 1 1 7 5 13
863553 10 1 1 3 6 12
863604 2 1 0 0 5 14
863606 9 1 1 3 6 23
863608 5 1 1 2 6 12
863611 2 1 1 7 5 33
863612 7 1 1 8 6 9
863678 6 1 1 2 6 14
863708 4 1 1 0 5 13
863729 1 1 1 8 5 12
863730 1 1 1 2 5 14
863731 46 1 1 2 6 13
863754 14 1 1 6 5 14
863762 1 1 1 2 5 12
863763 3 1 1 9 5 11
863764 1 1 1 5 5 41
863766 11 0 1 6 6 13
863823 24 1 1 7 6 14
863824 14 1 1 3 6 15
863831 4 1 1 7 6 11
863832 10 1 1 5 6 13
863839 10 1 1 0 5 13
863841 2 1 1 2 6 11
863842 12 1 1 2 6 9
863843 1 1 1 2 6 12
863845 7 1 1 1 5 12
863846 14 1 1 7 6 11
863847 1 1 1 2 6 14
863848 27 1 0 3 6 11
863849 2 1 1 3 5 14
863850 3 1 1 2 6 15
863900 26 1 1 6 6 14
863901 2 1 1 2 5 12
863902 12 1 0 3 6 8
863903 1 1 1 8 5 14
863905 6 1 1 6 6 13
863906 8 1 1 7 5 10
863916 4 1 1 3 6 11
863936 2 1 1 0 5 12
863937 6 1 1 6 5 14
863938 23 1 1 2 6 11
863939 1 1 1 0 6 12
863940 7 1 1 2 5 13
863941 20 1 1 6 6 11
863942 2 1 1 2 6 11
863943 1 1 1 2 5 12
863949 9 1 1 6 5 13
863952 10 1 1 4 6 13
863953 8 1 1 2 5 13
863956 6 1 1 7 6 12
863957 6 1 1 3 6 14
863959 16 1 1 8 6 12
863960 3 1 1 2 5 16
863981 9 1 1 6 6 15
863983 1 1 1 1 6 14
863984 1 1 1 0 5 12
863986 1 1 1 6 5 35
864024 8 1 1 0 6 13
864025 14 1 1 3 6 12
864026 16 1 1 3 5 12
864027 2 1 0 3 6 15
864028 2 1 1 2 5 12
864029 40 1 1 2 6 12
864036 5 0 1 7 6 38
864042 13 0 0 7 6 28
864055 9 1 1 8 6 11
864065 3 1 1 5 6 29
864066 8 1 1 7 6 13
864131 22 1 1 8 6 12
864171 23 1 0 3 6 14
864172 33 1 1 6 6 16
864188 32 1 1 8 6 11
864382 11 0 1 6 5 13
864397 6 0 1 7 6 15
864411 19 1 1 6 6 14
864413 22 1 1 5 6 11
