123820
19
446
123820 736 1 0 2 6 17
1427 53 0 0 4 6 17
2760 22 0 0 0 6 15
4341 37 0 1 0 6 19
5377 189 1 1 0 6 18
6792 74 0 1 0 5 24
7463 136 0 1 2 6 16
8028 40 0 1 4 6 16
8220 65 0 1 0 6 19
8370 72 0 1 2 6 19
8568 113 1 1 2 6 22
9313 161 1 1 0 6 19
9960 229 1 1 2 6 18
11494 79 1 1 0 6 24
12601 158 1 1 0 6 19
13442 32 1 1 0 6 14
13780 39 1 1 0 6 19
13941 116 1 1 0 6 18
14405 30 1 1 5 6 22
15618 33 0 1 0 6 20
18786 132 0 1 8 6 18
19158 70 0 1 0 6 19
20965 50 1 1 0 6 16
22111 99 1 1 7 6 18
23784 39 0 1 7 6 17
26425 30 0 1 4 6 19
26491 557 1 1 8 5 20
26830 50 1 1 0 6 18
30575 89 1 1 2 6 10
30597 94 1 1 6 6 18
31289 706 1 1 6 6 17
31468 154 1 1 4 6 21
32544 20 0 1 0 6 18
32999 31 0 1 0 6 18
33518 367 0 1 0 6 21
33868 98 1 1 1 6 21
34728 81 1 1 0 6 17
35145 112 1 1 1 6 16
35157 224 1 1 5 6 16
35162 26 0 1 1 6 21
35542 98 1 1 0 6 18
35558 91 1 1 6 6 18
36375 35 1 1 0 6 21
37161 139 1 1 6 6 18
37990 56 1 0 5 6 15
38002 129 1 1 2 6 19
39608 53 0 1 2 6 20
39629 137 1 1 0 6 19
41459 52 0 1 4 6 20
42000 216 1 1 0 6 17
42008 171 1 1 7 6 17
43009 24 1 1 0 5 19
43823 50 0 1 2 6 20
51272 80 1 1 0 6 17
51818 94 1 1 4 6 18
52287 172 0 1 1 6 18
55597 200 1 1 2 6 16
56519 24 0 1 8 6 20
57009 62 1 1 1 6 19
57261 245 1 1 6 6 20
57644 60 0 1 8 6 15
59212 26 1 1 0 6 16
59475 69 1 1 0 6 17
60691 43 0 0 2 6 14
61563 71 1 1 0 6 23
63855 292 1 1 6 6 18
65022 42 1 1 3 6 16
65745 44 0 1 0 6 18
66158 63 1 1 6 6 14
66636 49 1 0 2 6 16
66760 23 1 0 2 6 14
67320 33 0 1 0 6 18
67360 91 1 1 4 6 18
68109 38 1 1 2 6 19
68386 58 1 1 2 6 21
70059 33 1 1 9 6 18
70175 42 1 1 2 6 21
70562 59 0 1 7 5 15
71914 236 0 1 1 6 18
72356 33 0 1 4 6 19
72368 60 1 1 6 6 15
72402 27 0 1 4 6 19
72512 53 0 1 4 6 19
73665 461 1 1 2 6 16
74045 113 1 1 6 6 18
74221 76 1 1 2 6 18
74253 120 1 1 2 5 16
74504 127 1 1 2 6 28
74672 31 0 1 2 6 18
75384 29 1 1 2 6 20
75592 193 1 1 4 6 20
75981 18 0 1 0 6 29
76344 59 1 1 3 6 17
76552 125 1 1 4 6 20
77318 13 0 1 2 6 17
78307 66 0 1 2 6 19
78552 104 1 1 8 6 14
79010 141 1 1 8 6 16
79811 94 1 1 2 6 19
79814 31 0 1 4 6 17
80003 34 1 1 0 5 18
81132 49 1 1 0 6 19
81387 50 1 1 2 6 16
81397 20 1 1 2 6 18
84605 417 1 1 2 6 17
85084 61 1 1 4 6 18
85778 60 1 1 3 6 15
85917 89 0 1 6 6 15
86208 78 0 1 6 6 19
86946 38 1 1 8 6 19
87551 52 0 1 4 6 17
87570 50 1 1 4 6 17
87589 42 1 1 3 6 16
90052 87 1 1 2 6 14
90474 55 1 1 0 6 15
91156 27 1 1 2 6 15
91212 135 1 1 2 6 19
91415 78 1 1 6 6 16
91497 99 1 1 2 5 16
91500 76 1 1 2 6 14
91687 146 1 1 8 6 16
91879 32 0 1 2 6 19
91958 44 0 1 2 6 18
92076 45 1 1 3 6 19
92219 68 0 1 1 6 15
92222 56 1 1 2 6 15
93240 96 1 1 2 6 19
93935 461 1 1 2 5 16
95399 86 1 1 5 6 17
95545 42 1 1 4 6 18
97594 51 1 1 0 6 19
98807 35 1 1 2 5 16
99338 36 1 1 2 6 26
104838 86 1 1 0 6 17
105192 8 0 1 5 6 18
106119 45 1 1 2 6 18
108011 67 1 1 7 6 23
110158 61 1 1 3 6 20
110488 70 1 1 7 6 20
110717 64 0 1 0 6 18
113479 69 1 1 7 6 20
116024 46 1 1 0 6 16
116115 145 1 1 3 6 16
117678 19 0 1 4 6 20
118056 56 0 1 2 6 12
119654 75 1 1 6 6 13
121730 46 1 1 6 6 15
122143 134 1 1 8 6 17
122464 88 1 1 7 6 18
122768 55 0 1 6 6 24
128190 31 0 1 0 6 19
128729 15 0 1 2 6 17
131303 78 1 1 2 6 20
134162 74 0 1 4 6 20
134768 520 1 1 6 6 32
134943 48 1 1 3 6 13
134965 46 0 1 0 6 20
135792 127 1 1 4 6 17
136002 22 1 1 4 6 16
136006 371 1 0 4 5 13
136241 89 1 1 3 6 19
137102 34 1 1 3 6 19
137114 19 1 1 3 6 15
137453 23 1 1 7 6 24
137644 109 1 1 2 6 16
137866 65 1 1 3 6 17
139946 49 1 1 5 6 16
142443 89 1 1 5 6 19
143010 13 0 1 1 6 17
144570 180 1 1 8 6 14
145433 27 1 1 2 6 15
146357 49 0 1 5 6 19
147798 42 1 1 5 6 12
147801 42 1 1 0 6 15
148618 36 0 1 2 6 19
149478 64 1 1 7 6 17
150435 119 1 1 2 6 18
151282 39 1 1 5 6 19
151641 109 1 1 2 6 20
152756 70 1 0 0 6 15
154463 61 1 1 8 6 17
155211 31 0 1 8 6 19
155401 40 1 0 8 6 15
155894 5 0 1 6 6 20
156087 74 1 1 8 6 15
156779 287 1 1 5 6 19
159543 101 1 1 2 6 17
160401 165 1 1 2 6 15
160410 34 1 1 2 6 16
161281 40 1 1 2 6 17
161571 72 1 1 3 6 15
161575 33 0 1 2 6 15
162100 119 1 1 2 6 16
162775 60 1 1 0 6 15
163351 73 1 0 2 6 17
163670 19 1 0 2 6 12
163671 42 1 0 2 6 16
163674 73 1 0 2 6 15
163676 132 1 0 2 6 15
165304 213 1 1 8 6 19
165929 27 1 1 2 6 24
166410 23 0 1 2 6 19
166565 69 1 1 3 6 20
167336 78 1 1 8 6 18
167343 39 1 1 8 6 18
169878 51 1 1 2 6 23
170400 134 1 1 2 6 21
171526 35 0 1 2 6 15
171769 26 0 1 2 6 16
172150 112 1 1 6 6 17
172296 64 1 0 2 6 17
172922 590 0 1 2 6 15
173082 70 1 1 1 6 19
173320 48 0 1 2 6 17
174475 72 1 1 2 6 18
176224 50 1 1 0 6 17
176665 13 0 1 6 6 21
177691 52 1 1 8 6 16
178106 26 0 1 0 6 26
178768 35 1 1 0 6 15
179233 28 1 1 7 6 20
179272 116 1 1 7 6 18
179511 37 1 1 2 6 20
182521 59 0 1 0 6 14
182676 86 1 1 2 6 17
182694 24 0 1 2 6 19
183055 32 0 1 3 6 17
184973 47 1 1 2 6 20
185021 139 1 1 3 6 19
186252 45 0 1 2 6 17
187126 66 1 1 5 6 14
187581 65 1 1 0 6 18
189880 101 1 1 2 6 18
189976 177 1 1 2 6 17
190004 94 1 1 8 6 15
190509 81 1 1 2 6 16
190535 50 0 1 2 6 19
194056 62 1 1 0 6 18
194495 105 0 1 2 6 20
194580 90 0 1 2 6 20
197686 141 1 1 8 6 15
198041 33 0 1 7 6 17
198226 54 1 1 6 6 16
198695 72 1 1 8 6 19
199176 63 1 1 2 6 18
201511 85 1 1 8 6 19
201812 30 0 1 4 6 25
201986 38 1 1 2 6 15
204134 31 0 1 6 6 15
205249 23 0 1 3 6 18
206709 46 1 1 9 6 27
206718 41 1 1 2 6 19
207200 35 1 1 2 6 15
208361 59 0 1 2 6 20
209132 64 1 1 2 5 17
209867 75 0 1 0 6 18
213445 105 1 1 8 6 16
214076 27 1 1 3 5 18
214361 92 1 1 2 6 17
215116 21 1 1 2 6 18
216183 25 0 1 3 6 16
217273 76 1 1 3 6 21
217598 38 1 1 2 6 20
218936 29 0 1 0 6 17
220593 31 0 1 6 6 16
224184 105 1 1 5 6 18
226315 48 1 1 0 6 18
227509 45 1 1 0 6 19
229166 6 1 1 0 6 16
230229 54 0 1 2 6 19
230453 29 1 1 1 6 16
231651 74 1 1 2 6 21
231722 82 0 1 1 6 19
232025 16 0 1 7 6 15
232323 164 1 0 2 6 19
233106 36 0 1 2 6 16
233201 57 1 1 2 6 18
233708 53 1 1 0 6 19
234510 44 0 1 0 6 16
234581 31 0 1 7 6 18
238125 120 1 1 1 6 18
239798 200 1 1 3 6 18
240161 45 1 1 0 6 18
241504 66 1 1 8 6 20
245200 22 0 1 0 6 20
247474 45 1 1 2 6 25
252199 41 1 1 6 5 15
255119 112 0 1 5 6 16
255397 51 1 1 4 6 16
255994 83 1 1 8 6 18
259201 23 1 1 2 6 33
259777 35 0 0 4 6 19
264134 52 1 1 3 6 16
264209 57 0 1 3 6 20
264451 52 0 1 4 6 17
264858 31 1 1 3 6 16
264865 23 1 1 2 6 15
265842 131 1 1 5 6 18
266443 192 1 1 9 6 18
266738 21 0 1 7 6 15
270016 66 0 1 6 6 18
270954 109 1 1 3 6 16
271522 83 1 1 1 6 17
271541 72 0 1 8 6 18
272698 35 1 1 2 6 20
272719 65 1 1 2 6 19
276713 44 1 1 0 6 20
276879 92 1 1 1 6 17
277445 19 1 1 2 6 16
277566 100 0 1 4 6 20
278428 26 1 1 2 6 15
280060 59 1 1 2 6 20
280733 95 1 1 2 6 19
283923 156 0 1 8 6 19
286631 94 0 0 6 6 15
291039 106 0 1 4 6 15
291370 178 0 1 4 6 16
294398 59 0 1 0 6 14
295214 60 1 1 3 6 18
299819 23 0 1 4 6 17
301612 83 1 1 2 6 21
302035 133 1 1 3 6 18
304488 68 1 1 3 6 18
305406 49 1 0 6 6 19
310771 53 0 1 6 6 12
311978 24 1 1 2 6 12
312098 73 1 1 3 6 15
312152 88 1 1 7 6 16
312851 9 0 1 0 6 21
313042 57 1 1 2 6 17
314249 31 1 0 8 5 19
315704 43 1 1 2 5 17
315872 29 0 1 4 6 17
316518 51 0 1 0 6 1
317498 40 1 1 9 6 19
321349 26 1 0 2 5 17
322220 48 1 1 6 6 14
323130 137 1 0 2 6 17
323131 26 1 1 4 6 16
324851 92 1 1 6 6 17
325002 34 1 1 0 6 14
329586 78 0 1 2 6 19
329741 79 0 1 6 6 18
330175 29 0 1 2 6 21
330198 11 1 1 1 6 16
330637 21 0 1 1 6 20
330914 87 1 1 8 6 19
331999 29 1 1 6 6 24
334891 65 1 1 1 6 16
335271 84 1 1 2 5 17
335504 61 1 1 6 6 15
335864 34 1 1 0 6 15
336897 204 1 1 6 6 19
337255 20 0 1 0 6 24
338860 55 1 1 7 6 19
341244 53 0 1 7 6 16
341867 46 1 0 1 6 14
343869 94 1 1 8 6 16
344256 57 1 1 8 6 20
345399 35 0 1 2 6 20
345473 150 1 1 6 6 18
346087 34 0 1 7 6 17
348941 78 1 1 3 6 20
349637 17 0 1 7 6 17
353598 92 1 1 8 6 15
354086 17 1 1 5 6 16
354250 12 1 0 2 6 17
354253 11 1 0 2 6 16
354439 41 1 1 2 6 13
354795 80 1 1 5 6 17
357809 65 1 1 8 6 17
359769 73 1 1 3 6 15
361116 430 1 1 8 6 19
361248 31 0 1 3 6 17
365030 21 0 1 7 5 17
365701 20 1 1 2 6 17
365797 51 0 1 8 6 18
366730 19 0 1 4 6 18
367836 55 1 1 5 6 20
369944 16 0 1 1 6 20
370298 69 1 1 2 5 18
370751 77 1 1 8 6 15
371073 74 1 1 1 6 19
372139 199 1 1 6 5 17
373040 28 0 1 5 6 16
373110 44 0 1 8 6 20
375103 77 1 1 8 6 18
375331 31 1 1 3 6 17
376041 130 1 1 8 6 21
376795 83 1 1 2 6 15
376922 63 1 1 6 6 18
377926 176 1 1 6 6 18
378134 40 1 1 0 6 15
380202 5 1 1 0 5 16
380592 83 1 1 8 5 18
381691 148 1 1 2 6 17
383984 29 0 1 3 6 18
387513 125 1 1 6 6 15
387698 33 1 1 1 6 15
387781 44 1 1 3 6 16
387783 36 0 1 0 6 16
388267 52 1 1 3 6 17
388275 10 0 1 4 6 18
390220 36 0 1 6 6 17
391327 94 1 1 2 6 24
391937 66 0 1 2 6 17
392809 20 1 1 4 6 17
393267 11 1 1 0 6 21
393416 109 0 1 6 6 18
393568 15 0 1 8 6 17
395096 99 1 1 2 6 15
395101 61 1 1 3 6 21
395933 96 1 1 2 6 21
396339 63 1 1 7 6 19
398386 26 1 1 0 6 18
399654 56 1 1 0 6 19
400666 60 1 1 3 6 19
400978 72 1 1 0 6 18
401067 25 0 1 7 6 17
402066 23 0 1 4 6 17
402909 236 1 1 6 6 18
403327 25 0 1 3 6 18
403380 58 1 1 6 6 15
403679 36 0 1 8 6 18
404283 36 0 1 8 6 15
407123 65 1 1 7 5 16
408253 60 1 1 6 6 18
409079 53 1 1 2 6 15
409164 50 1 1 2 6 22
409842 64 1 1 2 6 18
409937 48 1 1 5 6 18
410070 21 1 1 0 6 16
410461 71 1 1 6 6 18
411514 125 1 1 4 6 19
411639 40 1 1 6 6 20
411842 33 1 1 5 6 19
412534 55 0 1 6 6 19
412671 32 0 1 0 6 17
412683 46 1 1 8 6 15
413122 90 1 1 2 6 17
414059 6 1 1 7 6 15
414160 22 0 1 2 6 20
415321 27 1 1 2 5 21
416091 204 1 1 2 6 19
416467 44 1 1 4 6 18
417228 53 1 1 5 6 19
417922 101 1 1 2 6 16
421064 129 1 1 8 6 15
422021 75 0 1 1 6 14
423862 102 1 0 2 6 11
423869 54 1 1 2 6 17
423908 28 1 1 2 6 20
424070 142 1 1 6 6 16
424115 36 1 1 0 6 21
425627 230 1 1 8 6 21
425816 32 0 1 0 6 16
425865 30 1 1 0 6 17
426701 20 0 1 3 6 17
427866 37 1 1 3 5 17
428252 68 1 1 2 6 20
430247 35 0 1 6 6 22
430821 63 1 1 2 6 14
431016 62 1 1 6 6 17
431778 33 1 1 1 6 22
432785 38 1 1 5 6 16
433131 67 1 1 4 6 18
433635 49 1 1 6 6 17
434340 79 1 1 7 6 16
435459 53 1 0 2 6 13
435794 49 1 1 1 6 17
437308 10 1 1 2 6 21
438017 9 0 1 4 6 18
438417 33 1 1 8 6 12
438623 34 1 1 3 6 20
439368 13 0 1 3 5 16
439648 61 1 1 2 6 14
439834 12 0 1 5 6 17
440304 30 1 1 1 6 25
441301 19 1 1 5 5 14
444069 25 1 1 9 6 14
445058 74 1 1 8 6 17
448211 40 1 1 7 6 20
449329 12 1 1 1 6 21
449488 58 1 1 6 6 17
449614 51 1 1 1 6 16
454516 36 0 1 7 6 16
455735 18 1 1 6 6 15
457697 99 1 1 2 6 20
458288 141 1 0 2 6 15
459002 99 1 1 8 6 20
459412 84 1 1 6 6 16
459624 77 1 1 6 6 17
463814 52 1 1 2 6 16
465133 56 1 1 2 6 17
466208 41 1 1 1 6 15
467613 68 1 1 2 6 14
468592 14 1 1 2 6 21
469262 18 0 1 0 6 20
475973 40 0 1 8 6 17
478029 47 1 1 8 6 18
478218 10 1 1 2 6 16
482006 77 1 1 2 6 16
482092 73 1 1 9 6 16
483283 22 1 1 5 6 16
484464 13 0 1 7 6 16
485446 39 1 1 0 6 15
486759 111 1 1 2 6 14
487479 26 1 1 6 6 20
487823 52 1 1 7 6 19
493635 23 0 1 0 6 17
493856 37 1 1 0 6 25
496718 49 1 1 8 6 24
500219 52 1 1 6 6 15
500901 30 0 1 3 6 18
505548 4 0 1 6 6 21
506762 6 1 1 1 6 21
508435 119 1 1 8 6 17
508470 42 1 1 2 6 15
508618 33 1 1 2 6 15
509437 31 0 1 8 6 16
510412 89 1 1 8 6 18
510846 17 1 1 6 6 18
510983 90 1 1 4 6 19
511361 49 1 1 2 6 15
511721 102 0 1 6 6 17
511977 47 1 1 7 6 16
513579 63 1 1 1 6 19
513918 54 1 1 2 6 16
514189 19 0 1 2 5 18
514298 53 1 1 2 6 26
514315 31 0 1 2 6 15
514711 60 1 1 8 6 14
516615 64 1 1 2 6 17
516984 32 0 1 4 6 18
519432 46 1 1 0 6 16
519983 3 0 1 4 6 20
521461 5 0 1 2 6 19
522311 16 0 1 2 6 16
523191 48 0 1 6 6 18
523485 60 1 1 6 6 20
524489 37 1 1 7 6 16
524750 10 0 1 8 6 18
524829 161 0 1 6 6 16
526661 102 1 1 8 6 18
527305 33 1 1 2 6 16
527895 47 1 1 4 6 19
529101 30 1 1 8 6 17
529241 113 1 1 6 6 19
530040 44 1 1 6 6 16
530042 105 1 1 6 6 16
530044 65 1 1 6 6 17
530274 65 1 1 3 6 19
532435 26 1 1 2 6 16
534981 11 0 1 7 6 16
537399 9 0 1 6 5 26
541750 61 0 1 9 6 21
546019 38 1 1 3 6 16
547560 23 1 1 2 6 21
549230 74 1 1 5 6 15
549558 41 0 1 3 6 20
549586 127 1 1 4 6 17
553917 31 0 1 2 6 16
553965 16 1 1 2 6 14
556837 53 1 1 6 6 18
557188 14 0 1 1 6 20
559480 25 1 1 2 5 16
560413 77 1 1 2 6 18
560460 25 1 1 2 5 18
561879 7 1 1 6 5 21
565948 24 1 1 7 5 15
568683 26 1 1 0 6 22
569335 21 1 1 8 6 14
570822 16 1 1 4 6 19
574480 65 0 1 6 5 16
574737 1 1 1 2 6 14
576351 23 1 1 2 6 15
579696 8 0 1 6 6 18
580239 28 0 1 2 6 27
582479 12 0 1 2 6 23
583286 3 1 1 2 6 18
583656 49 1 1 6 6 16
584846 64 1 1 2 5 16
585200 68 1 1 6 6 19
590641 71 1 1 3 6 18
592612 37 1 1 2 6 15
594128 86 1 1 3 6 21
599896 26 0 1 1 6 18
600843 32 1 1 3 5 15
601718 14 1 1 6 6 28
613754 79 1 1 1 6 25
619253 16 1 1 4 5 16
623786 10 0 1 2 6 18
625919 33 0 1 6 6 17
631850 23 1 1 9 6 16
633803 31 1 1 3 6 15
634537 14 0 1 6 5 18
635552 24 1 1 7 6 17
636930 19 0 1 7 6 17
641717 16 1 1 9 6 17
648467 19 1 1 8 6 16
649097 23 1 1 6 6 15
652336 16 1 1 2 6 16
652932 62 1 0 2 6 17
658075 30 1 1 6 6 16
658158 43 1 1 2 6 16
658909 31 1 1 6 6 15
662684 2 1 1 2 5 26
662714 32 0 1 6 5 17
665087 25 0 1 6 6 21
675850 27 1 1 2 6 12
681723 11 1 1 1 6 12
682172 36 1 1 6 6 14
682314 18 1 1 6 6 14
686024 29 1 1 6 6 14
686209 22 1 1 2 6 18
687059 54 1 1 7 6 16
689554 31 1 0 5 6 15
689643 45 1 1 4 6 16
692237 52 1 1 2 6 16
692238 51 1 1 2 6 18
695094 48 1 1 2 6 20
696119 16 1 1 2 6 15
697291 17 1 1 2 5 1
698061 27 0 1 7 6 19
700423 69 1 1 7 6 18
701025 59 1 1 3 6 15
701925 68 1 1 2 6 20
702756 30 0 1 2 6 20
704787 27 1 1 2 5 17
712164 43 1 1 0 6 18
713168 34 0 1 1 6 16
713643 6 0 1 1 5 26
714068 28 1 1 6 6 15
717663 18 1 0 2 6 15
718412 16 0 1 2 6 21
719198 9 1 0 2 6 14
720409 20 1 1 2 6 17
723519 47 1 0 2 6 17
723813 47 1 1 2 6 19
725648 26 0 1 8 6 19
727670 44 1 1 2 6 18
736894 42 1 0 2 6 12
740436 48 1 0 2 6 30
740942 8 1 1 2 5 31
745564 5 1 1 6 6 20
752078 85 1 1 8 6 19
752611 58 1 1 6 6 17
754185 38 1 0 2 6 16
755368 24 1 1 6 6 15
759912 26 1 1 3 6 18
761878 17 1 1 3 6 14
763747 4 1 0 2 6 18
764174 30 1 0 2 6 14
769768 41 1 1 2 6 15
771919 22 0 1 2 6 19
798915 7 0 1 4 5 17
800678 83 1 1 6 5 15
803158 63 1 0 2 6 14
805077 14 1 0 2 6 17
807695 36 1 1 2 6 16
820895 7 0 1 4 5 19
828463 29 1 1 4 6 18
830955 24 1 0 2 6 15
834412 12 1 1 2 6 15
834437 20 1 1 2 6 14
837888 47 1 1 2 6 17
845600 21 1 1 4 6 20
847415 19 1 1 6 6 16
858758 20 1 1 2 6 15
859328 30 1 1 7 6 19
860609 51 1 1 2 6 15
861624 17 1 1 2 6 15
866539 41 1 1 4 6 17
872034 8 1 1 1 6 15
872444 69 1 1 8 6 19
882629 5 1 1 6 6 23
884513 15 0 1 6 6 19
902493 49 1 1 2 6 16
903105 11 0 1 2 6 18
909012 12 1 1 2 6 14
913159 21 1 1 3 6 14
914854 16 1 0 2 5 17
930069 5 1 1 2 6 14
930199 33 1 1 9 6 16
930376 1 1 1 2 5 10
930396 7 1 1 2 6 21
930755 46 1 1 8 6 16
930874 4 1 0 2 6 13
931016 34 1 1 2 6 16
931189 9 1 0 2 5 13
931440 9 1 1 2 6 15
931447 4 0 1 7 6 16
931467 8 1 0 2 6 12
931468 3 1 0 2 6 13
931501 37 1 1 6 6 16
931506 2 1 1 2 6 18
931507 9 1 1 2 6 17
931521 6 1 0 2 5 13
931522 18 1 0 1 6 21
931523 12 1 1 1 6 29
931597 13 1 1 2 6 16
931600 41 1 1 6 6 17
931627 22 1 0 2 6 15
931630 1 1 1 2 6 18
931631 8 1 0 7 6 22
931645 10 1 1 7 6 18
931808 23 1 1 6 6 16
931848 21 1 1 6 6 15
931853 17 1 1 8 6 15
931929 24 1 1 6 6 17
931944 4 1 1 8 6 14
931964 4 1 1 1 6 27
931966 3 1 1 2 6 20
931978 7 1 1 2 6 17
931979 3 1 1 4 6 14
932025 9 1 1 8 6 12
932026 2 1 1 8 6 20
932027 1 1 0 9 6 15
932028 13 1 1 6 6 18
932029 11 1 0 2 6 12
932031 7 1 1 4 6 15
932032 6 1 1 2 6 23
932033 51 1 1 7 6 17
932034 4 0 1 7 6 21
932051 7 0 1 2 6 17
932052 12 1 1 2 6 14
932066 16 1 1 6 6 15
932093 4 0 1 8 5 12
932095 10 1 1 2 6 15
932137 16 1 1 2 6 17
932190 21 1 1 6 6 18
932214 1 0 1 5 6 39
932255 33 0 1 8 6 18
932288 32 1 1 4 6 18
932289 9 1 1 7 6 16
932346 11 0 1 3 6 20
932430 16 1 1 8 6 16
