7429
19
2054
7429 720 1 1 2 6 25
224 183 1 1 2 6 21
226 96 1 0 2 6 26
310 159 1 1 2 6 21
312 48 0 1 2 6 22
333 30 0 0 2 6 22
383 137 1 1 2 6 24
3386 40 0 1 2 6 23
3503 228 1 0 2 6 18
3507 49 0 1 2 6 22
3516 102 1 1 2 6 22
3518 30 0 1 2 6 21
3597 87 1 1 2 6 22
3674 34 1 1 2 6 22
3900 48 0 1 2 6 19
3950 84 1 0 2 6 17
4083 87 1 1 2 6 18
4144 72 1 1 2 6 23
4148 58 0 0 2 6 23
4150 44 0 0 2 6 21
4153 116 0 0 2 6 20
4170 149 0 0 2 6 17
4220 40 0 1 2 6 19
4252 70 1 0 2 6 25
4256 102 1 1 2 6 22
4286 26 0 0 2 6 26
4292 28 0 0 2 6 24
4336 112 1 1 2 6 21
4345 29 0 1 2 6 22
4434 101 1 0 2 6 24
4586 63 1 1 2 6 21
4626 113 1 0 2 6 18
4641 40 1 1 2 6 25
4667 96 0 0 2 6 19
4913 62 0 0 1 6 23
5000 34 1 0 2 6 23
5022 80 0 0 2 6 18
5071 16 1 0 2 6 27
5154 89 1 0 2 6 19
5155 9 0 0 2 6 23
5221 71 1 0 2 6 21
5242 21 0 1 4 6 19
5245 88 1 1 2 6 22
5254 82 1 1 2 6 23
5304 51 0 1 2 6 25
5543 28 1 0 3 6 25
5546 98 1 1 2 6 22
5557 53 0 0 2 6 22
5782 39 0 1 2 6 22
6055 97 1 1 2 6 25
6082 53 1 1 2 6 21
6314 29 0 0 2 6 19
6482 118 0 1 2 6 24
6485 120 1 0 2 6 25
6572 74 1 0 2 6 22
6840 61 1 0 2 6 19
6846 38 1 1 2 6 27
6854 24 1 1 2 6 27
6896 57 0 0 2 6 18
6921 38 1 0 2 6 23
6972 85 1 0 2 6 18
7028 25 0 1 2 6 25
7101 50 1 0 2 6 21
7141 64 0 1 2 6 22
7150 76 1 1 2 6 21
7188 54 0 0 2 6 19
7202 53 0 1 2 6 23
7230 83 0 1 2 6 21
7314 89 1 0 2 6 18
7316 33 0 1 2 6 21
7325 23 0 1 2 6 24
7334 85 1 0 2 6 15
7348 43 0 0 2 6 16
7400 53 0 0 2 6 21
7423 22 0 0 2 6 16
7426 5 0 1 2 6 43
7433 126 1 0 2 6 17
7434 20 0 0 2 6 18
7495 52 0 0 2 6 21
7522 39 1 1 2 6 21
7532 36 0 1 2 6 27
7653 55 1 1 2 6 20
7691 98 1 1 2 6 28
7831 107 1 1 2 6 26
7844 44 1 1 2 6 26
7952 36 0 1 2 6 24
8054 56 1 1 2 6 17
8056 38 0 0 2 6 16
8213 137 1 1 2 6 20
8320 36 0 0 2 6 18
8597 106 1 1 2 6 23
8598 52 0 0 2 6 18
8671 73 1 1 2 6 21
8732 79 1 1 2 6 20
8740 161 1 1 2 5 23
8749 45 0 0 2 6 16
8851 21 0 0 2 6 18
8860 67 0 0 2 6 15
8865 37 0 0 2 6 22
8888 74 1 1 0 6 20
8922 30 0 1 0 6 20
8925 48 0 1 2 6 22
8999 612 1 1 2 6 20
9024 63 1 1 2 6 20
9053 133 1 1 2 6 21
9071 74 1 1 2 6 26
9087 39 0 0 2 6 19
9093 224 1 0 2 6 21
9102 23 1 1 2 6 24
9153 59 1 0 2 6 17
9154 65 0 1 2 6 21
9155 34 0 0 2 6 19
9170 182 1 1 2 6 25
9222 82 1 0 2 6 21
9225 66 1 1 4 6 21
9320 72 0 0 2 6 21
9363 45 1 0 2 6 22
9370 196 1 0 2 6 19
9473 84 1 0 2 6 23
9562 11 0 1 2 6 32
9625 37 1 0 2 6 23
9681 36 0 1 2 6 18
9758 80 1 0 2 6 18
9861 25 0 0 2 6 21
9869 35 1 0 2 6 20
10301 306 1 0 2 6 24
10306 37 1 1 2 6 22
10371 28 0 1 2 6 30
10385 61 1 0 2 6 21
10442 56 0 0 2 6 19
10472 26 1 0 2 6 38
10473 81 1 0 2 6 21
10739 51 1 0 2 6 25
10957 68 0 0 2 6 17
10963 39 0 0 2 6 17
11049 76 0 0 2 6 16
11053 85 1 0 2 6 18
11110 33 1 0 2 6 24
11170 194 1 0 2 6 21
11195 79 0 0 2 6 16
11539 91 0 0 2 6 17
12060 38 1 1 2 6 29
12068 49 1 1 2 6 29
12069 21 0 1 2 6 39
12072 14 0 1 2 6 30
12073 30 0 0 2 6 23
12148 80 1 0 2 6 21
12151 57 1 1 2 6 25
12167 8 1 0 2 5 23
12270 34 0 1 2 6 22
12552 75 1 1 2 6 25
12633 26 0 1 2 6 30
12636 28 0 1 2 6 23
12807 43 0 0 2 6 25
12835 32 1 1 2 6 29
12877 48 0 1 2 6 25
13016 25 1 1 2 6 29
13113 72 1 1 2 6 27
13275 32 0 0 2 6 23
13280 30 1 1 2 6 28
13359 23 1 0 2 6 27
13507 73 1 1 2 6 27
13514 77 1 0 2 6 23
13592 38 0 0 4 6 23
13595 27 1 0 2 6 44
13627 56 0 0 1 6 20
15617 37 1 1 2 6 17
17239 12 0 0 2 6 24
17283 39 0 1 2 6 25
17820 27 0 0 2 6 24
17822 13 0 1 2 6 30
27428 170 1 0 2 6 14
27716 94 1 0 2 6 17
30542 10 0 1 2 6 21
31945 48 0 0 2 6 18
33942 62 0 1 2 6 25
36046 17 0 1 2 6 16
39608 53 0 1 2 6 20
45057 39 1 0 2 5 19
47686 59 1 1 2 6 21
50467 19 0 0 2 6 15
50885 202 0 1 2 6 20
55345 20 0 0 2 6 25
55597 200 1 1 2 6 16
56351 64 0 0 2 6 19
56354 53 1 0 2 6 22
57633 90 1 0 2 6 23
60967 50 0 0 2 6 17
62891 49 0 0 2 6 15
69146 97 1 1 2 6 21
73654 24 0 0 2 6 18
73989 10 1 0 2 6 21
73990 41 1 0 2 6 17
74396 70 1 1 2 6 21
74473 18 1 1 2 6 46
74762 177 1 0 2 6 20
76213 30 1 1 2 6 18
76460 30 0 0 4 6 27
76545 56 0 0 2 5 21
76816 51 0 1 2 6 18
76863 46 0 0 2 6 21
77063 35 0 1 2 6 19
77655 108 1 1 2 6 21
77676 63 0 0 2 6 23
77710 20 0 0 2 6 35
77772 68 0 1 4 6 23
77892 30 0 0 2 6 22
78090 43 0 0 2 6 21
78625 66 0 1 2 6 18
79558 9 0 1 2 6 25
79562 116 1 1 2 6 25
79648 63 1 0 2 6 22
80452 43 0 0 2 6 25
80712 35 0 1 2 6 22
80716 108 1 1 2 6 21
80953 61 0 0 2 6 17
81148 29 0 0 2 6 19
81177 102 0 0 2 6 19
81252 45 1 0 2 6 27
81262 112 1 0 2 6 18
81265 64 1 0 2 6 17
81402 70 0 0 2 6 23
81517 49 1 1 2 6 19
82712 25 0 1 2 6 16
83042 71 0 1 2 6 18
83486 49 1 1 2 6 22
83489 144 1 1 2 6 22
83509 62 1 1 2 6 21
84003 29 0 0 2 6 16
84433 158 1 0 2 6 17
84727 51 0 0 2 6 19
85186 37 0 1 2 6 19
85459 41 0 0 2 6 19
85574 86 1 0 2 6 19
85640 34 0 1 2 6 21
85841 42 1 0 2 6 24
86224 22 0 1 2 6 41
86721 71 0 1 2 6 20
86840 45 1 1 2 6 21
87199 21 0 1 2 6 25
87470 57 0 0 2 6 20
88256 155 1 0 2 6 28
91702 15 1 1 2 6 16
91705 38 0 1 2 5 19
91974 80 0 0 2 6 15
92131 68 0 0 2 6 18
92134 14 0 0 2 6 35
92146 56 1 1 2 6 17
92193 23 1 0 2 6 21
92410 46 1 1 2 6 18
93118 34 0 0 2 6 17
93206 90 1 1 2 6 25
93207 50 0 1 2 6 16
93208 92 1 0 2 6 18
93345 38 1 1 2 6 19
93423 34 1 1 8 6 16
93673 16 0 0 2 6 42
93897 61 1 1 2 6 22
94115 29 1 1 2 6 21
94170 58 1 0 2 6 18
94172 9 0 0 2 6 17
94489 71 1 1 2 6 22
94607 37 1 1 2 6 21
94608 44 0 0 2 6 19
94753 46 0 0 2 6 19
94863 22 0 1 2 6 19
94926 12 0 1 2 6 24
95126 29 0 0 2 6 17
95238 32 1 0 2 6 19
95334 26 0 0 2 6 17
95354 42 1 0 2 6 24
95395 27 1 0 2 6 18
95402 70 1 1 2 6 17
95404 42 1 1 2 6 16
95463 54 1 0 2 6 20
95465 28 1 0 2 6 16
95488 17 1 1 2 6 47
95849 43 0 0 2 6 16
95904 19 1 0 2 6 29
95992 7 0 0 2 6 16
96159 38 0 0 2 6 17
96248 35 1 0 2 6 16
96494 29 0 1 2 6 29
96518 56 1 1 2 6 18
97080 35 0 0 2 6 24
97081 54 0 0 2 6 23
97312 51 0 0 2 6 26
97404 40 0 1 2 6 18
97676 39 0 0 2 6 16
98019 18 1 1 2 6 27
98031 73 1 1 2 6 19
98112 65 1 0 2 6 22
98551 8 0 0 2 6 26
99061 30 0 0 2 6 16
99151 31 1 1 2 6 16
99243 31 1 0 2 6 19
99351 68 1 1 2 6 32
99440 55 1 1 2 6 22
99539 19 1 1 2 6 24
99541 51 1 1 2 6 19
99653 81 1 0 2 6 18
99777 14 1 0 2 6 16
99925 78 1 1 2 6 22
100093 20 1 1 2 6 29
100179 32 0 1 2 6 23
100549 32 0 1 2 6 24
100659 41 1 0 2 6 17
101029 5 0 0 2 6 54
101648 60 0 1 2 6 20
101894 73 0 0 7 6 26
101935 44 0 0 2 6 26
102254 48 0 1 4 6 26
102422 36 0 0 2 6 25
102492 68 1 0 2 6 25
102721 45 1 1 2 6 22
102894 52 1 1 2 6 16
102993 67 0 0 2 6 21
103170 45 1 1 2 6 19
103678 80 1 1 2 6 18
103892 35 1 1 2 6 22
104750 18 0 0 2 6 22
105290 142 1 0 2 6 17
105293 31 1 1 2 6 21
105453 21 1 1 2 5 19
105454 45 1 0 2 6 18
105692 9 0 1 2 6 24
105777 45 1 1 2 6 22
106272 26 0 1 2 6 20
106776 35 1 1 2 6 24
106781 17 1 1 2 6 23
107331 51 1 1 2 6 29
107649 223 1 0 2 6 18
109007 41 0 1 2 6 22
109380 113 1 0 2 6 19
111350 37 0 0 2 6 24
112018 46 1 1 2 6 39
112452 73 1 1 2 6 24
112589 72 1 1 2 6 19
112628 15 1 1 2 6 22
112888 39 0 0 2 6 21
112995 36 0 1 2 6 25
113450 39 1 1 2 6 22
113744 54 1 0 2 6 18
113747 37 0 0 2 6 18
115023 36 1 0 2 6 22
115123 12 1 0 2 6 43
115188 26 0 0 2 6 24
115491 21 0 0 2 6 22
116456 7 0 0 2 6 30
116505 32 1 1 2 6 22
116606 28 0 0 2 6 23
116609 52 0 0 2 6 20
117400 41 1 0 2 6 21
117405 120 1 0 2 6 18
117538 19 0 1 2 6 22
117985 27 0 0 2 6 22
121192 19 0 0 2 6 29
121657 76 1 0 2 6 17
121708 69 0 0 2 6 22
121896 34 0 0 2 6 24
122376 15 0 0 2 6 19
122380 21 0 1 2 6 25
122383 22 0 0 2 6 28
123204 16 0 1 2 6 31
123910 27 1 0 2 6 25
125686 21 1 1 2 6 22
125980 15 1 1 2 6 28
126885 15 1 0 2 6 29
127847 31 1 0 2 6 20
128249 9 0 0 2 6 43
130181 69 1 1 2 6 20
130877 8 0 1 2 6 23
130886 22 0 0 2 6 39
130949 40 1 1 2 6 22
130952 18 1 1 2 6 24
131382 43 0 0 2 5 19
131828 39 1 0 2 6 39
131929 22 0 0 2 6 23
132015 32 0 0 2 6 17
132151 44 0 0 2 6 18
132351 34 0 0 2 6 25
133242 53 1 0 2 6 19
133576 27 1 1 2 6 18
133764 20 0 1 2 6 20
133906 15 0 1 2 6 41
134309 65 0 0 2 6 17
134476 13 0 0 2 6 16
135768 36 1 0 2 6 17
136407 65 1 1 2 6 25
136902 25 0 0 2 6 15
136970 40 1 1 2 6 21
137356 37 0 0 2 6 22
137747 11 0 1 2 6 47
137851 11 0 0 2 6 21
138475 43 0 0 2 6 18
139045 13 0 0 2 6 27
139650 39 0 0 2 6 20
139760 16 0 0 2 6 29
139817 33 0 0 2 6 26
146865 56 1 0 2 6 16
146968 22 0 0 2 6 16
147152 17 0 1 2 6 17
147485 28 0 1 2 6 19
148133 31 1 1 2 6 34
149721 68 1 1 2 6 19
149725 46 1 0 2 6 18
150178 52 0 1 2 6 15
150499 40 1 0 2 6 33
150915 13 0 1 2 6 27
151291 16 1 0 2 6 35
151571 13 1 1 2 6 45
152366 49 1 1 2 6 13
152705 22 1 0 2 6 17
152722 26 0 1 2 6 25
153186 38 0 0 2 6 25
153354 8 1 0 4 6 27
153686 74 1 0 2 6 18
153955 20 1 0 2 6 35
155064 8 0 1 2 6 22
156403 44 0 1 2 6 21
156700 19 1 1 2 6 27
156957 6 0 1 2 6 33
157164 31 1 0 2 6 47
157876 13 0 0 2 6 17
157934 15 0 1 2 6 21
158066 22 0 1 2 6 27
158834 15 0 0 2 6 17
159629 15 1 0 2 6 42
159973 25 0 1 2 6 33
160728 31 0 0 2 6 31
161003 11 1 1 2 6 23
161270 2 0 0 2 5 38
161272 35 1 1 2 6 28
161274 19 1 1 2 6 28
161275 11 0 1 2 6 27
161277 49 1 1 2 6 23
161279 21 0 0 2 6 21
161280 30 0 0 2 6 30
161355 45 0 1 2 6 37
161357 15 1 1 2 6 42
161407 23 1 1 2 6 22
161408 17 1 1 2 6 35
161409 51 0 1 2 6 20
161410 71 1 0 2 6 13
161411 9 0 1 2 6 30
161412 21 0 0 2 5 33
161413 25 0 1 2 6 25
161414 1 0 1 2 5 25
161416 16 1 1 2 6 18
161448 30 1 1 2 6 16
161449 52 1 1 2 6 24
161450 23 1 1 2 6 47
161452 16 1 1 2 6 26
161453 40 0 1 2 6 29
161454 4 0 1 2 6 29
161473 10 0 1 2 6 31
161475 39 1 1 2 6 30
161476 30 1 1 2 6 19
161550 3 1 1 2 6 52
161552 13 0 0 2 6 25
161553 4 0 1 2 5 26
161555 133 1 0 2 6 22
161556 44 1 0 2 6 18
161558 16 1 1 2 6 24
161586 15 1 1 2 6 27
161590 7 1 0 2 6 37
161592 5 1 0 2 6 51
161593 2 0 1 9 6 26
161594 15 1 1 2 6 19
161595 2 0 1 2 6 26
161624 13 1 0 2 6 37
161625 12 0 0 2 6 47
161626 15 0 1 2 6 22
161627 3 0 0 6 6 17
161764 2 0 1 2 6 44
161766 12 0 1 2 6 23
161767 18 0 0 2 6 33
161768 14 1 0 2 6 39
161771 5 0 0 2 6 19
161773 16 0 0 2 6 43
161775 53 1 1 2 6 15
161864 23 0 0 2 6 17
161866 9 0 0 2 6 45
161868 8 0 1 2 6 41
161870 29 0 0 2 6 28
161872 3 0 1 2 6 44
161873 18 0 1 2 6 17
161874 15 1 1 2 6 26
161927 8 1 0 2 6 32
161929 1 0 1 2 6 49
161933 13 0 1 2 6 30
161934 32 0 1 2 6 38
161938 11 1 0 2 6 15
161939 15 0 1 2 6 43
161940 21 0 0 2 6 20
162014 18 0 0 2 6 16
162100 119 1 1 2 6 16
162101 26 1 1 2 5 16
162123 7 0 0 2 6 50
162124 34 1 1 2 6 23
162125 10 1 1 2 6 35
162126 32 1 1 2 6 18
162127 17 0 0 2 6 30
162128 9 0 1 2 6 30
162129 54 1 0 2 6 16
162130 75 0 0 2 6 34
162303 15 1 1 2 6 19
162304 8 0 1 2 6 34
162307 12 1 1 2 6 41
162308 20 1 1 2 6 52
162310 7 1 1 2 6 41
162311 30 1 1 2 6 24
162312 102 1 0 2 6 30
162385 23 0 1 2 6 37
162386 5 0 1 2 6 19
162388 1 1 1 2 6 35
162389 12 1 1 2 6 43
162391 70 1 1 2 6 16
162392 30 1 0 4 6 28
162393 4 1 0 2 6 51
162394 12 1 1 2 6 40
162395 4 1 1 2 6 40
162396 1 1 1 2 6 42
162397 8 0 0 2 6 22
162399 59 1 0 2 6 22
162474 14 1 1 2 6 24
162475 13 1 0 2 5 16
162476 1 0 1 2 6 21
162478 7 0 1 2 6 46
162479 2 0 0 6 6 46
162480 23 1 0 2 6 19
162481 13 1 1 2 6 21
162482 24 0 0 2 6 32
162483 11 1 0 2 6 25
162485 6 1 0 2 6 53
162486 27 1 0 2 6 50
162525 69 1 1 2 6 29
162527 20 1 0 2 6 17
162528 10 1 0 2 6 26
162529 12 1 0 2 6 46
162530 8 1 0 2 6 40
162532 12 1 0 2 6 22
162533 11 0 0 2 6 15
162534 7 0 0 2 6 21
162535 13 1 0 2 6 24
162536 125 1 0 2 6 27
162538 1 1 1 2 6 35
162539 15 0 0 2 6 23
162568 24 1 0 2 6 19
162599 34 1 0 2 6 17
162634 15 1 0 2 6 34
162636 8 0 0 2 6 34
162637 6 1 1 2 6 25
162639 18 0 0 2 6 37
162641 3 1 1 2 5 31
162642 59 1 0 2 6 18
162644 3 1 1 2 6 48
162645 12 0 1 2 6 23
162646 14 1 1 2 5 23
162647 4 0 0 2 6 18
162648 4 1 0 2 5 24
162814 12 1 0 2 6 53
162815 8 1 1 2 6 42
162816 10 1 0 2 6 15
162817 10 0 0 2 6 20
162819 27 1 1 2 6 17
162820 41 1 0 2 5 26
162825 16 1 1 2 6 18
162827 16 1 1 1 6 27
162828 4 0 1 2 6 27
162942 15 1 1 2 6 47
162944 2 1 1 2 5 27
162945 2 1 1 2 5 21
162946 1 1 1 2 6 23
162947 61 1 1 2 6 43
162948 21 1 1 2 6 26
162949 21 0 1 2 6 22
162952 26 1 1 2 5 16
162953 1 1 1 2 5 41
162955 8 1 1 2 6 28
162956 16 1 1 2 6 26
162957 6 0 1 2 6 45
162958 17 1 1 2 5 16
163144 19 0 0 2 6 31
163147 15 0 0 2 6 17
163154 27 1 0 4 6 42
163237 6 0 1 2 6 40
163239 24 1 1 2 6 36
163244 36 1 1 2 6 33
163247 7 0 0 2 6 46
163248 5 0 0 2 6 48
163250 44 1 0 7 6 18
163251 18 1 0 2 6 15
163252 3 0 0 2 5 47
163258 6 0 0 2 6 32
163259 31 1 1 2 6 27
163260 2 0 1 2 6 30
163298 9 1 1 2 6 30
163299 6 0 1 2 6 52
163301 10 1 0 2 6 28
163303 11 0 0 2 6 43
163305 122 1 0 2 6 18
163423 24 1 1 2 5 29
163424 10 0 1 2 6 15
163425 35 0 0 2 6 29
163426 15 1 1 2 6 39
163427 23 1 0 2 5 16
163429 3 1 1 2 6 29
163432 7 1 0 4 6 44
163433 15 1 0 2 6 49
163527 1 0 1 2 6 34
163529 29 0 0 2 6 16
163530 1 1 1 2 6 32
163531 1 0 0 2 6 42
163532 1 1 0 2 6 38
163533 27 1 1 2 6 32
163535 64 1 1 2 6 16
163537 45 1 0 2 6 18
163538 1 0 1 2 5 34
163539 10 0 0 2 6 32
163540 26 1 1 2 6 17
163541 16 1 0 2 6 46
163599 14 1 0 2 6 54
163600 87 1 1 2 6 17
163601 2 1 0 2 6 16
163603 3 0 0 2 6 39
163606 17 1 0 2 6 28
163607 77 1 0 2 6 33
163608 9 0 0 2 6 45
163610 16 0 1 2 6 38
163618 38 1 1 2 6 25
163681 6 0 0 2 6 26
163683 14 0 1 2 6 34
163688 15 1 1 2 6 24
163689 13 0 1 2 6 26
163836 27 1 0 2 6 21
163837 56 1 0 2 6 44
163839 60 0 0 2 6 55
163848 7 1 0 2 6 39
163921 5 0 0 2 6 36
164037 182 1 0 2 6 43
164038 187 1 0 2 6 17
164066 12 0 1 2 6 24
164120 4 0 1 2 6 45
164121 9 1 1 2 6 32
164122 21 0 0 2 6 45
164138 47 1 0 2 6 23
164139 23 1 0 2 6 27
164140 8 0 0 2 6 23
164142 36 0 1 2 6 30
164143 22 1 0 2 6 27
164144 70 1 0 2 6 23
164214 39 0 1 2 5 21
164257 11 0 0 2 6 24
164339 14 0 0 2 6 28
164341 24 0 1 2 6 30
164344 29 1 0 2 6 46
164346 24 0 0 2 6 21
164348 36 1 0 2 6 25
164416 14 1 0 2 6 30
164417 8 0 1 2 6 33
164466 33 0 1 2 6 25
164468 18 0 0 2 6 25
164482 14 0 0 2 6 36
164483 33 0 1 2 6 30
164484 6 1 0 2 6 46
164485 55 1 0 2 6 33
164792 4 0 1 2 6 34
164793 12 0 0 2 6 45
164794 14 0 1 2 6 25
164797 18 1 1 2 6 29
164866 9 0 0 2 6 39
164867 11 1 1 2 6 35
164868 67 0 0 2 6 40
164869 15 1 0 2 6 35
164870 28 1 0 2 6 26
164871 4 0 1 2 6 40
164872 9 0 0 2 6 37
164977 25 0 0 2 6 27
164979 5 1 0 2 6 31
164981 26 1 0 2 6 51
165102 15 1 0 2 6 25
165103 25 0 1 2 6 20
165105 7 0 0 2 6 35
165106 80 0 1 2 6 41
165107 21 0 0 2 6 32
165108 1 0 1 2 6 44
165191 23 1 1 2 6 47
165192 35 1 0 2 6 26
165193 29 0 0 2 6 52
165208 17 1 1 2 6 42
165209 13 1 0 2 6 40
165210 35 1 1 2 6 25
165211 38 1 0 2 6 30
165213 7 0 1 2 6 45
165254 26 1 1 2 6 33
165259 55 1 0 2 6 52
165260 8 1 0 2 6 24
165261 7 0 0 1 6 21
165263 6 1 1 2 6 43
165341 7 0 1 2 6 25
165343 2 0 0 2 6 21
165412 8 1 0 2 6 55
165416 8 1 0 2 6 44
165417 25 1 1 2 6 31
165448 31 1 1 2 6 21
165450 32 0 0 2 6 26
165451 17 0 1 2 6 37
165452 26 1 0 2 6 16
165453 1 1 1 2 6 46
165548 13 1 0 2 6 30
165549 13 0 0 2 6 24
165550 139 1 0 8 5 23
165551 29 0 0 2 6 29
165552 2 0 1 2 6 23
165553 22 1 0 2 6 31
165601 12 0 1 2 6 24
165689 12 1 1 2 6 33
165692 13 0 0 2 6 25
226795 24 1 1 2 6 14
759734 22 1 0 2 6 19
