112925
19
443
112925 424 1 0 2 6 16
5792 546 1 1 1 6 19
26204 40 1 1 6 6 8
34997 142 0 1 7 6 25
37876 126 1 1 7 6 21
38901 183 1 1 7 6 32
46403 449 1 1 1 6 29
47867 156 0 0 2 6 16
50581 77 1 1 9 6 23
52631 48 1 1 2 6 21
54406 130 0 1 7 5 18
64065 297 1 1 2 6 20
72928 391 1 1 2 6 20
73853 190 1 1 2 6 20
75983 75 1 1 6 6 21
78990 128 1 1 7 6 18
87070 149 1 1 2 5 19
87395 125 1 1 6 6 20
89913 57 1 1 2 5 17
93385 199 1 0 2 6 20
93926 117 1 1 2 6 15
94023 82 1 1 2 6 29
99479 42 1 1 2 5 18
112946 80 1 1 6 6 18
113288 21 0 1 7 6 21
113322 141 0 0 2 6 15
115304 34 0 1 2 5 22
122517 31 1 1 5 6 15
122531 72 1 1 2 6 16
125321 164 1 1 2 6 22
126705 326 1 0 2 6 17
126708 209 1 0 2 6 15
127874 301 1 0 2 6 16
140321 169 1 1 7 6 21
142770 53 1 1 5 6 18
145198 56 0 1 7 6 21
152354 36 1 1 5 5 17
157554 284 1 1 7 6 18
158219 6 1 1 1 6 24
162042 289 1 1 2 6 20
162100 119 1 1 2 6 16
162186 167 1 1 2 6 17
162371 427 1 1 7 6 23
162672 348 1 1 2 6 29
165125 38 1 1 7 6 33
165314 160 1 1 2 6 23
165322 254 1 1 2 6 17
165329 100 0 1 2 6 22
165359 133 0 1 2 6 21
165360 555 1 1 2 6 19
172922 590 0 1 2 6 15
172936 130 1 0 2 6 17
173719 48 1 1 5 6 19
184139 133 1 1 2 6 20
184304 253 1 1 2 6 19
184423 75 1 0 7 6 15
188091 86 1 1 5 6 20
201736 75 1 0 2 6 15
203341 189 1 1 5 6 23
217467 247 1 1 2 6 13
223378 181 1 0 2 6 14
223709 462 1 1 6 6 21
224796 87 1 1 2 6 11
230005 221 1 1 2 6 20
230294 138 1 1 6 6 22
231958 123 1 1 2 6 16
238092 299 1 1 2 6 19
238173 160 1 1 2 6 26
241644 73 0 1 7 6 19
241844 71 1 1 2 6 13
242197 127 1 1 2 6 19
242465 282 1 1 4 6 33
243766 107 0 0 2 6 20
244291 203 1 0 2 6 18
246446 79 1 0 2 6 18
249392 114 1 0 2 6 16
249662 203 1 1 7 6 19
249805 44 1 0 2 5 16
251075 689 1 1 1 6 18
254639 97 1 1 8 6 16
254675 137 1 0 2 6 13
255349 37 1 0 2 5 12
255721 66 1 1 2 6 16
255728 186 0 1 2 6 22
256229 126 0 1 2 6 20
256465 274 1 0 2 6 15
256508 65 1 0 2 6 16
256518 9 0 1 2 6 29
256648 77 1 0 2 6 15
257829 89 1 1 2 6 19
257835 118 1 1 2 6 18
257842 268 1 0 2 6 9
257936 145 1 1 2 6 20
257946 59 1 1 2 6 17
258529 109 1 0 2 6 15
258547 52 0 1 1 6 25
258597 65 0 1 2 6 28
258664 179 0 1 2 6 20
259278 64 1 1 2 6 19
260885 98 1 1 2 6 13
260950 131 1 1 2 6 20
260955 227 1 1 6 6 19
261161 155 1 1 6 6 21
261855 171 1 1 2 6 20
262790 145 1 1 2 6 25
262793 48 1 1 2 6 18
263740 159 0 1 2 6 21
265105 113 1 1 6 6 19
266623 106 1 1 2 6 22
266684 30 1 1 2 6 21
266733 265 1 1 2 6 19
266782 120 1 1 2 6 36
267270 287 1 1 2 6 24
267274 108 0 1 2 6 25
267512 224 1 1 2 5 23
269545 84 1 1 2 6 19
269555 87 1 1 2 6 20
272719 65 1 1 2 6 19
275254 52 1 1 4 6 20
277114 78 1 1 7 6 19
277792 174 0 0 2 6 18
278003 47 1 1 2 6 21
278387 190 1 0 2 6 16
282076 422 1 0 2 6 13
282147 112 1 1 2 6 15
282246 112 0 1 6 6 16
282304 115 1 1 2 6 15
283285 54 1 0 2 5 18
285873 30 1 1 7 6 13
286455 66 1 1 7 6 20
286458 44 1 1 7 5 19
286469 74 1 1 7 5 19
286955 24 1 1 7 6 22
290426 36 0 1 7 6 19
292595 10 1 0 0 6 12
302778 96 1 0 2 6 18
312339 69 1 1 5 6 17
313110 136 0 1 5 6 21
321803 7 1 0 2 6 27
325289 132 1 1 7 6 20
330213 171 1 1 2 6 16
331558 155 1 1 6 6 21
332500 208 1 1 2 6 28
332810 155 1 1 6 6 22
333028 96 1 1 2 6 20
334248 229 1 1 6 6 19
334687 112 1 1 6 6 20
335670 49 1 1 6 6 20
336008 192 1 1 2 6 19
343070 40 1 1 2 5 21
357677 110 1 1 7 6 17
358601 44 1 1 1 6 27
369844 23 1 1 5 6 18
370958 70 1 1 2 6 16
371021 118 1 1 2 6 16
375568 167 1 1 6 6 29
375664 275 1 1 2 5 11
376814 124 1 1 5 6 32
377497 131 1 1 7 6 18
377600 107 1 1 2 6 28
377662 34 0 1 2 6 17
381271 24 1 1 5 6 20
385928 72 0 1 2 6 17
389076 17 1 1 2 6 16
389748 53 1 1 6 6 18
391977 105 1 0 7 6 10
403139 67 1 1 4 6 16
409235 93 1 1 2 6 13
411639 40 1 1 6 6 20
414058 42 1 1 2 6 26
414919 79 0 1 7 6 17
416062 14 1 1 4 6 22
416380 52 1 1 2 6 20
417424 26 1 1 4 6 23
420187 43 1 1 1 6 20
421112 69 0 0 4 6 13
421178 41 1 1 2 6 17
421213 174 1 1 6 6 14
421618 112 1 1 7 6 18
422235 270 1 0 2 6 16
422243 69 1 1 2 6 14
422254 116 1 1 7 6 22
428339 7 0 1 0 6 21
439236 9 1 1 7 6 14
439907 38 0 1 2 6 18
444477 77 1 0 2 6 17
454481 170 1 1 7 6 16
463240 62 1 1 2 6 16
463851 39 1 1 4 6 15
465045 36 1 0 7 6 16
467764 83 0 1 2 6 13
473892 317 1 1 2 5 15
481306 52 1 1 7 6 18
482378 55 1 1 7 6 16
483695 40 0 1 7 6 23
485552 77 1 1 7 6 22
487144 191 1 0 2 6 16
487287 111 1 0 6 6 17
487549 56 1 1 2 6 16
489584 111 1 0 2 6 18
489647 80 1 0 2 6 21
490190 35 1 1 6 5 17
491496 117 1 1 6 6 17
492696 96 1 1 6 6 26
494813 55 1 1 7 6 15
495613 62 1 1 7 6 15
497619 67 1 1 2 5 20
499964 102 1 0 2 6 23
507241 44 1 1 2 6 17
507354 92 0 1 2 6 18
507499 95 1 1 2 6 18
507500 24 0 1 2 6 18
507507 46 1 1 2 6 18
507558 124 0 1 6 6 17
507566 110 1 1 2 6 21
509081 122 1 1 2 6 18
513442 32 1 1 2 5 15
513446 48 1 1 2 5 15
513507 71 1 1 2 6 17
513512 59 1 1 2 6 20
513550 101 1 0 2 6 16
513551 26 1 1 2 6 20
513553 29 0 1 2 6 21
513584 59 1 1 4 6 20
513824 123 1 1 2 6 21
513827 117 1 1 2 6 17
514032 41 1 1 2 6 22
514035 240 1 1 2 6 20
514062 151 1 1 7 6 21
514416 108 1 1 2 6 25
514621 32 1 1 2 6 17
520273 29 1 1 7 6 21
525257 52 1 1 2 5 20
525624 166 1 1 2 6 19
527397 62 1 0 2 6 15
527889 74 1 1 2 6 18
527896 50 1 0 2 5 18
527941 115 1 1 2 6 23
528101 101 0 1 2 6 20
528378 136 1 0 2 6 17
528799 52 1 1 2 5 20
528943 70 1 1 2 6 17
528949 68 1 0 2 6 19
529011 78 1 1 2 5 17
530243 71 0 1 2 6 20
531045 40 1 1 2 5 13
531046 55 1 1 2 5 18
536714 78 1 1 2 6 20
536809 33 1 1 7 6 17
536878 120 1 1 2 6 20
538153 26 0 1 2 6 23
538865 54 1 1 2 6 16
538866 43 1 1 2 6 18
539991 118 1 1 2 6 20
540981 27 1 1 7 6 17
543133 59 1 1 5 6 22
543538 101 1 1 2 6 17
543649 41 1 1 4 6 19
543651 47 1 1 2 5 19
543736 23 1 0 2 5 13
551052 117 1 1 2 6 17
551100 34 1 1 7 6 18
551301 38 1 1 2 6 15
553627 88 1 1 4 6 15
553628 70 1 1 6 5 15
559630 100 1 1 6 6 19
567091 24 1 1 2 6 18
568785 59 1 1 4 6 21
576949 65 1 1 2 6 15
582816 44 1 0 2 6 14
586649 13 1 1 2 5 29
587056 54 1 1 2 6 16
593989 42 1 1 7 6 27
597031 42 1 1 2 5 17
597043 116 1 1 2 6 15
597160 31 1 1 2 6 38
598530 26 1 1 1 5 20
598591 84 1 1 2 6 21
606808 17 1 1 2 6 17
614265 89 1 1 2 6 18
617565 118 1 1 2 6 22
618317 42 1 0 2 6 19
621290 78 1 1 2 6 20
625279 122 1 0 2 5 14
625370 176 1 1 2 6 17
630432 46 1 1 6 6 21
642113 66 1 1 5 6 16
652842 14 0 1 2 6 27
666935 24 1 0 5 6 17
668415 16 1 0 2 6 38
670868 143 1 0 2 6 18
675783 41 1 1 2 6 20
675823 80 1 0 2 6 15
690163 40 1 1 2 5 16
691155 26 1 1 2 5 13
691240 25 1 1 2 6 17
694266 28 1 1 2 5 20
694790 139 1 1 2 6 20
697879 74 1 1 7 6 21
699091 99 1 1 2 6 18
700100 11 1 1 2 5 14
700125 64 1 1 2 5 17
704788 45 1 1 2 6 16
711486 57 1 1 6 5 15
718078 51 1 1 2 6 17
729362 30 1 1 2 5 13
732009 11 1 0 2 5 16
736009 59 1 1 7 6 33
756200 95 1 0 2 6 16
757212 15 1 0 2 6 18
757593 41 1 0 2 6 16
760065 73 1 0 2 6 20
763634 27 1 1 6 6 19
766568 13 1 0 2 6 25
774487 46 1 1 7 6 18
775763 26 1 0 2 5 22
777343 109 1 0 2 6 20
779743 11 1 1 2 6 19
782076 18 1 1 6 6 15
783776 38 1 0 2 6 14
784660 34 1 1 2 5 19
791216 64 0 1 2 6 16
791248 12 1 1 4 6 18
791340 21 1 1 8 5 15
791341 9 1 1 5 6 25
791342 22 0 1 2 5 16
791343 20 1 1 2 6 20
792242 39 1 0 2 6 18
793553 68 1 1 2 6 26
805392 54 1 1 7 6 21
809784 142 1 1 2 6 26
811650 30 1 1 2 6 14
816808 15 1 1 2 5 14
817029 21 1 1 2 6 20
832670 19 0 1 6 6 22
837832 23 1 1 7 6 16
840291 46 1 1 6 6 27
844131 22 1 1 9 6 16
844132 31 1 1 2 6 21
844328 74 1 0 2 6 18
845725 45 1 1 8 6 18
849513 69 1 0 2 6 18
849514 76 1 0 2 6 16
849537 50 1 1 2 6 18
866486 8 1 1 2 5 16
888540 52 1 1 2 6 10
891494 26 1 1 7 6 24
900170 49 1 1 6 6 15
900475 6 1 1 2 6 29
900966 14 1 1 2 6 100
901590 14 1 1 2 5 22
901882 13 1 1 2 6 20
901884 11 1 1 1 6 20
901925 12 1 1 2 5 23
901962 21 1 0 2 6 16
901973 20 1 1 1 6 18
901974 39 1 1 2 6 18
901980 20 1 1 7 6 33
901981 3 1 1 6 6 20
901982 14 1 1 6 6 17
901983 17 1 0 2 6 14
901984 9 1 0 4 6 21
901987 104 1 1 2 6 15
902005 10 1 0 2 5 16
902006 11 1 0 2 6 25
902007 22 1 0 2 6 20
902008 9 1 0 2 6 15
902009 31 0 0 2 6 16
902020 44 1 1 6 6 15
902021 19 1 1 2 6 12
902022 9 1 1 2 6 13
902028 13 1 0 2 6 15
902030 27 1 0 2 6 20
902031 77 1 1 2 6 21
902032 20 1 1 2 6 19
902033 14 1 1 7 6 19
902037 14 1 0 2 6 15
902038 12 1 1 2 6 25
902039 25 1 1 2 5 17
902053 10 1 1 2 6 15
902054 4 1 0 2 6 19
902055 25 1 1 2 6 15
902056 33 1 1 2 6 19
902070 16 1 1 2 5 17
902071 37 1 0 2 5 29
902072 10 1 0 2 5 29
902073 15 1 1 4 5 29
902076 34 1 0 2 6 19
902086 1 1 1 2 6 21
902087 72 1 0 2 6 23
902095 32 1 1 2 6 22
902096 8 1 1 7 6 32
902149 10 1 1 2 5 11
902159 13 1 1 2 5 15
902160 30 1 0 2 5 12
902289 41 0 1 7 6 25
902320 19 1 1 2 5 29
902329 38 0 0 2 5 13
902330 34 1 1 6 6 15
902332 2 1 1 2 6 12
902366 19 1 0 2 5 20
902367 22 1 0 2 6 20
902368 4 1 1 6 6 23
902369 23 1 1 2 6 15
902380 1 1 1 2 6 17
902383 6 1 1 6 5 17
902385 27 1 1 6 6 24
902403 6 1 1 7 5 15
902421 12 1 0 6 5 12
902479 28 1 1 2 6 18
902523 50 1 0 2 6 17
902524 13 1 1 7 5 17
902540 15 1 0 2 6 36
902926 1 0 1 2 6 17
902927 3 1 1 1 6 35
902928 9 0 1 5 6 25
902949 23 1 0 2 6 10
902950 20 1 0 6 5 14
902952 4 1 1 2 6 19
903162 28 1 0 2 6 14
903167 8 1 0 2 6 35
903168 10 1 1 2 5 15
903184 17 1 1 7 6 15
903185 1 1 1 2 6 17
903186 12 1 1 2 5 20
