147079
19
484
147079 640 1 0 4 6 17
30576 23 1 0 4 5 14
32388 16 0 0 7 5 19
36584 68 0 0 8 6 20
41935 41 1 0 3 6 17
42747 58 0 0 5 6 19
45087 15 0 0 5 6 19
48176 61 1 0 4 6 17
50628 224 1 0 7 6 17
56260 64 1 0 5 6 17
63276 33 0 0 2 6 19
63773 53 1 0 2 6 19
68596 508 1 0 4 6 21
79232 9 1 0 2 6 19
79233 116 1 0 0 6 16
87566 10 1 0 3 5 18
87950 42 1 0 4 5 16
88284 29 1 0 2 5 16
88319 67 1 0 4 6 17
88430 15 1 0 5 5 16
88439 21 1 0 4 6 19
91063 5 0 0 4 5 18
91879 32 0 1 2 6 19
93063 38 1 0 2 6 19
97371 98 1 0 2 6 18
97417 6 1 0 9 5 16
106922 32 1 0 0 6 17
111438 37 0 0 0 6 15
111597 7 0 0 4 6 19
113193 18 1 0 0 6 16
113202 390 0 0 4 6 14
115764 15 0 0 0 6 17
129435 53 0 0 4 5 18
130163 23 1 0 4 6 18
131063 14 1 0 8 6 16
141086 312 1 0 9 6 19
146253 37 1 1 4 5 18
147081 48 1 0 4 5 20
147121 20 0 1 4 6 17
147123 52 1 0 4 6 17
147127 28 1 0 4 6 19
147128 110 1 0 4 6 19
147131 105 1 1 4 6 18
147132 35 1 0 4 6 16
147135 47 1 0 4 5 19
147138 185 1 0 4 5 16
147191 51 1 0 2 5 13
147335 64 1 0 1 6 17
147339 14 1 1 4 5 18
147400 10 0 1 4 5 18
147404 30 1 0 4 6 16
147406 16 1 0 4 5 19
147408 26 1 1 4 6 18
147409 80 1 0 4 6 19
147503 40 1 1 4 6 18
147516 50 0 1 4 6 18
147656 6 1 0 2 5 17
147657 33 1 0 4 5 19
147706 50 0 0 4 5 19
147708 21 1 0 5 5 20
147840 98 1 0 4 6 19
147842 16 0 0 4 5 19
147846 5 0 0 4 6 18
147853 31 1 1 4 6 18
148378 83 1 0 4 6 24
148419 57 0 0 4 6 14
148420 15 1 1 4 5 15
148785 6 0 0 4 6 19
148786 18 1 0 1 6 18
148789 12 1 0 4 5 26
148895 7 0 0 4 5 26
148908 11 0 0 4 6 12
148993 12 0 0 4 6 16
149047 29 1 1 4 5 15
149400 29 0 1 4 6 19
150956 8 0 0 7 6 59
152941 26 1 0 1 6 19
153902 8 0 0 7 5 15
154447 9 0 0 4 6 19
154476 105 1 0 4 6 26
154747 15 0 0 4 6 14
154750 8 1 0 1 5 17
154766 31 0 0 0 5 21
154810 26 1 1 4 5 15
154908 56 1 0 4 6 17
154972 20 1 0 1 5 17
154975 22 0 0 8 5 17
157855 119 1 0 3 6 15
158009 87 1 0 2 6 18
158012 37 1 0 4 6 17
158013 44 1 0 8 5 17
158015 13 1 1 7 6 21
159752 20 1 0 2 5 14
160219 68 1 0 1 6 16
163440 76 1 0 2 6 16
163472 7 1 0 2 5 13
163767 24 1 0 6 5 18
166506 10 0 0 6 6 16
167608 26 0 1 4 5 18
172583 5 0 0 6 6 18
181393 8 1 0 7 6 19
182862 36 1 0 2 6 19
184471 26 0 0 2 6 18
185594 13 0 0 2 6 15
193260 15 1 0 2 6 17
194556 13 0 0 0 5 18
199837 29 1 0 4 6 16
203546 52 1 1 0 6 21
207316 9 0 0 0 6 17
208516 11 1 0 4 6 17
211664 164 1 0 8 5 18
213426 54 1 1 9 5 18
213544 39 1 0 4 6 17
214727 55 1 0 4 6 21
214732 644 1 0 4 6 16
224278 89 1 0 6 6 14
226225 43 0 0 6 6 15
226277 41 1 0 6 6 15
228170 21 0 0 1 6 17
230523 20 1 0 6 5 18
232028 22 0 0 5 6 18
243147 20 1 0 3 5 15
244235 7 1 0 2 6 17
250764 123 1 0 1 6 18
254482 26 0 0 4 6 20
254816 25 1 0 0 6 14
256123 72 0 0 2 6 17
256515 29 1 0 2 5 15
259995 27 0 0 9 6 18
261297 20 0 1 4 6 16
266563 20 0 0 2 5 17
268026 101 1 0 8 5 16
271890 24 1 0 4 5 21
275763 31 0 0 2 6 19
276477 41 1 0 1 6 20
277219 29 0 0 4 5 21
278778 65 0 0 6 6 28
280217 23 1 0 2 5 17
282550 57 1 0 6 6 20
283366 21 1 0 1 6 18
284245 10 0 0 6 6 16
285323 13 1 0 2 5 16
285327 21 1 0 4 5 17
288488 12 0 0 4 5 19
290235 26 0 0 4 6 22
290823 9 1 0 4 6 22
293193 26 1 0 9 6 21
296041 11 1 0 4 5 16
296254 28 1 0 7 6 19
296403 23 0 0 4 6 19
296531 23 1 0 1 6 17
297016 55 1 0 4 6 19
297515 11 1 0 4 6 19
300583 73 1 0 0 6 17
305406 49 1 0 6 6 19
311546 9 0 0 6 6 17
312179 21 1 0 0 6 19
314347 22 1 0 4 6 19
314399 177 1 0 4 6 17
314437 70 1 0 4 5 18
319243 12 0 0 2 6 19
331071 30 1 0 6 6 19
331359 41 1 0 8 6 20
331431 30 1 0 3 5 19
331470 8 1 0 6 5 19
331541 12 1 0 5 5 19
338470 36 1 0 1 6 19
344780 65 1 0 4 6 26
347086 107 1 0 8 5 18
348772 60 0 0 4 6 26
349009 36 1 0 2 6 22
350372 51 1 0 7 5 20
350389 12 0 0 2 6 15
350455 60 0 0 2 6 18
350620 85 1 0 2 6 21
351451 56 0 0 4 6 29
353240 33 1 0 1 6 21
353998 14 1 0 1 6 18
354711 35 1 0 1 6 18
355405 29 0 0 8 6 17
356294 9 0 0 9 6 15
358830 6 0 0 4 6 15
360515 17 0 0 5 6 20
361275 14 0 0 7 6 17
365875 53 1 0 4 6 18
367776 15 0 0 9 6 22
367811 18 0 0 9 5 20
369498 25 0 0 6 5 18
373041 30 1 0 4 5 17
375802 9 0 0 0 6 16
377636 80 0 0 4 6 15
382417 31 0 0 4 6 18
384235 27 0 0 4 6 18
384300 15 1 0 7 5 19
384576 35 1 0 2 5 22
384755 34 0 0 4 6 21
384758 23 0 0 4 6 15
384840 32 1 0 2 5 20
384867 20 1 0 2 5 19
384868 8 0 0 1 5 18
384965 9 0 0 4 6 18
385104 20 1 0 4 5 18
385137 15 0 0 4 6 22
385781 18 0 0 2 5 15
385827 8 0 0 4 5 17
385828 12 0 0 1 6 21
385830 9 1 0 4 5 16
385833 41 1 0 1 5 16
385932 38 1 0 1 6 14
385955 12 0 0 9 6 19
386101 16 0 0 2 5 14
386122 18 0 0 2 5 15
386163 28 1 0 2 5 15
386164 43 1 0 1 5 17
386166 6 1 0 2 6 17
386169 33 1 0 4 6 17
386211 16 1 0 2 6 14
386213 10 0 0 4 6 16
386218 19 1 0 2 5 16
386275 5 0 0 4 5 16
386391 15 1 0 4 5 18
386392 8 1 0 9 5 14
386409 19 0 0 6 6 19
387040 28 0 0 4 6 18
387076 28 1 0 7 6 19
387206 13 0 0 2 6 18
387418 44 1 0 2 6 16
387746 58 1 0 1 6 16
389080 12 1 1 0 6 20
389081 61 1 0 1 6 16
389455 16 1 0 1 6 16
389693 8 1 0 9 6 16
389934 24 0 0 9 6 16
390379 19 1 0 7 5 17
391382 12 0 0 7 5 17
392926 23 1 0 4 6 17
407447 12 1 0 2 6 17
423350 10 1 0 4 6 18
423593 17 0 1 7 6 15
423681 10 0 0 3 6 19
423948 27 0 0 6 6 18
427447 22 1 0 7 5 17
427516 15 1 0 1 6 17
428538 2 0 0 8 6 19
429557 60 1 0 4 6 19
429618 9 1 0 4 6 18
429619 16 1 0 6 5 18
430560 22 1 0 2 6 17
431011 15 1 0 6 5 19
432592 4 1 0 8 6 15
435254 9 1 0 0 6 18
435429 45 1 1 9 6 18
440187 21 1 0 2 6 19
441218 9 1 0 2 5 15
442988 6 0 0 1 6 19
444413 17 0 0 7 5 17
447722 19 1 0 1 6 17
454735 9 0 0 1 5 17
455104 21 1 0 4 5 19
455525 31 1 0 8 6 18
456639 39 1 0 6 6 18
458761 6 1 0 4 5 16
458763 24 1 0 6 5 16
458833 14 0 0 1 6 18
464447 11 0 0 4 6 18
464549 12 0 0 4 5 16
465375 4 0 0 4 6 14
466564 41 0 0 2 6 14
467911 2 1 0 7 5 17
469666 16 1 0 4 5 16
469820 13 1 0 1 6 18
472274 17 1 0 1 5 17
473444 47 1 0 5 6 17
473691 39 1 0 1 6 15
474581 10 1 0 1 5 15
474672 32 1 0 2 6 17
478675 91 1 1 4 6 18
478680 15 1 1 1 5 16
478870 31 1 0 4 6 21
479976 26 1 0 2 6 21
480083 17 0 0 4 6 19
484191 32 0 0 2 6 17
484254 39 1 0 4 6 16
484711 19 1 0 5 6 18
485156 77 1 0 8 6 12
487652 23 1 0 2 6 18
489036 10 1 0 2 5 21
489044 7 1 0 2 5 20
489219 28 1 0 1 5 17
489321 5 0 0 5 5 18
502165 19 1 0 0 5 18
506709 22 1 0 5 5 16
513348 32 1 0 1 6 17
517542 14 0 0 4 5 19
517668 51 1 0 8 5 19
522056 23 1 0 2 5 14
523362 42 1 0 6 5 16
523444 144 1 0 4 6 19
523588 24 1 0 6 6 17
523624 23 1 1 7 6 17
523625 56 1 0 6 6 15
524653 26 1 0 6 5 20
524654 15 0 0 4 6 17
524696 9 1 1 1 5 19
524703 5 1 1 6 5 19
524704 36 1 0 4 5 19
524749 12 1 0 1 5 18
524754 9 0 0 6 5 16
524808 20 1 0 2 5 16
524850 14 1 0 1 6 17
524852 19 1 0 4 5 20
525126 17 1 0 0 6 20
529228 10 1 0 4 5 15
531730 7 0 0 4 6 17
533723 22 0 0 4 6 17
534771 5 0 0 4 5 18
539062 9 1 0 2 6 17
540912 5 1 0 4 5 17
542878 15 0 0 4 6 17
542917 29 0 0 4 5 21
552040 15 1 0 4 6 16
557296 11 1 0 4 5 14
557299 13 0 0 4 6 16
559817 17 1 0 4 5 19
561427 34 0 1 6 6 14
562332 39 0 0 4 5 15
562756 11 0 0 4 6 16
563228 83 0 0 4 6 19
564013 34 1 0 4 5 20
565506 12 1 0 4 5 17
571621 30 1 0 4 5 15
583987 5 0 0 1 6 19
591320 7 1 0 5 5 18
591792 10 1 0 4 6 14
601371 6 0 0 7 6 17
601875 5 0 0 7 6 17
602861 5 0 0 9 6 17
602954 4 0 1 4 6 17
603015 5 0 1 7 6 18
603018 11 0 1 7 6 18
625578 4 0 0 2 6 15
633391 10 1 0 4 6 14
643604 19 1 0 2 5 20
645808 29 0 0 4 6 14
646363 71 1 0 4 6 2
646513 14 1 0 4 6 14
646936 11 1 0 4 6 19
647570 23 1 0 4 5 21
647715 17 1 0 4 5 22
647716 23 1 0 4 5 21
648056 10 0 0 4 5 19
661457 8 0 0 2 5 15
664271 12 0 0 4 6 19
665320 19 1 1 4 6 17
670119 11 1 0 0 5 16
670803 7 0 0 4 5 17
675514 13 1 0 4 5 19
675515 30 1 0 4 5 18
675849 13 0 0 1 6 17
676363 6 1 1 4 6 16
676523 4 0 0 6 6 20
676525 16 1 0 4 6 19
677113 17 1 0 7 5 15
677115 20 1 0 4 5 26
688175 13 0 0 1 6 21
694882 66 1 0 6 5 17
694937 18 0 0 6 5 17
694940 21 0 0 9 6 20
695450 29 0 0 2 6 15
699908 13 1 0 3 6 17
702270 60 1 0 4 6 19
713627 16 1 0 6 6 14
713654 4 1 0 6 6 11
713913 9 1 0 1 6 20
726936 15 1 0 1 6 17
729118 17 1 0 7 5 14
729200 8 0 0 5 5 17
730637 24 1 0 9 6 17
739407 15 0 0 5 6 16
740730 14 1 0 6 6 16
750718 21 1 0 1 6 15
750809 9 0 0 3 6 20
753556 13 1 0 2 5 20
758191 32 1 0 2 6 16
758276 31 1 0 2 5 19
758699 4 1 0 2 6 17
760265 3 0 0 4 5 17
760528 11 1 0 2 6 15
760543 5 1 0 6 6 14
760549 9 1 0 2 6 16
760550 6 1 0 7 6 16
760572 7 1 0 9 5 16
760573 6 0 0 4 5 16
760675 20 0 0 4 6 18
766927 24 1 0 7 5 25
767645 6 0 0 4 6 19
769206 1 1 0 6 6 16
772952 10 1 0 4 5 19
775669 11 1 0 4 5 16
776845 15 1 0 4 5 18
778113 27 1 0 2 5 15
778265 4 1 0 2 5 16
781014 10 0 0 4 5 17
783053 21 0 0 4 5 17
783155 18 1 0 4 5 19
783366 5 1 0 0 5 18
783368 12 1 0 0 5 18
783369 8 1 0 6 5 18
783632 5 1 0 6 6 17
783664 11 1 0 0 6 16
783681 18 1 0 4 5 18
785089 11 1 0 9 5 19
785693 28 0 0 7 5 17
792337 7 1 0 2 6 21
795267 5 0 0 6 5 16
800792 24 1 0 2 6 17
805768 8 0 0 1 5 15
806713 6 1 0 2 6 17
807655 12 1 0 4 5 18
811563 4 0 0 6 6 18
813463 30 1 0 3 6 23
815488 19 1 0 7 6 16
819898 15 1 0 6 5 15
819965 9 1 0 4 5 21
820895 7 0 1 4 5 19
820896 31 1 0 5 5 16
820911 4 1 0 6 6 17
820928 4 0 0 5 5 17
820931 5 1 0 8 5 17
820974 2 0 0 1 6 26
821018 17 1 0 1 6 20
822591 22 1 0 2 6 18
822665 17 1 0 6 5 19
830241 13 1 0 1 5 19
831399 13 1 0 5 6 17
835494 9 1 0 2 5 19
842366 19 1 1 4 6 22
843026 8 0 0 1 5 20
844182 7 0 0 7 6 20
847211 2 0 0 9 6 18
852159 3 0 0 4 5 16
853125 10 0 0 4 5 16
854468 2 0 0 4 5 11
867996 22 1 0 4 5 19
876597 13 1 0 4 5 19
882713 75 1 1 4 6 19
897380 11 1 0 2 5 15
898075 4 1 0 9 5 18
899919 15 1 0 6 5 18
900103 10 1 0 8 6 18
900166 10 0 1 1 6 17
900176 12 0 0 4 5 19
903347 8 0 0 2 5 15
903348 18 1 0 2 5 19
903610 2 0 0 2 6 15
905818 2 1 0 2 5 17
910084 4 0 0 0 6 18
917858 8 1 0 9 5 20
917863 10 1 0 6 6 17
922801 8 1 0 9 5 16
926390 2 0 0 4 6 20
938553 13 1 0 2 5 17
943480 8 0 0 2 6 14
943560 13 1 0 4 5 15
944091 12 1 0 8 6 13
944913 5 1 0 4 5 15
946397 9 1 0 8 6 19
947448 23 1 0 6 5 17
949930 19 1 0 4 6 19
952495 8 1 0 1 6 25
954319 2 1 0 2 5 17
954434 8 1 0 8 5 18
954471 9 1 0 8 6 22
957151 11 1 1 6 5 17
961286 16 1 0 1 6 18
964053 11 1 0 6 5 16
964251 22 1 0 6 5 17
964440 16 1 0 4 6 19
964985 7 1 0 4 5 16
964988 7 1 0 6 5 19
965011 12 1 0 2 5 18
965088 9 1 0 2 5 18
970845 9 1 0 1 5 17
973620 10 1 0 2 6 14
974166 13 1 0 2 5 16
974500 7 1 0 2 6 18
979435 8 1 0 8 5 20
985592 8 1 0 7 5 19
985664 3 1 0 2 6 49
985910 4 1 0 9 6 18
986099 5 1 1 4 5 16
986152 2 1 0 1 5 16
986178 16 1 0 6 5 19
986266 5 1 0 2 6 15
986291 10 1 0 6 5 19
986292 6 1 0 4 6 20
986354 14 1 0 0 5 18
986468 8 1 0 5 5 18
986490 12 0 0 1 5 16
986508 10 1 0 7 6 16
986509 6 0 0 8 6 15
986510 4 1 0 9 6 17
986511 8 0 0 2 5 15
986512 36 1 0 1 6 19
986536 11 1 0 3 5 18
986540 4 1 0 2 5 20
986543 8 0 0 4 6 15
986544 5 1 0 0 6 20
986546 4 0 0 7 5 16
986547 4 1 0 2 5 18
986554 3 1 0 4 5 16
986560 1 1 0 2 5 17
986561 9 1 0 1 5 17
986562 2 1 0 7 5 15
986563 1 1 0 1 6 20
986576 5 1 0 2 5 17
986577 5 1 0 2 5 22
986582 2 0 0 4 6 16
986584 9 1 0 4 6 18
986585 18 1 0 4 6 16
986616 9 0 0 4 5 15
986639 4 0 0 1 6 19
986654 14 1 0 2 5 18
986656 6 1 0 9 5 19
986678 6 1 0 0 5 16
986679 1 1 0 6 5 17
986682 6 1 0 2 5 17
986684 4 1 0 2 5 18
986687 5 0 0 7 6 15
986693 16 1 0 6 6 16
986703 3 1 0 2 5 25
986704 7 1 0 6 5 16
986705 6 1 1 8 6 19
986709 7 0 0 9 6 16
986727 1 0 0 0 6 16
986729 7 1 0 4 6 15
986730 5 1 0 2 6 14
986749 2 0 0 4 5 17
986751 13 1 0 8 6 15
986763 3 1 0 4 5 16
986766 5 1 0 4 6 18
986778 1 1 0 1 5 20
986779 4 0 0 2 6 15
986780 4 1 0 4 5 16
986803 2 1 0 8 6 17
986804 2 1 0 4 5 18
986806 1 1 0 8 5 15
986807 24 1 0 4 6 19
986808 4 1 0 2 5 19
986809 9 1 0 1 6 19
986812 1 1 0 8 5 18
986813 1 1 0 6 6 17
986855 5 0 0 4 5 18
986871 13 1 0 4 5 19
986873 5 1 0 2 5 16
986877 4 1 0 9 5 20
986881 8 1 0 7 5 18
986900 8 1 0 8 5 19
986905 1 1 0 0 5 19
986908 2 1 0 4 6 17
986909 1 1 0 6 6 18
986911 13 1 1 4 5 17
986912 2 1 0 4 5 13
986913 1 1 0 4 5 20
986914 4 0 0 2 5 15
986917 8 1 0 2 6 17
986931 12 1 0 6 5 18
986932 1 1 0 4 5 18
986935 1 1 0 4 6 22
986939 2 0 0 4 6 18
986950 3 1 0 6 6 16
986951 4 0 0 9 6 17
986952 2 1 0 0 6 16
986953 21 0 0 2 6 15
986954 1 0 0 2 6 15
986955 10 1 0 2 6 16
986956 5 1 0 1 6 15
986976 5 1 0 2 6 15
986978 3 0 0 2 6 15
986979 1 1 0 4 6 16
986980 5 1 0 2 5 18
986981 8 1 0 6 6 16
986982 4 0 0 2 6 15
986983 33 1 0 4 6 15
986984 9 0 0 4 6 18
987001 10 0 0 1 5 15
987002 11 1 1 4 5 17
987003 20 1 0 8 6 16
987040 6 1 0 4 5 19
987055 17 1 0 6 6 17
987071 3 1 0 7 5 18
987072 5 1 0 9 5 29
987073 7 1 0 4 6 20
987074 7 1 0 4 6 15
987075 10 1 0 4 6 14
987084 5 1 0 3 5 14
987087 7 1 0 2 5 19
987088 2 1 0 2 5 20
987100 2 0 0 1 6 16
987101 14 1 1 4 6 16
987102 13 1 0 4 5 17
987103 2 1 0 2 5 17
987104 2 1 0 1 5 17
987105 18 0 1 4 6 16
987107 5 0 0 2 6 15
987108 6 0 0 2 5 15
987137 2 0 0 4 5 19
987138 2 1 0 6 5 16
987139 3 1 0 7 6 17
987146 7 1 0 8 6 16
987148 13 1 0 4 6 18
987154 2 1 0 2 5 16
987155 7 1 0 1 5 18
987170 2 0 0 2 6 18
987183 3 0 0 1 6 21
987202 4 0 0 1 5 17
987208 5 1 0 2 5 17
987216 5 1 0 3 5 16
987225 6 0 0 4 5 17
987427 8 1 0 6 6 18
987428 3 0 0 4 5 18
987513 7 1 0 1 5 19
987514 7 1 0 8 5 16
987638 46 1 0 4 6 21
987640 9 1 0 2 5 15
987652 4 1 0 8 6 20
987684 18 1 0 4 5 16
987689 4 1 0 4 5 19
987691 8 1 0 3 5 17
987842 2 0 0 4 5 23
987905 8 1 0 4 5 19
987933 19 1 0 6 5 17
988114 8 1 0 8 6 17
988119 9 1 0 6 5 16
988130 8 1 0 4 6 25
988139 9 1 0 4 5 18
988162 6 1 0 1 5 21
988164 4 0 0 1 6 17
988165 5 1 0 8 5 18
988178 6 1 0 9 5 20
988190 2 0 1 6 5 18
