36577
19
2031
36577 760 1 1 2 6 21
1636 90 1 0 0 6 20
1769 60 0 0 0 6 23
4904 30 0 0 2 6 20
4987 100 1 0 5 6 19
5055 49 0 0 5 6 21
9044 43 0 0 4 6 20
9352 78 1 0 2 6 21
9674 57 1 1 2 6 21
9795 64 1 0 0 6 17
10052 54 1 0 8 6 20
12509 161 1 0 2 6 20
12854 192 0 0 0 6 19
12947 47 0 0 5 6 20
13434 60 0 0 0 6 20
14564 72 0 0 8 6 20
14717 85 0 0 5 6 21
14724 47 0 0 0 6 21
15507 57 0 0 2 6 19
18040 70 1 0 0 6 18
18506 80 0 0 0 6 22
18757 100 1 0 0 6 20
19434 264 1 1 2 6 21
19857 57 0 0 2 6 19
23231 47 0 0 2 6 20
27121 178 1 0 8 6 21
28850 85 0 0 6 6 23
29379 45 1 0 2 6 19
29754 77 0 0 2 6 17
29806 54 0 0 7 6 20
29825 19 0 0 4 6 18
31763 40 0 0 4 6 55
32519 44 1 0 2 6 22
34545 95 1 0 0 6 18
34736 82 1 0 2 6 18
35918 147 1 0 0 6 20
36117 98 1 0 8 6 21
36438 20 0 0 0 6 20
37019 123 1 0 1 6 19
37752 24 0 0 9 5 22
37996 37 0 0 3 6 20
38051 85 1 0 0 6 22
38258 50 0 0 3 6 19
39471 41 0 0 2 6 19
41259 22 0 0 2 6 21
41280 22 0 0 3 6 23
41896 55 1 0 3 6 23
41900 74 1 0 3 6 21
42489 80 1 0 4 6 19
43797 28 0 0 5 6 20
43965 112 1 0 0 6 20
44091 109 1 0 7 6 21
44838 7 0 0 1 6 18
45044 100 1 0 0 6 19
45738 138 1 0 2 6 18
46257 70 1 0 7 6 18
46417 78 0 0 0 6 17
46454 171 1 0 2 6 18
46456 51 0 0 2 6 21
47510 62 1 0 3 6 18
47670 66 0 0 6 6 21
49325 245 1 0 2 6 19
49858 60 1 0 0 6 18
49940 41 0 0 2 6 19
49969 94 1 0 2 6 20
51542 128 1 0 6 6 19
52050 272 1 0 0 6 21
52091 145 1 0 0 6 18
52909 78 0 0 8 6 19
53047 48 1 0 2 6 18
53141 36 0 0 3 6 21
53435 41 0 0 2 6 21
53572 84 0 0 1 6 18
53728 100 1 0 7 6 21
53782 32 0 0 2 6 19
54186 78 0 0 0 6 20
54554 18 0 0 6 6 21
54565 64 1 0 7 6 21
55043 157 1 0 8 6 19
55639 62 1 0 0 6 24
56441 102 0 0 2 6 20
56697 71 0 0 4 6 26
56911 55 1 0 2 6 27
56941 86 1 0 7 6 17
57423 175 1 0 2 6 23
57809 243 1 0 2 6 21
58282 166 0 0 0 6 18
58531 146 1 0 5 6 21
58559 15 0 0 4 6 19
58955 170 0 0 2 6 18
59462 40 1 0 3 6 23
59588 127 1 0 2 6 18
59635 40 0 0 3 6 28
59822 84 1 0 0 6 20
59924 16 0 0 1 6 26
60109 9 0 0 3 6 21
60681 144 1 0 2 6 21
62391 43 0 0 2 6 18
63557 89 1 0 0 6 17
63768 171 1 0 7 6 23
64037 57 0 0 2 6 20
64080 115 1 0 2 6 19
64993 160 1 0 2 6 18
65088 86 0 0 0 6 18
65720 32 0 0 2 6 17
66454 49 0 0 3 6 21
66838 123 1 0 2 6 20
67175 81 1 0 2 6 18
67560 98 1 0 2 6 21
69352 105 1 0 3 6 21
69984 26 0 0 5 6 21
70829 72 0 0 6 6 16
71076 123 1 0 2 6 18
72080 56 1 0 2 6 21
72480 75 1 0 6 6 20
74588 68 0 0 2 6 19
76003 45 1 0 2 6 20
76562 69 1 0 0 6 19
77451 52 1 0 2 6 19
81622 23 0 0 2 6 17
83892 15 0 0 0 6 26
86005 104 1 0 8 6 17
87921 48 0 0 8 6 21
88536 40 0 0 8 6 17
89506 61 1 0 5 6 21
90620 105 1 0 2 6 18
91315 80 1 0 2 6 20
92466 57 1 0 0 5 21
93321 37 0 0 0 6 17
94124 126 0 0 4 6 17
94713 55 1 0 1 6 19
95939 42 0 0 2 6 22
97265 36 0 0 2 6 18
97827 96 1 0 2 6 20
97994 77 1 0 2 6 22
98112 65 1 0 2 6 22
98898 83 1 0 7 6 19
99294 28 0 0 2 6 19
100416 39 0 0 2 6 20
100420 39 1 0 2 6 18
100889 15 0 0 0 6 19
101121 102 0 0 0 6 18
101645 39 1 0 2 6 21
101677 66 0 0 0 6 19
103451 62 0 0 7 6 22
104261 162 1 0 8 6 20
105157 64 1 0 2 5 21
105458 26 0 0 2 6 21
105543 42 0 0 2 6 24
105974 48 1 0 2 6 21
106602 129 1 0 0 6 17
106895 74 1 0 2 6 21
107018 35 0 1 2 6 13
107853 81 1 0 5 6 20
108049 41 0 0 3 6 21
108318 88 1 0 2 6 19
109142 31 0 0 0 6 23
109234 224 1 0 8 6 21
109730 47 1 0 2 6 22
111393 52 0 0 2 6 23
111401 84 1 0 2 6 21
111532 230 1 0 8 6 22
111790 69 1 0 3 6 18
111984 176 1 0 2 6 20
112230 25 0 0 2 6 19
112235 112 1 0 2 6 20
112238 138 1 0 0 6 17
112369 92 1 0 2 6 20
112670 57 1 0 2 6 24
112753 53 1 0 2 6 21
113245 184 1 0 2 6 18
114791 103 1 0 2 6 22
114798 89 1 0 2 6 23
116630 62 1 0 2 6 21
117035 14 0 0 2 6 24
117206 45 0 0 2 6 19
118235 19 0 0 2 6 23
119353 42 1 0 2 6 20
119357 23 0 0 2 6 21
119360 56 1 0 2 6 20
119367 50 1 0 2 5 22
119398 50 0 0 2 6 20
119403 42 0 0 2 6 21
119527 47 0 0 2 6 21
119941 41 0 0 2 6 21
119980 88 1 0 2 6 20
120180 79 0 0 3 6 20
120366 38 0 0 0 6 20
120437 69 1 0 2 6 23
121107 83 1 0 1 6 22
122744 38 0 0 0 6 19
123080 38 0 0 9 5 24
123231 115 0 0 8 6 22
123469 14 0 0 4 6 20
123733 41 0 0 3 6 18
125228 58 0 0 0 6 22
125269 139 1 0 2 6 18
125699 117 1 0 3 6 18
126134 40 0 0 4 6 21
126373 28 0 0 3 6 29
126803 41 1 0 5 6 17
126850 5 0 0 3 5 21
127003 127 1 0 4 6 20
127675 60 1 0 7 6 20
128230 50 1 0 2 6 17
128560 93 0 0 8 6 18
129098 29 0 0 9 6 16
129344 72 1 0 7 6 17
129356 70 1 0 3 6 19
129603 44 0 0 2 6 17
129608 146 0 0 8 6 19
129856 38 1 0 0 6 16
130873 72 1 0 2 6 15
130925 36 0 0 1 6 18
131512 49 0 0 8 6 21
132084 107 0 0 2 6 17
133495 65 0 0 0 5 18
133780 29 0 0 4 6 24
134857 27 0 0 2 6 18
135136 154 1 0 2 6 18
135384 38 0 0 7 6 20
135386 46 0 0 4 6 21
135389 49 0 0 3 6 18
135394 37 0 0 6 6 22
135834 108 1 0 8 6 20
135853 48 0 0 2 6 14
137937 57 1 0 2 6 22
138602 106 1 0 3 6 19
139318 43 1 0 2 6 25
139487 12 0 0 2 6 22
142730 71 1 0 2 6 23
143929 38 0 0 2 6 18
145249 59 0 0 1 6 32
146496 46 0 0 2 6 19
148080 109 1 0 2 6 22
148334 8 0 0 1 6 22
149520 164 1 0 2 6 18
149529 80 1 0 2 6 18
149536 70 0 0 2 6 18
149554 7 0 0 2 5 22
149558 434 1 1 2 6 21
149735 105 1 0 2 6 22
150005 50 1 1 2 6 19
150727 57 1 0 2 6 18
151088 114 1 0 2 6 21
151133 44 0 0 4 6 19
152641 46 1 0 2 6 21
152704 13 1 0 2 6 22
152712 60 1 0 2 6 20
152718 91 1 0 2 6 19
152727 65 1 0 2 6 23
152788 70 1 0 2 6 21
153332 7 1 0 2 5 21
153413 9 1 0 2 6 21
153703 51 0 0 2 6 18
154303 62 1 0 2 6 19
154475 70 1 0 9 6 24
154531 86 1 0 2 6 22
154920 115 1 0 2 6 22
154951 71 1 0 2 6 20
155231 102 1 0 2 6 20
157258 35 1 0 2 6 22
157840 23 0 0 6 6 24
158734 30 0 0 2 6 18
159170 25 0 0 2 6 24
159173 34 0 0 2 6 26
161562 35 0 0 5 6 20
161785 51 1 0 2 6 20
163882 57 1 0 2 6 18
163956 54 0 0 9 6 18
164264 33 0 0 2 6 19
164394 63 0 0 2 6 18
168876 15 0 0 0 6 20
169798 102 1 0 8 6 17
170223 28 0 0 1 6 21
170484 59 0 0 2 6 19
172211 59 1 0 2 6 21
173459 80 0 0 6 6 23
173738 68 0 0 3 6 18
176726 11 0 0 0 6 19
177117 36 0 0 1 6 24
178093 16 0 0 9 6 21
178199 30 0 0 7 6 21
178411 50 1 0 2 6 21
178677 172 1 0 3 6 29
178870 37 1 0 1 6 20
179032 47 0 0 2 6 21
179041 56 0 0 2 6 22
179355 41 0 0 3 6 19
181070 104 1 0 2 6 17
181281 73 1 0 2 5 23
182037 57 1 0 2 6 18
184201 109 1 0 2 6 25
184266 60 0 0 2 6 16
184323 66 0 0 2 6 19
184530 41 1 0 2 6 22
184897 58 1 0 8 6 21
185074 75 1 0 2 6 23
186418 58 1 0 6 6 19
186946 76 1 0 2 6 19
191275 176 1 0 2 6 20
191590 46 0 0 2 6 21
193435 19 0 0 2 6 23
195577 95 0 0 1 6 21
196948 72 1 0 2 6 21
197020 47 0 0 2 6 22
199064 47 0 0 2 6 18
199143 70 1 0 2 6 19
199145 53 0 0 2 6 19
199365 50 0 0 2 6 22
199662 80 1 0 2 6 20
199750 48 0 0 2 6 23
199912 88 0 0 2 6 22
200319 85 1 0 2 6 20
200481 89 1 0 2 6 24
200618 44 0 0 2 6 26
200709 15 0 1 2 6 19
200923 29 0 0 2 6 21
201799 75 1 0 2 6 21
201850 16 1 0 2 6 17
201885 27 0 0 2 6 23
201929 45 1 0 2 6 24
202407 35 0 0 2 6 24
203036 82 1 0 8 6 27
203040 104 1 0 2 6 21
203046 28 0 0 2 6 22
203052 35 0 0 2 6 19
203646 54 0 0 2 6 21
204042 45 1 0 2 6 22
204114 18 1 0 2 5 22
204119 89 1 0 2 6 23
204178 9 0 0 2 6 26
204258 38 1 0 2 6 23
204409 76 1 0 2 6 26
204432 51 1 0 2 6 20
204459 57 1 0 2 6 21
204700 16 1 0 2 6 21
204954 32 0 0 2 6 22
204982 16 0 0 2 6 23
205594 36 1 0 2 6 23
206078 85 1 0 2 6 20
206523 32 0 1 2 5 18
210572 50 0 0 2 6 21
213451 96 0 0 2 6 18
214187 35 0 0 2 6 23
215401 53 0 0 2 6 22
215720 8 0 0 1 6 30
215862 285 1 0 8 6 24
216563 32 0 0 2 6 18
216698 68 1 0 2 6 19
216719 95 0 0 7 6 19
217650 62 1 0 9 6 18
220538 84 1 0 5 6 21
222748 114 1 0 2 6 16
222942 130 1 0 4 6 24
224578 80 0 0 8 6 21
225774 38 0 0 2 6 21
226759 31 0 0 2 6 22
229044 98 0 0 8 6 19
229636 109 1 0 2 6 22
230270 39 0 0 1 6 21
230277 97 1 0 1 6 20
234608 50 1 0 2 6 21
238279 28 0 0 2 6 22
238875 75 1 0 2 6 21
240559 85 1 0 2 6 18
244282 8 0 0 2 6 20
245230 118 1 0 3 6 19
245913 58 1 0 2 6 20
246685 31 1 0 2 6 21
246862 59 0 0 2 6 18
250205 63 1 0 2 6 18
251779 112 1 0 6 6 20
254039 133 0 0 5 6 38
255345 50 1 0 0 6 16
256818 109 0 0 0 6 20
258646 43 0 0 2 6 15
258890 11 1 0 2 6 18
259360 27 0 0 2 6 23
260731 7 0 0 9 6 27
262668 54 1 0 2 6 22
263342 138 1 0 2 6 18
263656 32 1 0 5 5 20
264925 28 0 0 4 6 19
266600 37 1 0 2 6 21
267567 105 1 1 2 6 20
269076 32 0 0 2 6 18
270362 34 0 0 4 6 21
271295 21 0 0 7 6 19
272761 8 0 0 2 6 21
275763 31 0 0 2 6 19
275787 79 1 0 7 6 20
276250 38 0 0 0 6 16
276262 41 0 0 2 6 18
277538 72 1 1 2 6 20
278783 53 0 0 7 6 21
278790 51 0 0 3 6 20
279922 64 0 0 8 6 20
280691 152 1 0 0 6 19
281466 54 0 0 0 6 15
282185 28 0 0 7 6 18
282232 33 0 0 4 6 24
282659 58 1 0 5 6 22
282837 13 1 0 4 6 18
283053 137 1 0 2 6 19
283590 128 1 0 3 6 22
284335 73 1 0 6 6 21
286301 171 1 0 2 6 18
286796 21 0 0 8 6 20
287174 39 1 0 5 6 16
287253 106 1 0 1 6 18
287711 231 1 0 6 6 21
288398 139 1 0 8 6 19
289340 74 1 0 2 6 18
289353 105 0 0 7 6 21
289597 23 0 0 8 6 17
290681 49 1 0 4 6 22
291115 61 0 0 3 6 22
291319 14 0 0 8 6 18
291729 78 0 0 2 6 21
292675 31 0 0 7 6 22
293655 90 1 0 2 6 19
296698 38 0 0 2 6 19
297381 94 1 0 2 6 21
297382 23 0 0 2 6 21
299086 57 1 0 2 6 20
301132 86 1 0 8 6 23
302177 40 0 0 0 6 21
302279 61 1 0 0 6 19
303897 52 0 0 6 6 18
304357 38 0 0 2 6 22
306514 57 0 0 6 6 22
306705 21 0 0 2 6 20
309613 34 0 0 7 6 29
310621 62 0 0 8 6 22
310764 61 1 0 8 6 19
310839 19 1 0 8 6 21
312634 51 1 0 4 5 30
313017 16 0 0 0 5 21
313098 37 1 0 7 6 24
313238 75 0 0 8 6 27
313693 87 1 0 8 6 16
313890 97 1 0 0 6 19
315013 38 1 0 2 6 19
315078 47 0 0 2 6 22
315085 50 0 0 8 6 28
315282 59 1 0 0 6 21
317535 80 0 0 4 6 21
317572 39 1 0 2 6 21
317651 14 0 0 1 6 20
317950 24 0 0 1 5 21
319423 13 0 0 2 6 18
319463 11 1 0 2 6 22
320911 38 1 0 0 6 20
320936 43 0 0 2 6 19
321103 42 0 0 0 6 19
321822 8 1 0 2 6 19
323304 53 1 0 0 6 21
325762 67 0 0 2 6 19
328231 49 1 0 3 6 20
328541 66 1 0 2 6 21
329827 38 1 0 2 6 21
330956 12 1 0 9 6 19
330979 75 1 0 3 6 18
332405 55 1 0 4 6 21
333691 96 0 0 8 6 17
338385 30 0 0 8 6 18
339627 81 1 0 2 6 24
339935 65 1 0 7 6 16
340434 20 0 0 2 5 20
341480 45 0 0 0 6 19
342269 70 1 0 7 6 20
342545 20 0 0 2 6 16
342843 97 1 0 6 6 23
343066 37 0 0 7 6 19
343779 118 1 0 8 6 20
344573 53 0 0 3 6 20
346186 71 1 0 5 6 22
350566 34 1 0 2 6 18
351086 77 1 0 2 6 19
351165 68 1 0 2 6 16
352051 33 0 0 1 6 24
354040 84 1 0 2 6 23
355239 54 1 0 4 6 22
355243 46 1 0 2 6 19
356084 11 1 0 8 6 21
356233 59 1 0 1 6 19
356971 12 0 0 1 6 24
358300 29 0 0 2 6 21
359059 28 0 0 0 6 20
361727 48 1 0 8 6 21
362774 42 0 0 8 6 19
363427 52 0 0 2 6 19
363614 42 1 0 2 6 20
367039 10 1 0 9 6 22
367106 47 0 0 7 6 21
369046 25 0 0 3 6 20
370431 65 0 0 7 6 21
371455 90 1 0 1 6 23
372678 64 1 0 2 6 18
374141 24 0 0 3 6 19
376099 82 1 0 8 6 24
378429 30 1 0 8 6 21
384136 28 0 0 7 6 21
389774 43 0 0 3 6 20
390903 54 0 0 8 6 18
394886 54 1 0 7 6 19
397369 32 0 0 7 6 18
398106 57 0 0 9 6 16
399967 99 1 1 2 6 19
401463 35 0 0 7 6 21
405842 31 0 0 3 6 22
406235 18 1 0 3 6 38
409156 21 1 0 6 6 22
410583 32 1 0 2 6 18
410632 30 0 0 2 6 19
411219 28 1 0 2 6 22
416721 93 1 0 2 5 20
416730 28 0 0 2 6 20
419953 46 1 0 7 6 20
420025 41 1 0 2 6 20
420251 48 0 0 8 6 22
421073 44 0 0 2 6 22
426008 18 1 1 2 6 17
428307 11 0 0 7 6 20
431380 26 0 0 3 6 22
431527 97 1 0 3 6 17
431682 25 0 0 7 6 15
433900 52 1 0 2 6 17
434285 59 1 0 2 6 23
434406 57 1 0 1 6 23
434429 28 1 0 2 6 18
435247 179 1 0 9 6 19
436609 19 0 0 2 6 24
440426 35 1 0 2 6 22
442952 28 1 0 1 6 25
443455 15 1 0 3 6 18
445086 28 1 0 5 6 23
445354 46 1 0 2 6 19
446295 68 1 0 1 6 19
447153 88 0 0 8 6 25
448171 100 1 0 2 6 24
448750 73 1 0 3 6 19
450046 10 0 0 9 6 30
451468 32 0 0 2 6 19
451568 99 1 0 5 6 22
452199 35 1 0 2 6 21
452400 40 0 0 2 6 25
453410 110 1 0 6 6 20
454999 27 1 0 2 6 22
455238 12 0 0 2 6 15
455382 52 1 0 2 6 17
459696 41 0 0 8 6 20
463376 6 1 0 2 5 17
466931 3 0 0 1 6 20
468427 54 1 0 8 6 18
468436 38 0 0 7 6 22
471339 31 1 0 1 6 26
473120 24 0 1 2 6 19
473121 71 1 0 4 6 18
478155 35 1 0 1 6 18
478725 18 1 0 6 6 18
478826 13 0 0 9 6 19
479000 38 0 0 3 6 24
479713 8 1 0 2 5 18
480015 18 0 1 2 6 17
480243 4 1 0 2 6 20
480244 5 1 0 2 6 21
480867 4 0 0 6 6 28
481126 41 1 0 7 6 20
481161 7 0 0 2 6 30
481279 26 0 0 2 6 17
481280 30 0 0 8 6 19
481281 2 0 1 2 6 42
481283 9 0 0 6 6 17
481297 69 1 0 2 6 22
481298 21 0 0 1 6 28
481299 16 0 0 7 6 20
481402 46 1 0 2 6 18
481405 26 1 0 2 6 27
481406 30 0 0 2 6 19
481407 35 1 0 2 6 18
481408 42 0 1 2 6 19
481410 25 0 0 2 6 19
481523 7 1 0 2 6 25
481524 61 1 0 2 6 21
481525 102 1 0 8 6 25
481526 11 0 1 2 6 19
481593 36 0 0 2 6 18
481616 78 1 0 2 6 20
481617 21 1 0 2 6 18
481618 3 0 0 1 6 19
481619 1 1 0 9 6 16
481620 35 1 0 2 6 18
481646 27 1 0 8 6 28
481648 12 0 0 8 6 20
481650 1 0 0 2 5 23
481651 19 1 0 2 6 18
481709 24 1 0 4 6 20
481710 17 0 0 8 6 31
481711 9 1 0 2 6 21
481712 28 1 0 1 6 17
481713 19 1 0 2 6 17
481715 36 0 0 3 6 18
481718 30 1 0 2 6 19
481772 5 0 0 6 6 29
481773 107 1 0 9 6 20
481775 23 0 0 4 6 27
481776 7 0 0 2 6 23
481791 31 0 0 2 6 21
481837 88 1 0 7 6 22
481838 23 0 0 3 6 31
481840 30 1 0 8 6 23
481844 8 0 0 8 6 21
481845 15 0 0 0 6 19
481846 2 0 0 2 6 19
481929 3 1 0 2 6 17
481930 9 1 0 2 6 17
481931 110 1 0 7 6 29
481933 49 1 0 2 6 23
481934 36 1 0 2 6 16
481990 4 1 0 2 6 22
481992 26 0 0 2 5 22
481993 12 1 0 2 6 21
481996 44 0 0 7 6 25
481998 14 0 0 2 6 24
482000 12 1 0 2 6 22
482002 2 1 0 2 6 18
482036 3 1 0 2 6 19
482038 4 0 0 9 6 22
482039 78 1 0 8 6 16
482040 26 1 0 1 6 18
482042 29 0 0 2 6 20
482078 67 0 0 2 6 24
482080 4 1 0 2 6 18
482081 4 1 0 2 6 19
482082 4 1 0 0 6 25
482124 66 1 0 2 6 21
482126 2 0 0 3 6 22
482127 5 1 0 2 6 22
482128 31 1 0 5 6 21
482143 8 1 0 2 6 21
482147 55 1 0 3 6 19
482184 2 0 0 2 5 21
482186 12 0 0 8 6 21
482187 7 1 0 2 6 19
482189 50 1 0 5 6 23
482242 2 0 0 2 6 18
482243 17 1 0 2 6 20
482245 6 1 0 2 5 21
482246 5 0 0 2 6 25
482248 14 0 0 1 6 21
482311 5 0 0 2 6 17
482312 1 0 0 2 5 22
482313 3 0 0 7 6 32
482314 40 1 0 2 6 21
482315 8 1 0 3 6 19
482316 33 1 0 9 6 27
482318 23 0 0 3 6 25
482319 20 1 0 9 6 24
482320 8 1 0 2 6 18
482351 15 0 0 2 6 19
482352 22 1 0 4 6 28
482353 12 1 0 3 6 28
482354 2 0 1 2 6 59
482405 12 1 0 2 6 19
482406 6 0 0 2 6 16
482408 20 0 0 2 6 21
482412 7 1 0 2 5 18
482413 30 0 0 6 6 22
482416 27 0 0 2 6 19
482418 7 0 0 2 6 23
482419 37 1 0 2 6 17
482421 2 0 0 2 6 18
482427 6 1 0 8 6 18
482464 26 0 0 2 6 23
482478 28 1 0 5 6 31
482480 3 1 0 2 5 22
482481 11 0 0 2 6 18
482482 23 0 0 2 6 23
482483 9 0 0 2 6 19
482484 3 1 0 2 5 22
482525 35 0 0 4 6 30
482526 11 1 0 2 6 22
482528 12 1 0 9 6 20
482529 10 1 0 7 6 16
482530 56 1 0 2 6 20
482531 2 1 0 6 6 19
482533 5 0 0 2 6 23
482578 72 1 0 8 6 20
482581 28 1 0 3 6 17
482584 23 1 0 4 6 17
482591 3 0 0 4 6 23
482592 18 1 0 2 6 18
482641 8 0 0 2 6 35
482642 13 1 0 4 6 25
482643 3 0 0 0 6 20
482644 11 0 0 2 6 22
482645 15 1 0 2 6 19
482646 9 1 0 1 6 17
482647 8 0 0 2 6 19
482648 12 1 0 2 6 18
482649 58 1 0 2 6 19
482674 6 1 0 7 6 20
482676 11 1 0 2 6 22
482677 28 1 0 8 6 17
482720 10 0 0 2 5 18
482722 2 1 0 4 5 21
482723 5 1 0 2 6 19
482780 32 1 0 6 6 25
482781 4 1 0 2 5 19
482783 15 0 0 7 6 21
482786 52 1 0 6 6 20
482787 46 1 0 1 6 19
482788 29 0 0 4 6 20
482831 52 1 0 6 6 21
482835 51 0 0 7 6 22
482843 30 1 0 2 6 23
482915 106 1 0 2 6 18
482965 17 0 0 2 6 24
483007 41 1 0 2 6 20
483009 72 1 0 6 6 21
483010 28 0 0 8 6 20
483038 42 0 0 2 6 21
483039 27 0 0 3 6 17
483086 16 0 0 1 6 22
483174 41 1 0 5 6 24
483175 25 1 0 6 6 22
483177 64 1 1 2 6 27
483232 20 0 0 6 6 26
483233 11 0 0 4 6 26
483234 28 1 0 2 5 23
483236 27 0 0 6 6 23
483237 24 1 0 2 6 24
483293 28 0 0 2 6 23
483392 73 1 0 2 6 20
483501 18 0 0 2 6 17
483502 33 1 0 3 6 19
483503 6 1 0 2 6 15
483504 102 1 0 6 6 19
483525 23 0 0 8 6 20
483532 3 0 0 2 6 20
483536 11 0 0 5 6 19
483586 24 1 1 2 6 18
483587 24 1 0 5 6 24
483631 38 1 0 8 6 18
483632 31 1 0 2 6 19
483668 7 0 0 1 6 19
483716 89 1 0 2 6 22
483717 22 0 0 2 6 19
483767 86 1 0 2 6 20
483768 34 0 0 6 6 22
483808 35 0 0 8 6 22
483811 64 1 0 2 6 19
483889 48 0 0 4 6 20
483891 54 1 0 2 6 19
483930 89 1 0 2 6 18
483936 87 1 0 8 6 19
483937 36 0 0 2 6 19
484130 8 0 0 2 6 26
504613 60 1 0 2 6 21
