109642
19
2075
109642 877 1 1 7 6 27
718 84 0 0 0 6 22
2000 27 0 0 7 6 22
2032 124 0 0 1 6 20
4766 113 1 0 5 6 21
7674 155 1 0 6 6 22
13823 99 1 0 1 6 22
14057 84 0 0 7 6 22
14733 66 0 0 1 6 24
15208 129 1 0 7 6 18
21549 36 1 0 1 6 20
24644 57 0 0 0 6 22
25350 69 0 0 6 6 21
27379 93 1 0 1 6 22
28577 48 1 0 0 6 24
29006 126 1 0 7 6 24
29143 84 0 0 7 6 18
29219 52 0 0 7 6 17
29667 103 1 0 7 6 22
31522 64 0 0 7 6 17
36283 33 0 0 5 6 20
38128 234 1 0 1 6 21
38256 52 1 0 1 6 23
38555 74 1 0 7 6 18
38574 49 0 0 7 6 20
40018 34 0 0 7 6 17
40079 48 0 0 7 6 28
40116 40 0 0 1 6 23
40226 121 1 0 7 6 26
40375 78 0 0 8 6 25
40936 62 0 0 6 6 18
41183 276 0 0 6 6 18
42360 215 1 0 7 6 20
42430 61 1 0 6 6 19
42522 39 0 0 0 6 22
42737 57 1 0 4 6 20
43404 159 1 0 7 6 20
43652 31 0 0 7 6 24
43814 103 0 0 7 6 21
44623 97 0 0 7 6 18
45112 109 1 0 1 6 22
45499 533 1 0 4 6 18
47398 82 1 0 7 6 18
47530 43 0 0 1 6 24
48099 60 0 0 7 6 22
48173 175 1 0 6 6 17
48412 18 0 0 1 6 22
48642 36 0 0 1 6 20
48734 192 0 0 7 6 17
48822 109 1 0 7 6 19
48871 49 0 0 7 6 19
52086 58 1 0 6 6 21
52268 23 0 0 7 6 27
52922 96 1 0 1 6 23
53191 69 0 0 7 6 20
54565 64 1 0 7 6 21
54745 137 1 0 6 6 21
55262 28 0 0 2 6 20
55430 136 1 0 6 6 19
55755 60 0 0 1 6 25
55960 25 0 0 7 6 26
56198 25 0 0 4 6 26
56553 115 1 0 1 5 25
57159 156 1 0 1 6 20
57297 135 0 0 7 6 22
57622 118 0 0 7 6 20
58355 45 0 0 7 6 22
58462 43 0 0 1 6 23
59573 58 0 0 6 6 20
59926 17 0 0 9 6 24
60053 113 0 0 4 6 30
60165 137 1 0 6 6 24
60880 45 0 0 1 6 19
61257 99 1 0 7 6 23
61289 57 1 0 1 6 21
61341 8 0 0 6 6 17
61351 50 0 0 6 6 20
61864 79 1 0 8 6 20
62184 148 1 0 7 6 19
62321 77 1 0 6 6 21
62855 116 1 0 1 6 21
63560 117 1 0 6 6 24
65061 36 0 0 1 6 23
65335 28 0 0 7 6 25
65663 39 0 0 7 6 24
65669 56 1 0 1 6 23
65909 54 1 0 6 6 20
66189 34 0 0 6 6 20
66441 47 1 0 1 6 24
67304 61 1 0 6 6 18
67945 50 0 0 6 6 20
68196 53 0 0 6 6 19
69351 29 0 0 7 6 35
69543 23 0 0 6 6 19
72333 90 1 0 1 6 23
72985 54 1 0 6 6 22
75063 102 1 0 1 6 20
75187 72 1 0 7 6 21
76201 113 1 0 1 6 23
76266 302 1 0 6 6 19
80402 60 1 0 1 6 33
82459 120 1 0 6 6 20
82782 149 1 0 8 6 23
84760 45 1 0 1 6 23
85715 115 1 0 1 6 19
85892 33 0 0 7 6 20
86428 38 0 0 7 6 18
88639 34 0 0 7 6 20
89513 34 0 0 7 6 19
93948 88 0 0 4 6 23
93986 93 0 0 7 6 18
95791 61 1 0 7 6 20
98799 95 1 0 7 6 18
98898 83 1 0 7 6 19
99005 21 0 0 7 6 21
100131 74 1 0 7 6 18
101524 67 0 0 7 6 22
101616 118 1 0 6 6 23
102690 21 0 0 6 6 37
103295 29 1 0 3 5 19
103921 60 0 0 6 6 19
106645 32 0 0 7 6 20
106651 46 0 0 7 6 20
107844 48 1 0 1 6 26
108772 25 0 0 1 6 28
109119 85 0 0 1 6 24
109924 20 0 0 7 6 24
110096 52 1 0 1 6 23
110610 49 1 0 0 6 22
111238 58 1 0 7 6 22
111664 19 0 0 7 6 25
114171 38 1 0 0 6 19
116501 114 0 0 2 6 21
118267 67 0 0 3 6 23
118438 67 1 0 3 6 26
118932 116 1 0 6 6 20
118974 39 0 0 7 6 20
119136 37 0 0 7 6 21
119203 26 0 0 7 6 27
120431 66 0 0 0 6 25
120677 10 0 0 1 6 22
125241 73 1 0 6 6 19
125874 48 0 0 7 6 18
127009 62 1 0 7 6 21
129065 49 0 0 8 6 24
130731 101 0 0 6 6 18
133697 70 1 0 7 6 18
138326 124 1 0 7 6 20
142008 93 1 0 6 6 20
143025 33 0 0 1 6 22
143358 38 0 0 6 6 21
143360 19 0 0 7 6 20
143445 189 1 0 6 6 18
143563 129 1 0 6 6 19
144068 74 0 0 6 6 19
144660 59 0 0 6 6 20
144795 9 1 0 0 6 20
144854 119 1 0 7 6 23
144958 126 1 0 1 6 27
146775 83 1 0 7 6 19
150131 133 1 0 6 6 23
153659 42 0 0 7 6 22
154090 29 0 0 1 6 30
154326 120 0 0 7 6 19
154839 36 0 0 8 6 22
155763 90 1 0 6 6 23
156761 95 0 0 6 6 21
157457 61 0 0 6 6 19
160003 100 1 0 1 6 20
160425 28 1 0 1 6 26
161898 94 1 0 6 6 20
162055 105 0 0 1 6 20
163586 35 1 0 7 6 20
163663 69 1 0 7 6 22
164013 89 1 0 6 6 21
164516 68 1 0 7 6 21
165450 32 0 0 2 6 26
166597 82 0 0 6 6 18
166756 110 0 0 7 6 19
166838 60 0 0 6 6 21
168306 45 1 0 6 6 21
169365 81 0 0 8 6 21
169484 126 1 0 6 6 19
169487 35 0 0 1 6 19
169505 99 1 0 7 5 17
169799 128 1 0 5 6 22
171389 395 1 0 8 6 18
172746 40 1 0 6 6 18
172933 41 0 0 6 6 18
172943 48 0 0 7 6 23
174255 49 1 0 7 6 17
175074 38 0 0 7 6 23
175635 56 0 0 7 6 18
175778 19 0 0 1 6 29
177109 73 1 0 4 6 30
177280 117 1 0 0 6 23
178074 48 0 0 6 6 21
178961 22 0 0 6 6 22
179420 222 1 0 7 6 19
181300 47 0 0 1 6 19
183018 40 0 0 6 6 35
183362 49 0 0 7 6 25
185810 101 1 0 7 6 23
185999 23 0 0 1 6 21
186339 13 0 0 7 6 24
186548 3 1 0 6 6 27
186941 56 0 0 9 6 27
187101 105 1 0 1 6 24
187771 84 1 0 7 6 19
187962 55 0 0 7 6 18
188477 337 1 0 4 6 15
188879 136 1 0 1 6 20
189438 112 1 0 1 6 20
190171 41 0 0 1 6 21
190269 132 1 0 7 6 19
190418 57 1 0 7 6 19
191807 66 1 0 7 6 18
191820 35 1 0 6 6 18
192487 38 0 0 7 6 23
193629 33 1 0 6 6 25
194330 12 1 0 1 6 21
194417 146 1 0 7 6 22
195017 19 0 0 6 6 20
195272 19 1 0 6 6 18
195457 48 1 0 7 6 19
195919 79 1 0 6 6 18
196562 75 0 0 4 6 25
196622 94 1 0 1 6 25
196718 67 1 0 7 6 20
199352 140 1 0 6 6 19
199845 44 0 0 9 6 22
200095 21 0 0 7 6 23
200421 80 1 0 7 6 24
201245 117 1 0 7 6 23
202187 54 1 0 7 6 23
202190 54 0 0 7 6 21
203048 83 1 0 7 6 24
205021 83 0 0 7 6 17
206774 109 1 0 7 6 22
207085 42 1 0 1 6 23
207496 82 1 0 8 6 26
207553 31 1 0 7 6 22
208523 82 1 0 6 6 23
209347 82 1 0 6 6 19
209549 22 1 0 7 6 24
209888 113 1 0 7 6 21
211059 46 0 0 7 6 19
211431 64 1 0 1 6 20
211611 146 1 0 6 6 17
211713 12 0 0 7 6 29
211919 60 0 0 7 6 18
212354 131 0 0 6 6 20
213414 45 0 0 8 6 29
214715 40 1 0 1 6 21
215564 55 0 0 6 6 17
216659 112 1 0 7 6 19
216719 95 0 0 7 6 19
217715 33 0 0 7 6 22
217846 42 0 0 7 6 22
217893 164 1 0 7 6 18
218258 65 1 0 0 6 23
219402 22 0 0 1 6 23
219528 33 0 0 6 6 39
221314 17 0 0 7 6 20
222095 20 0 0 1 6 19
222580 25 0 0 7 6 27
223515 51 0 0 7 6 17
223931 84 0 0 7 6 17
224217 108 0 0 7 6 23
225186 166 0 0 7 6 18
225743 88 1 0 6 6 20
226027 11 0 0 7 6 18
230142 42 1 0 6 6 17
230530 83 1 0 7 6 18
232498 28 1 0 7 6 18
237569 47 1 0 7 6 20
237753 24 0 0 7 6 25
238666 31 0 0 1 6 23
240421 63 1 0 7 6 18
241651 39 1 0 1 6 24
245017 38 0 0 6 6 20
246619 67 1 0 1 6 19
247379 24 0 0 7 6 23
247841 69 0 0 7 6 18
248276 47 0 0 7 6 24
248332 86 1 0 4 6 30
249758 108 1 0 7 6 21
249759 35 0 0 7 6 25
250561 156 1 0 6 5 19
253732 82 1 0 7 6 22
253753 36 0 0 6 6 19
253858 153 1 0 7 6 25
253914 104 1 0 7 6 23
254768 52 0 0 6 6 21
255238 55 0 0 7 6 28
256370 83 0 0 7 6 22
257218 51 0 0 7 6 21
257280 62 1 0 1 6 24
258377 6 0 0 1 6 36
261051 110 1 0 6 6 23
261055 102 1 0 6 6 22
261336 18 0 0 6 6 24
262552 131 1 0 6 6 19
263084 34 1 0 7 6 23
264021 20 0 0 7 6 18
264225 56 1 0 7 6 20
264668 1 0 0 7 6 24
272267 84 1 0 7 6 19
272419 21 1 0 0 6 27
272494 128 1 0 6 6 18
272795 95 0 0 6 6 20
274111 90 1 0 7 6 25
274544 16 0 0 6 6 18
276222 100 1 0 7 6 22
276303 67 0 0 7 6 24
278228 13 0 0 6 6 31
278239 44 0 0 7 6 23
278646 151 0 0 6 6 19
278904 83 0 0 6 6 19
278999 43 0 0 1 6 22
279729 40 0 0 7 6 22
280025 41 0 0 1 6 23
281727 69 0 0 6 6 19
283222 92 0 0 6 5 18
283955 54 0 0 6 6 18
285899 29 0 0 1 6 21
287342 73 1 0 1 6 32
287368 43 0 0 7 6 18
287705 67 0 0 6 6 27
287839 41 0 0 7 6 28
287915 59 1 0 7 6 24
287957 73 1 0 7 6 19
289318 37 1 0 1 6 21
289573 18 0 0 7 6 20
289665 113 1 0 6 6 21
289945 105 1 0 5 6 32
289946 55 0 0 1 6 32
290129 93 1 0 7 6 19
290197 25 0 0 1 6 23
290405 73 1 0 7 6 18
290430 121 1 0 8 6 21
290455 22 0 0 7 6 22
291497 32 0 0 1 6 24
291555 67 0 0 6 6 19
292669 93 1 0 8 6 21
292747 87 1 0 6 6 17
296183 51 0 0 7 6 25
296385 66 0 0 7 6 20
297965 26 1 0 7 6 23
298974 49 0 0 7 6 26
299840 36 0 0 1 6 25
300750 80 0 0 7 6 20
300999 45 0 0 6 6 33
301338 54 0 0 7 6 19
301436 81 1 0 6 6 20
301703 47 1 0 6 6 24
301841 55 1 0 6 6 20
303731 102 0 0 6 6 19
304127 60 1 0 7 6 23
306331 125 1 0 1 6 23
307044 35 0 0 6 6 32
308466 26 0 0 7 6 22
310349 53 1 0 7 6 21
310366 96 0 0 6 6 23
310622 43 0 0 7 6 22
311340 15 0 0 1 6 24
312251 70 1 0 1 6 23
312437 51 1 0 6 6 20
312626 60 1 0 1 6 20
313570 124 1 0 6 5 19
313572 45 0 0 6 6 18
314143 39 1 0 1 6 21
314256 77 0 0 8 6 19
317106 144 1 0 7 6 19
317143 44 0 0 6 6 18
317448 47 1 0 1 6 24
317846 31 0 0 6 6 19
320568 31 0 0 4 6 19
320690 79 0 0 6 6 22
321896 32 1 0 7 6 31
323636 62 0 0 6 5 18
323637 8 1 0 4 5 22
323713 85 0 0 7 6 20
323752 163 1 0 6 6 21
324432 33 0 0 7 6 22
325355 44 0 0 7 6 26
325528 30 1 0 7 6 20
325604 183 1 0 7 6 22
326573 52 0 0 6 6 19
329133 44 0 0 4 6 21
330056 77 0 0 7 6 24
330346 84 1 0 7 6 24
331715 72 1 0 6 6 21
331783 59 0 0 7 6 25
332156 115 1 0 6 6 23
332404 109 1 0 6 6 23
332948 14 0 0 7 6 23
333169 43 1 0 1 6 23
333403 96 1 0 7 6 20
334099 14 0 0 0 6 30
334894 98 1 0 6 6 21
336411 63 1 0 3 6 21
337158 9 0 0 1 6 34
337482 20 0 0 1 6 22
341135 7 0 0 7 6 27
342708 98 1 0 7 6 19
344137 120 1 0 7 6 19
344153 28 0 0 0 6 46
345367 39 1 0 1 6 21
345720 104 1 0 6 6 27
346330 24 0 0 7 6 19
349127 21 1 0 1 6 28
350812 60 1 0 6 6 20
351630 65 1 0 6 6 30
352668 26 0 0 6 6 38
353503 113 1 0 1 6 21
353649 28 0 0 6 6 28
354095 64 1 0 1 6 30
354624 20 0 0 1 6 30
355484 17 0 0 1 6 20
355605 65 0 0 1 6 21
355659 17 1 0 1 6 23
355738 71 1 0 1 6 20
355775 58 1 0 1 6 24
356546 50 1 0 6 6 20
356771 36 1 0 1 6 22
358947 64 1 0 7 6 21
359102 35 0 0 7 6 23
359250 49 0 0 1 6 20
360761 100 1 0 6 6 21
361265 40 0 0 7 6 22
362609 47 0 0 7 6 19
363504 63 0 0 8 6 23
363730 107 1 0 7 6 25
364328 32 0 0 7 6 27
365367 9 0 0 1 6 21
365705 44 1 0 6 6 22
367105 41 0 0 1 6 27
367287 69 1 0 1 6 23
369675 12 0 0 6 6 23
370168 52 0 0 5 6 26
371114 36 0 0 7 6 20
371270 49 0 0 7 6 28
371831 109 1 0 7 6 21
372114 66 0 0 7 6 22
372396 26 0 0 1 6 26
372476 42 0 0 7 6 21
372589 30 0 0 8 6 24
376026 56 1 0 6 6 17
376182 28 0 0 1 6 23
376230 27 0 0 7 6 22
376521 92 1 0 7 6 22
377294 62 0 0 6 6 23
377421 74 0 0 6 6 23
383385 42 1 0 7 6 20
383839 41 0 0 1 6 33
384134 46 0 0 5 6 32
385190 61 0 0 6 6 19
386432 115 1 0 6 6 20
387426 28 1 0 1 6 24
389136 27 0 0 1 6 24
389228 123 1 0 6 6 36
389284 22 1 0 7 6 30
389328 30 0 0 1 6 34
389554 30 0 0 1 6 30
389604 56 1 0 1 5 30
389863 19 1 0 7 6 24
389910 106 1 0 6 6 23
389937 67 1 0 1 6 24
389971 36 0 0 1 6 27
390623 122 1 0 6 6 20
390625 87 1 0 6 6 18
391840 42 0 0 6 6 25
395587 53 0 0 3 6 28
401376 50 1 0 4 6 22
401396 59 1 0 7 6 30
401691 62 1 0 7 6 29
402452 94 0 0 6 6 20
404148 14 0 0 7 6 24
405363 84 0 0 6 6 21
407347 43 1 0 6 6 18
408023 70 0 0 7 6 18
408159 28 0 0 6 6 28
408873 48 1 0 6 6 23
410378 187 1 0 6 6 19
410567 35 1 0 1 6 23
413951 18 0 0 1 6 27
414203 34 1 0 1 6 23
415147 56 0 0 6 6 19
415613 24 1 0 6 6 24
416143 111 1 0 6 6 19
417115 84 1 0 7 6 19
417589 123 1 0 6 6 17
418046 93 1 0 7 6 20
419047 33 1 0 7 6 25
420127 28 0 0 7 6 21
421258 59 1 0 7 6 20
421967 24 0 0 1 6 30
422232 40 1 0 1 6 23
422249 240 1 0 7 6 20
425929 109 1 0 7 6 18
426947 97 1 0 7 6 20
427572 38 0 0 7 6 17
430783 32 0 0 6 6 18
431107 86 1 0 6 6 19
432381 75 0 0 6 6 21
433038 55 0 0 6 6 18
436236 20 1 0 6 5 20
436479 86 0 0 6 6 21
436849 18 0 0 6 6 20
438568 29 1 0 7 6 22
439272 33 0 0 6 6 24
440292 72 1 0 1 6 21
441645 25 0 0 7 6 20
442840 23 0 0 7 6 25
442907 35 1 0 1 6 24
443199 26 0 0 7 6 23
443632 85 1 0 1 6 29
443971 110 1 0 1 6 24
445409 15 1 0 1 6 20
446271 38 1 0 1 6 21
446318 33 1 0 1 6 20
446842 40 1 0 1 6 19
450183 52 1 0 6 6 24
451113 83 1 0 6 6 20
452190 24 1 0 6 6 26
452398 28 0 0 6 6 27
453805 77 1 0 1 6 22
455243 53 0 0 7 6 19
456577 49 1 0 1 6 22
456579 97 1 0 7 6 23
458224 54 1 0 1 6 22
462150 30 0 0 5 6 26
463388 7 0 0 2 6 26
463747 27 0 0 6 6 18
465227 108 1 0 7 6 18
465470 29 0 0 6 6 21
466065 17 0 0 8 5 21
466267 9 0 0 7 6 28
468221 46 1 0 1 6 25
468470 41 0 0 6 6 21
469067 21 1 0 7 5 20
469169 37 0 0 7 6 18
470034 82 1 0 6 5 18
471840 63 1 0 6 6 21
472453 41 1 0 6 6 17
472753 53 1 0 4 6 31
473025 32 0 0 1 6 38
473163 8 1 0 4 6 22
473418 39 1 0 1 6 37
475311 13 0 0 1 6 36
476495 37 0 0 6 6 27
476752 89 0 0 7 5 20
478920 38 1 0 3 6 26
479654 31 0 0 7 6 26
480123 68 1 0 7 6 22
480571 205 1 0 6 6 24
480811 21 0 0 6 6 20
481782 58 0 0 7 6 33
482276 19 1 0 6 6 23
482435 41 1 0 1 6 24
482620 52 0 0 6 6 25
483693 106 1 0 7 6 19
483796 78 1 0 7 6 22
485321 74 1 0 7 6 21
485381 70 1 0 7 6 27
485697 25 0 0 7 6 23
486712 37 1 0 7 6 20
486729 27 1 0 7 6 26
487476 81 1 0 6 6 22
488233 16 1 0 7 6 19
488266 37 0 0 7 6 19
488479 37 0 0 7 6 26
488535 14 0 0 1 6 19
488619 53 1 0 1 6 21
489048 89 1 0 6 6 18
489889 22 0 0 7 6 21
489910 24 0 0 1 6 36
490316 77 1 1 6 6 19
490555 40 1 0 4 5 18
491035 6 0 0 6 6 21
492347 80 1 0 7 6 23
494108 29 0 0 7 6 20
495918 21 0 0 7 6 35
495940 16 0 0 1 5 22
496123 31 0 0 7 6 24
496211 60 0 0 7 6 18
496394 43 0 0 6 6 19
496595 40 1 0 1 6 22
496862 57 1 0 7 6 22
498144 33 0 0 7 6 23
498678 35 0 0 3 6 30
498809 24 0 0 8 6 21
498985 23 0 0 7 6 23
499467 16 0 0 6 6 27
499794 39 1 0 7 6 22
501566 41 1 0 7 5 27
503471 52 0 0 1 6 33
504154 45 0 0 6 6 22
504537 63 0 0 6 6 24
507951 22 0 0 6 6 25
508221 138 1 0 6 6 18
509702 122 1 0 6 5 20
513474 83 1 0 3 6 21
514781 80 1 0 6 6 18
517245 83 1 0 1 6 22
518092 19 1 0 1 6 28
519393 140 1 0 1 6 25
520826 48 0 0 4 6 33
524080 33 1 0 1 6 20
526392 18 0 0 1 6 35
526460 36 1 0 6 6 18
527725 28 1 0 1 6 28
528588 53 1 0 7 6 27
529074 18 0 0 7 6 24
531440 86 1 0 6 6 26
531699 28 1 0 6 6 19
534541 77 0 0 6 6 23
535358 98 1 0 6 6 22
539024 10 1 0 6 6 39
540228 71 1 0 7 6 23
541719 14 1 0 1 6 24
545276 21 0 0 0 6 25
548280 25 1 0 1 6 19
550646 28 1 0 3 6 27
550736 30 1 0 3 6 26
551535 38 0 0 6 6 24
551787 79 1 0 1 6 21
552639 61 1 0 7 6 27
554859 75 1 0 6 6 19
556245 18 1 0 1 6 21
557305 36 0 0 7 6 25
557731 32 0 0 7 6 22
558316 18 0 0 6 6 36
559433 101 1 0 6 6 18
561050 18 0 0 7 6 24
564231 74 1 0 6 6 24
564335 76 1 0 6 6 22
565881 24 0 0 7 6 21
566482 88 1 0 8 6 20
568406 25 1 0 7 6 30
571946 15 0 0 6 6 19
573572 66 0 0 1 6 24
574794 32 0 0 7 6 23
575141 84 1 0 6 6 23
576527 59 1 0 6 6 18
580100 25 0 0 8 6 30
581145 63 1 0 7 6 21
581495 47 1 0 7 6 20
583009 119 1 0 7 6 19
584086 17 0 0 6 6 28
584396 19 1 0 1 6 28
589161 37 1 0 1 6 25
593375 22 0 0 7 6 21
599015 12 0 0 7 6 18
599303 27 1 0 6 6 18
599823 54 0 0 6 6 36
599871 70 1 0 6 6 22
601752 76 1 0 6 6 21
605522 42 0 0 7 6 24
606528 29 0 0 1 6 27
606550 16 1 0 6 6 25
606589 63 0 0 6 6 20
608186 42 0 0 1 6 22
610394 36 1 0 6 6 22
613953 15 0 0 1 6 34
615534 63 1 0 6 6 23
615545 48 1 0 6 6 27
618247 14 1 0 6 6 37
619180 59 1 0 7 6 18
620217 24 0 0 0 6 21
621044 26 1 0 6 6 22
621136 17 0 0 8 6 24
622877 37 0 0 6 6 21
623495 17 1 0 6 6 37
623776 15 0 0 7 6 23
625485 37 1 0 6 6 27
627058 27 1 0 6 6 19
629717 38 1 0 6 6 21
630245 20 1 0 1 6 35
633534 22 1 0 7 6 24
634303 35 0 0 6 6 18
635146 39 0 0 6 6 23
636971 8 0 0 6 6 27
637021 22 0 0 7 6 23
638949 53 1 0 6 6 21
640149 27 1 0 1 6 23
641310 28 1 0 6 6 33
647510 52 0 0 6 6 28
655451 32 0 0 6 6 20
666987 17 0 0 7 6 27
668719 31 1 0 7 5 19
670944 57 1 0 6 6 17
671060 58 1 0 7 6 21
672529 11 0 0 6 6 21
672749 53 1 0 7 6 24
675349 91 1 0 6 6 33
678002 44 1 0 8 6 30
678125 28 1 0 7 6 28
678764 21 1 0 7 6 31
681467 54 1 0 8 6 27
682282 32 0 0 6 6 23
682825 48 1 0 1 6 20
683519 14 0 0 3 6 35
685698 52 1 0 6 6 21
689067 41 1 0 6 6 20
689368 46 1 0 6 6 17
689608 56 1 0 6 6 20
691055 36 0 0 7 6 19
692774 26 1 0 1 6 25
698097 4 0 0 3 6 27
699304 15 0 0 1 6 22
700912 104 1 0 6 6 18
701243 34 0 0 7 6 28
703226 66 1 0 3 6 18
703723 15 1 0 6 6 28
707874 20 0 0 6 6 23
715237 57 1 0 7 6 21
716496 35 1 0 7 6 19
717047 32 1 0 6 6 39
717388 44 1 0 6 6 20
721910 30 0 0 7 6 28
726873 6 0 0 8 6 26
729387 37 1 0 7 6 22
729495 28 0 0 7 6 19
729739 11 0 0 7 6 23
736218 36 1 0 6 6 17
737900 53 1 0 8 6 24
738455 145 1 0 6 6 24
743632 57 1 1 6 6 14
743782 58 1 0 6 6 20
745183 35 0 0 1 6 23
746182 5 1 0 1 6 24
746601 85 1 0 7 6 19
750077 59 1 0 6 5 17
750091 84 1 0 6 6 22
750519 87 1 0 6 6 25
754753 14 1 0 6 6 29
756492 52 0 0 6 6 39
758796 91 1 0 8 6 24
762121 35 1 0 8 6 27
763361 79 0 0 8 6 24
766434 51 1 0 7 6 23
766792 58 1 0 7 6 22
770781 11 0 0 7 6 26
775142 16 0 0 7 6 29
777616 20 0 0 6 6 19
778074 67 1 0 6 6 20
778475 36 1 0 7 6 21
778710 51 1 0 6 6 21
779846 27 0 0 6 6 29
786647 35 0 0 6 6 22
793649 57 1 0 6 6 23
800488 27 1 0 1 6 20
801237 12 0 0 1 5 26
801597 45 1 0 6 6 20
801942 22 1 0 6 6 20
802179 59 1 0 6 6 25
803054 29 1 0 1 6 23
807329 54 1 0 6 6 27
807330 25 1 0 6 6 19
810252 7 0 0 1 6 33
811485 80 1 0 7 6 23
816213 22 1 0 1 6 26
819801 30 1 0 7 6 24
823899 48 1 0 7 6 28
824422 25 1 0 7 6 25
848152 26 0 0 7 6 35
852184 36 1 0 7 6 24
852453 11 0 0 1 5 27
854596 11 0 0 1 6 29
855827 27 0 0 6 6 23
861618 60 0 0 7 6 37
862008 39 0 0 6 6 21
866305 19 1 0 1 6 19
869476 42 0 0 7 6 25
873853 53 1 0 8 6 27
876518 31 1 0 8 6 29
882219 19 0 0 1 6 28
888165 7 0 0 7 6 30
891214 16 0 0 1 6 26
891702 8 0 0 7 6 19
891780 3 0 0 1 5 21
891985 48 1 0 1 6 35
892074 8 0 0 1 6 26
892075 15 1 0 6 6 23
892133 17 1 0 6 5 20
892134 14 0 0 6 6 42
892135 45 1 0 6 6 28
892156 8 1 0 7 6 26
892159 13 0 0 1 6 33
892161 22 0 0 1 6 24
892162 13 0 0 7 6 25
892163 19 0 0 7 6 28
892174 13 0 0 6 6 41
892177 13 0 0 6 6 35
892195 12 0 0 1 6 23
892196 7 0 0 7 6 29
892197 30 1 0 7 6 23
892213 13 1 0 7 6 32
892214 14 1 0 1 6 31
892215 40 1 0 7 6 18
892227 9 0 0 7 6 31
892274 28 1 0 6 6 25
892337 23 0 0 6 6 41
892338 6 0 0 6 6 25
892339 38 1 0 6 6 21
892389 11 0 0 7 6 21
892390 7 0 0 8 6 28
892391 31 1 0 6 6 41
892410 25 1 0 3 6 27
892411 9 1 0 1 6 25
892424 13 1 0 6 6 28
892425 4 0 0 6 5 22
892426 8 0 0 8 5 20
892441 5 1 0 6 5 17
892442 13 1 0 6 6 20
892443 5 0 0 7 6 18
892453 10 1 0 0 6 27
892454 4 0 0 1 6 46
892459 42 1 0 7 6 31
892460 15 1 0 1 6 28
892461 10 0 0 7 6 27
892462 4 0 0 1 6 21
892463 79 1 0 7 6 29
892487 7 0 0 6 6 19
892490 14 1 0 7 6 35
892493 67 1 0 1 6 25
892502 18 1 0 8 6 25
892503 33 1 0 7 6 23
892504 57 1 0 1 6 28
892505 20 1 0 7 6 28
892529 8 0 0 6 6 27
892530 9 0 0 1 6 21
892531 18 1 0 7 6 33
892532 22 1 0 6 6 41
892545 8 1 0 6 6 38
892548 5 0 0 6 6 19
892601 24 0 0 7 6 24
892609 23 1 0 1 6 27
892610 3 0 0 6 6 35
892625 25 1 0 7 6 29
892626 15 0 0 1 6 25
892627 18 0 0 6 6 47
892652 29 1 0 1 6 23
892664 5 0 0 7 6 28
892665 13 1 0 1 6 24
892720 11 0 0 1 6 21
892724 32 1 0 7 6 20
892727 44 1 0 6 6 19
892787 20 0 0 6 6 30
892788 13 0 0 8 6 27
892789 9 0 0 7 6 34
892790 27 1 0 7 6 28
892791 84 1 0 7 6 25
892797 21 1 0 1 6 31
892818 19 0 0 6 6 21
892878 3 0 0 7 6 31
892880 19 0 0 1 6 35
892881 11 1 0 1 6 29
892882 22 1 0 6 6 26
892884 6 0 0 1 6 27
892898 40 1 0 7 6 21
892899 5 0 0 6 6 38
892924 53 1 0 8 6 26
892925 28 1 0 1 6 34
892933 32 0 0 7 6 27
892944 10 0 0 1 6 27
892945 28 1 0 7 6 23
892953 33 0 0 7 6 23
892961 10 0 0 6 6 20
892975 68 1 0 7 6 22
892976 26 0 0 7 6 31
892983 15 0 0 6 6 35
893015 7 0 0 6 6 30
893081 26 1 0 7 6 28
893092 31 1 0 6 6 21
1056981 45 1 0 4 6 26
