51538
19
487
51538 540 1 1 1 6 21
2274 29 1 1 0 6 17
3221 7 0 0 7 6 24
3224 2 0 1 2 6 23
3226 8 0 0 2 6 24
3229 5 0 0 2 6 24
3232 599 1 0 2 6 18
3233 6 0 0 8 6 22
3235 48 0 0 4 6 22
3242 3 0 1 9 6 24
3244 6 0 0 4 6 26
3245 6 0 0 2 6 26
3292 10 1 0 2 6 21
3436 17 0 0 8 6 22
3450 5 0 0 4 6 22
3454 4 0 0 6 6 25
8268 69 0 0 4 6 12
9452 93 0 1 8 6 18
11293 35 0 0 5 6 29
11821 5 1 0 0 5 14
12159 190 0 0 2 6 19
15396 40 1 1 0 6 17
16097 97 1 1 0 6 18
20014 80 1 0 1 6 20
21285 39 0 1 7 6 33
25579 30 0 0 1 6 25
27542 38 1 1 0 6 12
28791 45 1 0 0 6 13
30087 56 0 0 4 6 17
31099 490 1 0 2 6 20
32443 92 1 1 3 6 26
34032 669 1 1 8 6 15
35664 36 0 0 0 6 14
35758 72 0 1 0 6 20
37595 86 1 1 0 6 19
37817 31 1 1 0 6 17
38399 40 0 0 0 6 11
38668 36 1 1 0 6 18
39569 47 0 1 0 6 19
39961 268 1 0 2 6 18
40868 19 1 1 3 6 11
41869 268 1 0 3 5 18
45694 31 0 1 2 6 19
46786 42 1 1 0 6 10
47278 13 0 1 3 6 19
53191 69 0 0 7 6 20
53243 130 1 0 5 6 17
53469 130 1 0 7 6 15
54708 12 1 0 7 6 33
55227 52 0 0 2 6 23
55526 4 0 0 3 6 24
55784 50 0 0 4 6 12
56499 700 1 0 2 6 13
56502 38 0 0 4 6 14
57180 150 0 1 3 5 15
57236 28 0 1 0 6 20
57258 171 1 1 4 6 18
57644 60 0 1 8 6 15
58256 75 1 1 5 6 20
58523 32 0 0 2 6 18
58533 72 0 0 7 6 21
58667 7 1 0 6 6 12
60683 34 1 1 7 5 16
61200 57 0 0 1 6 16
61305 75 0 0 5 6 15
61705 105 1 0 4 6 11
61841 27 1 1 1 6 13
63266 120 1 1 3 6 17
63272 52 0 0 4 5 18
65161 31 1 0 0 6 12
65802 33 1 1 0 6 14
66270 40 1 0 2 6 10
67449 157 1 0 6 6 17
68009 52 1 0 9 6 11
68265 31 1 0 3 5 14
68430 134 0 0 1 6 12
71599 11 0 1 1 6 37
74517 10 1 0 2 6 12
75684 30 0 0 3 6 15
75889 6 0 1 8 6 18
76852 21 0 1 0 6 15
79149 51 0 0 2 6 14
80794 12 0 0 0 6 13
83174 236 1 0 3 6 12
86405 44 0 1 3 6 14
90463 32 0 0 0 6 13
94774 157 1 0 3 6 17
95942 197 1 0 2 6 24
96345 193 1 1 7 6 17
97027 45 1 1 3 6 15
103250 15 0 0 4 6 16
106033 8 1 1 2 5 19
106293 58 1 1 0 6 17
109121 73 1 0 1 6 16
112825 8 1 1 7 6 13
112842 17 1 0 0 6 14
114300 38 1 0 3 6 15
115221 15 1 0 4 6 15
119920 57 0 0 0 6 18
127990 9 0 0 2 6 25
128258 42 0 1 6 6 24
128583 31 0 1 8 6 15
129386 84 1 1 9 6 16
132655 60 0 0 3 6 20
132731 77 1 0 2 6 14
133036 3 0 0 2 6 21
133037 4 0 0 4 6 24
133038 1 1 1 2 6 22
133040 3 0 0 2 6 21
133041 3 0 1 8 6 25
133042 3 0 0 6 6 21
133321 4 0 0 4 6 23
133330 88 0 0 8 6 22
133634 74 0 1 7 6 20
133687 6 1 0 0 5 12
135869 23 1 1 3 6 18
136264 120 1 0 1 6 7
136431 9 1 0 3 6 42
137460 12 1 1 4 6 11
137619 60 1 1 3 6 17
137721 7 0 1 7 6 21
137772 17 1 0 2 6 12
137955 33 1 0 0 6 17
139367 17 1 0 6 6 26
139681 15 0 1 3 6 19
139685 61 1 1 7 6 24
140205 18 1 1 2 6 15
141077 1 1 1 2 6 15
142014 48 1 1 8 6 17
142195 40 0 0 5 6 15
143487 8 0 0 1 6 22
144173 103 0 0 7 6 14
144687 17 1 0 2 6 14
145162 21 0 0 5 6 22
145464 56 1 1 8 6 15
145622 49 0 1 8 6 20
146862 107 0 1 7 6 19
147096 7 1 1 1 6 13
147798 42 1 1 5 6 12
147842 16 0 0 4 5 19
148088 118 0 0 2 6 13
149416 74 0 1 1 6 18
149484 160 1 1 0 6 22
149953 18 1 0 2 6 14
150031 27 0 0 4 6 19
151329 7 1 1 5 6 24
151963 5 1 1 2 5 22
152024 26 1 0 5 6 19
152460 11 1 0 2 5 17
152463 21 0 0 4 6 17
152464 29 1 1 0 6 15
153829 49 1 1 7 6 15
153975 5 1 0 1 5 19
154191 64 1 1 8 6 23
155661 15 1 0 6 6 19
156781 31 0 1 0 6 14
158288 82 1 0 7 6 21
159027 148 0 0 7 6 14
159480 18 0 1 6 6 17
159928 90 0 0 7 6 18
160320 57 0 1 8 6 19
160321 22 1 1 6 6 16
161829 38 1 0 0 6 16
162111 63 0 0 6 6 17
162356 23 1 1 1 6 13
162949 21 0 1 2 6 22
163338 186 1 0 7 6 14
165705 13 0 0 8 6 15
166802 29 1 1 8 6 15
167724 90 1 1 6 6 21
169543 33 0 1 7 6 17
169812 18 1 1 2 6 18
171631 4 1 1 4 6 16
172719 38 1 0 8 6 9
173830 76 0 0 7 6 10
176566 64 0 1 0 6 19
177814 114 0 1 3 6 22
180655 69 1 1 3 6 22
180931 302 1 1 1 6 18
181360 44 1 0 3 6 17
181365 15 1 0 3 5 18
182466 39 1 0 7 6 9
184275 86 1 0 2 6 15
184799 21 1 1 6 6 16
185008 9 1 0 8 6 24
185089 22 0 0 4 6 21
185090 3 0 0 8 6 21
185095 9 0 0 8 6 23
185100 4 0 0 2 6 24
185189 4 0 0 8 6 23
185190 5 0 0 8 6 23
185218 3 0 0 4 6 23
186387 65 1 0 7 6 12
186472 58 0 1 7 6 20
186610 11 0 0 6 6 46
188500 10 1 0 2 6 16
188503 12 1 0 2 5 16
188787 57 1 0 2 6 34
189450 39 1 1 7 6 17
190032 88 0 1 6 6 29
190893 55 0 1 3 6 19
193977 39 0 0 4 6 18
195577 95 0 0 1 6 21
195621 47 1 0 6 6 13
198367 74 0 0 8 6 20
198371 10 0 1 1 6 15
199072 54 0 0 2 6 30
199540 69 0 0 6 5 17
203432 31 0 0 6 6 19
207421 40 1 1 1 6 27
207527 64 1 1 2 6 21
207603 18 1 0 0 6 17
208803 30 1 0 5 6 34
209275 115 0 0 4 6 22
210457 93 1 0 8 6 18
210916 60 0 0 8 6 20
212975 112 0 0 3 6 13
214444 18 0 0 0 6 17
214676 101 1 1 7 6 20
219228 39 0 1 3 6 15
220941 41 0 0 6 6 22
221655 41 0 1 8 6 15
221838 98 1 1 8 6 19
222777 16 1 0 8 5 17
222912 51 1 1 7 6 35
225711 19 0 0 2 6 24
227064 58 1 0 3 6 19
227901 26 0 0 0 6 13
229053 38 1 0 6 5 16
231100 39 1 0 0 5 13
232861 32 1 0 4 6 14
232954 104 1 0 5 5 17
234336 53 1 1 6 6 15
234734 24 1 0 0 6 25
245935 68 0 0 5 6 14
247051 28 0 0 3 6 19
248881 29 1 0 0 6 14
252189 27 1 1 5 5 16
255076 14 1 0 2 6 18
255730 28 1 0 6 6 14
256127 22 0 0 7 5 15
256331 37 1 0 3 6 14
256557 9 0 0 2 6 14
256846 8 0 0 4 6 17
256999 26 0 0 2 6 12
258355 33 0 0 2 6 17
260943 27 0 0 0 6 17
262127 66 0 1 7 6 16
265465 104 1 1 1 6 22
267399 111 1 0 5 6 13
269666 82 1 0 0 6 12
276093 31 0 1 8 6 21
277938 58 1 0 2 6 34
278349 25 1 0 2 6 32
280873 24 0 0 0 6 13
281363 109 1 1 0 6 20
282987 63 0 1 3 6 18
283672 20 0 0 5 6 16
286454 44 0 0 2 6 19
287271 36 1 1 6 6 14
288371 11 0 0 3 6 22
288449 32 0 0 1 6 18
290119 22 1 1 0 6 20
291560 38 0 1 6 6 13
297114 68 0 0 5 6 16
299679 63 1 1 2 6 19
300456 56 1 0 6 6 22
306079 22 0 0 0 6 21
306999 31 1 0 0 6 15
308088 147 1 1 0 6 9
308622 33 1 1 0 6 12
309613 34 0 0 7 6 29
311783 53 1 1 6 6 14
311935 76 1 0 5 6 22
311949 61 1 0 8 6 18
313152 24 1 0 0 6 14
313154 24 1 0 0 6 14
314594 22 0 0 3 6 9
315127 85 0 0 4 6 17
315788 23 1 0 1 6 13
316401 19 1 1 0 6 18
316609 54 0 0 0 6 17
318326 43 1 1 1 6 30
325446 8 1 0 4 6 21
328364 53 1 1 8 6 21
329321 103 1 1 7 6 19
335112 37 1 0 3 6 16
342863 27 1 0 0 6 14
343400 75 1 0 1 6 18
344389 63 0 0 7 6 16
346176 57 1 1 2 6 26
347481 70 0 0 4 6 25
348251 18 0 0 4 6 29
348261 119 1 0 4 6 29
352603 38 0 0 2 6 17
355223 38 0 0 7 6 17
356541 51 1 1 5 6 16
360279 7 1 1 0 5 12
363632 19 1 0 3 6 17
368244 9 1 0 0 6 9
368833 32 0 0 0 6 20
369511 24 1 0 2 6 17
369928 4 1 1 6 6 21
372227 68 1 0 5 6 25
376876 27 0 1 3 6 28
377345 30 0 1 6 6 24
379118 97 1 1 6 6 21
382167 45 1 0 3 6 14
384826 67 1 1 6 6 18
387468 6 0 0 2 6 15
389379 40 1 1 7 6 22
389526 54 1 0 7 6 15
392353 19 0 1 6 6 17
392423 17 1 1 8 6 13
394943 18 1 0 0 6 11
396852 88 1 1 5 6 17
398375 10 0 1 5 6 15
399113 70 1 0 7 6 34
399500 7 1 1 4 6 22
399709 101 1 1 3 6 27
400507 33 1 0 7 6 20
403747 19 0 1 3 6 17
404592 32 1 0 6 6 18
406461 12 1 1 7 6 12
406622 12 1 0 1 6 21
411159 19 1 1 6 6 17
414122 34 1 1 0 6 18
414204 17 0 0 3 6 17
416734 59 1 0 8 6 16
419654 88 1 0 7 6 14
419750 26 1 0 2 6 27
420245 29 0 1 4 6 17
422823 62 0 0 3 6 32
426575 9 1 1 8 6 14
435998 20 0 1 4 6 15
442383 11 1 0 3 6 18
450957 12 1 1 3 6 17
452231 43 0 1 0 6 37
456824 50 1 1 4 6 23
457367 25 1 0 2 6 12
463756 4 1 1 7 6 16
467170 17 0 0 6 6 33
470855 67 0 0 4 6 19
472224 48 1 0 5 6 12
473698 25 1 0 4 6 15
474816 28 0 1 1 6 29
478872 22 1 1 7 6 12
479188 24 1 0 0 6 16
481323 47 1 0 7 6 23
486093 16 1 1 8 6 19
488536 62 0 0 1 6 33
489684 37 1 0 3 6 23
512001 40 1 1 2 6 19
515498 126 0 1 4 6 20
518548 10 1 0 0 6 11
518652 74 0 0 2 6 15
520067 49 1 1 6 6 18
520687 51 1 0 0 6 12
520927 57 1 1 3 6 13
523015 6 1 0 4 6 24
523350 20 1 0 0 6 13
529034 15 1 0 3 6 31
530119 89 1 0 8 6 18
536511 4 0 0 9 6 16
537029 75 1 1 2 6 22
537692 23 0 0 0 6 14
539170 30 1 1 8 6 19
540653 23 1 0 3 6 17
542250 111 1 1 2 6 18
547560 23 1 1 2 6 21
548835 29 1 0 5 6 14
551593 15 1 1 0 6 11
553461 22 1 1 6 6 13
561738 19 0 0 3 6 15
578514 41 1 0 2 6 22
579857 23 1 1 6 6 15
580022 7 1 0 6 6 22
580939 10 0 0 7 6 17
586241 36 1 0 1 6 22
592311 20 1 0 3 6 26
593357 17 1 0 7 6 13
594975 20 1 0 7 6 11
595533 22 0 1 8 6 23
598803 6 1 0 7 6 30
607141 47 1 0 6 6 15
607978 35 1 1 5 6 26
608051 33 0 0 3 5 14
608377 29 0 1 8 6 31
608484 39 1 0 2 6 15
609154 6 0 0 7 6 15
610128 1 1 0 7 6 32
610489 64 1 1 7 6 30
610566 34 1 1 6 6 14
610704 14 1 1 7 6 13
610725 1 1 1 4 6 31
610727 1 1 1 0 6 13
610728 1 1 0 2 6 14
610770 1 1 1 8 6 46
610771 5 0 0 3 6 14
610775 6 1 0 1 6 29
610882 5 0 0 1 6 17
611273 18 1 0 8 6 23
611275 2 1 0 0 6 17
611276 24 1 1 2 6 32
611277 32 0 0 0 6 11
611278 3 1 0 4 6 25
611280 6 1 0 6 6 46
611281 2 1 1 6 6 26
611288 6 1 0 0 5 18
611301 13 0 0 3 6 19
611307 3 0 1 0 6 55
611308 21 0 0 8 6 27
611311 6 1 0 3 6 18
611326 10 0 0 3 6 37
611346 35 1 1 3 6 14
611349 16 1 1 7 6 26
611370 1 1 1 7 6 19
611372 8 1 0 2 6 32
611373 24 1 0 7 6 16
611401 14 1 0 6 6 19
611402 16 1 0 3 6 15
611403 26 1 0 5 6 33
611435 15 1 0 6 6 11
611438 5 1 1 7 6 36
611486 2 1 0 8 6 9
611490 19 1 0 3 6 12
611491 14 1 0 8 6 20
611492 30 1 0 8 6 15
611493 26 1 1 5 6 12
611531 15 1 1 8 6 14
611532 2 0 0 8 6 12
611533 11 0 1 8 6 10
611534 16 0 0 8 6 12
611535 2 0 0 6 6 22
611570 18 0 1 1 6 22
611571 10 0 1 5 6 33
611572 1 1 1 0 6 23
611573 7 1 0 4 6 16
611574 47 1 0 8 6 18
611575 7 0 1 0 6 17
611576 35 1 1 6 6 20
611577 34 1 0 8 6 15
611613 18 1 0 4 6 32
611614 3 1 0 8 6 20
611616 14 1 0 2 6 17
611617 3 1 1 0 6 12
611648 4 0 0 5 6 33
611649 16 1 1 3 6 19
611652 4 1 1 7 6 33
611653 14 1 1 1 6 40
611676 16 0 1 8 6 29
611721 52 1 0 8 6 12
611722 41 1 0 8 6 9
611723 1 1 0 3 6 10
611724 5 1 0 2 6 9
611726 1 1 1 1 5 12
611727 63 0 1 8 6 17
611779 39 1 1 2 6 25
611780 20 1 1 6 6 15
611781 11 1 0 8 6 12
611794 3 1 0 8 6 13
611795 32 1 1 5 6 31
611796 33 1 1 8 6 19
611798 11 1 0 3 6 15
611799 11 1 0 8 6 13
611838 13 0 1 2 6 19
611843 2 1 1 5 6 29
611846 28 1 1 8 6 28
611848 16 0 1 1 6 32
611852 11 1 1 5 6 18
611880 16 1 0 5 6 13
611882 10 1 0 1 5 19
611883 134 1 1 8 6 19
611927 3 0 0 0 5 14
611928 31 0 0 3 6 30
611929 13 1 1 3 6 14
611930 12 0 0 5 6 36
611931 11 1 1 4 6 26
611989 6 1 1 1 6 21
611990 26 1 0 6 5 14
611992 48 1 1 5 6 29
611994 9 1 0 5 6 35
612003 20 1 1 1 6 15
612043 12 0 0 8 6 16
612060 3 1 1 1 5 9
612063 1 1 0 2 5 28
612065 2 1 0 6 6 12
612078 5 1 0 8 6 11
612080 2 1 0 0 5 22
612134 3 0 0 0 5 12
612135 14 0 1 2 6 30
612138 16 1 0 4 6 26
612156 54 1 0 2 6 17
612157 1 1 0 4 5 14
612158 13 0 0 6 6 13
612191 24 1 0 0 6 12
612192 11 1 1 8 5 20
612194 1 1 1 5 6 15
612196 1 0 1 5 6 32
612235 38 0 0 3 6 16
612236 2 1 1 1 6 13
612256 21 0 0 3 6 24
612257 7 1 1 2 5 12
612259 40 1 0 7 6 20
612262 7 0 1 7 5 51
612293 20 1 1 6 6 20
612307 24 1 0 6 6 13
612335 31 1 1 2 6 18
612336 30 1 0 3 6 12
612356 30 1 1 7 5 16
612357 13 1 1 8 6 48
612359 9 1 0 6 5 21
612397 13 1 0 3 6 23
612403 17 1 1 5 6 10
612478 42 1 1 6 6 16
612481 5 0 1 3 5 14
612483 14 1 1 6 6 9
612484 6 1 0 0 6 14
612485 12 1 0 0 6 16
612511 2 1 1 3 6 26
612512 9 1 1 8 6 14
612578 7 0 0 3 6 32
612579 26 0 0 3 6 13
612881 91 1 0 2 6 23
612883 18 0 0 8 6 17
612990 1 1 0 1 6 40
612994 5 1 1 2 6 37
612995 10 1 1 2 6 14
613001 31 1 1 5 6 21
613058 11 0 1 5 6 27
613059 9 1 1 1 6 33
613060 39 1 1 3 6 15
613061 56 1 1 6 6 24
613069 15 0 1 8 6 13
613070 4 1 0 3 6 10
613196 13 1 1 0 6 41
614616 19 0 0 1 6 14
614656 9 1 0 6 6 15
614658 8 0 0 3 6 19
614703 11 1 1 5 6 23
614705 7 0 1 3 6 35
