12427
19
436
12427 203 1 0 0 6 19
302 60 0 1 0 6 24
482 107 1 0 0 6 17
589 73 1 0 0 6 20
758 35 0 1 0 6 24
761 59 0 1 0 6 20
787 77 1 1 0 6 22
843 28 0 1 0 6 24
862 143 1 0 0 6 21
1384 83 0 0 0 6 18
1444 52 0 1 0 6 22
1464 86 1 1 0 6 21
1594 185 1 1 0 6 22
1848 174 1 0 0 5 19
1886 228 1 1 0 6 24
1978 41 0 1 0 6 24
2108 58 0 1 0 6 21
2154 48 1 1 0 6 21
2165 65 1 1 4 6 24
2203 45 1 1 0 6 21
2210 72 1 1 0 6 21
2271 280 0 1 0 6 24
2283 22 0 1 0 6 20
2503 80 1 0 0 6 20
2587 90 0 1 0 6 20
2625 190 1 0 0 6 19
2721 111 1 0 0 6 25
2883 43 1 1 0 6 18
3133 57 0 1 0 6 24
3389 190 1 0 0 6 20
3657 46 1 0 0 6 18
3755 127 1 1 0 6 24
4459 51 1 1 0 6 22
4516 96 1 1 0 6 20
5630 61 1 1 0 6 24
7477 44 0 0 0 6 19
7544 119 1 1 0 6 18
7550 42 0 1 0 6 22
7756 36 0 1 0 6 22
8156 29 0 1 0 6 23
8203 71 1 1 2 6 21
8397 86 0 1 0 6 21
8484 59 0 0 0 6 20
8658 51 1 0 0 6 19
8964 37 1 1 0 6 25
9603 93 0 0 0 6 18
10104 50 0 1 4 6 22
10870 76 1 0 0 6 21
11625 15 1 0 1 5 19
11734 79 1 0 0 6 20
11735 62 1 0 3 6 23
11819 40 1 0 0 6 18
11990 30 0 1 0 6 20
12065 63 0 0 0 6 20
12210 141 1 0 0 6 18
12213 17 0 1 0 6 19
12443 53 1 0 0 6 18
12615 52 1 0 0 6 21
12756 39 0 1 0 6 20
13130 118 1 1 0 6 16
13607 79 1 1 0 6 20
14653 86 1 1 0 6 21
15226 34 1 1 0 6 18
15246 95 1 0 0 6 21
15367 76 0 0 0 6 18
15380 27 1 1 0 6 23
15399 47 1 1 0 6 21
15444 14 1 1 0 6 26
15514 77 1 1 0 6 20
15541 62 1 0 0 6 21
15570 22 0 1 0 6 21
15571 16 0 1 0 6 24
15593 74 0 0 0 6 29
15600 36 1 1 0 6 26
15657 33 1 0 0 6 20
15797 67 1 0 0 6 20
16191 16 0 1 3 6 20
16194 105 1 1 0 6 20
16463 51 0 0 0 6 19
16481 97 1 1 0 6 20
17120 28 0 0 0 6 21
17924 35 0 0 0 6 20
17938 10 0 1 3 6 21
18172 28 1 1 0 6 23
18455 105 1 1 0 6 23
18705 163 1 1 0 6 28
18802 41 0 1 0 6 19
19251 33 0 0 0 6 16
19505 68 1 1 0 6 26
19715 52 0 1 0 6 24
20526 60 1 1 0 6 26
20643 74 1 1 0 6 22
20740 4 0 1 0 6 22
21065 74 1 1 0 6 21
22235 66 1 1 0 6 19
22653 54 1 0 0 6 19
23220 46 1 1 0 6 20
24879 66 1 1 0 6 19
25254 42 0 0 0 6 20
25582 41 1 1 3 6 22
25756 39 0 0 0 6 20
26005 36 1 1 0 6 21
26654 24 1 0 0 5 20
26716 56 0 1 0 6 24
26742 40 1 1 6 6 18
27655 17 0 0 0 6 20
27953 39 0 1 0 6 27
28017 73 0 1 0 6 22
29412 30 0 0 0 6 21
30507 28 0 1 0 6 20
32322 97 0 1 4 6 19
35134 52 1 0 0 6 17
36504 49 1 0 0 6 22
36644 25 1 1 0 6 23
36742 66 1 1 0 5 23
36771 63 1 1 0 6 23
37552 27 0 1 3 6 23
41112 43 0 1 0 6 20
41364 44 0 0 0 5 22
41405 37 1 1 0 6 20
41827 35 0 1 1 6 27
42013 45 0 1 0 6 23
42427 35 0 0 0 6 18
45481 28 1 0 0 6 22
45749 34 1 1 0 5 23
45978 39 1 1 0 6 28
46129 37 0 0 0 6 20
46793 133 0 1 3 6 26
47373 24 1 1 0 6 22
49083 20 1 1 0 6 27
49552 21 0 0 0 6 17
50266 21 0 1 0 6 29
50539 78 1 1 0 5 25
51702 21 0 1 0 6 24
51813 28 1 1 0 6 15
51818 94 1 1 4 6 18
55265 32 0 1 0 6 24
57444 47 1 1 3 6 27
58914 22 1 1 0 6 18
62663 31 1 1 0 6 21
62667 32 0 1 0 6 26
65872 33 1 1 0 6 24
67936 7 1 1 0 6 22
69211 30 0 0 0 6 21
74153 29 0 1 0 6 21
79964 51 1 0 0 6 19
80216 6 1 0 2 6 22
85513 28 0 1 0 6 22
85804 28 0 0 9 6 21
88738 22 0 0 0 6 18
89143 9 0 0 0 5 20
89389 13 1 1 0 6 32
95381 99 1 0 2 6 18
95718 81 1 1 0 6 19
96879 35 0 1 8 6 23
98167 105 1 1 0 6 22
110267 80 0 1 8 6 22
115487 47 1 1 5 5 20
117149 31 0 1 8 6 24
119042 29 0 0 0 6 20
126936 16 1 1 0 6 31
142241 55 0 0 0 6 25
158064 75 1 1 5 6 21
171856 66 1 1 3 6 24
183205 38 0 1 0 6 102
187026 34 1 0 0 6 22
197801 17 0 0 5 6 18
231650 11 1 0 3 6 21
231898 11 0 1 0 6 21
235023 12 1 0 0 6 18
238200 39 1 1 0 6 21
240742 69 1 1 2 6 24
243389 3 0 1 0 6 29
243393 10 1 1 0 6 18
243395 1 0 0 0 5 16
243398 54 0 1 3 6 24
243400 3 1 1 0 5 25
243426 38 1 0 3 6 16
243469 39 1 1 5 6 22
243534 111 1 1 3 6 22
243535 25 1 1 0 6 25
243585 53 0 1 5 6 19
243586 8 1 1 0 6 31
243587 66 1 0 8 6 20
243633 35 0 0 1 6 22
244157 7 1 1 6 5 25
244322 11 0 0 0 5 19
244323 10 1 1 4 6 36
244388 38 1 1 0 6 28
244389 65 1 1 8 6 23
244449 29 1 1 8 6 19
244515 9 1 1 0 6 24
244730 11 0 1 3 6 25
244731 43 0 1 1 6 22
244860 5 0 1 0 6 23
244861 104 1 1 8 6 21
244862 50 1 1 6 6 18
244863 23 1 1 8 6 23
244909 10 1 1 4 6 23
244911 52 1 1 5 6 20
244912 56 1 1 0 6 21
244916 30 0 1 2 6 24
244922 6 0 1 0 6 23
244923 124 1 1 8 6 21
