287711
19
2030
287711 231 1 0 6 6 21
2635 11 0 1 6 6 27
5909 45 0 1 0 5 24
7278 149 1 1 6 6 25
16126 70 1 1 0 6 22
19840 174 1 1 6 6 22
20153 159 1 1 0 6 22
23597 142 1 1 7 6 24
24523 94 0 1 2 6 24
30040 67 1 1 6 6 22
32456 83 1 1 6 6 22
34056 42 0 1 6 6 17
34061 65 1 1 6 6 20
35584 136 1 1 8 6 13
36045 35 0 0 8 6 21
36577 760 1 1 2 6 21
38793 51 1 1 6 6 31
40306 215 1 1 8 6 23
41145 106 1 0 6 6 19
46793 133 0 1 3 6 26
48781 11 0 1 8 6 24
55212 259 1 1 6 6 27
56652 80 0 1 2 6 22
58555 35 0 0 6 6 20
60152 195 0 1 6 6 21
60165 137 1 0 6 6 24
61286 156 0 1 8 6 24
62442 49 0 1 6 6 26
63565 25 0 1 6 6 22
64053 94 1 1 6 6 25
71414 529 1 1 6 6 19
71663 120 1 0 6 6 21
73052 70 0 0 6 6 13
73640 72 1 1 6 6 25
73665 461 1 1 2 6 16
73704 161 1 1 6 6 23
73944 84 1 1 6 6 16
73961 118 0 1 6 6 27
73965 131 1 1 6 6 20
74398 36 0 1 6 6 24
75529 383 1 1 6 6 20
75533 93 1 1 6 6 24
79397 167 1 1 6 6 21
82442 36 0 1 2 6 21
83963 221 0 1 8 6 22
85897 343 0 1 6 6 28
90717 60 1 1 4 6 26
98623 67 0 1 6 6 25
104391 54 0 1 8 6 23
104430 192 1 0 6 6 20
121043 128 1 1 6 6 19
123133 15 1 1 1 6 21
127027 23 1 1 7 6 36
133363 52 1 1 6 6 24
142538 64 0 1 6 6 23
144060 53 1 1 0 5 25
150142 31 0 0 6 6 20
150255 72 1 1 6 6 25
151599 51 0 0 2 6 21
154799 198 1 0 6 5 20
154981 94 1 0 6 6 21
155309 118 1 0 6 6 21
155807 65 1 1 2 6 17
156111 93 0 1 6 6 22
158916 59 0 1 6 6 23
167809 29 0 1 6 6 28
167918 67 0 1 6 6 23
170918 35 1 1 7 6 19
179720 138 1 1 6 6 22
180234 32 0 1 4 6 26
183520 172 1 1 6 6 20
184062 182 1 1 4 6 23
184066 32 1 1 6 6 19
184091 308 1 1 6 6 18
184092 83 1 1 6 6 17
193530 75 1 1 9 6 22
195788 154 1 1 6 6 21
196193 85 1 0 5 6 21
206195 34 1 1 8 6 21
208844 43 0 1 7 6 23
209345 182 0 1 1 6 34
210429 83 1 1 4 6 21
217677 118 1 0 6 6 21
219629 192 1 1 6 6 25
230570 63 1 1 6 6 23
239855 52 0 1 6 6 25
243469 39 1 1 5 6 22
243556 143 1 1 6 6 25
248637 76 1 1 3 6 25
249337 123 1 1 6 6 25
250614 26 1 0 1 6 20
261739 35 0 0 6 6 20
266782 120 1 1 2 6 36
266942 20 1 1 6 6 26
268086 47 0 0 6 6 21
275519 10 1 1 6 6 11
277061 58 0 1 6 6 22
277062 45 0 0 6 6 21
284699 65 1 1 8 6 21
297354 38 0 0 2 6 21
299679 63 1 1 2 6 19
304913 31 0 1 0 6 20
305227 88 1 1 7 6 26
308145 103 1 1 6 6 21
322699 62 0 0 6 6 20
323430 44 0 1 6 6 24
323913 94 1 1 4 6 22
327107 7 0 1 0 5 20
329779 72 0 1 6 6 23
333072 101 0 0 6 6 21
334366 56 1 0 2 6 17
334373 36 0 1 4 6 21
334951 44 0 1 6 6 20
338364 154 0 0 6 6 19
338367 41 0 1 4 6 21
338807 35 0 1 6 6 21
338808 132 1 1 6 6 22
349871 42 0 1 1 6 20
350773 175 1 0 6 6 19
360497 58 0 1 8 6 23
366061 113 1 1 1 6 20
397455 43 0 1 2 6 22
405683 174 1 0 6 6 23
407424 64 1 1 6 6 21
422427 226 1 0 6 6 18
427941 68 1 1 1 6 22
430148 25 0 1 2 6 21
437662 94 1 0 6 6 26
441932 21 0 0 6 6 20
442914 53 0 1 4 6 19
450749 41 0 1 6 6 18
454746 61 1 1 1 6 28
478742 22 0 1 6 6 22
479774 153 1 1 1 6 33
480146 30 0 0 6 6 20
480426 34 0 0 6 6 21
480509 76 1 0 6 6 19
480987 90 1 1 6 6 21
481601 58 1 0 6 6 20
483749 37 0 0 5 6 18
490956 182 1 1 6 6 24
499394 65 1 1 6 6 19
522769 55 1 1 9 6 25
523885 15 0 0 6 6 19
524957 65 1 1 6 6 23
525111 61 0 0 6 6 19
525375 38 1 1 6 6 21
537236 28 1 1 1 6 26
541161 151 1 1 6 6 28
544456 68 1 1 8 6 18
545607 103 1 1 6 6 21
548604 13 1 1 6 6 26
548694 100 1 1 6 6 23
548695 95 1 0 6 6 21
548696 80 1 0 6 6 22
548721 82 0 0 6 6 22
548769 64 0 1 6 6 22
548809 83 1 1 6 6 21
548849 123 0 0 6 6 23
548852 103 1 1 6 6 22
548888 135 1 0 6 6 21
548922 27 0 1 6 6 29
553541 57 0 1 6 6 21
554362 24 0 1 6 6 24
555062 45 1 0 6 6 23
556390 18 1 1 7 6 31
557151 27 1 1 6 6 22
559519 38 0 1 6 6 26
564236 76 1 1 6 6 17
566060 50 0 0 6 6 20
566108 90 1 0 6 6 19
590284 6 0 1 6 6 45
599814 109 1 1 2 6 22
600518 15 1 1 6 6 33
602067 4 1 1 1 5 29
603691 15 1 1 3 6 24
609389 22 0 0 6 6 17
610185 132 1 0 6 6 21
610505 70 1 1 6 6 23
610618 21 0 1 6 6 29
611550 147 1 1 6 6 23
612260 77 1 1 6 6 22
613730 39 1 1 4 6 21
614288 25 1 1 2 6 30
616085 41 1 1 4 6 35
622283 35 0 1 6 6 28
638586 51 1 1 6 6 23
638616 8 1 1 6 6 32
641266 39 0 1 6 6 26
652695 7 1 1 6 6 18
656918 94 1 1 6 6 26
691817 23 1 1 0 6 21
702076 49 0 0 6 6 21
703836 27 0 0 6 6 18
708436 43 1 1 6 6 25
713503 7 0 1 6 6 31
718144 15 1 1 6 6 31
736726 24 0 0 6 6 21
746640 39 1 1 6 6 20
754139 30 0 1 6 6 20
756649 40 1 1 6 6 21
757556 28 1 0 6 6 21
758760 41 1 0 6 5 20
759250 15 1 1 6 6 21
759840 27 0 1 6 6 19
760661 52 0 1 6 6 23
795720 4 1 0 7 5 15
846662 6 1 0 6 6 20
846665 22 1 0 6 6 21
884391 27 1 1 4 5 21
901424 28 0 1 8 6 23
902740 21 1 1 6 6 31
908933 24 0 1 6 6 21
910758 34 1 0 6 6 20
913057 10 0 1 1 6 39
932691 39 1 1 6 6 23
946152 9 0 0 6 6 36
949912 16 0 1 6 6 21
981711 4 1 1 6 6 24
1024231 13 1 1 1 6 32
1045404 8 0 1 4 6 26
1070815 13 1 0 6 6 21
1134333 19 1 0 6 5 11
1158087 42 1 1 6 6 29
1171232 13 1 0 7 6 33
1178754 3 1 1 4 5 38
1209757 52 1 1 6 6 26
1209869 8 1 1 6 6 33
1210046 7 1 1 1 6 40
1210047 6 1 1 6 6 27
1210048 3 1 1 6 6 30
1210119 1 1 1 2 5 23
