2503
19
435
2503 80 1 0 0 6 20
112 23 1 1 0 6 21
482 107 1 0 0 6 17
968 172 1 0 0 6 17
1848 174 1 0 0 5 19
2203 45 1 1 0 6 21
2303 122 1 0 0 6 19
2496 123 0 0 0 6 18
2497 54 1 0 0 6 22
3389 190 1 0 0 6 20
7415 22 0 1 4 6 20
7544 119 1 1 0 6 18
7802 61 1 1 0 6 19
9734 68 0 0 0 6 22
11233 39 1 0 2 6 17
11370 23 0 0 0 6 22
11625 15 1 0 1 5 19
11734 79 1 0 0 6 20
11735 62 1 0 3 6 23
11737 44 1 1 0 6 21
11805 126 1 1 1 6 20
11813 58 0 0 0 6 19
11819 40 1 0 0 6 18
12210 141 1 0 0 6 18
12427 203 1 0 0 6 19
12443 53 1 0 0 6 18
12615 52 1 0 0 6 21
12893 35 1 0 0 5 20
13813 129 1 1 4 6 20
15193 18 1 1 0 6 18
15798 42 0 0 0 6 20
16296 48 0 0 0 6 21
17175 86 0 1 0 6 25
17370 43 1 1 0 6 18
18087 61 0 0 0 6 20
18154 91 0 0 0 6 19
18278 53 0 0 0 6 22
18993 37 0 0 0 6 20
19032 55 1 0 2 6 19
19369 8 0 0 0 6 22
20299 67 1 0 0 6 22
22235 66 1 1 0 6 19
22404 59 1 0 0 6 21
23696 69 0 0 0 6 17
26474 36 1 1 0 6 19
26740 110 1 1 0 6 18
26938 27 1 0 0 6 18
30416 63 1 0 0 6 16
31648 30 1 0 0 6 24
31741 83 0 0 0 6 21
36678 39 0 0 0 6 21
37182 73 1 0 0 6 20
41744 35 1 0 0 6 18
43011 164 1 0 3 6 17
43012 31 1 0 8 6 19
44131 34 0 0 5 6 23
48068 40 1 0 0 6 16
50338 33 1 0 0 6 17
50656 72 0 0 0 6 16
51818 94 1 1 4 6 18
54335 28 0 1 0 6 18
54340 52 1 0 0 6 14
54453 52 0 1 0 6 19
55265 32 0 1 0 6 24
56844 45 1 1 0 6 16
58914 22 1 1 0 6 18
59266 41 1 1 0 6 19
60585 15 1 1 0 6 25
60591 31 1 0 0 6 13
61799 17 1 0 0 6 20
61800 22 1 0 0 6 16
61801 85 0 1 2 6 19
61803 5 1 1 0 6 18
61804 47 1 0 0 6 9
61806 30 1 1 0 6 21
62050 44 1 0 0 6 22
62499 5 1 0 0 6 41
62504 65 0 1 3 6 20
62663 31 1 1 0 6 21
62667 32 0 1 0 6 26
62669 47 1 1 0 6 21
