172758
19
514
172758 496 1 0 8 6 20
7635 32 1 0 8 5 23
15268 764 1 1 5 6 20
16545 389 1 1 2 6 29
16890 565 1 1 8 6 22
20221 220 1 0 0 6 20
22614 200 1 1 8 6 23
26365 428 0 1 4 6 20
27660 85 1 1 7 6 18
28418 84 1 0 5 6 19
35322 516 1 1 6 6 24
37193 381 1 1 8 6 19
39426 104 1 0 2 6 20
41528 474 1 1 6 6 22
41533 581 1 1 2 6 31
41918 186 0 1 1 6 25
48042 51 1 0 5 6 20
48979 558 1 0 4 6 26
49629 55 1 0 6 5 43
50059 44 1 0 7 6 26
50263 16 0 0 4 5 21
55166 157 0 1 1 6 28
56014 145 0 1 3 6 25
56485 495 0 1 7 6 37
57918 1254 1 1 0 6 27
59146 225 1 0 1 6 20
59973 824 1 1 1 6 37
61034 495 1 0 0 5 23
61104 379 1 1 1 6 40
65244 100 1 1 6 6 14
66814 219 1 1 8 6 19
68596 508 1 0 4 6 21
70318 524 1 1 2 6 37
70564 111 1 1 8 6 15
72040 155 1 0 0 6 17
73049 231 1 0 1 6 23
73701 103 1 1 7 6 15
77721 623 1 1 4 6 17
80783 211 1 1 4 6 20
84782 6 1 1 0 6 18
85504 191 1 1 4 6 22
87444 18 1 0 4 5 20
88280 635 1 0 1 6 19
88290 89 1 0 4 6 19
90841 122 1 0 8 6 24
96345 193 1 1 7 6 17
96458 347 1 1 7 5 17
100630 143 1 0 8 6 13
107662 276 1 0 1 6 31
108449 333 1 0 1 6 21
108455 248 0 1 9 6 37
108479 68 0 0 2 5 19
108483 491 1 0 2 6 27
109370 120 1 0 6 6 23
122692 168 1 1 1 6 24
123338 33 1 0 1 6 22
127863 79 1 1 2 6 29
130976 66 0 1 7 6 27
135563 390 1 1 6 6 16
138364 44 1 0 8 5 23
140022 146 0 1 4 6 19
140321 169 1 1 7 6 21
145045 167 0 1 4 6 33
145923 555 1 1 6 6 18
146963 453 1 0 4 6 15
152031 23 1 0 8 5 18
152878 239 1 0 2 6 21
153205 11 1 0 2 5 19
161545 76 1 1 1 5 34
162536 125 1 0 2 6 27
165310 160 1 1 8 6 16
165499 169 1 1 8 6 13
167952 75 1 0 6 6 21
167996 73 1 1 4 6 39
168113 103 1 1 4 6 25
168124 148 1 1 5 6 23
168802 6 0 1 8 6 20
168935 227 1 1 6 6 26
169912 122 1 0 7 6 20
170373 344 1 1 6 6 26
170840 60 0 1 1 6 30
171462 99 1 1 8 6 16
171606 178 1 0 1 6 27
173108 36 1 0 2 6 20
175390 350 1 0 1 6 29
177119 66 1 0 1 6 29
177370 74 1 1 9 6 20
190304 435 1 0 5 6 20
195898 40 1 0 2 6 20
196436 34 1 0 2 6 29
196605 23 1 0 6 5 20
199665 786 1 0 6 6 25
203522 75 1 0 2 6 32
211180 72 1 0 0 6 33
214105 307 0 0 6 6 28
214113 338 1 0 1 5 32
214114 23 1 0 1 5 19
214730 114 1 1 1 6 22
219630 89 1 1 9 6 24
221570 120 1 0 6 6 19
223050 22 1 0 1 6 24
225993 99 1 0 8 6 16
226927 3 1 0 4 6 26
233851 15 1 0 1 6 22
235903 57 1 0 2 6 20
240148 124 1 0 1 6 24
244171 64 1 0 2 6 19
249343 194 1 0 6 6 20
255212 201 1 0 2 6 18
256147 66 1 1 8 6 31
256148 295 1 1 2 6 25
256192 81 0 0 8 6 21
257974 92 1 0 1 6 22
258794 16 1 1 0 6 18
262127 66 0 1 7 6 16
266433 53 0 1 9 6 20
266616 41 1 1 2 6 16
268684 48 1 0 1 6 25
268714 14 1 0 6 6 22
268831 14 1 0 4 6 19
271182 356 1 1 7 6 31
275759 32 1 0 1 6 26
275863 42 1 0 6 6 23
275986 8 1 0 7 6 22
275992 50 1 0 6 6 21
275993 148 1 0 1 6 25
275994 31 1 0 9 6 24
276347 62 1 0 8 6 23
276476 16 1 0 7 6 36
276526 64 1 0 0 6 20
276620 30 1 0 3 6 22
276810 32 1 0 8 5 23
277084 38 1 0 2 6 20
277168 186 1 0 1 6 24
277223 13 1 0 4 6 22
277284 50 1 0 9 6 22
277349 73 1 0 2 6 19
277415 29 1 0 1 6 26
277419 28 0 0 3 6 20
277576 32 1 0 0 6 25
278539 66 1 0 0 6 24
278547 14 1 0 4 6 24
278705 258 1 0 4 6 20
278713 28 1 0 4 6 22
278741 13 1 0 7 6 24
278781 28 1 0 1 6 30
279053 52 1 1 4 5 19
280764 49 1 1 8 6 26
282464 31 1 0 6 6 20
283163 115 1 0 9 6 22
283197 273 1 0 9 6 23
283200 341 1 0 2 6 24
283879 47 0 0 7 6 24
287208 82 1 0 7 6 20
296109 297 1 0 4 6 21
296256 59 1 0 7 6 22
296320 45 1 0 0 6 22
296402 118 1 0 1 6 30
296490 43 0 0 3 6 19
296495 35 1 0 4 5 20
296544 63 1 0 4 6 20
297324 205 1 0 2 6 22
297451 100 1 0 4 6 23
297477 55 1 0 4 6 20
297705 26 1 0 1 5 28
298752 84 1 0 6 6 23
305402 54 1 0 1 6 25
305453 46 1 0 8 6 26
305455 73 0 0 4 6 22
305523 21 1 0 2 6 42
305548 138 1 0 6 6 22
310447 8 0 0 9 5 20
311135 216 1 1 1 6 16
313781 73 1 0 2 6 21
316105 92 1 0 1 6 21
317363 77 1 0 4 6 23
317428 141 1 0 8 6 23
317486 26 1 0 1 6 32
318294 25 1 0 2 6 20
319030 47 1 0 4 6 20
319200 14 1 0 6 6 23
321935 23 1 0 8 6 19
324570 28 1 0 2 6 30
324876 77 1 0 3 6 23
328284 75 1 1 3 6 37
328741 209 1 1 3 6 30
330314 60 1 0 1 6 21
330381 32 1 0 8 6 19
330561 49 1 0 2 6 22
330571 28 1 0 6 6 19
330703 62 1 0 7 6 21
330705 16 1 0 5 6 19
330836 33 1 0 6 6 18
330903 53 1 0 6 6 24
331070 9 0 0 7 5 19
331362 74 1 0 4 5 22
331623 24 1 0 1 5 21
332267 187 1 0 6 6 32
332687 22 1 1 2 6 26
332978 75 1 0 2 6 27
334995 58 1 0 2 6 29
335047 124 1 0 4 6 23
336173 62 1 0 2 6 19
338010 142 1 1 6 6 29
339997 55 1 0 1 6 15
340477 21 1 0 6 6 20
341647 14 1 0 7 5 20
341655 23 1 0 2 6 20
341714 5 1 0 5 5 19
342121 59 1 0 2 6 22
343006 9 1 0 1 6 23
343929 18 1 0 1 6 21
344010 68 1 0 8 6 16
348388 101 1 0 8 6 20
348983 100 1 0 5 6 32
349643 203 1 1 2 6 20
349735 28 1 1 0 5 18
351163 22 1 0 0 5 29
351355 284 0 1 4 6 15
351801 31 1 0 1 6 24
351973 29 1 0 8 6 19
353127 60 1 0 1 6 22
353234 44 0 0 7 6 20
353417 41 1 0 7 6 20
354012 51 1 0 1 6 27
354518 16 1 0 1 6 23
354640 60 1 0 1 6 37
355115 40 1 0 1 6 24
355165 98 1 1 5 6 37
355341 35 0 0 4 6 24
355713 29 1 0 6 6 19
360979 91 1 0 2 6 19
364854 21 1 0 1 6 25
367435 33 0 0 1 6 26
367797 98 1 0 2 6 19
368100 37 1 0 7 6 25
368405 116 1 1 6 6 14
368510 48 0 0 8 6 22
369122 216 1 1 4 6 20
370110 35 1 0 1 6 20
370173 46 0 0 4 6 23
370714 69 1 0 0 6 20
370994 107 1 0 8 5 21
371086 10 1 0 7 5 17
371088 119 1 0 8 6 21
371089 69 1 0 2 6 18
376199 103 1 0 2 6 19
376443 93 1 1 1 6 15
381876 44 1 1 2 6 19
382567 92 1 1 8 6 18
385917 135 1 0 2 6 17
388939 15 1 0 1 6 17
388953 6 1 0 2 6 21
391106 24 1 0 7 6 18
391164 26 1 0 6 5 20
393079 108 1 1 4 6 25
393208 246 1 0 1 6 30
393229 125 1 0 7 6 23
393272 22 1 1 2 5 14
398626 14 1 1 2 6 35
398775 46 1 0 8 6 31
399091 38 1 1 7 5 17
401171 51 1 0 2 6 35
401272 15 0 0 8 6 21
401861 4 1 1 5 6 17
406978 85 1 1 6 6 18
418641 138 1 1 9 6 17
423441 15 1 0 4 5 35
424341 195 1 1 6 6 17
430450 101 1 0 2 6 19
430921 132 1 1 6 6 26
431080 12 1 1 2 6 18
431598 66 1 0 4 6 22
431692 30 1 0 9 6 22
435480 93 1 0 2 6 22
435481 102 1 0 6 6 36
439718 47 1 0 8 6 22
451268 35 1 0 4 6 18
457213 23 1 0 6 6 31
457239 32 1 0 2 6 17
457683 131 1 0 4 6 23
469399 28 0 0 1 6 19
470116 18 1 0 4 6 23
471356 68 0 0 3 6 22
471421 63 1 0 8 6 23
471676 70 1 0 7 5 21
473504 157 1 0 2 6 26
476143 62 1 0 4 6 13
481616 78 1 0 2 6 20
487169 72 1 0 8 6 24
487961 24 1 0 5 6 26
489430 106 1 1 1 6 24
490163 27 1 0 1 5 21
490609 159 1 1 2 6 18
490715 65 1 0 7 6 30
494680 39 1 1 2 5 16
502115 56 1 0 8 6 21
505135 101 1 0 8 6 22
507234 59 1 1 8 6 18
508861 66 1 1 6 6 20
509306 98 1 1 6 6 16
510485 186 0 1 6 6 18
510549 37 1 1 8 6 16
511632 37 0 1 9 5 18
514035 240 1 1 2 6 20
517007 41 1 0 5 6 31
517558 71 1 1 6 6 21
518113 73 1 1 8 6 20
519226 59 1 1 8 6 19
525149 19 1 0 2 5 22
525206 20 1 1 8 6 17
525691 43 1 1 2 6 25
525912 71 1 1 4 6 18
530526 35 1 0 3 6 27
531451 15 1 0 6 6 20
531483 58 1 0 5 6 31
531721 54 1 0 6 6 20
532706 163 1 1 6 6 23
533070 76 1 1 6 6 25
533125 48 1 0 6 6 20
533560 86 1 1 4 6 29
534422 36 0 1 8 6 22
537294 116 1 0 6 6 34
541601 29 1 0 4 6 20
545227 109 1 1 1 6 28
548396 57 1 1 3 6 26
548748 91 1 1 8 6 17
557516 51 1 0 8 6 21
565174 24 1 1 4 6 37
565374 86 1 1 3 6 22
565468 15 1 0 1 6 19
565862 27 1 0 6 6 23
566081 18 1 0 2 6 18
566426 51 1 0 6 6 35
566530 20 1 0 8 6 21
567861 56 1 0 2 6 21
570579 54 0 1 8 6 19
575875 48 1 1 8 6 15
576156 17 1 0 8 6 24
576269 2 1 0 6 5 13
577760 19 1 0 2 6 23
583618 39 1 0 1 6 22
585339 47 1 0 5 6 21
589906 10 1 1 5 6 24
590281 7 0 1 1 6 29
590483 29 1 0 4 6 22
590665 22 1 0 2 6 17
590740 13 1 1 6 5 36
590763 38 1 1 9 5 20
590770 72 1 0 5 6 25
592217 52 1 0 0 5 21
593525 31 1 0 6 6 22
600542 64 1 0 4 6 27
601121 19 1 0 2 6 27
608443 149 1 0 5 6 20
610318 12 1 0 2 5 37
616284 18 1 0 7 6 15
619761 59 0 0 2 6 20
621297 32 1 0 1 6 20
625133 73 1 1 9 6 32
625191 19 1 0 1 5 42
628179 40 1 0 2 6 19
629299 8 1 0 8 6 16
629684 27 1 1 3 6 17
657597 2 1 0 2 6 21
657760 24 0 0 2 6 23
658015 37 0 0 7 5 25
670350 5 1 0 7 6 25
670749 49 1 0 6 6 30
672603 41 1 0 1 6 21
674636 29 0 1 8 6 20
676238 15 1 0 0 6 28
677666 19 1 0 4 6 36
681838 41 1 0 6 6 36
683643 28 1 0 8 5 19
683673 56 0 0 6 6 19
684086 11 1 1 2 6 25
687864 14 1 1 4 6 26
688306 11 1 0 2 5 23
695275 16 1 1 8 6 17
700910 22 1 0 8 6 38
712393 132 1 1 2 6 21
715433 27 1 0 9 5 30
717053 17 1 0 2 6 31
719537 38 1 1 2 6 23
721994 10 1 1 7 6 36
738878 18 1 0 9 6 23
739239 10 1 0 2 6 23
739578 10 1 0 4 6 17
740162 20 1 0 8 6 24
747924 18 1 0 5 6 27
754488 14 1 0 1 5 26
760380 9 1 0 1 6 23
760894 66 1 0 1 6 31
764968 41 1 0 4 6 25
769415 13 1 0 7 6 22
775435 44 1 0 7 6 36
783424 9 1 0 7 6 21
785710 24 1 0 7 6 26
797697 52 1 0 5 6 19
798575 11 1 1 1 6 21
807104 39 1 1 8 6 18
808349 13 1 0 4 6 19
808972 12 1 0 6 6 31
810118 5 1 1 4 5 21
811242 23 1 0 6 6 22
819733 13 1 0 1 5 23
820422 11 1 0 2 5 21
821800 17 0 1 3 5 17
822551 16 1 0 2 5 17
822572 35 1 1 1 6 21
826087 24 1 0 3 6 41
826122 21 1 0 1 6 32
826956 46 1 0 6 6 22
833765 13 1 0 1 6 25
835641 10 1 0 2 6 17
841227 14 1 0 6 6 35
841271 7 1 0 7 6 19
843234 26 1 1 2 6 21
852824 20 1 0 1 5 23
862096 24 1 0 2 6 10
881374 55 1 0 6 6 34
881955 31 1 0 6 5 35
882786 2 1 0 0 6 24
882803 82 1 1 6 6 25
882850 4 1 0 5 5 29
883206 7 1 0 6 6 18
884669 18 1 0 1 6 18
885396 3 1 0 9 6 21
887216 21 1 0 6 6 29
887663 7 1 0 1 5 19
887798 30 1 0 4 6 42
887973 60 1 0 2 6 21
888822 14 1 0 4 5 23
889009 42 1 0 8 6 20
889026 28 1 1 1 5 20
889829 13 1 0 8 6 27
890403 87 1 1 9 6 28
894447 16 1 0 7 6 28
924552 29 1 0 8 6 28
930901 15 1 0 6 6 20
933444 25 1 0 3 6 22
935333 7 1 0 4 5 33
935425 43 1 0 7 6 25
953216 14 1 0 4 6 24
954476 8 0 1 4 6 34
954708 7 1 0 2 6 19
955006 8 1 0 6 6 27
958544 15 1 0 2 6 27
961277 18 1 0 7 6 23
968987 37 1 0 8 6 24
981997 8 1 0 2 6 26
997397 27 1 1 8 6 17
999739 11 1 0 3 6 51
1006170 18 1 0 8 6 32
1009232 12 1 0 2 6 25
1015485 3 1 0 4 5 27
1015494 12 1 0 6 6 25
1039587 36 1 0 8 6 14
1044990 7 1 1 5 6 19
1045435 4 1 0 2 5 21
1045676 43 1 0 2 6 18
1046012 7 1 1 0 5 24
1046152 1 1 1 6 6 25
1046295 6 1 1 8 6 22
1046330 7 0 1 7 6 23
1046386 3 1 1 6 6 31
1046387 17 1 1 9 6 15
1046388 1 1 1 2 6 20
1046389 2 1 1 6 5 26
1046436 4 0 0 0 6 20
1046509 13 1 0 8 5 24
1046551 4 1 0 2 6 24
1046553 29 1 1 6 6 12
1046554 3 1 1 2 5 16
1046559 5 1 0 0 5 18
1046560 9 1 0 1 6 23
1046561 11 1 0 2 6 22
1046577 1 1 1 7 5 21
1060773 4 1 0 3 5 25
1061913 6 1 0 2 6 21
1110721 16 1 0 1 6 30
1116112 5 1 0 2 5 18
1118707 4 1 0 7 6 39
1118945 9 1 0 1 6 22
1123127 2 1 0 1 5 26
1147033 5 1 0 4 6 22
1163011 22 1 0 1 6 24
1181311 11 1 0 7 5 30
1196257 23 1 0 0 5 40
1226613 9 1 0 3 6 38
1238307 4 1 0 7 5 19
1250822 4 1 0 2 5 22
1252763 6 1 0 2 5 22
1284311 5 1 0 4 6 22
1305407 3 1 0 8 6 34
1391302 8 1 0 1 6 45
