19
434
5 0
100
2503 80 1 0 0 6 20
14908 19 0 1 0 6 22
35606 115 1 0 2 6 15
43012 31 1 0 8 6 19
59852 276 1 0 6 6 13
72358 132 0 1 4 6 16
83754 230 1 1 6 6 18
92220 289 0 1 4 6 23
106771 101 1 0 8 6 14
209438 351 1 0 8 6 19
214728 398 1 0 1 6 16
237395 87 1 0 6 6 15
271322 384 1 0 4 6 15
271963 136 1 0 6 6 15
277463 59 1 0 4 5 21
282475 139 1 1 8 6 16
282569 68 1 0 8 6 23
312901 66 1 0 6 6 20
318395 26 1 0 2 6 18
345522 56 1 0 4 6 11
348252 181 1 0 6 6 13
356896 48 1 0 6 6 19
374388 73 1 1 4 6 17
374515 147 1 1 9 6 19
377176 65 0 1 6 6 23
379115 67 1 0 2 6 19
416085 94 1 1 8 6 18
431350 93 1 0 8 6 18
436372 81 0 1 8 6 22
468171 120 1 0 6 6 15
473531 48 1 0 2 6 16
512197 7 1 1 4 6 21
513103 119 1 1 6 6 24
515184 150 1 1 6 6 22
517620 108 1 0 6 6 14
518690 143 1 1 4 6 24
520281 50 1 1 8 6 20
530909 49 1 0 8 5 20
532545 27 1 1 1 6 16
534419 38 1 1 6 6 13
559245 32 1 0 6 6 16
559378 23 1 0 7 6 22
572157 74 0 0 4 6 16
640703 46 1 1 2 6 12
646729 31 1 0 4 6 36
725139 23 0 0 6 6 19
728023 23 1 1 6 6 21
750313 21 1 0 4 6 14
750609 8 1 1 4 6 15
752611 58 1 1 6 6 17
760090 104 1 0 2 6 16
763346 22 1 0 6 6 16
764043 37 1 0 2 6 15
783158 16 1 1 6 5 16
802172 24 1 0 6 6 20
810009 15 1 0 6 6 29
811443 92 1 1 6 6 17
826612 7 1 1 6 5 18
834931 9 1 0 6 6 16
837616 32 1 0 8 6 18
885461 24 1 1 6 6 16
891768 19 1 0 6 6 22
891769 53 1 1 6 6 16
926807 9 1 1 6 6 9
932041 32 1 0 4 5 33
932768 62 1 1 6 6 14
942354 37 1 1 6 6 30
1008880 96 1 1 6 6 16
1018372 9 1 1 4 6 29
1019255 22 1 0 6 6 15
1019448 32 1 0 6 6 15
1019770 41 1 0 1 6 14
1030308 90 1 1 1 6 18
1032414 27 1 1 6 6 17
1032829 16 1 0 1 6 14
1032933 41 1 1 2 6 15
1032945 63 1 0 1 6 20
1032990 17 1 0 2 6 17
1088950 48 1 1 6 6 6
1117536 17 1 0 6 6 29
1117548 20 1 0 6 6 20
1139035 14 1 1 7 6 26
1151341 7 1 0 6 6 13
1151354 25 1 1 2 6 15
1151355 13 1 0 6 6 12
1151388 22 1 1 6 6 18
1156263 13 1 1 6 6 31
1157280 8 1 0 7 6 14
1191130 11 1 1 6 6 22
1191514 11 1 1 6 6 15
1191566 4 1 1 4 6 17
1191909 2 1 0 2 6 29
1192851 8 1 1 6 5 12
1194290 33 0 0 6 6 48
1203522 2 1 1 6 6 19
1264291 2 1 1 4 6 15
1267361 3 1 1 1 5 14
1269641 4 1 0 2 5 18
1355858 18 1 0 6 6 23
1382031 1 1 1 1 6 39
2503 43012
14908 35606
35606 92220
43012 416085
59852 572157
59852 534419
72358 271963
72358 348252
72358 468171
72358 932768
72358 237395
72358 345522
72358 1032945
72358 1264291
72358 1019770
72358 1030308
72358 760090
72358 1192851
72358 271322
83754 379115
83754 532545
83754 312901
92220 271963
92220 379115
92220 517620
92220 837616
92220 431350
106771 282475
209438 436372
209438 282475
214728 277463
237395 1008880
237395 348252
237395 932768
237395 752611
237395 834931
237395 885461
237395 1151354
237395 1019770
237395 1030308
237395 1151355
237395 1032414
237395 1019255
237395 760090
237395 1151388
237395 811443
237395 1151341
237395 1032829
271322 750609
271322 345522
271963 1191909
271963 1008880
271963 348252
271963 802172
271963 1191514
271963 468171
271963 750609
271963 932768
271963 752611
271963 885461
271963 1191566
271963 1019770
271963 1030308
271963 1032414
271963 1151388
271963 811443
271963 1032933
277463 1191130
277463 520281
282569 1203522
282569 530909
312901 379115
312901 532545
318395 379115
318395 512197
318395 416085
318395 356896
345522 750609
345522 1264291
345522 926807
348252 1008880
348252 1267361
348252 932768
348252 1019448
348252 834931
348252 885461
348252 1019770
348252 1030308
348252 646729
348252 1151355
348252 1032414
348252 1019255
348252 760090
348252 1032933
356896 416085
356896 530909
356896 1269641
374388 532545
374515 764043
374515 473531
377176 834931
377176 926807
377176 932041
377176 1019255
377176 810009
379115 532545
379115 530909
416085 1203522
416085 1269641
436372 1117548
436372 515184
468171 1008880
468171 1191514
468171 932768
468171 752611
468171 534419
468171 1030308
468171 1032414
468171 760090
468171 518690
468171 1117536
468171 1032829
513103 517620
515184 532545
517620 1382031
517620 1088950
518690 891768
532545 764043
559245 559378
559378 802172
559378 1191130
559378 942354
572157 750609
572157 752611
640703 802172
640703 1156263
646729 1018372
725139 802172
725139 1117548
728023 802172
750313 760090
750313 1008880
750313 826612
750313 1032933
752611 1008880
752611 1019448
752611 1151355
760090 1008880
760090 1191514
760090 932768
760090 834931
760090 763346
760090 1032945
760090 1019770
760090 1030308
760090 1019255
760090 1151388
760090 1032933
760090 1032829
763346 1191514
763346 1032945
763346 783158
763346 885461
763346 1030308
763346 1032414
802172 1117548
802172 1156263
802172 1191130
811443 1008880
811443 1032945
811443 1030308
811443 1032414
811443 1151388
811443 1032990
834931 885461
885461 1032945
885461 1151354
885461 1030308
885461 1032414
885461 1019255
891769 1019448
932041 1139035
932768 1008880
932768 1019448
932768 1032945
932768 1032414
932768 1355858
932768 1032933
1008880 1191909
1008880 1267361
1008880 1191514
1008880 1032945
1008880 1151354
1008880 1019770
1008880 1151355
1008880 1151341
1019448 1032933
1019770 1267361
1019770 1151354
1019770 1030308
1019770 1151388
1019770 1032933
1030308 1032945
1030308 1151354
1030308 1032414
1030308 1151388
1030308 1032990
1032414 1032945
1032414 1151354
1032945 1191514
1032945 1151354
1032945 1192851
1032990 1117536
1151341 1151388
1151354 1151388
1151355 1151388
1156263 1194290
1157280 1191566
