306053
1139035
306068
938830
483623
577830
464475
777396
227442
735410
689662
1002668
324724
189760
374232
1026616
807047
1057471
383107
1227070
347849
932041
806103
815323
177404
1002672
857540
154593
365667
1226558
536815
1002696
1227062
756676
513070
963639
1081236
1002684
253084
758799
860632
306046
957984
1057421
1009098
517409
607661
1227040
798428
306070
1227081
372356
1227088
306048
306047
598132
885518
212433
896035
917550
723935
505442
807041
732027
844987
1064651
962207
255736
543194
1227057
647787
229989
171149
321823
141670
818206
962301
483618
159185
285840
313074
562744
300587
603162
1227100
963629
350462
385081
717714
1079955
446830
66802
278782
926339
172489
55050
63757
1057245
326888
752242
