457067
605670
1345900
441602
888698
108607
214728
87845
1481225
1244257
1034016
1563929
1121491
480116
1345970
47672
532101
331497
176246
1345972
1144017
568945
1345971
263430
106639
54552
728133
416237
228652
998993
1208197
259523
48731
47831
55958
876233
370978
319571
334522
96596
148596
185422
186345
87124
248164
413068
277897
290028
58273
1345820
49325
322156
1287803
290458
285456
48872
124243
90677
351233
934438
288089
530264
49104
646305
999386
311888
767351
232570
87921
87931
86004
292196
622069
179210
76954
777374
88570
157548
55323
483826
66240
287453
4206
39909
28236
94968
330261
126480
229095
184992
271112
153407
14057
299780
211485
354729
108622
1181972
1168636
819570
