369724
459524
1002265
616189
522406
86407
374068
407760
86548
85143
421623
575234
661158
751494
699731
374521
271961
1324309
591851
126749
1233357
1347634
1347622
646185
684348
521432
581622
87164
751495
891769
634886
522410
450650
154345
698989
549851
891766
1132828
591830
72743
88956
890154
58181
640847
522999
733521
751604
536737
354362
422209
1029614
1240399
95044
1347080
467988
933662
1113847
85339
412288
506599
271483
865065
459387
522569
988482
167952
598550
171088
522667
815590
386203
813750
209903
49029
538589
518535
372139
348549
520619
348665
262004
174974
88992
335159
750831
283707
811906
521210
512996
828604
509098
79025
171459
1123454
627928
282304
1320782
829284
823013
1286781
