515778
515735
1291944
305154
408177
1233527
1349651
276157
499346
376442
464296
61242
614097
365308
67713
567547
388265
388326
1252312
212354
1149384
276345
1575043
1196620
370713
15268
57918
1381027
723346
52399
558607
196152
515651
316233
237134
565126
359404
356046
808434
574988
356233
647
723656
708288
1259266
322047
955089
563556
407643
419069
411418
449235
588502
679589
286893
563910
356154
425776
145791
435610
219684
307864
356126
356123
962501
348174
40441
658674
380976
434226
735076
922939
623119
502451
347166
1381031
259411
1062188
54222
606833
442875
1381024
312901
156490
470799
651972
472875
946348
895697
974335
1315927
532545
563841
293288
213721
1119301
73978
187865
280289
192667
