146963
141086
222443
163447
146964
163331
190304
146954
214728
146959
68596
351323
331469
147079
146958
211583
523444
214732
323502
386214
355476
62768
384576
276367
386169
384735
147335
347086
385781
367733
214731
182862
296531
386164
386163
384840
384755
29151
147081
331987
277463
222433
386218
384575
107186
385938
349643
222490
296403
387364
232028
387286
387225
385013
386409
386122
367659
290235
385068
386211
93063
222434
387450
694937
367918
386101
387201
87696
367811
387288
367688
125703
350565
785693
385828
695450
350455
385012
278811
259995
385137
147565
387206
355405
387040
387317
694940
725374
129435
387386
222445
385071
386113
345857
387324
275715
277419
387331
387289
58720
