88280
77721
79226
472260
41533
145923
199665
16890
108483
46980
367844
221807
3784
4537
163447
41528
56485
68596
35322
172758
121716
48979
165495
91426
241592
45499
147064
194064
35347
27511
21001
223709
108211
124176
146963
71414
22255
45539
57918
59973
182558
88019
48632
146959
72268
45696
261284
61034
70318
15268
334849
7556
259340
130946
120873
211826
46794
242861
109642
77069
1022
109723
3232
327473
256160
46770
471418
49030
63395
39801
41689
20851
318462
277343
214732
38282
46403
224620
51538
77231
76467
73051
8999
279571
137956
512197
254135
100090
67615
99315
91146
165360
147079
146032
136089
56499
34032
31099
86306
8413
