416085
1215770
362894
752980
460894
73448
532752
73125
1269641
1320458
356896
1203522
509568
183083
468651
44721
364981
380976
183145
57771
151857
256045
73145
365862
475322
344943
756145
318395
550089
434469
379057
515364
134000
71051
491350
435063
224620
79493
513369
76114
462208
780158
1072779
466775
509242
324195
300116
29332
471446
109158
107925
520850
432657
515040
529376
740327
170987
320522
533463
109534
505816
532717
434916
509157
188414
43012
43260
410105
454906
347131
669696
523786
296975
532750
196597
753394
420299
120861
1084609
14542
808643
425766
701390
754383
851217
177693
785100
689620
164313
253140
299806
93403
1320460
598034
539613
1096907
414030
457519
783751
455924
