0.8146067415730337
0.12921348314606743
0.011235955056179775
0.0056179775280898875
0.0056179775280898875
0.0
0.0
0.0
0.0
0.0
0.0
0.0056179775280898875
0.0
0.0
0.0
0.0
0.0056179775280898875
0.0
0.0
0.0
0.0
0.0056179775280898875
0.0
0.0056179775280898875
0.0
0.0
0.0056179775280898875
0.0
0.0
0.0
0.0
0.0
0.0
0.0
0.0
0.0
0.0
0.0
0.0
0.0
0.0
0.0
0.0
0.0
0.0
0.0
0.0
0.0
0.0
0.0
0.0
0.0
0.0
0.0
0.0
0.0
0.0
0.0
0.0
0.0
0.0
0.0
0.0
0.0
0.0
0.0
0.0
0.0
0.0
0.0
0.0
0.0
0.0
0.0
0.0
0.0
0.0
0.0
0.0
0.0
0.0
0.0
0.0
0.0
0.0
0.0
0.0
0.0
0.0
0.0
0.0
0.0
0.0
0.0056179775280898875
