747533
747534
617736
330853
355328
492574
492556
1328326
515184
63629
677935
704922
693568
1341062
1431393
1072871
1407011
1273961
620547
346931
825265
132778
520444
543782
1170653
750134
282661
954693
954959
1048092
640706
1009333
666627
1380702
524577
803388
1420422
1160572
1258362
637207
1111593
520318
1009336
517606
995526
212823
373002
735322
1068413
329790
625248
634428
551940
824863
698705
698647
954733
1126409
1249421
954813
269847
509964
1204243
250781
710665
1116333
1207112
820520
1499896
1425166
643017
556601
1383291
982942
44560
969478
1533980
985102
484440
1120830
1017102
916750
556599
448896
531468
985110
727214
321609
840447
298176
584759
614758
1219571
1505719
63733
583573
48340
194930
1430268
614874
