110 1002
5 0
163331 298 1 0 8 6 15
146954 276 1 0 6 6 20
280590 37 1 0 9 6 18
893446 18 1 0 8 5 20
146958 156 1 0 6 5 17
458763 24 1 0 6 5 16
146959 763 1 0 7 6 20
758276 31 1 0 2 5 19
146963 453 1 0 4 6 15
778265 4 1 0 2 5 16
146964 418 1 0 0 6 15
785693 28 0 0 7 5 17
987155 7 1 0 1 5 18
141086 312 1 0 9 6 19
368155 21 0 0 1 5 20
387364 44 1 0 2 5 19
173095 22 1 0 6 5 21
385836 12 1 0 9 5 20
385068 18 0 0 4 5 19
367918 14 0 0 4 5 21
367659 19 0 0 9 5 18
386101 16 0 0 2 5 14
62768 379 1 0 6 6 18
249394 24 1 0 4 6 17
113202 390 0 0 4 6 14
67131 29 0 0 4 5 20
384575 15 0 0 8 5 18
158013 44 1 0 8 5 17
161857 26 1 0 4 5 15
384576 35 1 0 2 5 22
384834 26 1 0 9 5 19
783168 14 1 0 4 5 18
182862 36 1 0 2 6 19
384840 32 1 0 2 5 20
986178 16 1 0 6 5 19
386122 18 0 0 2 5 15
970845 9 1 0 1 5 17
385104 20 1 0 4 5 18
296531 23 1 0 1 6 17
355410 28 1 0 9 5 18
351323 221 1 0 0 6 11
232028 22 0 0 5 6 18
350565 25 1 0 6 5 19
190304 435 1 0 5 6 20
438115 94 1 0 3 5 19
384867 20 1 0 2 5 19
386411 26 1 0 1 5 19
367733 38 1 0 9 5 15
386164 43 1 0 1 5 17
163447 564 1 0 2 6 18
386163 28 1 0 2 5 15
256123 72 0 0 2 6 17
386169 33 1 0 4 6 17
211583 148 1 0 9 6 1
387450 28 0 0 9 6 17
387201 56 0 0 4 6 21
147079 640 1 0 4 6 17
147335 64 1 0 1 6 17
93063 38 1 0 2 6 19
147851 21 1 0 4 5 18
147081 48 1 0 4 5 20
276367 200 1 0 8 6 19
22924 77 1 0 0 5 18
87950 42 1 0 4 5 16
355476 59 1 0 3 6 16
694937 18 0 0 6 5 17
184471 26 0 0 2 6 18
385938 15 0 0 1 5 17
129435 53 0 0 4 5 18
385950 15 1 0 9 5 18
387225 14 0 0 1 5 15
386214 36 0 0 9 6 18
386211 16 1 0 2 6 14
323502 74 1 0 4 6 19
386218 19 1 0 2 5 16
523444 144 1 0 4 6 19
107186 129 1 0 4 6 16
290235 26 0 0 4 6 22
147138 185 1 0 4 5 16
214721 208 1 0 1 6 16
367811 18 0 0 9 5 20
455104 21 1 0 4 5 19
214725 349 1 1 1 6 25
214731 46 1 0 5 5 20
331469 128 1 0 3 6 20
214728 398 1 0 1 6 16
347086 107 1 0 8 5 18
349643 203 1 1 2 6 20
214732 644 1 0 4 6 16
41935 41 1 0 3 6 17
355285 23 1 0 4 5 17
277463 59 1 0 4 5 21
211664 164 1 0 8 5 18
331987 27 1 0 2 5 21
296403 23 0 0 4 6 19
384735 38 0 0 5 6 21
387289 12 0 0 4 5 16
88284 29 1 0 2 5 16
387288 16 1 0 9 6 19
29151 44 0 0 4 6 16
222434 68 1 0 4 6 20
222433 72 1 0 9 6 19
222443 200 1 0 9 6 18
571621 30 1 0 4 5 15
34030 47 1 1 9 5 21
385781 18 0 0 2 5 15
385013 20 0 0 1 5 17
68596 508 1 0 4 6 21
384755 34 0 0 4 6 21
163325 213 1 0 9 6 16
146958 277463
296403 222443
296403 147079
385013 214728
386169 214731
214721 986178
385950 214728
296531 146964
107186 146954
211583 386101
783168 214732
222434 367733
758276 163325
146959 141086
778265 214728
355410 385104
893446 141086
783168 146954
147138 141086
296403 146963
386163 163447
571621 163331
280590 163325
222434 331987
386214 190304
214732 386218
523444 147081
694937 163331
458763 147079
87950 113202
458763 87950
385836 141086
331469 222443
386122 222443
277463 214728
387450 146963
384840 163331
455104 163331
113202 455104
214725 386214
384867 146958
367733 113202
355410 68596
986178 147079
141086 214728
214732 384735
232028 146954
93063 222443
107186 146959
694937 222443
107186 163331
296403 141086
161857 347086
367918 222434
163447 385836
384834 163447
214721 296531
355410 387201
146958 386169
384576 214728
147081 347086
161857 384834
694937 523444
146958 147081
384735 214731
387225 331469
211664 355476
146959 350565
523444 147079
571621 113202
222433 385836
222433 323502
296531 214728
331987 331469
147851 163331
146963 141086
384867 523444
384575 351323
386164 163331
146958 386214
783168 113202
387450 351323
163331 146963
34030 147081
280590 214728
88284 147079
214732 386411
384834 214732
386218 141086
41935 190304
147138 458763
173095 190304
384735 163331
384755 147079
523444 385781
387289 211583
256123 62768
694937 147079
290235 349643
331987 163331
214725 214728
986178 146958
214725 296531
146963 68596
146954 163447
893446 163331
694937 146959
280590 146963
384755 62768
296403 146959
367733 146963
758276 214728
349643 163447
147335 214732
280590 163447
214731 386218
62768 147335
147335 147079
438115 147081
386211 523444
367733 222443
385104 211583
387225 163447
214725 386164
211583 163447
458763 146964
277463 146954
323502 222443
386411 68596
386101 141086
384735 386218
147335 347086
785693 147079
147335 214728
385950 222433
387288 68596
387288 211583
280590 68596
987155 214728
146964 323502
146959 214732
385013 222434
384575 141086
331469 386218
367811 523444
158013 62768
190304 323502
384840 214728
190304 163447
249394 68596
34030 163447
277463 68596
323502 141086
163325 147081
249394 146963
387288 384735
571621 147079
41935 163331
163325 214732
147851 146959
113202 147335
214721 211664
129435 214725
386122 163447
386164 214728
458763 34030
367811 146963
290235 146958
384840 214732
385068 163447
67131 163331
163325 386164
147081 147079
438115 147335
222434 385836
232028 214728
147851 523444
296403 163331
173095 146963
350565 146954
147138 147081
387289 146954
893446 68596
350565 222443
386214 146963
387364 68596
355285 68596
384735 222443
387450 214731
386214 384576
280590 34030
386214 214731
277463 141086
758276 163331
758276 523444
367733 211583
387450 331469
783168 146959
384840 146958
386164 146954
107186 141086
190304 68596
331469 323502
146964 387225
41935 214732
368155 214725
367918 222443
386211 214732
351323 29151
571621 146964
276367 146964
146959 146963
214721 214732
367733 163331
384840 351323
347086 214732
386163 147079
367659 190304
384755 34030
384755 146958
758276 146964
93063 190304
222443 68596
190304 384576
173095 163331
249394 355285
367733 190304
214732 68596
276367 214728
146958 323502
523444 386169
386164 523444
387364 146964
113202 384867
758276 214732
296531 163447
22924 163331
386411 384735
62768 146963
385013 384576
893446 523444
277463 146964
368155 146959
368155 351323
222433 222443
161857 386163
113202 331469
146964 385781
67131 146954
458763 214732
222443 182862
147081 146964
386163 141086
331987 222443
296531 146954
351323 296403
146954 385781
147335 163447
385068 146963
158013 146959
785693 146958
222434 386169
290235 523444
163447 385781
893446 222443
384867 163331
349643 249394
214731 323502
147138 62768
173095 163447
211583 190304
163325 386163
62768 694937
387289 146963
386211 146954
331987 146964
386163 182862
384834 163331
384867 214732
355410 331469
67131 331469
758276 347086
323502 146954
214731 163447
173095 146964
256123 146964
323502 68596
158013 146963
290235 347086
184471 214728
214725 386411
387364 222443
296403 146964
182862 68596
146959 88284
367811 190304
190304 141086
182862 214728
222433 384575
146964 146954
368155 355476
386122 146954
211664 163447
190304 355476
386164 347086
355285 214728
163447 146963
455104 147079
368155 141086
571621 62768
350565 68596
232028 190304
385836 146963
386101 163447
232028 163331
107186 190304
970845 147079
387450 141086
147335 163331
523444 296531
351323 367659
163325 249394
129435 190304
323502 182862
129435 146963
323502 163447
190304 214728
785693 163331
523444 214732
232028 147079
385938 163447
386169 68596
367811 146958
349643 694937
113202 22924
387201 331469
384867 146963
785693 163447
355476 214728
147335 331469
986178 347086
386411 163331
147138 147335
385836 222443
29151 146954
367918 222433
438115 158013
384575 146963
331987 141086
214721 62768
146959 68596
211664 214731
385950 351323
367918 190304
222443 141086
163447 214728
68596 88284
276367 68596
158013 163331
350565 190304
163447 141086
758276 146959
331469 146954
34030 455104
147081 146959
222434 22924
163325 163331
222434 163447
386169 147079
694937 146964
211583 386122
290235 146964
385013 190304
385013 141086
222434 384575
387225 214728
387288 355476
222434 387225
384867 163447
29151 146964
87950 163447
87950 214732
146964 88284
147335 146959
146958 331987
146954 88284
146954 386163
571621 161857
222433 385013
387225 146963
523444 970845
387364 211583
331469 386163
387225 222443
351323 277463
387450 211583
367811 347086
182862 147079
146959 331469
22924 146959
384755 347086
296531 222443
222433 893446
893446 146963
384735 214728
62768 222443
214721 785693
385781 141086
347086 141086
147081 214732
163331 323502
384834 146963
296403 190304
386169 146964
34030 386164
62768 222433
384755 146963
523444 331469
384575 190304
296531 147079
147335 146964
211583 385781
147851 146964
458763 146959
214725 29151
214732 184471
87950 523444
386122 384576
163331 386163
249394 331469
387364 146958
211664 147079
386101 331469
62768 68596
146958 350565
349643 385104
222433 385068
113202 386164
986178 163331
386164 146964
211664 141086
87950 214721
386164 146959
387201 146963
385068 351323
367918 351323
146964 386163
386214 355476
384575 523444
384755 214731
438115 147138
571621 214721
276367 146963
29151 331469
384575 222443
67131 163447
249394 34030
438115 758276
387450 163331
438115 986178
355410 211583
87950 146959
758276 147079
93063 523444
387289 163331
385068 331469
147138 87950
385938 163331
146964 355285
347086 384735
387364 190304
386101 146954
385013 163331
147335 141086
970845 214728
331987 190304
347086 146954
163331 386214
22924 355285
384840 146959
386163 222443
355410 355476
384834 146959
387364 146963
22924 146963
458763 113202
146959 386218
385836 68596
163331 385781
161857 386122
29151 107186
893446 163447
386169 163331
67131 190304
385938 146958
214721 158013
368155 146964
87950 146958
214721 113202
41935 68596
349643 386214
385938 190304
173095 68596
986178 146964
384576 68596
367659 146954
386411 146954
331469 146963
232028 211583
355410 146963
211583 386163
146959 163331
458763 214731
458763 163325
385013 163447
349643 163331
214731 222443
147081 355285
355476 182862
368155 190304
146959 277463
387364 222434
349643 68596
783168 146964
62768 385781
163331 146954
351323 350565
34030 367659
385104 163447
355476 146963
783168 146963
384834 146964
385104 68596
113202 147081
350565 163331
385104 190304
349643 331987
385104 351323
384755 146964
147851 146958
87950 146964
367811 222443
29151 146963
163325 296531
387289 222443
290235 146954
290235 146959
147851 161857
384755 214732
387288 146963
93063 68596
87950 163331
355476 222443
986178 214732
384575 214728
385836 214728
571621 163447
146964 386214
296531 146959
147138 147079
386218 147079
386164 163447
347086 146964
93063 146959
214732 141086
571621 146959
387364 163331
163331 386122
347086 277463
68596 147079
147851 163325
384755 146959
296531 163331
367733 351323
163325 147335
323502 146963
386211 384735
163325 384755
386218 68596
438115 256123
190304 331469
384867 146964
158013 211583
349643 384834
455104 146954
386164 147079
256123 146954
386218 182862
386101 222443
211583 67131
22924 141086
384735 146963
147081 163447
277463 163331
22924 146964
141086 68596
386101 384576
386101 147079
182862 141086
386101 146964
214732 146954
62768 355476
351323 387225
386164 146958
758276 147138
214731 141086
161857 141086
41935 523444
367733 146958
113202 523444
107186 222443
571621 146958
88284 214728
385104 147079
438115 523444
280590 214732
385068 163331
211583 523444
214725 296403
387450 222443
385938 222434
276367 190304
385104 141086
222434 385068
351323 163447
351323 331987
182862 384576
290235 163331
386411 222443
758276 113202
386214 141086
694937 146958
147851 113202
276367 146954
384834 214728
785693 146954
22924 211583
67131 146964
29151 211583
385068 141086
232028 146963
211583 367659
387289 146964
438115 147851
893446 222434
214731 386163
147138 783168
146963 384576
384755 163447
386122 214731
113202 347086
29151 163331
163331 331469
386211 146959
249394 214728
384576 147079
211583 386218
385104 146963
331469 214731
387201 146964
386169 214728
367659 222443
385938 146963
385938 146964
129435 147079
384867 146959
214725 384834
67131 146963
385068 190304
280590 222443
387201 355476
296403 146958
385104 384735
161857 386101
222433 214728
385950 163447
331987 214728
387201 190304
163331 367659
347086 182862
146958 384735
249394 214732
222433 386169
349643 355410
785693 146959
385938 214728
277463 146963
34030 107186
386122 147079
694937 141086
214721 68596
386169 146954
385013 146958
290235 146963
129435 163447
986178 523444
146954 214728
384840 147079
256123 351323
355476 141086
331987 146963
147081 163331
222443 355285
387288 190304
385950 222434
147079 778265
146954 384576
93063 147079
386214 163447
387289 141086
141086 384576
22924 190304
386169 222443
147081 141086
385068 222443
367733 68596
147851 214721
222433 367733
147081 214728
146963 222443
384735 146964
141086 88284
62768 384840
455104 347086
368155 211583
249394 141086
277463 190304
350565 146964
986178 147335
129435 163331
68596 214728
296403 146954
146964 386122
232028 222443
214725 147335
367659 331469
355285 182862
29151 222443
367733 214728
893446 190304
232028 163447
387225 190304
62768 386163
158013 141086
34030 146954
367918 214728
147851 214732
296531 214732
146963 385781
386214 182862
211664 190304
386211 147079
249394 351323
222433 387364
173095 146954
113202 147079
367811 163331
41935 331469
385013 222443
211664 214732
222434 386214
163325 987155
347086 173095
355410 146958
146954 68596
384755 146954
386211 163447
349643 296403
455104 214731
384575 163331
214721 147335
163331 970845
331469 385781
387201 211583
107186 211583
986178 146959
67131 141086
783168 141086
387201 351323
386122 141086
214721 147081
222443 386218
385781 222443
523444 146963
386214 222443
41935 146964
146954 385836
384735 68596
694937 146963
458763 523444
386211 386218
523444 347086
256123 146963
146958 222443
385068 146958
386211 163331
385013 146963
93063 146963
290235 141086
386411 214728
146958 68596
455104 214732
367811 141086
163325 986178
986178 113202
146959 355476
62768 214732
783168 163331
129435 146959
385938 523444
146964 141086
384755 214728
214732 386122
256123 347086
355410 22924
384735 190304
256123 146959
129435 146954
387201 141086
147138 158013
296531 68596
41935 113202
147138 214721
256123 214721
214732 386169
62768 141086
785693 141086
163325 523444
350565 146963
214725 68596
41935 147079
523444 386163
351323 107186
351323 146963
22924 355476
387288 351323
222443 214728
222433 385938
323502 214728
387288 163331
249394 214725
214732 323502
93063 163331
158013 146964
147335 523444
41935 163447
523444 163331
29151 214728
249394 146954
256123 147079
211664 351323
113202 93063
367811 146959
351323 323502
163447 355476
367659 146963
386211 146964
387289 146959
386214 214728
694937 146954
387225 141086
785693 146964
385781 384576
276367 163447
785693 523444
222434 323502
163331 386101
249394 190304
158013 113202
113202 384840
276367 222443
384575 146964
386164 214732
455104 146964
222434 276367
385950 68596
384834 141086
387288 141086
146963 355285
384867 214728
387450 190304
367659 163447
214725 173095
384834 113202
523444 146964
147138 523444
384735 163447
455104 523444
146954 182862
386214 331469
163447 68596
349643 222434
367811 147079
385950 222443
384834 146958
384840 146964
385950 146958
93063 141086
384840 163447
276367 146958
367918 163331
214721 455104
785693 214732
276367 211583
34030 384840
387450 146964
147079 987155
146963 88284
22924 68596
387364 349643
458763 214721
384867 147079
163325 88284
367811 146964
211583 146959
349643 222443
385950 331469
107186 68596
368155 163447
386211 384576
386169 163447
367918 146963
280590 146954
290235 147079
214732 147079
385938 222443
256123 214732
107186 163447
387289 190304
113202 173095
141086 147079
355285 141086
276367 351323
571621 214732
129435 141086
190304 222443
386169 190304
385068 355285
438115 384755
386122 331469
146959 386163
331469 68596
211664 146964
387450 163447
232028 146964
211664 113202
387288 163447
158013 147079
163325 87950
147335 146958
87950 147079
147851 163447
367918 146958
214731 385836
355410 141086
386411 163447
347086 386411
93063 146958
222434 29151
331469 163447
386163 146963
331469 141086
173095 141086
256123 163331
386411 146963
163447 386218
367659 141086
351323 68596
350565 141086
385781 214728
62768 146959
93063 146964
222433 276367
387201 163447
29151 190304
384735 141086
146959 347086
190304 146954
385950 146963
351323 386169
783168 163447
385781 147079
214732 386163
290235 214725
276367 384576
280590 146959
211583 386211
214721 384755
355476 68596
455104 146959
384840 146954
387201 222443
355410 190304
347086 147079
458763 163447
280590 113202
367918 146964
455104 146958
107186 146963
184471 147079
214725 367659
214725 276367
