110 263
5 0
818188 25 1 1 7 6 18
1379860 10 1 0 4 6 11
156161 203 1 1 8 6 16
823304 31 1 0 2 6 9
861706 15 1 1 7 6 18
1499422 9 1 1 2 6 30
473356 29 0 0 2 6 18
796417 5 0 1 8 6 28
1402906 11 1 0 4 6 11
397335 68 1 0 9 6 17
87056 206 1 0 8 6 20
1610763 1 1 0 4 6 11
1067013 9 1 0 8 6 36
219156 52 1 1 7 6 20
1067015 27 1 1 8 6 27
1067016 14 1 1 2 6 35
691474 18 1 1 7 6 13
802582 15 1 1 8 5 15
1267726 2 1 1 2 5 29
971816 20 1 0 6 6 19
140328 97 1 1 6 6 20
484140 102 1 1 7 6 21
560164 19 1 0 6 6 13
1504827 3 1 1 1 6 19
1293858 7 1 1 6 6 17
458803 8 0 1 7 6 13
1046843 5 1 0 4 6 8
777535 13 0 0 7 6 20
452912 97 1 1 6 6 20
231739 45 0 1 4 6 28
228408 36 1 0 7 6 13
297018 48 0 0 7 6 20
43582 5 1 1 7 5 17
1261356 20 1 0 4 6 10
43583 63 1 0 7 6 16
671797 22 1 1 2 6 26
1034032 30 1 0 4 6 11
609098 52 1 0 6 6 11
912201 23 1 1 7 6 18
1559123 1 1 1 2 6 40
20806 12 0 0 0 6 21
817477 26 1 0 6 6 31
106827 59 1 0 7 6 20
336464 62 1 0 6 6 20
498270 26 0 0 7 5 15
235614 87 1 0 2 6 18
1623878 1 0 1 6 6 38
377956 13 1 0 9 6 29
357217 28 1 1 7 6 13
546658 26 1 0 7 5 13
233576 170 1 1 2 5 18
528504 18 1 1 6 6 19
374388 73 1 1 4 6 17
1427303 7 1 0 4 6 9
196720 71 1 0 2 6 18
660607 9 0 0 2 6 33
845429 19 0 0 6 6 26
1519982 1 0 1 2 6 24
1530988 4 1 1 6 6 43
1427305 5 1 0 2 6 11
1427304 4 1 0 4 6 10
1427307 12 1 0 6 6 11
348549 182 1 0 4 6 18
423047 15 0 1 8 6 28
837509 21 1 0 4 6 11
691354 17 1 0 7 6 14
173203 20 1 0 3 6 19
691355 6 1 1 7 6 12
1046423 25 1 0 6 6 10
796822 78 1 0 6 6 20
750737 74 1 1 4 6 16
1426831 5 1 0 4 6 11
1501323 2 0 0 8 6 20
671124 3 1 1 4 6 10
137377 21 1 0 2 6 19
503972 3 1 1 7 6 15
414880 95 1 1 7 6 20
1411519 10 1 0 4 6 10
691365 17 0 1 7 6 13
62130 24 1 1 7 6 13
400821 105 1 0 2 6 18
568508 28 0 1 7 6 18
896180 23 1 0 8 6 26
681392 135 1 0 6 6 16
691400 16 1 1 7 6 20
136129 86 1 0 2 6 17
1523935 2 1 1 7 6 14
99530 22 0 0 2 6 17
689351 16 1 1 7 6 13
782554 16 1 0 4 6 19
914395 35 1 1 4 6 29
180437 29 1 0 2 6 18
1460673 1 0 1 2 6 34
1246410 21 1 0 6 6 8
1246408 27 1 1 6 6 5
1246412 25 1 0 6 6 11
1017327 53 1 1 4 6 11
1385719 12 1 0 4 6 6
1380336 13 1 0 4 6 11
1253110 26 1 0 4 6 29
48872 246 0 0 6 6 19
181227 32 1 0 4 6 27
776930 23 0 1 4 6 18
824038 35 1 0 6 6 16
401652 17 0 1 2 6 18
402677 68 1 1 2 6 18
1523937 3 1 0 7 6 37
677116 48 1 0 8 6 26
1501165 2 1 1 2 5 22
208126 111 1 1 2 6 20
1385719 1246412
136129 660607
106827 498270
208126 233576
228408 691355
1246410 1427307
1426831 1380336
1246412 1427307
1427303 1246412
498270 546658
845429 677116
43582 546658
609098 1427304
1426831 609098
136129 99530
1034032 1017327
297018 219156
173203 458803
896180 796417
357217 62130
208126 400821
484140 691400
817477 677116
1427305 1246412
546658 503972
402677 99530
824038 823304
400821 473356
357217 691354
233576 180437
1499422 231739
1017327 1402906
1046423 1427307
1530988 20806
1246412 1402906
181227 87056
1253110 1017327
196720 235614
837509 823304
1034032 1385719
181227 1067016
609098 1427307
528504 473356
1246408 681392
689351 357217
1610763 1402906
691354 458803
1293858 1411519
181227 1067015
691365 691474
156161 348549
1246408 1046423
1460673 671797
1427307 1411519
1427305 1261356
1411519 1402906
1380336 1427304
1253110 1379860
452912 796822
228408 357217
1385719 1427307
48872 140328
43583 106827
1034032 1380336
971816 528504
402677 235614
402677 473356
1067013 677116
689351 62130
1501323 823304
671124 1034032
336464 48872
1246408 1246412
660607 1067016
823304 156161
1017327 1379860
817477 87056
671797 181227
817477 1067013
473356 235614
1499422 817477
348549 374388
1046423 1380336
914395 1067016
568508 818188
971816 796822
208126 235614
671797 1067016
1246408 609098
912201 818188
817477 231739
1380336 1402906
1380336 1246412
1253110 1411519
228408 691365
845429 817477
196720 233576
1067015 423047
1046843 560164
824038 560164
414880 377956
691354 691355
1017327 1427303
691354 62130
1427307 1293858
1427304 1261356
782554 824038
233576 473356
689351 691355
140328 796822
423047 173203
336464 796822
796417 677116
228408 62130
914395 671797
824038 156161
48872 971816
750737 824038
48872 796822
1427303 609098
777535 219156
43583 498270
1379860 1246412
99530 137377
691365 62130
1034032 560164
181227 1067013
609098 1246412
1261356 1293858
796822 528504
140328 528504
1501165 824038
1067013 231739
235614 99530
452912 140328
357217 458803
1523937 912201
691474 62130
691355 62130
87056 677116
861706 912201
914395 181227
681392 609098
357217 691355
1261356 1246412
777535 484140
1034032 1246412
677116 1067016
1246410 1246412
609098 1402906
452912 971816
1067016 1067015
87056 231739
1379860 1046423
691400 297018
1499422 845429
817477 1067015
336464 452912
1379860 1402906
1246410 609098
802582 750737
681392 1293858
400821 402677
1385719 1253110
1017327 1261356
1017327 1427307
43583 546658
776930 400821
776930 233576
181227 677116
397335 374388
228408 689351
48872 452912
691474 458803
914395 845429
1559123 1067016
896180 423047
560164 823304
336464 140328
914395 231739
817477 181227
1523937 1523935
503972 414880
228408 691474
1261356 1402906
1501165 823304
1246410 1046423
1246412 1411519
750737 823304
219156 568508
691365 691355
231739 1067015
181227 231739
1034032 1426831
140328 971816
180437 473356
1426831 1017327
691474 357217
1504827 458803
1385719 1261356
484140 568508
137377 660607
671797 1067015
609098 1261356
1427305 609098
377956 397335
106827 546658
689351 691354
1046423 1402906
1253110 609098
196720 208126
677116 1067015
208126 136129
484140 219156
782554 823304
1017327 1380336
400821 180437
1253110 1261356
1046423 1246412
1523935 912201
691365 357217
691474 691354
691365 691354
196720 180437
1017327 609098
750737 837509
609098 1411519
458803 62130
1427303 1046423
1402906 560164
845429 1067016
1499422 914395
1519982 896180
228408 691354
914395 1067015
1034032 1253110
837509 824038
136129 137377
62130 691400
796417 1067015
1246408 1246410
691365 689351
1379860 609098
1034032 1427303
818188 414880
1623878 1530988
20806 156161
681392 1380336
802582 837509
671124 1426831
1267726 348549
336464 971816
1427305 1046423
401652 235614
231739 1067016
1385719 1046423
233576 99530
400821 401652
1501323 824038
1427307 1402906
1427304 1246412
1046423 609098
677116 231739
