110 216
5 0
617736 20 1 1 1 6 51
985102 14 1 1 8 6 27
1204243 4 1 1 4 5 16
1017102 13 1 0 8 6 23
710665 69 1 0 6 6 21
916750 8 1 1 8 6 28
531468 77 1 1 6 6 23
355328 39 1 0 6 6 22
747534 7 1 1 1 6 33
1601565 1 0 1 1 5 27
747533 24 1 0 1 6 37
969478 25 1 0 4 6 21
666627 26 0 1 4 6 22
620547 86 1 0 8 6 22
492556 12 0 1 8 6 26
509964 11 1 1 6 6 21
1533980 1 1 1 4 6 7
551940 80 0 1 6 6 19
740101 23 0 0 6 6 22
373002 318 1 1 4 6 20
44560 93 1 0 4 6 17
1048092 57 1 1 4 6 26
269847 42 0 1 4 6 26
824863 28 1 1 6 6 15
1126409 7 1 1 4 5 22
492574 73 1 0 8 6 23
985110 17 1 1 6 5 22
1425166 11 1 1 7 6 45
698647 34 1 1 6 6 24
637207 22 1 0 8 6 21
282661 270 1 0 4 6 19
820520 11 0 0 5 6 47
677935 55 1 0 6 6 24
524577 92 1 1 2 6 21
1323578 15 1 0 6 6 27
543782 103 1 1 4 6 20
1120830 4 0 0 8 6 31
803388 68 1 1 2 6 22
556601 17 1 1 6 6 28
634428 66 1 1 6 6 25
1407011 2 0 1 1 6 29
346931 24 1 1 8 6 28
1111593 23 1 1 6 6 20
329790 126 1 0 6 6 20
750134 70 1 1 4 6 25
1035057 23 1 0 6 6 27
584759 16 1 1 7 6 30
556599 4 1 0 6 5 27
954959 19 1 0 6 6 26
1554005 5 1 1 6 6 30
693568 56 1 1 8 6 22
1380702 3 1 0 2 6 26
954693 26 1 1 6 6 19
321609 29 0 1 6 6 23
735322 6 0 0 6 6 22
212823 27 1 1 8 6 35
1207112 8 1 1 8 6 26
698705 29 0 1 4 5 21
484440 28 0 0 6 6 21
330853 95 0 0 8 6 19
954733 12 1 0 4 6 17
1258362 14 1 0 7 6 40
625248 14 1 0 9 6 32
1160572 11 1 0 5 6 41
1068413 9 0 1 4 6 33
1383291 10 1 0 6 6 17
614758 8 1 0 6 6 32
194930 9 1 0 4 6 30
1431393 2 1 1 1 6 17
515184 150 1 1 6 6 22
520318 17 1 1 6 5 20
1273961 3 1 0 6 6 17
1108588 10 1 1 6 6 22
448896 67 1 0 6 6 19
63629 19 0 1 8 6 27
704922 18 1 0 7 5 26
982942 20 1 0 6 6 27
1341062 6 1 1 1 6 18
1420422 10 1 0 5 6 40
583573 19 1 1 6 6 30
1249421 16 1 0 6 5 21
250781 22 0 1 2 6 22
1505719 1 1 1 8 6 35
727214 13 0 1 1 6 25
132778 394 1 0 4 6 16
954813 7 1 1 4 5 18
1009336 15 1 1 8 6 43
1009333 34 1 0 8 6 25
1116333 25 1 1 8 6 27
825265 21 1 1 8 6 26
1459624 4 0 1 6 6 33
643017 28 1 1 6 6 29
298176 17 1 0 8 6 31
995526 13 1 1 8 6 30
640706 49 1 1 6 5 19
1170653 45 1 1 6 5 25
1328326 21 1 0 8 6 21
614874 23 0 1 6 6 32
48340 5 1 1 1 6 36
1219571 1 0 0 8 6 31
517606 56 0 0 8 6 17
1042663 27 1 0 1 6 27
1430268 1 1 1 4 6 35
538340 64 1 1 6 6 24
1499896 2 1 0 5 6 39
840447 18 1 0 2 6 25
63733 48 0 0 8 6 24
1072871 14 0 1 1 6 29
895991 9 0 1 6 5 24
520444 130 1 1 6 6 25
132778 954813
840447 1017102
954959 515184
517606 954733
640706 698705
824863 373002
520444 515184
677935 492556
212823 995526
583573 584759
1120830 1116333
524577 620547
995526 346931
1017102 1116333
954959 543782
583573 63733
634428 329790
825265 666627
1219571 298176
824863 132778
625248 543782
1341062 617736
551940 750134
747534 747533
969478 1249421
803388 524577
640706 373002
1068413 1009333
484440 710665
1126409 1380702
614758 321609
250781 524577
212823 1009333
637207 666627
1207112 637207
543782 1126409
1407011 617736
346931 666627
803388 735322
1533980 954733
1111593 1273961
1323578 1042663
531468 484440
803388 620547
1170653 698705
1048092 515184
643017 1111593
517606 132778
63629 1328326
492556 492574
556599 44560
954693 515184
693568 803388
693568 524577
693568 620547
614874 194930
543782 132778
543782 515184
520444 1048092
954813 509964
1601565 1323578
1170653 750134
1383291 556601
634428 373002
677935 492574
985102 269847
1042663 614874
969478 551940
704922 747533
693568 1328326
954959 520444
643017 520318
1035057 614874
620547 63629
634428 132778
1170653 551940
985110 484440
1170653 543782
517606 1170653
520444 517606
1380702 515184
373002 282661
1072871 1341062
1273961 355328
346931 825265
492574 330853
346931 63629
531468 321609
330853 747534
1009333 346931
329790 698647
551940 824863
750134 329790
698705 132778
524577 735322
750134 543782
634428 1170653
1072871 617736
982942 643017
194930 614758
44560 556601
982942 520318
1505719 840447
1249421 543782
954693 543782
448896 321609
250781 803388
538340 1035057
1009333 825265
916750 1207112
373002 132778
1108588 1042663
543782 329790
1425166 1160572
448896 484440
643017 556601
1431393 617736
954733 132778
995526 825265
895991 194930
1068413 346931
750134 515184
634428 640706
1328326 492556
1341062 1431393
916750 1116333
954693 132778
321609 985110
640706 329790
1009333 1009336
643017 1383291
617736 355328
1380702 1048092
1068413 212823
1499896 1420422
634428 551940
520444 750134
634428 698647
625248 520444
551940 132778
538340 740101
282661 515184
517606 373002
556599 643017
1009336 825265
48340 584759
212823 1009336
551940 1249421
1204243 282661
1170653 954693
954733 373002
825265 63629
520444 132778
740101 1035057
543782 282661
640706 515184
44560 520318
1420422 704922
1111593 556601
355328 515184
698647 132778
1068413 1009336
698705 373002
551940 329790
1009336 346931
710665 637207
583573 48340
1430268 614758
1383291 1111593
1009333 995526
666627 620547
735322 620547
1459624 1323578
750134 132778
969478 634428
329790 824863
954959 132778
298176 1120830
329790 373002
520444 1170653
727214 985102
982942 1383291
1258362 704922
520318 1273961
1009336 995526
1111593 520318
1170653 515184
212823 346931
63733 584759
509964 282661
269847 1048092
520444 543782
954959 1170653
517606 750134
1160572 704922
132778 515184
63733 48340
1249421 329790
556601 520318
1116333 637207
820520 1420422
1207112 1116333
634428 824863
520444 954693
1554005 1323578
1554005 1042663
698647 373002
551940 640706
625248 132778
520444 1126409
747533 617736
531468 448896
584759 727214
1009333 63629
982942 1111593
329790 698705
