110 603
5 0
489477 46 1 0 2 6 15
318214 68 1 0 5 6 19
354305 105 1 0 2 6 19
538637 166 1 0 8 6 19
430080 64 1 0 3 6 20
146955 116 1 0 3 6 14
280590 37 1 0 9 6 18
837638 51 1 1 8 6 15
541977 76 1 1 5 6 19
178196 82 1 0 6 6 19
513041 61 1 1 4 6 19
728595 54 1 1 6 6 17
261150 47 1 1 0 6 16
48674 120 1 0 5 6 19
589869 29 1 0 5 6 19
590127 46 1 0 4 6 19
874538 90 1 1 1 6 10
354082 44 1 0 1 5 15
167973 154 1 0 2 5 15
242473 44 1 0 3 6 16
472887 15 1 1 0 5 14
634683 19 1 0 0 6 12
279095 23 1 0 0 6 12
354365 97 0 0 7 6 12
731701 13 1 1 6 5 18
280645 112 0 0 5 6 19
166208 18 1 0 4 6 17
731726 9 1 0 6 5 17
315970 99 1 0 3 6 18
354370 283 1 0 2 6 18
181579 68 1 1 5 6 19
194635 46 0 0 5 6 19
338007 173 1 0 3 6 15
723548 57 1 0 7 6 16
84824 41 0 1 6 6 17
338014 67 1 0 1 5 15
464220 52 1 1 0 6 10
576617 51 1 0 8 6 16
590189 123 1 0 5 6 19
942440 106 1 0 8 6 18
137835 137 1 1 3 6 15
728418 17 1 0 6 5 18
167017 42 1 0 9 5 17
54125 33 0 0 5 6 19
109932 122 0 0 3 6 15
338024 81 1 0 2 5 15
231533 62 0 0 6 6 13
446582 45 0 0 7 6 20
403319 69 1 1 3 6 13
539514 60 1 0 0 6 16
771704 54 1 0 3 5 12
137078 45 1 1 8 6 18
278128 81 1 0 3 6 17
163447 564 1 0 2 6 18
699762 19 1 0 6 6 16
285573 95 1 1 3 6 17
194951 44 1 0 5 6 19
102793 97 1 0 5 6 18
191631 62 0 0 5 6 19
777862 53 1 0 4 6 19
82321 54 1 1 0 5 13
369812 42 1 0 9 6 18
417943 58 0 1 0 6 21
332690 232 1 1 8 6 16
85149 121 0 1 6 6 17
354457 119 1 0 8 6 16
891795 26 1 0 8 6 19
417945 70 1 1 4 6 16
462488 73 1 0 9 6 18
531625 34 0 0 5 6 19
718504 33 1 1 2 6 12
132769 83 1 0 3 6 16
568747 29 1 0 8 6 18
404911 28 1 0 0 6 12
353452 68 0 1 8 6 18
384168 22 1 0 1 6 15
262315 63 1 0 3 6 16
388010 192 1 0 5 6 18
213426 54 1 1 9 5 18
210622 100 1 0 2 6 13
142012 130 0 0 3 6 14
129985 105 1 0 6 6 19
658889 23 1 0 0 5 12
211648 54 1 1 9 5 21
210118 28 0 0 7 6 14
82372 64 1 1 0 6 13
945353 8 1 0 6 5 16
394188 114 1 1 3 6 19
214728 398 1 0 1 6 16
829639 8 1 0 1 5 29
355528 129 1 1 4 6 17
261075 11 1 0 0 6 12
261074 18 0 1 0 6 15
259793 74 1 0 5 6 19
387286 47 1 0 2 5 18
705753 16 1 0 0 6 12
311767 92 1 0 3 6 15
462547 51 1 0 8 6 13
321752 117 1 1 3 6 14
354023 94 1 0 2 6 15
586988 20 1 0 6 6 21
569581 17 1 1 0 5 16
163305 122 1 0 2 6 18
354030 129 1 0 2 6 15
581092 54 1 0 6 6 15
164076 88 1 0 8 6 15
34030 47 1 1 9 5 21
953845 6 1 0 9 5 13
179198 76 0 0 5 6 19
964848 43 1 0 8 6 11
953845 142012
109932 137835
109932 354023
210622 417943
142012 417945
261075 261150
280645 590189
338024 446582
731726 731701
109932 338007
394188 338007
590189 102793
576617 723548
489477 214728
261075 404911
210622 338014
731701 387286
338007 430080
589869 259793
531625 589869
353452 538637
462488 837638
472887 658889
278128 354082
354023 403319
285573 132769
285573 658889
354030 142012
137078 723548
353452 568747
417943 163305
353452 942440
541977 590189
723548 462488
279095 634683
163305 338007
285573 278128
942440 462488
84824 129985
311767 403319
194951 54125
354030 430080
568747 538637
964848 332690
167973 142012
210118 167973
231533 214728
541977 102793
278128 163305
132769 278128
167973 771704
132769 109932
590127 191631
417943 167973
132769 146955
210622 167973
354305 332690
280645 541977
355528 837638
179198 590189
446582 163305
891795 837638
167973 278128
285573 142012
163305 354082
404911 658889
576617 332690
354023 142012
354370 539514
394188 278128
332690 837638
417943 262315
394188 354082
54125 590189
388010 541977
728595 178196
315970 829639
82372 472887
261075 705753
777862 541977
354023 394188
210622 142012
355528 354365
164076 354365
728595 728418
462547 837638
964848 942440
137835 262315
311767 167973
179198 388010
311767 163305
179198 541977
354023 146955
102793 318214
285573 417945
338007 137835
109932 146955
338024 142012
54125 48674
404911 242473
531625 388010
394188 142012
318214 321752
278128 417945
285573 167973
355528 354370
163305 146955
338024 210622
403319 404911
54125 181579
163447 214728
338007 262315
354305 538637
369812 354365
354305 462488
581092 332690
163305 403319
568747 355528
417943 146955
589869 590127
728418 731701
179198 102793
242473 430080
538637 837638
731726 387286
210118 278128
34030 163447
354030 446582
132769 262315
332690 318214
210622 338007
353452 355528
210118 315970
771704 278128
464220 634683
771704 146955
338024 109932
210622 163305
285573 404911
315970 109932
82372 404911
353452 891795
164076 891795
353452 164076
109932 167973
384168 311767
354082 417945
589869 194951
731726 178196
718504 354365
355528 332690
354305 354370
718504 354305
771704 394188
417943 403319
259793 48674
388010 590127
771704 262315
167017 338014
211648 338007
285573 163305
417943 338007
338024 278128
259793 541977
194951 280645
132769 311767
280590 214728
48674 388010
109932 278128
261075 279095
568747 164076
874538 723548
942440 576617
634683 705753
164076 332690
84824 586988
699762 387286
417945 242473
531625 541977
279095 472887
354030 278128
354082 142012
194951 191631
404911 261150
194635 181579
354370 354365
777862 181579
109932 430080
353452 354370
723548 355528
142012 403319
146955 242473
354030 163305
279095 261150
179198 777862
964848 354457
354457 891795
259793 388010
210622 311767
84824 728595
259793 590127
586988 728595
132769 953845
462547 332690
210622 417945
404911 279095
403319 146955
446582 338014
137078 462488
829639 163305
354023 137835
85149 129985
388010 590189
417943 354082
191631 102793
54125 777862
285573 403319
261150 261074
163305 137835
531625 181579
279095 261074
261074 472887
167017 167973
85149 699762
354082 146955
82372 261074
285573 417943
181579 102793
82321 261150
82321 472887
179198 48674
462488 355528
728418 489477
338024 417945
699762 129985
723548 538637
354305 354365
586988 731701
129985 163447
178196 489477
181579 191631
167973 417945
194635 777862
384168 132769
388010 777862
211648 354030
576617 837638
829639 146955
231533 318214
338024 262315
354082 137835
210118 338007
586988 178196
210118 163305
531625 102793
446582 354082
731701 178196
394188 146955
137835 430080
54125 102793
146955 137835
167973 446582
163447 280590
387286 214728
311767 771704
164076 462488
163305 262315
403319 338007
137078 718504
82372 82321
163305 338014
166208 332690
315970 137835
953845 146955
581092 728595
354457 538637
210622 262315
48674 590189
829639 132769
146955 262315
354030 394188
728595 699762
338024 242473
259793 54125
387286 163447
194951 590127
82372 261150
163305 142012
132769 354023
388010 102793
354030 262315
48674 590127
259793 191631
569581 387286
586988 699762
705753 242473
462547 354370
280645 388010
531625 194951
728595 731701
417945 262315
589869 54125
181579 541977
771704 242473
472887 634683
315970 417945
194635 541977
417943 338014
403319 137835
354030 137835
942440 354370
891795 462488
213426 280590
315970 446582
446582 338007
538637 355528
634683 137835
194635 590189
311767 417943
403319 338014
109932 210622
728418 178196
874538 354365
132769 210622
829639 394188
259793 102793
194635 102793
728418 699762
146955 338014
731701 489477
129985 178196
262315 430080
354023 163305
261074 634683
285573 137835
181579 590127
403319 634683
34030 167017
210622 146955
311767 146955
137078 354305
581092 129985
777862 191631
731726 489477
403319 262315
777862 102793
394188 417945
194635 590127
167973 394188
354365 837638
718504 874538
394188 338014
311767 446582
354457 576617
210622 354023
430080 321752
576617 538637
942440 354457
699762 163447
280645 48674
369812 539514
48674 191631
279095 137835
315970 394188
164076 355528
354457 355528
387286 178196
338014 262315
311767 394188
48674 181579
278128 242473
137078 354365
132769 417943
590127 102793
354305 723548
132769 338024
132769 167973
539514 354365
54125 541977
285573 262315
771704 163305
354023 446582
589869 280645
777862 590189
777862 590127
699762 731701
417943 417945
354023 430080
132769 338014
280645 259793
85149 178196
278128 338014
354457 723548
417943 278128
354030 109932
137078 538637
964848 538637
581092 586988
417943 771704
384168 163305
590189 191631
771704 338007
384168 278128
338024 394188
718504 538637
569581 489477
731726 129985
278128 142012
590127 541977
167973 430080
167973 137835
568747 942440
354023 417945
194951 388010
728418 387286
576617 462547
315970 430080
387286 489477
315970 771704
891795 332690
332690 354365
354030 132769
211648 210622
137078 874538
354457 874538
589869 191631
338014 137835
891795 354365
261150 658889
658889 634683
194635 388010
829639 278128
531625 777862
586988 387286
472887 705753
167017 280590
164076 538637
417943 394188
242473 262315
211648 384168
964848 164076
142012 137835
34030 280590
404911 634683
109932 338014
354030 311767
315970 146955
354457 332690
311767 354023
388010 181579
945353 178196
417945 137835
311767 137835
194951 179198
311767 142012
285573 354023
48674 102793
261150 705753
942440 874538
953845 163305
538637 462488
945353 129985
354023 262315
54125 388010
194635 48674
181579 590189
538637 891795
261074 658889
590127 590189
942440 354305
945353 581092
164076 723548
581092 731701
874538 462488
388010 191631
82321 404911
589869 48674
285573 354030
942440 538637
167973 146955
84824 178196
211648 338014
369812 354370
261075 634683
338024 146955
964848 137078
586988 85149
315970 132769
531625 590127
285573 311767
54125 590127
837638 178196
137835 242473
338024 137835
129985 387286
278128 430080
394188 262315
404911 261074
285573 109932
213426 167017
210622 430080
85149 728418
942440 137078
109932 163305
338024 417943
210622 137835
531625 590189
142012 338007
581092 85149
280645 777862
771704 142012
109932 311767
278128 137835
163305 417945
279095 705753
132769 163305
404911 705753
568747 354457
354030 210622
163447 489477
191631 318214
315970 354030
338007 146955
315970 163305
953845 394188
354030 403319
179198 259793
315970 338007
699762 731726
142012 338014
179198 181579
354305 164076
279095 658889
280645 102793
464220 705753
315970 338024
285573 338007
132769 338007
261074 705753
315970 278128
942440 723548
211648 354023
194951 777862
259793 590189
634683 242473
285573 315970
718504 723548
576617 462488
167973 163305
167017 163447
568747 332690
723548 354365
731701 129985
658889 464220
462547 891795
718504 462488
705753 137835
48674 541977
261150 472887
576617 355528
384168 142012
137078 354370
354305 355528
129985 569581
942440 718504
167973 403319
321752 178196
462547 164076
446582 146955
194951 259793
403319 705753
728418 129985
261075 658889
699762 178196
338024 311767
82321 279095
538637 332690
589869 388010
945353 586988
129985 489477
278128 338007
338024 163305
280645 181579
315970 210622
541977 191631
404911 472887
109932 354082
568747 723548
462488 332690
311767 338014
142012 146955
82321 261074
259793 777862
446582 278128
462547 874538
311767 338007
132769 137835
513041 280590
166208 837638
261150 634683
718504 354370
658889 705753
132769 771704
