110 931
5 0
505095 21 1 0 2 6 20
43012 31 1 0 8 6 19
532750 26 1 1 8 6 20
532751 42 1 1 8 6 19
296975 158 1 0 8 5 18
470796 18 1 0 8 5 16
777991 64 1 1 7 6 18
559364 37 1 1 6 6 21
473097 83 1 0 8 6 17
39694 274 1 0 6 6 17
259340 441 1 0 8 6 16
503575 25 1 1 2 6 18
73494 55 0 0 8 6 21
532752 63 1 1 8 6 19
508188 14 1 1 8 5 21
755733 29 1 0 8 6 22
508184 25 1 1 6 6 21
758827 54 1 1 6 6 20
754986 34 1 0 8 6 16
754985 19 1 0 8 6 16
384544 62 1 0 2 6 17
356896 48 1 0 6 6 19
328739 97 1 1 8 6 19
293677 122 0 0 8 6 19
83754 230 1 1 6 6 18
416042 68 0 1 8 6 20
456747 49 0 1 8 6 20
752933 45 1 0 8 6 17
25392 71 1 0 6 5 1
430642 106 1 0 8 6 16
319549 203 1 1 6 6 19
31289 706 1 1 6 6 17
298297 149 1 0 4 5 19
509242 41 1 1 8 6 21
612919 49 1 1 6 6 18
801586 19 1 1 6 5 19
753482 25 0 1 6 6 18
312901 66 1 0 6 6 20
312903 104 1 1 6 6 19
312898 27 0 1 6 6 23
532545 27 1 1 1 6 16
370505 27 1 0 2 6 20
312904 81 0 1 2 6 31
489558 18 1 0 6 5 18
416085 94 1 1 8 6 18
434524 98 0 0 8 6 18
470370 67 1 0 8 6 15
470895 80 1 1 8 6 19
429935 77 1 1 6 6 20
74091 81 1 1 6 6 18
758887 10 1 1 6 5 18
546407 25 1 1 6 6 19
134000 177 1 0 6 6 16
378999 35 1 0 6 5 16
378992 57 1 0 6 6 16
234356 71 1 0 2 6 20
378994 10 1 0 6 6 17
379004 54 1 0 6 5 16
271487 206 1 0 6 6 17
366206 53 1 0 2 6 18
379000 19 1 1 6 5 18
79493 124 1 1 8 6 21
79495 53 0 1 8 6 21
509568 63 1 0 8 6 19
109723 783 1 1 8 6 21
991889 39 1 1 2 6 21
73125 150 1 1 8 6 15
473007 104 1 0 4 6 21
379053 30 1 1 6 5 18
766881 24 1 1 2 6 19
595878 17 1 1 8 6 17
379050 51 1 1 6 5 18
73141 50 1 0 8 6 16
379057 74 1 1 6 6 17
379058 14 1 0 6 5 18
73145 306 1 1 6 6 16
235198 38 1 0 6 6 19
767414 14 0 1 6 6 20
430521 66 1 0 2 6 19
318395 26 1 0 2 6 18
766667 28 1 1 6 6 16
163009 103 1 1 8 6 21
282569 68 1 0 8 6 23
608199 99 1 1 8 6 21
313546 58 1 1 6 6 18
75984 86 1 1 6 6 16
369872 171 0 0 8 6 17
530909 49 1 0 8 5 20
397021 50 1 1 8 5 19
109534 118 1 1 8 6 20
208354 212 1 0 6 6 15
90852 35 1 0 6 6 17
313313 34 1 0 6 5 18
313570 124 1 0 6 5 19
73448 74 1 0 8 6 22
1173499 6 1 0 8 6 15
379118 97 1 1 6 6 21
1061373 10 1 0 8 5 22
1173500 13 1 0 8 6 17
379115 67 1 0 2 6 19
379114 48 1 0 6 5 17
503540 19 1 1 2 6 21
503538 32 1 1 8 6 17
695292 51 1 0 8 6 14
753394 38 1 0 8 6 18
532722 19 1 0 6 5 16
718064 22 1 1 2 6 20
35322 516 1 1 6 6 24
73211 15 1 1 3 6 19
39422 60 1 0 8 6 16
163009 430642
39422 503540
39422 470370
312898 25392
473007 532750
1173500 752933
758827 312901
695292 79495
109723 753394
753482 532752
313570 456747
379058 379115
470370 754986
312901 312903
74091 313546
313570 259340
39422 370505
470895 234356
1173499 1173500
379058 379004
752933 470895
503575 473097
503540 470370
73211 282569
508184 532752
234356 109534
430642 318395
473097 79493
530909 379115
312904 134000
312903 753482
991889 470370
31289 379057
379004 312901
39694 379115
456747 271487
366206 313570
90852 612919
293677 73448
503575 259340
73494 532750
35322 109534
109723 991889
73211 319549
73494 73448
370505 991889
208354 312903
378994 235198
298297 532750
134000 379057
546407 801586
312901 313546
163009 718064
532752 79493
416042 752933
208354 312904
73211 470370
163009 369872
754986 282569
752933 234356
456747 75984
608199 356896
503540 319549
1173500 754986
766667 83754
312898 313570
695292 509568
259340 319549
532751 532752
503538 470370
25392 319549
753394 608199
503540 79493
313570 79493
379050 235198
509242 473097
83754 379115
73448 79493
503575 509242
312904 75984
73145 109534
313546 456747
532722 282569
532722 473097
532545 379118
753394 79495
434524 470370
758887 379004
73211 109534
612919 313546
259340 109534
208354 753482
90852 378992
379004 83754
532751 79493
235198 319549
74091 379050
35322 470895
532545 75984
39422 318395
456747 312903
378999 312903
754985 509568
318395 319549
379118 25392
754985 430521
370505 608199
134000 75984
379050 379115
369872 379115
379004 271487
753482 109534
530909 73448
509568 296975
754986 470895
397021 470895
754986 430521
470796 79495
73211 754986
754985 473097
758827 312903
312901 313570
312901 379115
473097 470895
608199 234356
312898 83754
25392 31289
430642 509568
595878 532752
378994 777991
379115 470895
83754 79495
379115 319549
379004 319549
83754 532751
473007 754986
430521 235198
508188 532752
379004 379050
208354 234356
1173499 754985
313546 312903
379114 271487
379057 416085
546407 456747
766881 312903
777991 470895
505095 235198
505095 754986
379000 378999
83754 235198
378992 366206
718064 473097
379114 379115
416042 234356
429935 163009
755733 559364
39422 473097
259340 470895
328739 235198
755733 777991
74091 312904
328739 718064
752933 369872
612919 378999
73125 73448
754986 379115
312904 532751
79495 298297
79495 73448
473007 777991
456747 379057
379050 234356
313570 271487
312903 328739
753394 416085
109723 559364
379115 79493
430642 319549
397021 234356
313570 31289
378992 31289
378994 366206
370505 470370
1061373 754985
1173499 752933
271487 79495
470370 777991
546407 758827
456747 319549
83754 312903
470370 282569
470895 73448
777991 109534
758827 379118
532545 312901
35322 79493
384544 73125
369872 298297
532722 235198
489558 313546
456747 379053
530909 473007
271487 312903
163009 470370
753394 356896
505095 509568
612919 429935
31289 328739
695292 473097
109723 73448
718064 234356
766667 379000
312898 271487
378999 75984
530909 259340
766881 319549
378992 83754
312898 313313
208354 319549
31289 163009
473097 752933
718064 282569
384544 73145
416042 109534
470895 43012
259340 298297
608199 532752
379053 379115
235198 532752
754985 473007
378992 312904
801586 235198
73211 503575
429935 234356
612919 378992
298297 356896
378999 74091
39694 509568
378999 378992
509568 430521
532722 259340
753482 234356
379114 379058
379118 313570
434524 79493
991889 532751
282569 777991
470895 298297
134000 356896
503538 163009
312901 234356
718064 777991
430521 319549
509568 319549
259340 777991
508184 39694
430521 234356
801586 312898
612919 235198
296975 79493
379004 312903
90852 134000
39422 416042
73141 73448
470370 752933
595878 503540
379115 235198
73145 43012
312898 379004
473097 430521
378992 208354
777991 379115
75984 271487
369872 234356
505095 509242
73125 416085
298297 73145
991889 234356
766881 313570
1173500 754985
328739 73145
755733 470370
234356 319549
509242 43012
755733 79495
73494 109534
296975 416085
312904 83754
754985 470895
503540 695292
379053 753482
379114 312903
766881 271487
509568 109534
489558 379115
430521 532752
379115 430521
39694 79493
503540 608199
73494 991889
429935 430642
328739 777991
505095 695292
379000 312901
379057 312903
366206 271487
39694 473097
39694 79495
532750 356896
754985 752933
313313 312901
754986 532722
234356 532751
434524 559364
378994 208354
25392 39694
282569 532751
546407 83754
470370 532752
75984 319549
758827 379004
378994 79493
384544 73141
298297 234356
109534 43012
31289 430521
801586 379118
328739 532752
298297 43012
318395 430521
379057 235198
416042 79493
379058 234356
379114 83754
379058 312901
473007 109534
35322 473097
753482 991889
379000 379057
313313 489558
313313 312904
429935 31289
752933 73145
208354 83754
429935 319549
503538 73145
434524 755733
508188 109534
508188 313570
473097 235198
754985 282569
163009 470895
235198 79493
430521 73145
1173499 754986
312898 379057
369872 356896
753394 416042
90852 75984
430642 470895
752933 109534
379053 319549
312904 379115
595878 505095
73141 532752
608199 318395
559364 509242
767414 379118
695292 752933
766667 312898
74091 378992
754986 79495
379118 235198
1173500 509568
319549 79493
503575 509568
416042 695292
509242 532752
134000 319549
39422 503538
473007 79495
379057 83754
379118 83754
532545 313546
503540 718064
25392 271487
695292 430521
754985 416042
753482 397021
208354 328739
530909 777991
508188 379115
473097 109534
282569 473097
489558 312901
612919 379050
75984 234356
509242 397021
766667 312903
163009 473097
379000 74091
766667 75984
31289 379053
313313 75984
753394 470895
75984 31289
508188 313546
753394 470370
25392 379057
379058 25392
378994 379115
397021 79495
79495 234356
25392 379050
767414 312903
758887 312903
271487 79493
1061373 532751
25392 313546
718064 752933
379004 313570
312904 312903
312901 83754
508184 755733
35322 259340
434524 163009
378992 766881
429935 430521
473097 532751
470370 470895
90852 74091
397021 509568
313313 366206
595878 608199
73448 43012
259340 234356
503575 532722
282569 509242
109723 470370
312903 379053
470895 532751
312901 271487
134000 312903
612919 379057
559364 532751
608199 473097
532750 532752
282569 235198
208354 313570
434524 530909
74091 379057
473007 282569
718064 754986
429935 366206
546407 312903
766881 366206
508184 753394
546407 234356
313546 79493
379000 83754
429935 766881
259340 369872
90852 429935
109534 416085
79495 470895
754986 473097
318395 509568
755733 503540
366206 456747
559364 163009
608199 79493
313313 378999
378999 208354
509568 416085
163009 109534
532750 293677
766881 753482
608199 259340
90852 83754
378999 83754
313570 312904
379118 312903
509242 470895
379053 470895
83754 753482
379050 379053
532750 73448
313570 312903
134000 328739
379050 271487
379057 379053
328739 430521
379050 379057
378999 379057
313546 31289
532545 379115
508188 39694
595878 503575
434524 608199
379114 312904
434524 473097
379000 366206
379000 379004
767414 379057
312901 328739
470796 430521
508188 73494
532750 416085
313313 83754
25392 312903
234356 532750
758887 74091
397021 109534
695292 73448
73145 416085
753394 752933
503575 752933
470796 752933
530909 509242
1173499 473097
90852 25392
282569 470895
470370 356896
109534 73448
532545 312903
695292 470370
134000 79495
379114 25392
430521 470895
370505 473097
379114 366206
73145 79493
379115 509568
39694 505095
801586 532751
379000 25392
503538 470895
753394 503540
758887 379050
73125 73145
509242 73448
39422 503575
559364 503540
532722 430642
416042 470370
530909 282569
559364 753482
532752 109534
509242 416085
397021 777991
73141 293677
397021 532752
530909 532722
379118 271487
312903 235198
753394 430521
509568 298297
208354 312901
313570 75984
456747 298297
31289 379115
73494 530909
1173499 379115
73448 416085
379050 319549
378992 319549
559364 470370
379004 31289
379050 75984
74091 208354
271487 234356
379050 312903
429935 134000
379053 318395
379053 430642
73145 73141
612919 74091
718064 109534
752933 319549
35322 470796
31289 430642
134000 416085
73211 473097
109723 109534
718064 430521
1061373 470796
378992 312901
73494 559364
753482 235198
434524 109534
378999 25392
318395 234356
356896 109534
532545 758827
777991 752933
31289 298297
434524 991889
509242 777991
991889 753394
489558 234356
532752 73448
559364 370505
379050 312904
430642 234356
25392 379115
473007 509568
777991 234356
429935 369872
429935 378992
766881 75984
39694 470895
379004 208354
718064 379115
378992 379004
366206 312904
39422 282569
313546 75984
208354 313546
312898 312903
758827 271487
259340 282569
366206 83754
282569 109534
470370 109534
163009 608199
489558 271487
766667 234356
378999 766881
73211 752933
74091 83754
530909 109534
83754 319549
777991 430521
35322 416042
546407 134000
473007 43012
313313 313570
379000 379050
766881 234356
313313 312903
235198 532750
312903 532751
508184 473097
532750 73145
282569 752933
416042 328739
384544 293677
312901 379057
758827 312904
79493 43012
235198 532751
470796 777991
752933 430521
755733 608199
73141 43012
109723 79493
473007 752933
416042 73145
378992 379115
456747 234356
312898 366206
416042 470895
356896 73145
532722 470895
532752 416085
379118 312901
991889 530909
378992 25392
379004 328739
530909 356896
328739 379115
313313 31289
766881 83754
109534 79493
39422 79495
473097 777991
755733 595878
208354 379053
777991 298297
73125 109534
1061373 509568
456747 470895
74091 379115
755733 163009
369872 532752
379118 312904
801586 208354
83754 379053
378994 90852
695292 532722
356896 416085
752933 430642
75984 312903
370505 259340
489558 312903
766667 271487
259340 430642
379057 319549
595878 470895
313570 43012
312898 234356
75984 379057
429935 312903
470370 79495
366206 379115
470895 532752
532545 83754
370505 369872
378999 379050
991889 470895
25392 235198
546407 312901
282569 509568
430642 430521
366206 234356
73494 509242
90852 378999
718064 235198
313570 234356
366206 312903
777991 356896
546407 312898
319549 73145
532751 73145
503540 163009
79495 79493
313546 134000
430521 43012
532722 319549
35322 473007
370505 503538
753394 79493
758887 429935
163009 416042
378992 312903
370505 282569
313313 328739
470796 754985
379000 319549
718064 79495
163009 282569
991889 503540
505095 530909
90852 312904
608199 369872
379118 79493
313570 313546
489558 379004
74091 312903
473097 318395
767414 75984
503575 379115
508184 470370
366206 313546
754986 79493
758887 379057
489558 366206
25392 379053
608199 509568
313546 83754
508184 313570
503575 470895
766667 319549
73211 470796
328739 319549
208354 366206
313546 234356
753394 282569
379053 79495
379053 234356
109723 473097
208354 25392
384544 73448
766667 208354
509568 235198
312901 366206
489558 134000
503575 235198
35322 73448
801586 312903
470796 282569
313546 379050
503540 470895
1061373 473097
379004 366206
508184 73494
75984 532751
379057 318395
505095 753394
379053 430521
298297 319549
79495 752933
370505 163009
755733 991889
752933 509568
35322 470370
369872 318395
73211 754985
532751 73448
271487 83754
39694 319549
379058 378992
282569 430521
379004 379053
801586 83754
31289 319549
271487 319549
25392 83754
505095 473097
991889 163009
379058 313570
379118 532751
134000 234356
312901 319549
356896 73448
503538 109534
312904 379053
777991 79495
208354 379057
134000 83754
503540 259340
532722 509568
991889 532722
235198 470895
79495 109534
234356 532752
378999 312904
595878 470370
758827 319549
134000 271487
312903 379115
758827 74091
470796 509568
83754 39694
271487 31289
378994 25392
1173500 473097
39694 282569
271487 235198
379057 39694
312904 235198
416085 43012
532751 319549
559364 473097
90852 208354
39694 509242
508188 532751
595878 282569
753482 73145
378999 366206
758827 366206
109723 532752
766881 456747
370505 470895
473007 470895
767414 758827
379000 379115
530909 532750
74091 271487
508184 370505
73494 79493
434524 282569
379057 509568
293677 43012
73125 79493
271487 379053
758887 328739
489558 313570
379115 430642
473007 509242
379058 83754
473097 79495
608199 470370
318395 356896
75984 83754
312904 319549
73494 608199
271487 379115
312901 379050
801586 319549
508188 434524
754985 79495
508188 43012
767414 532545
509568 470895
366206 379050
754986 752933
470370 473097
470796 532751
379058 271487
430642 109534
470895 73125
318395 416085
259340 379115
508184 163009
754986 509568
298297 532751
79495 319549
1061373 754986
328739 234356
319549 532752
766667 366206
470796 754986
312898 313546
366206 25392
1061373 282569
532722 356896
608199 319549
379115 318395
758827 83754
312903 234356
313570 379115
319549 109534
503575 430521
612919 83754
271487 379057
559364 356896
1173500 430521
356896 532752
503538 718064
312903 319549
366206 235198
312901 25392
470370 79493
767414 766881
503538 473097
73494 73145
416085 79493
379004 109534
379004 25392
