110 950
5 0
163331 298 1 0 8 6 15
489477 46 1 0 2 6 15
345857 29 0 0 2 6 19
387331 24 0 0 0 6 20
125703 51 0 0 4 6 19
275715 19 0 0 2 5 21
146954 276 1 0 6 6 20
146958 156 1 0 6 5 17
146959 763 1 0 7 6 20
146963 453 1 0 4 6 15
146964 418 1 0 0 6 15
785693 28 0 0 7 5 17
222490 19 0 0 4 5 15
141086 312 1 0 9 6 19
783381 27 0 0 4 6 18
368155 21 0 0 1 5 20
278811 30 0 0 1 6 20
385828 12 0 0 1 6 21
387364 44 1 0 2 5 19
385068 18 0 0 4 5 19
385071 16 0 0 9 6 19
367918 14 0 0 4 5 21
367659 19 0 0 9 5 18
386101 16 0 0 2 5 14
62768 379 1 0 6 6 18
113202 390 0 0 4 6 14
810036 4 0 0 2 5 17
67131 29 0 0 4 5 20
384575 15 0 0 8 5 18
387386 14 0 0 2 6 19
386113 17 0 0 7 5 16
384576 35 1 0 2 5 22
355405 29 0 0 8 6 17
182862 36 1 0 2 6 19
367688 26 1 0 1 6 26
384840 32 1 0 2 5 20
386122 18 0 0 2 5 15
387412 9 0 0 6 5 20
296531 23 1 0 1 6 17
351323 221 1 0 0 6 11
232028 22 0 0 5 6 18
369498 25 0 0 6 5 18
350565 25 1 0 6 5 19
58720 236 0 0 8 6 18
190304 435 1 0 5 6 20
386409 19 0 0 6 6 19
147565 23 0 0 4 6 16
367733 38 1 0 9 5 15
386164 43 1 0 1 5 17
385137 15 0 0 4 6 22
163447 564 1 0 2 6 18
725374 9 0 0 6 5 16
386163 28 1 0 2 5 15
256123 72 0 0 2 6 17
211583 148 1 0 9 6 1
386169 33 1 0 4 6 17
387450 28 0 0 9 6 17
387206 13 0 0 2 6 18
387201 56 0 0 4 6 21
147079 640 1 0 4 6 17
147335 64 1 0 1 6 17
93063 38 1 0 2 6 19
276367 200 1 0 8 6 19
147081 48 1 0 4 5 20
695450 29 0 0 2 6 15
87696 16 0 0 4 6 15
355476 59 1 0 3 6 16
694937 18 0 0 6 5 17
694940 21 0 0 9 6 20
385938 15 0 0 1 5 17
259995 27 0 0 9 6 18
129435 53 0 0 4 5 18
387225 14 0 0 1 5 15
386214 36 0 0 9 6 18
386211 16 1 0 2 6 14
323502 74 1 0 4 6 19
277419 28 0 0 3 6 20
386218 19 1 0 2 5 16
107186 129 1 0 4 6 16
523444 144 1 0 4 6 19
290235 26 0 0 4 6 22
367811 18 0 0 9 5 20
214725 349 1 1 1 6 25
331469 128 1 0 3 6 20
214731 46 1 0 5 5 20
214728 398 1 0 1 6 16
347086 107 1 0 8 5 18
349643 203 1 1 2 6 20
214732 644 1 0 4 6 16
387286 47 1 0 2 5 18
277463 59 1 0 4 5 21
331987 27 1 0 2 5 21
296403 23 0 0 4 6 19
384735 38 0 0 5 6 21
387289 12 0 0 4 5 16
387288 16 1 0 9 6 19
29151 44 0 0 4 6 16
222434 68 1 0 4 6 20
222433 72 1 0 9 6 19
387040 28 0 0 4 6 18
222443 200 1 0 9 6 18
222445 20 0 0 9 5 20
385781 18 0 0 2 5 15
385013 20 0 0 1 5 17
387317 14 0 0 9 5 18
385012 14 0 0 1 6 19
350455 60 0 0 2 6 18
68596 508 1 0 4 6 21
384755 34 0 0 4 6 21
387324 13 0 0 6 6 18
350565 146964
367918 146964
367811 222443
125703 214728
387289 190304
58720 214728
386211 163447
146959 296403
384575 222434
222434 163447
350455 222443
182862 214728
345857 146954
783381 214728
296531 163331
386164 523444
350455 146954
367811 163331
68596 141086
725374 146963
182862 147079
387450 146963
296403 190304
387317 211583
387331 141086
368155 141086
259995 146954
214725 367659
385013 222443
387201 222443
146954 163331
351323 323502
785693 147079
147079 68596
277419 146963
523444 163331
347086 146964
331987 214728
385828 147079
387040 211583
349643 290235
387225 214728
296403 146954
222433 367918
387324 141086
384575 222443
387331 146963
222433 214728
367811 146958
384755 214728
214731 141086
385068 146963
785693 146954
695450 214728
296531 163447
387317 141086
141086 222445
350565 68596
384755 214732
387331 146964
350565 146959
107186 163447
146964 385781
385828 146963
146959 68596
387317 163447
58720 214732
386113 146958
369498 146963
146959 387289
211583 387201
190304 163447
694937 146964
214732 323502
146958 222443
387317 146954
387364 222490
384576 190304
67131 331469
147079 386122
163447 387286
296403 222443
785693 146959
222443 387225
387364 222433
367659 211583
107186 141086
386218 214732
277463 146959
367733 68596
725374 222433
387331 107186
384840 214732
211583 232028
147335 214728
349643 222434
147335 523444
384735 222443
68596 222443
147081 146958
387324 163331
386218 141086
367811 146964
385828 163447
147081 347086
385938 190304
87696 214728
387412 146958
385938 146963
367811 141086
290235 146954
384576 386214
146964 141086
347086 146959
367918 214728
214725 386214
351323 68596
278811 163447
107186 222443
29151 222443
107186 211583
385938 222443
331987 146958
385938 163447
386211 211583
296531 214728
384755 146959
810036 214728
146954 385781
345857 163447
125703 222433
350455 387364
355476 146963
385012 190304
214731 323502
385071 141086
147079 232028
355476 222443
347086 214732
147079 386163
387289 222443
323502 214728
129435 147079
347086 367688
384755 147079
58720 355476
387364 190304
129435 190304
386409 214728
695450 163447
62768 146959
146954 87696
146958 277463
214725 296531
146958 386214
384840 146954
147079 296403
694940 146959
276367 146964
214725 214728
386163 163331
182862 347086
387206 146958
367918 146958
367659 146963
276367 222445
387206 190304
386164 347086
386122 163447
146964 387201
385137 141086
146963 147565
107186 190304
384576 146954
163331 146963
387450 163447
351323 29151
385828 523444
384576 147079
350455 146958
387386 222433
277463 190304
384575 214728
355476 163447
387201 331469
29151 214728
387364 222434
62768 256123
214731 163447
367688 146964
222490 107186
58720 347086
523444 385938
345857 146963
695450 182862
385828 222443
147079 367811
387288 190304
385068 331469
163331 385068
386218 68596
386218 147079
386169 351323
146963 387225
385071 190304
367659 163447
256123 146963
385828 351323
351323 367659
523444 694937
350565 163331
277463 146964
146958 350565
385137 163331
523444 146964
146959 355476
222434 387286
386101 222443
387412 141086
125703 349643
147081 163447
351323 146963
62768 147335
62768 355476
369498 146954
147335 146959
386409 222434
29151 146963
276367 68596
368155 211583
386214 141086
386163 146964
385068 190304
211583 385781
146959 163331
222490 222433
323502 141086
385938 163331
62768 694937
214731 384735
387331 211583
182862 355476
384840 351323
385068 141086
147081 163331
694937 146954
113202 147079
87696 146963
368155 351323
367659 190304
367918 222443
214725 147335
386211 146959
387206 222434
367688 68596
211583 190304
68596 146963
785693 141086
694937 146963
296531 146964
276367 211583
323502 222443
278811 222443
367659 163331
275715 146958
323502 190304
214731 384755
384840 214728
222445 214728
347086 147079
349643 68596
367811 190304
385781 163447
345857 141086
385012 146958
355476 190304
222443 214728
369498 147079
146954 331469
62768 384755
163331 387450
93063 163331
385071 163447
146958 323502
146963 385781
331469 385781
277419 146959
62768 146963
58720 214731
276367 214728
222433 387286
331469 141086
67131 146963
222433 385938
222433 276367
222445 387286
785693 146964
385938 146964
277463 68596
387386 146963
214725 29151
62768 141086
278811 141086
256123 214732
323502 331469
355476 386214
331987 146963
387317 351323
222433 385068
386164 146964
386122 211583
146958 385013
113202 523444
386409 146958
387040 146964
331987 331469
331987 146964
385013 163447
385938 214728
349643 387324
386101 146964
331469 163447
367733 163331
355405 523444
214732 68596
211583 67131
214731 386218
387288 384735
93063 222443
386211 523444
355405 163447
146963 387286
331469 386214
147565 163447
523444 331469
214731 386169
386122 163331
331469 222443
387201 141086
386409 146954
386163 146963
694940 214732
129435 163447
182862 68596
387289 141086
387324 222443
222434 276367
384840 146964
125703 163331
349643 694937
182862 222443
146964 384735
384755 146964
182862 386163
694937 146958
367733 211583
259995 211583
129435 141086
146954 214728
385012 355476
350565 190304
68596 214728
323502 163447
725374 141086
369498 163447
385071 355476
277463 163331
385137 351323
355476 141086
146964 385071
222490 214728
384576 141086
385012 163447
222443 141086
345857 351323
222434 386169
355405 141086
386163 146954
386113 214728
147081 141086
107186 163331
387412 190304
58720 68596
386214 222443
296403 351323
386163 331469
232028 146954
290235 163331
367918 146963
386122 331469
147079 694937
387412 146964
386218 182862
277463 141086
214732 146959
146959 331469
385938 146958
222434 29151
214725 386164
147335 146964
351323 387450
129435 146954
146954 190304
232028 214728
256123 146954
385137 146964
93063 147079
67131 163331
386113 222433
350565 222443
113202 367733
369498 214732
523444 147079
349643 331987
146958 68596
93063 146963
259995 222443
277463 351323
214732 386163
694940 163331
214731 222443
29151 163331
387450 331469
214732 384735
386218 384735
725374 190304
523444 385781
367733 351323
214732 147565
276367 163447
347086 147335
785693 163447
296531 146959
259995 146964
387324 146954
387206 331469
694940 147079
368155 355476
386164 146959
29151 146954
387288 351323
385137 331469
29151 331469
125703 146963
385012 211583
163447 214728
211583 278811
387288 68596
232028 222443
384575 146964
387386 222434
68596 163447
296531 147079
290235 147079
385137 147079
222434 386214
214725 385137
146959 146963
385013 214728
232028 163331
147335 146958
367733 146963
147081 146959
387289 146954
276367 190304
182862 386214
695450 163331
62768 147565
259995 146963
695450 62768
387364 146958
113202 386164
386164 147079
211583 387450
349643 277419
141086 163447
163331 331469
386101 141086
387201 146963
222433 387331
296531 68596
222434 323502
345857 146964
368155 190304
368155 146959
125703 146964
147081 214732
278811 331469
350565 141086
385013 146963
62768 222433
345857 190304
385137 523444
147081 214728
350455 147079
387412 351323
67131 190304
387386 146958
147079 386169
384576 386101
385013 141086
350455 146964
290235 523444
384576 214728
386409 163331
386122 146964
384576 386122
113202 147335
384576 387386
386218 211583
259995 147079
385012 146963
367733 190304
214725 68596
367733 146958
384840 113202
384840 146958
386218 386211
296531 222443
386169 146954
259995 190304
385013 190304
349643 386214
214732 147079
331469 146963
725374 163447
29151 190304
146959 211583
222443 387286
146958 276367
387288 141086
386169 163331
351323 385068
58720 296531
385137 222443
232028 190304
387288 211583
147565 214728
386218 163447
146959 345857
290235 146958
129435 163331
323502 222445
367688 190304
214725 129435
222443 385781
385071 146963
331987 351323
214731 386214
113202 347086
694937 163331
146958 87696
725374 222434
146963 141086
67131 146964
367918 163331
222434 385938
107186 29151
386163 211583
351323 163447
222434 387225
141086 387286
67131 163447
67131 146954
385781 214728
67131 141086
351323 387201
387412 222434
387386 163331
277463 214728
278811 190304
384755 163447
387364 222445
385828 163331
523444 211583
222433 323502
58720 222443
163447 489477
384576 385781
694940 62768
222434 385013
147335 331469
384576 146963
386164 163447
523444 386169
384576 276367
182862 323502
222490 211583
222490 367733
222443 222445
384840 163331
386101 211583
146964 386214
387324 146964
523444 367811
785693 146958
387331 190304
384575 146963
276367 146963
367733 222434
62768 385781
222433 384575
367918 351323
387206 222443
147081 147079
87696 190304
190304 222445
386218 222443
146954 146964
386409 222443
367733 214728
232028 146963
367688 141086
347086 384755
141086 214728
222434 367918
384576 385013
387201 190304
214732 386169
387289 163331
163331 385781
386164 146954
386164 146958
256123 347086
331987 222443
347086 146954
276367 146954
694940 146963
387040 163447
367811 146963
387364 68596
147335 141086
369498 62768
386211 163331
211583 385071
214732 785693
232028 146964
387288 163447
350565 351323
347086 523444
386113 146964
113202 331469
387331 222443
386164 163331
351323 107186
147079 385781
146954 68596
387324 146958
214731 387450
386122 222443
125703 62768
384840 146959
62768 68596
349643 387364
68596 384735
387386 351323
275715 222443
190304 387225
211583 163447
386163 163447
386214 163447
384755 146958
386211 214732
489477 214728
323502 68596
386169 214728
146964 387225
387206 163331
385781 141086
384575 141086
387289 211583
386163 146959
694940 146964
385828 146964
369498 146964
386163 222443
190304 214728
107186 68596
387225 141086
387412 331469
277419 222443
62768 222443
347086 277463
351323 276367
386122 146954
349643 296403
256123 351323
141086 147565
367811 146959
29151 146964
387206 146963
147335 163331
163331 386214
146963 222443
367733 222445
290235 141086
147081 146964
222433 386169
146964 323502
386211 146954
214731 355405
147079 386101
355405 351323
386163 141086
190304 384735
387450 141086
93063 190304
367688 146958
256123 146959
386113 163331
367659 146954
386409 147079
385012 146954
387364 222443
125703 222443
93063 523444
182862 384576
214725 296403
387288 163331
387040 351323
68596 190304
386218 146959
367688 146963
113202 147081
277419 146964
214732 146954
695450 147079
211583 29151
355476 68596
387040 146954
222433 278811
349643 222443
386101 331469
350455 68596
387040 147079
163331 387286
695450 146954
386214 214728
384735 163447
387317 146963
387450 190304
387364 146964
323502 146963
367659 222443
387324 190304
368155 214725
367688 351323
277463 146954
275715 146954
350565 146963
62768 386163
367688 146959
125703 146958
386169 163447
384840 62768
386101 163447
350565 146954
277419 190304
146958 384735
214725 290235
349643 163447
146959 107186
387412 146963
350455 163331
256123 163331
386164 214732
146954 323502
386218 331469
296403 146963
275715 222433
387040 190304
107186 146963
725374 222443
256123 147079
214732 386122
146959 147565
387364 146963
275715 163447
296403 163331
386113 222434
387331 163331
214725 276367
386122 141086
147335 147079
387364 163331
277463 146963
222490 146964
222490 190304
384575 163331
384755 146963
386214 146963
386113 146963
278811 146963
296531 523444
347086 384735
296403 141086
386169 222443
214731 386122
386169 68596
387364 211583
387317 222443
367733 222443
347086 290235
275715 146963
385828 146954
386409 146963
146958 385068
222490 276367
331469 387225
163331 384735
367688 146954
387206 222433
387450 146964
387324 146959
385071 222443
331987 141086
384735 214728
523444 386163
331987 190304
182862 146954
232028 163447
347086 367811
214731 331469
523444 146963
93063 68596
214732 141086
146958 296403
277419 146958
182862 141086
386211 146964
290235 146963
296531 214732
190304 222443
694937 146959
384576 68596
163331 385013
147335 163447
290235 146959
387317 146964
107186 146954
277419 351323
68596 331469
387450 222443
331469 190304
147081 523444
385012 141086
386211 384576
290235 146964
387386 222443
386211 147079
386169 146958
147079 141086
523444 384575
355405 163331
695450 523444
331987 163331
523444 386409
147079 387206
785693 163331
387286 214728
190304 141086
222434 385068
349643 163331
368155 163447
694937 141086
129435 146963
146958 387286
367918 190304
113202 93063
386211 384735
384575 190304
62768 214732
367688 163331
387289 146963
355405 146964
384840 147079
351323 387225
386164 214728
275715 190304
222433 222443
387206 351323
386409 222433
387225 163447
146963 163447
93063 141086
725374 214731
256123 146964
355476 387201
387289 146964
694940 163447
146954 163447
146959 141086
87696 222443
93063 146964
785693 523444
222433 385013
93063 146959
384755 146954
214731 386163
129435 146959
385012 331469
259995 163447
355405 146958
87696 163447
387040 214732
386101 163331
387288 355476
386169 146964
694940 351323
387201 163447
385068 222443
87696 331469
367659 141086
275715 146964
386101 146954
385068 163447
163331 323502
222490 141086
276367 222443
384735 146963
386113 222443
386169 190304
369498 146959
214732 523444
367733 222433
367659 331469
345857 355476
355476 214728
386211 147565
387386 146964
350455 222433
384735 141086
296403 146964
384840 163447
93063 146958
222434 331987
695450 214731
190304 386214
277419 141086
387386 190304
387040 146959
296531 146954
387288 146963
368155 146964
355405 147079
694937 222443
384575 351323
387286 489477
347086 141086
147335 214732
