110 151
5 0
1344021 27 1 0 3 6 45
489477 46 1 0 2 6 15
532495 3 0 0 3 6 36
451598 26 1 1 3 6 30
561153 100 1 0 6 6 22
280590 37 1 0 9 6 18
1335833 9 1 0 2 5 9
1496089 5 1 0 6 6 61
614425 54 0 0 2 6 58
1257474 1 1 0 2 6 14
766233 43 1 0 3 6 57
907806 5 0 1 2 6 108
614428 12 0 0 3 6 49
178196 82 1 0 6 6 19
835610 16 1 0 6 6 12
575529 15 1 0 1 6 21
501796 15 1 0 3 6 26
501794 24 1 0 3 6 24
348207 55 1 1 3 6 25
673568 3 0 1 1 5 48
1294392 3 1 1 3 6 37
1107006 3 0 1 3 6 47
617766 51 1 1 3 6 29
501814 27 1 1 3 6 34
1155360 26 1 1 1 6 53
714808 22 0 1 9 6 52
553019 35 0 0 3 5 20
1019194 71 1 0 6 6 10
791609 27 1 1 2 6 51
63548 31 1 0 3 6 23
698934 25 1 1 3 6 31
333880 92 1 0 4 6 42
41533 581 1 1 2 6 31
209468 35 0 0 4 6 71
1279276 12 1 1 0 6 70
201788 133 1 0 3 6 24
366661 56 1 0 2 6 54
441158 38 1 1 6 6 112
1550675 5 1 0 9 6 50
1225047 18 0 1 4 6 51
780622 29 1 0 8 6 23
1087575 18 0 1 4 6 33
40007 71 1 0 3 6 55
1021000 72 1 0 6 6 47
1462622 7 1 0 9 6 49
1198939 9 1 0 0 6 64
524867 2 1 0 2 6 48
1007682 5 1 0 3 6 35
1086302 31 1 1 3 6 40
440137 12 1 0 2 5 12
970845 9 1 0 1 5 17
1092426 38 1 1 3 6 30
1343817 35 1 0 3 6 59
139612 151 1 1 7 6 13
338010 142 1 1 6 6 29
170592 29 1 0 7 6 14
1007724 7 0 1 3 6 66
1023851 1 0 0 9 5 111
297324 205 1 0 2 6 22
987488 15 0 0 3 6 38
787811 10 0 0 2 6 42
450676 36 1 1 3 6 27
746111 25 1 0 2 6 1
163447 564 1 0 2 6 18
418170 23 1 0 6 6 7
511098 26 1 1 3 6 66
721268 26 1 0 9 6 39
1241197 16 1 0 3 6 43
970895 1 1 0 0 6 11
950413 5 1 1 2 6 35
1019289 9 1 0 4 5 4
995223 2 1 0 5 5 75
1191818 18 1 1 6 6 6
469144 52 1 0 0 6 14
1476284 21 1 0 3 6 46
150194 23 1 1 3 6 26
1536164 11 1 0 3 6 41
168118 137 0 1 6 6 21
621500 142 1 0 7 6 56
1425826 2 0 1 6 6 69
281523 17 1 0 0 6 48
1440174 4 0 0 5 6 55
1002163 9 0 0 3 6 44
1346473 23 1 0 0 6 52
1533097 9 1 0 2 6 62
824270 23 1 1 6 5 11
106695 64 1 0 2 6 17
1470687 4 1 0 3 6 56
214728 398 1 0 1 6 16
1379294 13 1 1 6 6 65
387286 47 1 0 2 5 18
578013 30 0 0 3 6 28
882139 7 1 1 2 6 95
882138 8 1 1 4 6 94
882135 39 1 0 2 6 63
1520077 14 1 0 2 6 68
411612 46 1 1 1 6 5
457689 62 1 1 1 6 100
509670 155 1 0 6 6 28
1343731 10 1 1 5 6 60
1042152 6 1 0 7 5 8
598243 40 1 0 3 6 26
512747 23 0 0 6 6 61
116461 22 0 0 2 6 44
598244 50 1 1 3 6 33
332267 187 1 0 6 6 32
934399 27 1 0 4 6 80
1386208 8 0 0 0 6 67
862712 7 0 1 3 6 76
1352418 5 1 0 4 6 50
280590 214728
41533 532495
621500 1279276
791609 934399
168118 441158
297324 41533
457689 621500
1021000 1019289
1019289 1191818
1440174 1343731
281523 882139
297324 333880
170592 1042152
511098 40007
411612 1476284
116461 411612
621500 714808
450676 553019
106695 882135
168118 297324
1092426 1087575
1379294 512747
163447 280590
489477 214728
1550675 714808
41533 333880
1470687 578013
746111 1086302
440137 1019194
150194 995223
469144 1198939
524867 907806
780622 1335833
561153 178196
882135 714808
1023851 163447
512747 766233
106695 882138
621500 614425
882138 281523
509670 418170
1002163 1470687
1294392 451598
1343817 1279276
440137 1335833
721268 614428
418170 168118
575529 338010
163447 387286
1536164 1155360
1386208 1379294
201788 348207
1241197 1536164
995223 862712
1520077 1007724
617766 1344021
970845 214728
532495 333880
787811 106695
1155360 987488
40007 209468
163447 489477
509670 1191818
139612 970845
1007724 1343817
338010 280590
297324 441158
63548 450676
501794 501796
209468 934399
1496089 1425826
168118 561153
1021000 824270
598243 501814
170592 621500
106695 882139
970895 139612
178196 489477
950413 1533097
598244 1087575
366661 332267
824270 1019289
1021000 1191818
1346473 714808
1462622 721268
511098 1343817
614428 1536164
614425 882135
1087575 501814
780622 1019194
766233 614425
907806 791609
987488 698934
1344021 1241197
1042152 621500
1533097 1379294
578013 1294392
333880 366661
201788 450676
673568 1476284
598243 598244
387286 489477
780622 746111
1346473 1225047
1425826 1520077
698934 63548
348207 501794
40007 411612
714808 721268
787811 882138
163447 214728
1007682 1086302
835610 139612
1257474 338010
1335833 1019194
297324 332267
621500 209468
1107006 1344021
1191818 418170
441158 332267
41533 366661
501796 501814
862712 1520077
1198939 1279276
501814 578013
791609 209468
1086302 1002163
116461 1533097
387286 178196
1476284 1107006
40007 512747
509670 1021000
1279276 1386208
201788 698934
1346473 457689
1019194 746111
934399 614425
116461 621500
1225047 882135
1352418 1225047
1462622 766233
598243 1087575
332267 575529
1092426 598244
617766 1241197
451598 561153
882139 882135
553019 348207
787811 882139
1343731 766233
387286 214728
