385 453
5 0
1031182 6 0 0 6 6 31
43012 31 1 0 8 6 19
433154 90 1 0 6 6 22
1033227 25 1 0 6 6 1
435200 83 1 0 4 6 35
669696 92 1 0 6 6 24
296975 158 1 0 8 5 18
320522 111 0 0 6 5 17
847898 27 0 0 6 6 40
598034 23 1 0 6 6 17
120861 42 1 0 8 5 20
543784 74 1 0 6 6 19
626729 20 1 0 6 6 32
514090 68 1 0 6 6 33
506922 82 1 1 6 5 23
256045 150 1 0 8 6 18
510006 167 1 1 6 6 19
435250 43 1 0 4 6 28
380976 54 0 1 8 6 27
651326 18 0 0 6 6 32
821300 27 1 1 2 5 14
883761 51 1 0 6 5 9
781365 42 1 0 6 6 26
883763 28 1 0 6 5 2
883762 11 1 0 6 5 3
965709 57 1 1 6 6 32
643136 18 1 1 8 5 23
883780 35 1 0 1 5 10
300116 205 1 0 6 6 20
619603 100 1 0 6 6 18
213086 189 1 1 8 6 40
665687 102 1 1 6 6 13
665685 82 1 1 6 6 21
851048 28 1 0 4 6 30
751714 20 1 0 6 6 23
851047 26 1 0 4 6 29
1003645 39 1 0 4 5 19
435314 58 1 1 6 6 23
521331 192 1 0 2 5 12
1003643 36 1 0 4 5 19
523386 124 1 1 6 6 20
1388694 8 1 0 6 6 22
924810 26 1 0 6 5 14
1302678 16 1 0 4 6 39
886922 44 1 1 6 6 39
121997 50 0 1 1 6 35
783493 39 1 1 6 6 32
1201308 50 0 0 6 6 24
274571 191 1 0 2 6 18
1225866 15 1 1 4 6 30
72856 149 1 1 4 6 21
587921 50 1 0 6 6 23
386200 74 1 0 4 6 16
759958 32 1 0 6 6 23
759956 36 0 0 4 6 22
821395 25 1 0 4 6 29
545966 46 1 0 6 6 21
105643 430 1 0 6 6 17
625848 17 0 1 6 6 24
379057 74 1 1 6 6 17
320696 92 1 0 6 6 24
475322 26 0 0 8 6 18
348346 22 1 0 4 6 46
931022 18 1 1 6 6 40
550089 192 1 0 4 6 20
59585 58 1 0 6 6 20
538820 39 1 1 6 6 29
1246430 13 1 0 6 5 14
14542 44 0 0 6 6 19
1084609 15 1 0 8 6 21
312528 36 1 0 4 6 33
253140 38 0 0 8 6 17
36055 133 0 1 6 6 42
1246410 21 1 0 6 6 8
93403 42 1 0 2 6 14
1096907 14 1 0 8 6 27
1246408 27 1 1 6 6 5
345305 133 1 0 6 5 13
1246414 16 1 0 4 6 29
400601 117 1 1 6 6 40
1246412 25 1 0 6 6 11
1003759 43 1 0 6 5 19
435431 55 1 1 6 6 29
509157 28 0 1 6 6 20
1246455 4 1 0 9 5 20
532717 19 1 0 0 6 20
1033470 16 1 0 6 6 21
1246433 14 1 0 6 5 31
1194215 13 1 1 6 6 44
518399 44 1 1 6 6 32
43260 147 1 0 8 6 19
454906 116 1 0 8 6 18
714998 17 1 1 6 5 47
646409 69 1 0 6 5 10
532750 26 1 1 8 6 20
767245 41 1 1 6 6 31
767244 18 1 1 9 6 28
1215770 27 1 0 8 6 18
603394 33 1 0 6 6 25
767232 54 1 0 6 6 29
278793 154 1 0 6 6 20
851201 18 1 0 6 6 29
1033472 12 1 1 9 5 45
1217795 2 0 0 4 6 27
1193216 6 1 0 6 5 20
1246465 23 1 0 6 6 24
534812 23 1 1 6 6 11
586013 59 1 0 6 6 12
532752 63 1 1 8 6 19
538898 22 1 1 6 6 32
685329 112 1 0 6 6 23
1246472 1 1 1 4 5 50
851217 43 0 1 6 6 19
365862 37 0 0 8 6 19
434469 57 1 0 8 6 25
515364 135 1 1 6 6 21
556333 54 1 1 6 6 31
102695 236 0 1 8 6 54
1173817 27 1 0 6 6 35
930083 29 1 0 6 5 34
213298 105 1 1 6 6 22
470325 109 1 0 6 6 35
151857 48 0 1 8 6 18
1115430 10 1 0 8 6 20
1226021 3 0 1 4 5 25
338237 61 1 0 6 6 18
1207594 6 1 1 9 6 49
1246507 22 1 1 6 6 6
1381678 5 1 1 6 5 24
509242 41 1 1 8 6 21
520517 31 1 1 8 6 31
658764 32 1 0 6 6 23
493897 86 1 0 6 5 19
1203522 2 1 1 6 6 19
416085 94 1 1 8 6 18
76114 77 1 1 6 6 26
1250628 14 1 1 6 5 29
1069386 53 1 0 6 6 43
513369 268 1 0 6 6 22
752980 17 1 1 8 6 13
819560 83 1 1 6 6 35
63850 160 1 1 8 6 19
224620 444 1 0 8 6 18
1246562 16 1 1 6 6 32
781689 86 1 0 4 6 19
508272 26 1 1 6 6 53
77177 377 1 1 1 6 45
348548 221 1 0 4 6 17
1058196 28 1 0 8 6 30
462208 28 0 0 8 6 18
931209 58 0 1 6 6 29
522639 58 0 0 6 5 25
71051 502 1 0 8 6 19
362894 47 0 0 8 6 17
1132954 17 1 0 6 6 23
471446 61 1 0 1 6 16
803231 12 1 1 6 5 8
107925 29 0 0 6 6 26
1089925 3 1 1 9 6 34
1062280 22 1 1 6 6 38
1038742 22 1 0 4 6 16
1033646 18 1 0 2 5 9
649643 238 1 1 6 6 13
241056 62 1 1 6 6 29
73125 150 1 1 8 6 15
546220 179 1 1 6 5 11
1033643 27 1 0 6 6 11
241061 101 0 0 6 6 18
962983 38 1 1 4 6 35
1245625 3 1 1 6 5 29
57771 55 0 0 8 6 21
347561 122 0 1 6 6 37
364981 20 1 0 6 6 31
331186 101 0 1 6 6 24
73145 306 1 1 6 6 16
756145 15 1 0 6 6 17
627123 103 1 1 6 6 22
465338 193 0 0 8 5 12
516536 48 1 1 6 6 24
1033676 20 1 1 6 5 9
331201 32 0 0 6 6 23
540110 58 1 0 6 6 29
286147 171 1 0 6 6 17
998853 52 1 1 6 6 6
1196510 29 1 1 6 6 46
420299 18 1 1 1 5 19
1033666 16 1 1 6 5 10
968128 25 0 1 1 6 24
1033664 16 1 0 6 5 8
1246659 13 1 1 6 5 32
1246658 8 1 0 6 5 12
143824 30 1 1 6 6 17
1298887 7 1 0 6 5 35
1246660 3 1 1 8 6 53
588241 9 1 1 6 6 25
645587 78 1 0 2 6 12
164313 88 0 0 6 6 18
689620 54 1 0 2 5 19
520665 52 1 0 8 6 33
445924 108 1 0 6 6 15
628202 51 1 1 6 6 28
1246704 13 1 0 6 6 41
305647 319 0 0 6 6 19
801250 57 1 0 6 6 13
767460 67 1 1 6 6 32
772602 17 1 0 6 5 9
543226 109 1 1 6 6 25
1033722 28 1 1 6 6 11
1205732 14 0 1 6 6 46
410105 25 1 0 4 6 25
507399 39 0 1 6 6 26
523786 79 1 1 8 6 19
525848 86 1 0 8 6 20
552474 110 1 0 6 6 22
432657 16 1 0 8 6 18
1320460 1 1 0 8 5 19
700951 86 1 0 6 6 19
1320458 3 0 0 6 6 30
177693 48 0 0 4 6 17
576023 33 1 1 6 6 11
746026 114 1 0 4 6 19
356896 48 1 0 6 6 19
933415 17 1 0 2 5 19
94763 172 1 0 6 6 19
95787 87 1 0 2 6 30
570938 49 1 0 6 6 15
1231401 21 1 1 6 5 28
670262 22 1 0 6 6 33
753227 5 1 1 6 5 5
1033797 5 1 1 6 5 11
355915 57 1 0 1 6 19
776772 30 1 0 6 6 28
109158 60 1 0 6 6 20
324195 192 1 0 4 6 20
546401 81 1 1 6 6 20
544357 15 1 1 6 5 26
931455 21 1 1 6 5 39
434823 39 1 0 6 5 14
79493 124 1 1 8 6 21
434819 47 1 0 6 5 29
509568 63 1 0 8 6 19
1033864 16 1 0 6 5 23
434827 78 1 0 6 6 19
288394 178 1 0 6 6 15
434824 52 1 1 6 6 30
78478 386 1 1 6 6 14
335508 100 1 1 6 6 45
29332 80 1 1 8 6 18
520850 94 1 1 6 6 23
1332866 7 1 0 6 6 41
434846 32 1 1 6 6 29
753299 30 1 0 6 5 21
1033878 26 1 1 6 5 11
1072779 36 1 0 8 6 8
434842 33 1 0 6 6 28
543382 40 1 0 6 6 23
186019 77 1 0 4 6 20
434853 79 1 0 6 6 28
344742 37 1 0 6 5 8
468651 126 1 0 4 6 19
661178 79 1 1 6 6 21
44721 117 0 0 4 6 22
326326 153 1 0 6 6 47
234166 71 0 0 9 6 19
167609 138 1 0 6 5 11
920242 16 1 1 4 5 23
754383 11 0 0 8 6 38
785100 4 0 0 8 6 27
434895 28 1 1 7 6 30
808643 9 1 0 1 6 19
409311 151 1 1 1 6 31
434909 57 1 0 4 6 30
525011 28 1 0 3 6 18
931536 22 1 1 6 6 31
934638 33 0 0 6 6 26
305893 206 1 0 6 6 17
649960 56 1 1 6 6 34
434916 40 1 0 9 6 21
552686 33 1 0 6 6 30
339682 48 1 0 6 5 10
73448 74 1 0 8 6 22
1245946 32 1 1 6 6 44
311023 107 1 0 8 6 27
590564 3 1 1 6 6 26
176881 136 1 0 4 6 24
651007 61 1 0 6 6 11
753394 38 1 0 8 6 18
470799 165 1 0 6 6 15
518926 119 0 0 6 6 19
1032964 35 1 1 6 6 10
661273 28 1 0 6 5 18
622367 33 0 0 6 6 39
526096 172 0 1 6 6 25
299806 96 1 0 8 6 16
425766 88 1 0 4 6 20
183083 43 1 0 6 6 25
715556 47 0 1 6 6 29
1150752 9 1 1 6 6 28
718651 34 1 0 6 6 30
672574 42 1 0 6 6 22
96055 147 1 0 4 6 11
435006 50 1 0 6 6 25
714545 59 1 0 4 6 38
435012 78 1 1 6 6 26
1160018 10 0 0 8 6 49
567116 60 1 0 6 5 24
609103 14 1 0 6 6 52
609102 52 1 0 6 6 24
640846 208 1 0 6 6 19
756550 64 1 1 6 6 21
1274716 26 1 0 6 5 25
466775 97 1 0 8 6 21
491350 26 1 0 8 6 23
642906 86 1 1 6 6 38
337746 339 1 0 6 6 17
923481 51 1 0 6 6 8
523103 88 1 1 4 6 23
251736 189 1 0 4 6 16
1115983 27 1 1 6 6 19
521060 128 1 1 6 6 18
609133 8 1 0 8 5 8
609132 61 1 0 6 5 12
609134 82 1 1 6 6 10
344943 14 1 0 4 5 18
957284 18 1 0 6 6 28
183145 160 1 0 4 6 32
518007 121 1 0 6 6 29
568184 142 1 1 6 6 33
642937 57 1 1 6 6 13
1221474 9 1 1 6 6 55
435063 102 1 0 8 6 23
134000 177 1 0 6 6 16
512883 239 1 0 6 6 17
780158 37 1 0 8 6 17
609136 16 1 1 6 6 22
609139 76 1 0 6 6 30
669552 51 0 1 6 6 35
1003378 36 1 1 6 6 20
889741 11 1 1 8 5 26
335751 60 1 1 6 6 25
609165 12 1 0 6 5 8
912264 102 1 0 6 6 23
552834 60 1 1 6 6 21
642946 148 1 0 6 6 14
851842 21 0 0 4 6 31
552839 34 1 1 6 6 22
642968 138 1 1 6 6 39
1046423 25 1 0 6 6 10
1269641 4 1 0 2 5 18
883601 20 0 0 6 6 32
1241998 18 1 0 6 5 9
889746 37 1 0 6 5 22
78752 61 0 0 6 6 26
889774 80 1 1 6 5 47
1054644 64 1 1 4 6 39
512930 53 1 0 6 6 26
661434 23 1 0 2 6 17
126904 126 1 1 6 6 54
241592 563 1 0 6 6 22
318395 26 1 0 2 6 18
575433 173 1 0 6 5 16
701390 35 0 0 6 6 20
212934 344 1 1 4 6 19
282569 68 1 0 8 6 23
811996 25 0 0 6 6 29
539613 75 0 0 2 6 25
347099 32 1 0 1 5 15
109534 118 1 1 8 6 20
505816 102 1 0 8 6 15
533463 37 1 0 6 5 17
505829 69 1 0 6 6 29
1208304 16 1 0 6 5 10
949229 48 1 1 6 6 36
515040 112 1 1 8 6 21
529376 15 1 0 8 6 19
170987 44 1 1 8 6 20
740327 54 1 0 8 6 20
196597 23 1 0 2 6 23
609264 19 1 1 3 5 41
649203 124 1 1 6 6 12
883702 40 0 1 6 6 29
188414 110 0 0 8 6 16
1208303 22 1 0 6 5 10
347131 82 1 1 8 6 22
1055726 34 1 0 4 6 42
326326 714545
883763 434842
883763 821300
883763 347099
326326 121997
326326 525848
326326 590564
416085 1320460
883763 646409
326326 649960
416085 462208
326326 523103
326326 538820
883763 344742
416085 533463
669696 851048
416085 454906
669696 518926
326326 434842
326326 883761
670262 767460
326326 1246465
416085 475322
669696 274571
669696 645587
326326 335751
326326 1033676
1033227 1033797
1033227 434823
326326 1196510
416085 109534
416085 468651
326326 400601
326326 1245625
416085 505816
326326 1246472
609103 883780
669696 759956
326326 586013
416085 188414
326326 965709
326326 470325
416085 523786
326326 1207594
326326 344742
669696 1226021
326326 510006
326326 801250
416085 79493
326326 649643
416085 73125
326326 1246507
326326 685329
847898 1003645
669696 445924
326326 609139
326326 546220
416085 851217
326326 883702
609103 609165
416085 183083
669696 434819
326326 622367
847898 434909
1033227 435250
416085 410105
1033227 883761
326326 957284
1033227 665687
326326 962983
326326 803231
416085 196597
669696 781365
883763 435431
883763 1033666
847898 767232
669696 886922
326326 643136
416085 44721
326326 434853
416085 183145
326326 320696
883763 1033878
847898 718651
847898 781689
416085 93403
669696 847898
669696 767460
416085 151857
669696 767245
326326 920242
326326 345305
326326 1246455
669696 1388694
326326 931536
416085 379057
416085 689620
416085 1269641
326326 1246414
416085 57771
883763 339682
326326 1089925
669696 94763
326326 1055726
883763 923481
609103 821395
669696 434895
883763 575433
326326 234166
416085 1215770
847898 1194215
416085 177693
669696 767232
847898 1173817
326326 1132954
1033227 167609
670262 176881
669696 465338
326326 1069386
326326 1246412
326326 1246658
670262 434853
669696 670262
883763 609136
326326 526096
669696 311023
326326 1033864
669696 78752
669696 386200
669696 338237
416085 432657
669696 628202
326326 167609
669696 1115430
609103 241061
416085 76114
416085 785100
883763 883780
669696 251736
326326 102695
669696 552839
669696 627123
326326 968128
1033227 434824
326326 1033472
670262 305893
883763 331186
670262 434909
326326 642946
847898 241056
883763 434823
669696 1150752
847898 587921
326326 507399
670262 544357
326326 772602
670262 851842
669696 505829
326326 1246660
416085 224620
847898 1003759
669696 543784
326326 305647
669696 609102
669696 521331
326326 1246408
753227 274571
326326 213086
416085 740327
326326 931455
416085 435063
669696 1332866
669696 326326
669696 278793
669696 759958
326326 642968
416085 324195
1203522 282569
416085 752980
326326 1217795
609103 609133
669696 512930
326326 525011
416085 120861
326326 143824
326326 640846
326326 508272
416085 532752
326326 646409
416085 420299
847898 767460
669696 552834
326326 1225866
416085 107925
416085 299806
1033227 1246430
669696 434842
326326 335508
847898 645587
670262 661434
326326 339682
416085 73145
326326 714998
326326 931022
326326 1031182
883763 167609
669696 753227
669696 576023
326326 609264
883763 1241998
670262 212934
416085 256045
326326 312528
669696 435006
669696 751714
670262 278793
416085 318395
326326 642937
416085 532717
847898 434853
326326 570938
326326 625848
416085 434469
416085 753394
326326 1062280
669696 516536
609103 339682
326326 1246659
847898 543382
326326 1033664
416085 520850
1033227 575433
326326 506922
416085 598034
669696 59585
609103 409311
1033227 1033878
847898 651007
883763 609132
669696 1298887
669696 286147
670262 241592
609103 126904
669696 1381678
669696 587921
416085 539613
416085 344943
416085 364981
326326 819560
669696 522639
416085 754383
847898 746026
326326 1246430
609103 619603
1033227 609132
670262 518926
326326 912264
416085 808643
416085 1320458
847898 588241
416085 780158
326326 700951
609103 345305
326326 1208303
416085 29332
670262 105643
326326 669552
1033227 1246410
326326 1032964
883763 345305
416085 134000
326326 520665
326326 1033666
669696 331201
326326 552686
416085 170987
669696 665685
669696 603394
669696 434827
326326 1003378
416085 296975
416085 513369
1033227 1033470
669696 661273
326326 433154
670262 522639
416085 491350
669696 776772
416085 43012
847898 851201
326326 1058196
326326 889746
416085 1084609
416085 1072779
669696 348548
1033227 331186
326326 889741
326326 568184
753227 72856
326326 434824
326326 1033227
326326 1246562
670262 651326
1033227 434842
326326 930083
1033227 339682
416085 466775
326326 1115983
670262 59585
416085 320522
416085 1096907
326326 348346
416085 509157
326326 1221474
326326 1160018
326326 883763
669696 1302678
326326 520517
416085 300116
416085 515040
416085 71051
670262 811996
326326 1033470
416085 509568
416085 515364
669696 552474
669696 186019
609103 286147
326326 642906
669696 521060
326326 1246410
669696 434846
326326 1246704
416085 365862
1033227 345305
753227 1194215
326326 1246433
669696 1194215
883763 665687
326326 998853
1033227 924810
669696 435012
416085 425766
1033227 609102
1033227 609103
669696 661178
669696 552686
326326 1046423
326326 715556
416085 669696
326326 883601
847898 851047
609103 78478
416085 756145
416085 701390
669696 523386
416085 509242
326326 1033646
669696 434853
326326 931209
669696 288394
669696 435314
326326 1033722
326326 1201308
416085 164313
326326 538898
883763 1033676
1033227 344742
326326 626729
847898 1003643
1203522 416085
416085 380976
883763 1032964
416085 347131
326326 435200
326326 649203
669696 934638
1033227 526096
883763 434824
753227 576023
326326 1033643
883763 534812
609103 609134
326326 63850
326326 889774
326326 609102
326326 1054644
883763 609139
326326 347561
326326 347099
669696 658764
669696 1250628
416085 109158
416085 253140
669696 783493
326326 756550
326326 949229
669696 355915
326326 77177
326326 933415
669696 753299
669696 651007
326326 556333
669696 95787
669696 540110
326326 1038742
670262 512883
669696 72856
670262 96055
326326 518399
326326 1205732
326326 1245946
669696 241056
416085 532750
669696 96055
847898 493897
847898 1332866
416085 529376
669696 672574
669696 545966
326326 518007
670262 526096
669696 767244
416085 362894
326326 1033878
326326 1208304
416085 43260
847898 94763
326326 435431
847898 753299
669696 1274716
326326 543226
669696 337746
416085 550089
416085 356896
326326 434823
883763 1033722
326326 567116
416085 471446
669696 1193216
883763 883762
416085 434916
1033227 923481
326326 36055
670262 514090
326326 470799
847898 435006
1033227 883780
416085 14542
416085 73448
669696 546401
847898 1231401
669696 213298
