1527 1539
5 0
489477 46 1 0 2 6 15
602123 45 0 0 8 6 19
1302544 6 1 1 2 6 34
514063 180 1 1 6 6 24
280590 37 1 0 9 6 18
102411 87 0 1 4 6 25
501772 64 1 0 3 6 18
778265 4 1 0 2 5 16
907285 17 0 1 2 6 28
55323 10 0 0 5 6 22
987155 7 1 0 1 5 18
356377 15 0 1 2 6 23
428057 9 0 0 4 6 36
32801 94 1 1 1 6 18
274470 138 1 0 2 6 19
1212464 6 0 0 2 6 36
370720 77 1 1 4 6 19
901163 27 1 1 6 6 33
596014 38 1 1 5 6 26
962598 6 1 0 9 6 28
63530 30 1 0 2 6 24
849958 10 1 1 2 6 19
32813 104 1 0 3 6 22
370731 11 1 0 1 6 18
1171492 9 0 0 8 6 30
1134628 7 1 0 2 6 25
397363 57 1 0 3 6 21
804921 35 1 1 2 6 26
90167 46 1 0 2 6 33
251957 27 1 1 7 6 23
886842 24 1 1 6 6 28
716848 12 0 0 2 6 35
108602 94 1 0 0 6 20
108607 83 1 0 2 6 38
75839 22 0 1 3 6 29
706633 14 1 0 5 5 9
280641 6 1 0 1 6 16
1181781 47 1 0 1 6 43
1323091 1 1 0 5 6 29
266317 60 1 0 6 6 22
731207 47 1 1 5 6 30
1419355 1 0 0 4 6 40
108622 69 1 0 2 6 22
118865 89 1 0 3 6 20
1454148 2 1 0 1 6 39
970845 9 1 0 1 5 17
886878 30 1 0 3 6 43
868441 13 1 0 2 6 24
458834 19 1 0 2 6 18
49238 71 1 0 1 6 39
319571 6 1 0 1 6 17
69718 26 1 0 3 6 22
534612 133 1 1 7 6 30
387160 38 0 0 6 6 19
262244 7 1 0 6 6 25
237667 41 0 0 3 6 20
1128560 8 1 0 2 6 37
1302640 2 1 0 2 6 36
1341559 2 1 0 1 5 30
237670 22 0 0 3 6 20
223333 85 0 1 2 6 19
835690 33 1 1 8 6 16
350317 242 1 1 3 6 22
782434 9 1 0 1 6 37
976994 6 0 0 2 6 41
303209 68 0 0 3 6 23
364648 35 1 0 2 6 24
231533 62 0 0 6 6 13
4206 69 0 0 0 6 22
147565 23 0 0 4 6 16
176246 44 0 0 3 6 26
186487 27 1 0 2 5 17
1022073 3 1 0 1 5 17
1419363 3 0 0 0 6 39
385138 8 1 0 2 6 21
329848 15 0 0 2 6 24
260221 42 1 0 1 6 17
26751 264 1 0 2 6 20
258178 47 1 0 1 6 16
219266 13 1 0 2 6 25
467086 67 1 0 1 6 30
1142936 6 1 0 4 6 33
831623 36 1 0 2 6 15
364680 96 1 0 3 6 25
129164 61 1 1 4 6 19
1302686 9 1 1 2 6 33
391307 18 1 0 2 6 17
106639 73 1 0 7 6 21
589959 4 1 0 1 6 27
725124 25 0 0 2 6 36
176269 75 1 1 5 6 40
641177 30 1 0 4 5 29
1208449 5 1 1 5 6 23
899230 11 0 0 2 6 25
297104 31 1 0 4 6 29
184471 26 0 0 2 6 18
458897 11 1 0 1 6 18
256148 295 1 1 2 6 25
387225 14 0 0 1 5 15
903341 9 1 0 1 6 17
602281 21 1 1 3 6 22
258209 67 1 0 3 6 23
209056 71 1 0 8 6 29
219302 7 0 0 1 6 31
10406 37 1 0 1 5 18
1022120 5 1 0 2 5 16
385197 57 1 0 2 5 18
868517 1 0 0 2 6 37
917670 26 0 1 6 6 24
993443 7 0 0 2 6 34
49325 245 1 0 2 6 19
1298621 10 1 0 2 6 37
1286332 12 1 0 1 5 44
1022143 10 1 0 2 6 16
20656 61 1 1 2 6 30
110768 83 1 0 3 6 18
1302688 5 1 1 2 6 38
889017 4 1 0 1 5 18
788664 44 1 1 2 6 43
30901 45 0 0 3 6 25
561342 30 1 0 2 6 25
342195 59 1 1 2 6 20
432305 70 1 0 3 6 20
297151 52 1 0 2 6 19
1337512 2 0 0 2 6 36
26812 56 0 0 4 6 22
1181869 8 1 1 4 6 28
973002 20 1 0 8 6 28
209094 11 0 1 6 6 16
573645 11 1 1 2 6 30
1181915 1 1 1 2 6 36
1554649 3 1 1 1 6 30
1302748 6 1 1 2 6 37
125139 30 0 1 2 6 36
387286 47 1 0 2 5 18
338134 33 1 0 2 6 27
893145 3 1 0 1 5 17
714974 22 1 0 3 5 19
256214 61 1 0 3 6 22
1083589 6 1 0 1 6 44
331987 27 1 0 2 5 21
1124551 92 1 0 2 5 22
747730 11 1 0 1 6 17
473309 17 0 0 1 6 17
344287 23 1 0 1 6 48
88282 8 1 0 1 6 17
786647 35 0 0 6 6 22
123098 17 0 0 3 6 29
127194 43 1 0 3 6 24
1437902 5 0 0 2 6 40
354521 10 1 0 1 6 17
1243342 12 1 0 2 6 36
843984 10 0 1 1 6 41
88284 29 1 0 2 5 16
284889 4 0 0 4 5 16
22749 171 0 1 2 6 33
827602 3 1 0 1 6 21
291035 34 0 0 9 6 18
123105 63 0 1 3 6 23
1102066 95 1 0 2 5 22
841966 6 1 1 2 6 32
88290 89 1 0 4 6 19
329953 50 0 0 3 6 20
213222 83 1 1 6 6 30
231653 82 1 1 2 6 19
465134 51 1 1 2 6 16
147688 30 1 0 2 5 19
162024 25 1 0 2 6 18
207087 58 1 0 3 6 23
483560 34 0 0 3 6 21
157938 24 1 1 1 6 59
837885 3 0 0 1 5 16
311543 28 1 0 2 6 18
602362 20 1 1 1 6 17
219383 23 0 0 2 6 35
159988 106 1 0 8 6 19
162037 420 1 1 2 6 21
1517792 1 1 0 2 5 39
930041 24 1 0 1 6 49
461040 25 0 1 7 6 23
463100 94 1 1 5 6 29
155903 81 1 1 3 6 31
305412 51 1 0 1 6 18
495879 16 0 1 2 6 24
1181971 1 1 1 2 6 36
1341717 3 0 1 4 6 30
194816 62 1 0 2 6 19
139520 46 1 0 5 6 25
706824 55 1 1 2 6 32
934156 15 1 1 2 6 25
1267984 3 0 0 1 6 28
1181972 3 1 0 2 6 33
1345820 3 1 0 7 6 22
231690 188 1 1 2 6 27
227599 139 1 0 5 6 20
1435928 6 1 0 1 6 41
1181983 4 1 1 2 5 30
964865 10 1 0 8 5 36
907522 14 0 0 4 6 32
1280257 10 1 0 3 6 24
991515 23 1 0 3 6 21
387344 13 0 1 7 6 23
370974 5 0 0 2 6 41
897325 5 1 0 2 6 16
280868 48 0 0 5 6 22
987438 4 1 0 1 5 15
637227 11 1 0 1 5 18
1022253 36 0 1 7 6 32
631082 53 1 1 5 6 26
573739 55 1 1 1 6 41
225575 18 0 0 0 6 38
370978 4 0 0 3 6 27
1143094 26 1 0 5 6 29
1018152 15 1 1 2 6 32
698658 90 1 1 2 6 15
117033 76 0 0 2 6 20
276782 25 1 0 1 6 19
487724 68 0 1 8 6 22
506152 32 1 1 0 6 31
188722 33 0 0 2 6 29
1302817 4 1 1 2 6 38
846136 7 1 0 2 5 16
53556 82 0 0 4 6 23
502065 19 0 1 4 6 25
1302821 6 1 1 2 6 33
753980 21 1 0 2 6 18
1517868 1 1 0 2 5 31
123197 60 1 0 0 6 20
389432 28 1 0 1 6 16
1341737 2 1 0 2 6 36
158012 37 1 0 4 6 17
235847 81 1 1 2 6 26
268610 123 0 1 2 6 34
987462 4 1 0 1 6 19
1517918 2 0 0 2 5 35
37193 381 1 1 8 6 19
407880 16 0 0 2 6 37
624967 175 1 1 2 6 27
67918 24 1 1 0 5 25
385354 47 0 1 2 6 30
434519 17 0 0 2 6 29
379220 29 1 0 2 6 37
360791 6 0 0 9 6 21
356694 38 0 0 3 6 22
598365 15 1 0 1 6 37
125269 139 1 0 2 6 18
96596 152 1 0 5 6 21
987480 3 1 0 1 5 19
1182021 5 1 1 2 5 32
987479 4 1 0 1 5 18
1491278 4 0 0 8 6 30
100701 161 1 1 3 6 18
1517898 2 1 0 1 5 38
487769 8 1 0 1 5 17
123231 115 0 0 8 6 22
174429 43 0 1 3 6 30
377189 15 0 0 3 6 23
1055088 3 1 0 2 5 31
891243 46 1 1 2 6 27
248164 6 1 0 3 6 20
309612 16 0 1 2 6 26
538979 31 1 1 1 6 27
280943 12 0 1 2 6 28
457067 90 1 1 7 6 33
57711 40 1 0 2 6 21
471408 14 1 0 1 6 19
1345900 2 1 0 2 5 26
14716 133 1 0 2 6 23
729462 47 1 0 2 6 20
819569 6 1 1 1 6 25
819570 2 1 1 7 6 26
868723 6 0 0 2 6 36
31103 46 0 0 3 6 24
698741 19 0 0 2 6 31
819571 33 0 1 2 6 37
82309 29 0 1 1 6 22
364929 51 0 0 6 6 22
829834 7 0 0 4 6 37
197003 29 0 1 2 6 31
819590 11 0 1 8 6 26
655745 20 0 1 1 6 29
47500 26 1 1 3 6 25
688539 8 1 0 1 5 17
819614 6 0 1 4 6 31
641434 24 1 1 2 6 33
987547 5 1 0 1 5 17
207255 38 1 1 6 6 32
987546 3 1 0 1 5 18
207253 28 0 0 6 6 23
856474 31 1 0 2 6 30
506270 6 0 0 2 6 36
520604 72 1 1 6 6 25
678289 7 1 1 9 6 16
207256 40 0 1 6 6 32
520603 57 1 1 6 6 20
67997 91 1 1 5 6 25
319897 38 0 0 2 6 32
207262 57 1 0 6 6 25
1280398 15 1 1 1 6 32
1517960 1 1 0 1 6 37
1345972 5 0 0 4 5 30
197027 24 0 1 2 6 28
207264 15 1 1 8 6 26
758191 32 1 0 2 6 16
1345970 1 1 0 1 6 21
22950 105 0 0 4 6 22
1345971 1 0 0 2 5 27
1128889 4 0 0 2 6 35
1515966 5 1 0 2 6 24
57769 26 1 0 1 6 45
364975 187 1 0 1 5 19
739745 26 1 0 2 6 34
41387 69 0 0 3 6 23
354729 71 0 0 4 6 22
819616 2 0 1 2 6 26
819617 17 0 0 2 6 22
254381 14 1 0 4 6 17
287147 38 1 0 7 6 19
1386938 5 1 0 2 5 37
987583 10 1 0 1 6 18
207283 70 0 0 1 6 29
569785 33 0 0 1 6 18
1034685 3 1 0 2 5 16
1335713 10 1 1 6 6 34
1517985 2 0 0 2 6 37
207285 49 1 1 6 6 30
688573 10 1 0 2 6 33
324028 53 1 1 6 6 27
119225 12 0 0 0 6 38
4537 547 1 1 1 6 26
358844 121 0 1 2 6 21
831927 29 1 1 1 6 18
154047 25 0 0 2 6 37
113089 31 0 0 4 6 20
1538526 2 1 0 5 6 35
1212892 5 0 1 6 6 34
311754 31 1 0 2 6 19
102865 45 1 0 2 6 18
954846 6 1 0 2 5 19
469463 27 1 0 3 6 23
334293 90 1 1 2 6 24
61904 74 0 1 2 6 32
192977 42 1 0 3 6 21
39380 60 0 1 2 6 20
328147 101 0 1 2 6 21
246228 58 1 0 2 6 17
766419 29 0 0 6 6 26
463325 5 0 0 2 5 19
438749 70 1 0 6 6 24
496090 33 0 0 6 6 27
29151 44 0 0 4 6 16
188897 44 1 0 3 6 22
342497 372 1 1 7 6 23
430560 22 1 0 2 6 17
471521 16 1 0 1 5 18
616929 25 1 1 2 6 24
979430 91 1 0 2 5 22
252394 6 1 0 1 6 17
373228 24 1 0 4 6 32
1133051 7 1 0 2 6 35
467437 37 0 0 7 6 30
416237 80 0 0 1 6 22
367080 28 0 0 7 6 29
1030626 3 0 1 2 6 32
987646 5 0 0 1 6 18
1360358 5 1 0 1 5 37
483826 26 0 0 7 6 18
330237 26 1 0 2 6 19
27129 46 0 0 0 6 23
45562 36 0 1 2 6 32
88570 253 1 0 7 6 22
344569 23 0 0 3 6 21
256515 29 1 0 2 5 15
524808 20 1 0 2 5 16
334340 72 1 0 2 6 18
809486 16 1 0 1 6 19
43524 99 1 0 0 6 19
938502 10 1 0 2 5 15
1100312 28 1 0 2 5 28
295439 96 1 0 4 6 27
262664 61 1 0 2 6 32
262665 15 1 0 2 6 37
758276 31 1 0 2 5 19
330261 32 1 0 4 6 26
1425925 10 1 0 1 6 33
858653 15 1 0 0 6 46
371220 12 0 0 2 6 17
719387 4 1 1 1 6 37
1137152 28 1 0 1 6 30
367126 40 1 1 6 6 15
786969 19 0 0 6 6 25
598544 17 0 1 2 6 33
672278 15 1 0 1 6 19
1352201 3 1 0 2 5 37
211485 17 0 0 4 6 22
1481225 4 1 0 2 6 39
338470 36 1 0 1 6 19
1088052 10 0 1 4 6 31
195111 5 1 0 2 5 18
1131060 18 1 0 6 6 28
219686 16 0 0 2 6 29
195114 6 1 0 2 5 19
934438 42 1 0 7 6 21
57896 191 1 1 2 6 20
1090106 83 1 0 2 5 22
1301048 3 1 0 2 6 36
1249854 6 1 0 5 6 40
137775 21 0 1 6 6 9
33325 114 1 1 6 6 35
256557 9 0 0 2 6 14
225842 14 0 0 8 6 34
215602 258 1 1 1 6 40
90677 102 0 0 7 6 20
324144 51 0 0 6 6 26
938555 4 1 0 2 5 15
283186 8 0 0 0 6 17
178740 49 1 1 7 6 20
47672 131 0 0 7 6 19
41528 474 1 1 6 6 22
668211 5 1 0 1 5 18
19002 26 1 0 1 6 16
47676 40 1 0 6 6 17
817712 9 1 0 1 5 19
137790 14 0 1 6 6 13
1153583 13 0 0 3 6 26
940593 5 0 0 8 6 32
1428055 5 0 0 1 5 32
1440343 3 1 1 3 6 32
729673 20 1 0 1 6 28
162368 23 1 1 2 6 21
90692 142 1 0 1 6 17
614991 11 0 1 1 6 27
111177 290 1 1 2 6 25
961095 10 0 0 2 6 31
182862 36 1 0 2 6 19
383561 30 0 0 4 6 26
670279 144 1 1 7 6 39
361032 52 1 0 3 6 23
72268 492 1 1 9 6 27
399945 34 1 1 1 6 25
1090143 6 0 0 2 6 37
705115 13 1 0 1 5 19
311888 80 0 0 1 6 23
868955 5 0 0 2 6 37
940627 14 0 0 2 6 34
232028 22 0 0 5 6 18
205404 93 0 0 3 6 19
248419 61 0 1 0 6 18
430695 53 1 1 3 6 25
733802 26 0 1 3 6 44
309862 35 0 0 6 6 25
434788 17 0 0 3 6 24
1084018 38 1 0 2 6 36
322156 99 1 0 7 6 17
711270 54 1 0 8 6 22
1000058 17 1 1 2 6 28
1124970 3 0 0 2 6 37
877169 5 0 1 2 6 25
1024626 4 1 0 1 5 19
592503 33 1 0 0 6 39
82558 87 1 0 0 6 18
531080 55 1 0 3 6 19
19076 52 0 1 2 6 30
727692 49 1 1 3 6 25
246411 52 1 1 2 6 23
256649 35 1 0 2 6 15
823943 40 1 0 1 6 40
62092 149 1 1 3 6 28
322184 90 1 0 7 6 21
180878 22 0 1 2 6 35
885405 29 0 1 2 6 39
862873 15 1 0 1 6 16
55958 54 0 0 2 6 22
762516 22 1 0 2 6 22
113315 168 1 0 2 6 21
184992 35 0 0 6 6 20
94884 12 0 0 4 6 21
449184 105 1 1 6 6 19
1594046 14 1 0 1 6 17
1188532 12 1 1 0 6 37
144042 76 0 0 2 6 45
807590 30 1 0 2 6 37
400042 10 1 0 1 6 17
78509 26 1 1 8 6 29
1018559 92 1 0 2 5 22
770745 7 0 0 2 5 18
195255 68 0 0 2 6 20
37559 16 0 1 6 6 17
23223 13 0 0 0 6 37
576177 8 0 0 3 6 25
377529 36 0 0 7 6 25
1411755 3 1 0 2 6 31
334522 13 0 0 7 6 25
1411754 1 0 0 2 6 30
328389 22 0 0 3 6 24
869069 1 1 0 2 6 37
66240 27 0 0 0 6 17
191175 37 1 0 3 6 22
68295 34 0 1 2 6 26
623311 8 0 1 2 6 29
553678 111 1 1 6 6 26
410318 28 1 1 4 6 112
953028 7 1 0 1 6 18
1102554 7 0 0 6 6 35
49867 7 0 1 2 6 33
316105 92 1 0 1 6 21
875202 6 1 0 2 6 31
355028 79 1 0 1 6 16
1557190 3 0 0 2 6 32
617181 69 1 1 9 6 23
584413 125 1 0 6 6 22
709340 9 0 0 6 6 25
47831 75 0 0 8 6 19
594654 15 1 0 2 6 33
226011 32 1 1 8 6 27
287453 8 1 0 6 6 17
869076 1 0 0 2 6 36
828113 11 1 1 5 6 9
287451 25 0 0 4 6 16
58082 72 0 0 6 6 24
115429 53 0 1 2 6 25
277217 8 0 0 1 6 22
189156 51 0 0 3 6 21
1229562 4 1 0 2 6 24
318190 8 0 0 2 6 35
82666 63 0 0 3 6 20
443115 18 1 0 1 6 18
193260 15 1 0 2 6 17
219885 62 0 0 8 6 33
385781 18 0 0 2 5 15
1022717 5 0 0 2 6 31
822015 15 1 0 1 6 30
43769 6 0 0 3 6 16
94968 182 1 0 0 6 26
43771 11 0 0 1 6 16
1397486 6 0 0 2 6 37
66301 116 1 1 9 6 21
62204 64 1 1 2 6 22
869107 8 0 0 2 6 37
385786 29 1 0 8 5 17
363258 52 0 0 3 6 22
705269 47 1 0 4 5 25
299780 93 1 0 6 6 24
422662 24 1 1 6 6 22
869134 4 1 0 2 6 34
486148 40 0 0 5 6 44
828169 12 0 1 2 6 31
125703 51 0 0 4 6 19
910087 8 1 0 1 5 18
1585939 4 1 1 3 6 37
271112 96 0 0 9 6 37
373513 95 1 1 3 6 28
647940 14 1 0 4 6 15
248588 24 0 0 6 6 23
205584 53 1 0 3 6 20
285456 38 0 0 8 6 20
13076 70 1 1 3 6 19
475923 26 1 1 1 6 19
1223431 33 1 0 6 6 25
639775 35 1 0 8 6 30
561950 27 1 1 1 6 25
695069 48 1 0 3 6 21
776979 21 1 0 2 6 17
969495 10 1 0 1 6 17
285470 24 1 0 2 6 38
95003 377 1 1 5 6 17
869143 13 1 0 2 6 37
928533 4 0 0 2 5 19
1069835 89 1 0 2 5 22
37660 75 1 1 7 6 31
574229 9 1 1 5 6 27
152351 18 1 0 5 6 37
242460 127 1 1 2 6 23
236323 71 1 1 3 6 23
889644 21 1 0 2 6 24
385831 33 1 0 2 5 22
969517 5 1 0 1 5 16
582444 56 1 0 7 6 44
279329 75 1 1 2 6 27
31526 24 0 0 1 6 17
852779 3 1 0 4 6 17
299810 62 1 0 7 6 42
850724 24 1 1 2 6 24
385836 12 1 0 9 5 20
867111 17 0 1 4 6 26
533282 131 1 0 3 6 19
543523 46 1 0 1 6 38
959269 17 1 1 8 6 26
385833 41 1 0 1 5 16
400168 74 1 1 1 6 23
1026849 11 1 0 5 6 32
236332 167 1 1 3 6 22
863033 38 1 1 6 6 30
1327907 5 0 0 2 5 29
445247 92 1 1 8 6 20
469820 13 1 0 1 6 18
217922 4 0 0 2 6 31
977740 7 1 0 1 5 17
625485 37 1 0 6 6 27
586572 17 0 0 6 6 44
1557330 1 1 0 8 6 51
828234 4 0 0 1 6 18
852810 33 1 1 2 6 25
1047367 16 0 0 4 6 35
885573 14 0 0 2 6 36
426826 21 0 0 3 6 20
4942 15 0 1 0 6 22
1164099 11 1 0 2 6 33
713567 10 0 0 1 6 17
529247 6 1 0 1 5 18
213844 23 1 0 2 6 25
1502017 3 0 0 2 6 36
187227 17 1 1 0 6 36
951127 42 0 0 4 6 41
1602370 3 1 0 2 6 29
727894 15 1 1 5 6 25
207709 15 0 1 2 6 32
598870 6 1 0 2 5 35
899949 95 1 0 2 5 22
90976 36 0 1 5 6 35
359271 21 1 1 7 6 25
1110901 1 1 1 1 6 12
1000297 10 1 0 1 6 19
1481598 8 1 0 2 6 37
576353 35 0 1 6 6 18
310125 69 1 1 2 6 25
457583 15 1 1 8 6 10
734049 12 1 1 2 6 40
316266 47 1 1 2 6 22
47984 85 0 1 2 6 33
1311588 5 1 0 2 6 37
166768 24 0 1 6 6 25
480116 39 0 1 7 6 22
869241 11 0 0 2 6 34
121719 33 0 0 1 6 18
312178 13 1 0 1 6 17
107385 19 0 0 2 6 17
150395 23 1 0 2 6 19
1244011 11 1 1 6 5 28
1350511 6 0 0 8 6 33
39804 132 1 0 3 6 20
590708 9 0 0 6 6 27
928624 17 1 0 2 6 31
568203 25 0 0 2 6 39
412547 24 0 0 3 6 24
582528 30 0 1 3 6 29
1567647 4 1 0 1 5 32
940931 16 0 0 6 6 28
811905 19 0 1 6 6 35
250764 123 1 0 1 6 18
349079 15 1 0 4 6 16
586650 21 1 0 2 5 19
549786 13 0 0 3 6 20
385942 7 0 0 9 5 18
535451 9 1 0 1 6 18
340881 37 0 1 6 6 26
385936 25 1 0 7 5 20
385938 15 0 0 1 5 17
385949 8 1 0 2 5 18
385950 15 1 0 9 5 18
433050 49 0 0 3 6 20
590740 13 1 1 6 5 36
385946 9 1 0 3 5 18
58273 101 1 0 7 6 22
385958 7 0 0 9 5 17
50083 164 1 0 4 6 32
1287088 2 1 0 2 6 35
324519 109 1 0 3 6 21
730024 39 0 1 1 6 27
371617 251 1 0 9 6 31
748463 6 0 0 2 6 41
1223606 14 1 1 4 6 31
463785 27 0 0 8 6 25
615334 49 1 0 2 6 32
480168 15 0 0 7 6 28
293812 34 0 0 3 6 18
1022910 20 1 1 2 6 33
158646 295 1 1 4 6 29
43958 367 0 1 2 6 34
721852 9 1 1 2 6 24
529331 10 1 0 1 6 18
156606 67 1 0 5 6 17
555956 15 0 1 7 6 32
850867 75 1 1 2 6 19
1065936 6 1 1 5 6 32
138179 20 0 0 2 6 30
119749 164 1 1 0 6 23
203718 137 0 0 4 6 24
218054 21 0 1 2 6 35
818122 13 1 1 2 6 32
1346525 27 1 0 6 6 38
1111001 6 1 1 1 5 16
521165 65 1 1 2 6 25
1111002 3 0 1 9 6 20
424906 57 1 0 3 6 21
1111004 3 1 1 1 6 24
752581 16 0 0 4 6 18
541638 68 0 1 6 6 23
355285 23 1 0 4 5 17
1164225 4 0 0 2 6 39
256977 24 1 0 2 5 15
277462 104 1 0 4 6 22
277463 59 1 0 4 5 21
1534915 7 1 0 2 6 39
578516 25 1 0 2 6 37
887760 19 1 1 2 6 33
875500 16 1 1 2 6 31
166886 57 1 0 1 6 19
357345 48 1 0 3 6 23
39909 204 0 0 3 6 20
584685 14 0 0 7 6 25
691183 13 1 1 5 6 27
453600 30 0 0 6 6 21
1340402 11 1 0 1 5 32
369645 26 0 0 2 6 30
41964 47 0 0 3 6 19
236526 5 0 1 2 6 37
236531 234 1 1 2 6 28
105457 29 0 1 2 6 56
236530 41 1 1 2 6 33
119792 47 0 0 0 6 32
11250 158 1 1 0 6 24
562171 18 0 1 1 6 17
601085 24 1 0 2 6 26
68596 508 1 0 4 6 21
246772 25 0 0 1 6 16
832507 12 0 1 2 5 30
68601 272 1 0 2 6 19
35833 355 0 1 0 6 39
314361 48 1 0 3 6 16
41982 175 1 0 4 6 21
70654 20 1 1 0 6 26
351233 17 1 0 7 6 18
1244182 19 1 0 6 6 27
650254 8 0 1 8 6 32
179210 43 0 0 1 6 23
488463 164 1 1 1 6 15
355336 91 1 0 7 6 18
715783 13 1 0 2 6 29
619526 78 1 0 8 6 34
119825 173 1 0 2 6 20
539675 42 1 1 2 6 34
367632 136 1 0 2 6 31
1106950 11 1 1 6 6 32
318483 7 0 0 2 6 29
171029 110 1 1 6 6 28
1068045 23 1 1 7 6 11
783381 27 0 0 4 6 18
447513 46 1 0 1 5 16
975889 19 1 0 2 6 31
658472 20 1 1 6 6 37
820264 9 1 0 1 5 18
427054 101 1 1 3 6 23
797732 34 1 1 3 6 35
992295 8 0 0 3 6 24
980006 18 1 1 6 6 28
181288 31 1 0 1 6 25
498733 20 1 1 2 6 30
445485 35 1 1 0 6 12
447542 23 0 0 2 6 24
248885 43 1 0 1 6 17
810036 4 0 0 2 5 17
236601 39 0 0 3 6 23
343103 24 0 0 3 6 19
820273 13 0 0 2 6 23
386107 22 1 0 6 5 23
197699 25 0 0 2 6 17
386113 17 0 0 7 5 16
877641 21 0 1 2 6 32
425027 15 1 0 2 5 16
367683 61 0 0 7 6 15
1215578 20 1 0 1 6 44
631872 22 1 0 2 6 22
1113178 3 0 0 2 5 32
666689 22 0 0 6 6 22
392270 66 1 0 3 6 20
109642 877 1 1 7 6 27
185422 164 1 0 4 6 18
728133 73 0 0 6 6 19
339019 71 1 0 8 6 22
777284 13 1 0 2 5 16
418902 83 1 1 2 6 36
101459 96 1 0 3 6 22
1107011 1 0 0 4 6 15
101458 55 0 0 3 6 20
1244230 20 1 1 6 6 27
1446978 15 1 0 1 6 52
87124 23 0 0 0 6 22
1244231 14 0 0 6 6 26
1244228 6 1 1 6 5 22
1244229 7 1 1 6 6 26
1010776 20 1 1 3 6 26
769106 6 0 0 2 6 37
867408 9 1 0 5 6 22
1021010 6 1 0 5 6 56
398437 42 1 0 1 6 16
941165 16 1 0 1 6 47
363616 32 1 0 1 6 22
574573 15 1 1 5 6 36
1002599 7 1 1 1 5 16
793702 22 1 0 2 6 16
212073 50 1 0 3 6 21
322665 28 0 0 1 6 19
887907 6 1 0 0 6 43
367733 38 1 0 9 5 15
386164 43 1 0 1 5 17
887932 7 0 0 0 6 41
1244257 2 0 0 6 6 34
783485 7 1 0 6 6 18
148596 51 0 0 8 6 22
101495 40 1 1 5 6 23
232570 46 0 0 8 6 20
386169 33 1 0 4 6 17
265350 18 0 1 0 6 20
1229969 5 0 0 2 6 31
263296 38 1 0 3 6 24
730247 8 0 1 3 6 33
562328 8 1 0 2 6 18
695450 29 0 0 2 6 15
355476 59 1 0 3 6 16
447639 11 1 0 1 6 17
275605 27 0 0 0 6 23
447637 7 1 0 1 6 18
715934 18 0 0 2 6 37
447635 14 1 0 1 6 17
777374 52 1 0 1 6 27
656540 17 1 0 2 6 33
349340 46 1 0 1 6 24
218266 8 1 0 2 6 37
365727 73 1 0 2 5 18
76954 68 1 0 8 6 20
703637 19 0 0 6 6 23
62623 217 1 0 3 6 20
386214 36 0 0 9 6 18
50340 215 1 0 7 6 17
367776 15 0 0 9 6 22
263329 130 1 0 3 6 22
1563824 1 1 0 2 6 37
646305 20 1 0 1 6 18
113834 80 0 0 3 6 19
894112 7 1 0 2 6 34
97452 32 0 0 2 6 24
162988 59 1 1 7 6 26
74926 188 0 1 8 6 23
310452 111 1 0 4 6 18
402615 18 1 1 2 6 22
40116 40 0 0 1 6 23
543934 28 0 1 6 6 29
713916 14 1 0 0 6 31
462000 60 1 0 3 6 21
163002 116 1 1 1 6 18
992435 8 0 0 3 6 22
126141 86 1 0 5 6 22
623796 46 0 0 6 6 27
1144017 5 0 0 1 6 25
820428 12 1 1 2 6 32
521415 16 0 1 6 6 33
996558 5 1 0 1 6 38
1121491 2 0 0 4 6 29
713929 33 1 0 6 6 27
343238 84 1 0 3 6 24
251078 53 1 1 4 6 29
1563858 1 1 0 2 6 37
1563856 13 1 0 2 6 37
265420 116 1 0 4 6 24
1078489 6 0 1 0 6 42
791750 14 0 1 8 6 27
93387 9 1 0 5 6 39
414924 52 0 1 7 6 31
1017025 20 0 0 2 5 40
308426 23 1 0 5 6 14
210124 28 1 0 1 6 17
179405 8 0 0 2 6 37
1375428 4 0 0 2 6 37
416983 78 1 1 2 6 34
236753 6 1 1 2 6 27
580827 21 1 1 5 6 30
773341 24 1 0 2 6 16
263379 62 0 0 3 6 20
386270 8 1 0 3 6 23
251107 32 1 1 3 6 23
263396 178 1 0 3 5 21
1168625 38 1 0 3 6 23
349412 18 0 0 2 6 37
222433 72 1 0 9 6 19
906479 12 0 0 2 6 32
290016 35 1 0 1 6 15
251109 96 0 1 3 6 22
222443 200 1 0 9 6 18
290028 8 0 0 1 6 21
447727 9 1 0 1 5 17
179435 13 1 1 2 6 18
447722 19 1 0 1 6 17
447723 10 0 0 1 5 18
1168636 2 1 0 2 5 31
222445 20 0 0 9 5 20
587004 40 1 0 2 6 29
488689 7 1 0 2 5 16
1563873 1 0 0 2 6 37
709874 19 1 0 1 5 25
1318125 13 1 1 6 6 23
120059 60 0 1 2 6 24
1563885 1 1 0 2 5 37
142585 80 1 1 3 6 23
179454 24 0 0 2 6 39
124156 74 1 0 3 6 19
1563882 1 1 0 2 6 36
1367275 25 1 1 0 6 31
224514 148 1 1 2 6 20
1119507 1 1 0 1 5 16
263430 66 1 0 7 6 18
177409 18 1 1 8 5 12
1563924 2 0 0 2 6 37
441602 2 0 0 1 6 18
566541 41 0 0 2 6 37
912651 4 0 0 2 6 33
468224 23 1 0 1 6 36
1563935 1 1 0 2 5 37
230666 36 0 0 1 6 21
1563933 1 1 0 2 6 37
68874 60 1 1 4 6 26
1266975 2 1 1 5 6 31
1563929 2 1 0 2 6 36
1563928 1 1 0 2 6 36
128273 42 0 0 0 6 29
1105152 5 1 1 0 6 31
591131 26 0 1 7 6 28
251153 31 0 0 3 6 20
1336583 35 1 1 2 6 46
152849 22 0 0 2 5 19
42259 160 1 0 3 6 24
251158 59 0 0 3 6 19
617756 13 0 0 2 6 39
72982 104 1 0 5 6 18
54552 38 0 0 5 6 35
1563919 1 1 0 2 6 37
222490 19 0 0 4 5 15
251162 58 1 0 3 6 20
337180 40 0 1 6 6 25
472347 47 1 0 1 6 17
1139981 4 1 1 1 5 33
277785 60 1 0 2 6 35
251166 158 1 1 3 6 18
1563914 1 1 0 2 5 36
251171 59 0 1 3 6 19
1019183 38 1 1 2 6 43
841007 18 0 1 6 6 27
251173 50 0 1 3 5 21
1418547 3 0 0 1 6 37
865575 7 0 0 8 6 26
367918 14 0 0 4 5 21
390446 48 1 0 2 6 32
1072446 8 1 0 2 6 33
228652 79 0 0 6 6 19
542009 22 0 0 2 6 17
1563942 1 1 0 2 5 37
1563941 1 1 0 2 5 37
703801 2 0 0 2 5 16
1563940 4 1 0 2 5 36
867641 9 1 0 2 5 15
677180 20 1 0 1 6 33
1563937 1 1 0 2 5 37
275763 31 0 0 2 6 19
533808 22 0 1 1 6 27
779570 10 0 0 1 6 18
621872 14 0 0 6 6 27
1023285 6 1 0 2 6 16
68923 8 1 0 1 5 33
1563948 2 0 0 2 6 37
228671 48 1 0 6 5 27
523578 87 1 1 6 6 19
1563989 1 0 0 2 6 36
318791 38 1 1 2 6 37
378177 65 1 1 3 6 21
845130 22 1 0 2 6 18
1242453 3 0 0 2 6 37
949574 14 0 0 8 6 32
449871 83 1 0 3 6 20
68939 88 1 0 1 5 19
1457501 1 1 0 2 6 35
1563995 5 1 0 2 6 36
464202 41 1 0 3 6 22
869725 8 1 0 2 6 29
32081 94 1 1 2 6 29
124243 25 0 0 4 6 20
1563972 2 1 0 2 6 37
974170 7 0 0 1 5 16
1563970 4 1 0 2 6 36
281948 215 0 0 5 6 24
562513 20 0 0 3 6 29
615760 42 0 1 1 6 24
988500 9 1 0 2 6 18
251224 74 0 1 3 6 20
288089 162 1 0 1 6 35
179551 75 1 1 8 6 20
1563978 1 0 0 2 6 37
251229 66 1 1 3 6 21
7519 689 1 1 1 6 32
58720 236 0 0 8 6 18
292196 33 0 0 1 6 16
390501 125 1 1 7 6 18
1119602 1 1 0 2 5 18
324962 93 0 1 1 6 26
466272 51 1 0 1 6 17
351598 42 1 0 2 6 28
386409 19 0 0 6 6 19
1058172 7 1 0 8 6 34
882016 34 1 0 8 6 14
386411 26 1 0 1 5 19
433526 23 0 1 5 6 31
386420 10 1 0 2 5 20
54641 82 1 0 1 6 45
613755 33 1 0 1 6 28
986492 12 1 0 1 5 17
1080677 6 1 1 2 6 40
703869 5 1 0 5 5 31
1031543 17 0 1 2 6 34
490877 18 1 0 2 6 37
767351 4 1 0 4 6 16
40317 81 1 0 0 6 21
968048 10 1 0 7 6 21
79232 9 1 0 2 6 19
589197 43 0 1 1 6 37
1553810 3 1 0 2 5 36
218501 39 1 0 1 6 17
456065 18 1 0 1 6 17
251275 31 0 1 3 6 23
451983 39 0 0 2 6 36
413068 46 0 0 1 6 18
695686 9 1 1 2 6 36
277897 28 0 0 1 6 22
1058205 25 1 1 8 6 36
826754 8 1 0 1 5 16
888221 27 1 1 1 6 38
888220 3 1 1 2 6 18
251282 150 1 1 3 6 24
888223 9 0 1 2 6 40
888222 11 1 1 2 6 30
765336 43 1 1 5 6 31
626077 72 0 0 8 6 24
439698 71 1 0 3 6 22
449939 115 1 0 3 6 19
738718 7 1 0 2 6 32
888219 6 1 1 2 6 24
1015192 19 0 0 4 6 37
531857 20 1 0 1 6 19
1273225 13 1 0 2 6 37
716182 4 0 0 1 6 35
1168783 22 1 0 3 6 38
1254796 4 0 0 8 6 32
431527 97 1 0 3 6 17
144803 27 1 0 1 6 25
888233 5 1 1 8 6 30
206246 15 0 1 7 6 30
888232 11 0 1 7 6 24
279970 105 0 0 8 6 23
28071 22 0 0 2 6 18
505261 143 1 1 8 6 29
44467 23 1 1 0 6 21
888249 3 1 1 2 6 21
587197 150 1 1 1 6 24
888251 7 1 1 2 6 29
822715 11 1 1 6 6 31
888250 1 1 1 2 6 22
888245 14 0 0 2 6 32
1066408 6 0 0 2 6 37
695731 30 1 0 1 6 17
699827 50 1 0 6 6 24
568754 15 0 0 2 6 18
245180 87 1 1 2 6 28
259523 58 1 0 4 6 20
517575 49 1 1 3 6 27
318917 120 1 1 1 6 29
355782 85 1 0 1 6 18
251334 46 1 1 3 6 23
218565 17 0 0 2 6 18
531919 11 0 0 6 6 36
308675 25 1 0 2 6 24
251332 45 0 0 3 6 20
173514 12 1 0 1 6 19
888260 10 1 1 1 6 25
1045956 10 0 0 2 6 36
593346 16 0 1 4 6 34
1082844 21 1 0 2 6 28
226765 63 1 0 3 6 25
673220 27 1 1 4 6 29
318933 30 0 1 8 6 26
822750 45 1 0 2 6 31
495058 6 1 0 2 6 37
36312 115 1 1 1 6 26
206298 79 1 0 3 6 23
488924 15 0 0 2 5 18
468442 12 1 0 1 6 18
1168844 15 0 0 3 6 27
540141 137 1 0 6 6 22
771555 14 0 1 2 6 35
583138 52 0 0 1 6 16
450028 12 1 0 8 6 34
605670 38 0 1 2 6 32
476657 8 1 0 1 5 17
427516 15 1 0 1 6 17
622069 15 0 0 3 6 30
194050 21 1 0 1 5 16
597514 53 1 0 2 5 18
202240 57 0 0 8 6 28
146954 276 1 0 6 6 20
452110 26 0 0 7 6 26
247304 82 1 0 3 6 20
1324575 3 0 0 7 6 40
177677 18 0 0 6 6 28
984576 8 0 1 0 6 39
142866 29 1 0 2 6 18
1502726 7 1 0 1 6 47
126480 79 0 0 8 6 18
376338 76 0 1 1 6 25
443934 64 1 1 6 6 16
835093 12 0 0 1 6 17
1603075 2 1 0 2 6 33
611861 30 1 1 2 6 30
953875 32 1 1 2 6 31
1119758 1 0 0 1 5 16
587306 36 1 1 2 6 13
538156 274 1 1 2 6 21
552493 30 1 0 6 6 26
32299 18 1 0 1 6 17
1115706 14 0 0 2 6 36
202291 50 1 0 3 6 23
249394 24 1 0 4 6 17
499252 74 1 0 3 6 23
306736 4 1 0 2 5 27
443954 36 1 0 4 6 22
1119783 3 1 0 2 5 16
1603119 1 1 1 2 6 40
1119785 6 1 0 1 5 17
822836 9 1 0 2 6 26
1119784 1 1 0 2 5 17
384575 15 0 0 8 5 18
341567 64 1 0 5 6 42
958004 23 1 0 1 6 28
914993 13 0 0 0 6 31
325177 29 1 0 9 6 20
1119788 2 1 0 1 5 18
1056301 7 1 0 2 6 37
685620 34 1 0 3 6 22
1119790 2 0 0 1 5 17
1056303 4 0 0 2 6 42
1119825 1 1 0 6 5 16
226882 26 1 0 1 6 16
384576 35 1 0 2 5 22
1048138 5 1 0 1 5 16
384579 15 1 1 4 6 15
681548 32 1 0 1 6 15
937542 4 1 1 2 6 32
966212 28 1 1 1 6 22
1119837 1 0 0 1 5 17
28236 30 0 0 0 6 20
126541 49 0 0 3 6 19
1603156 5 1 0 2 6 33
462410 11 1 0 1 5 17
331336 8 0 0 2 6 29
810561 32 1 1 1 6 35
577094 56 1 1 0 6 17
126546 139 1 0 3 6 21
851551 9 0 0 2 6 42
452179 44 1 1 3 4 27
296531 23 1 0 1 6 17
1119819 6 1 0 1 5 17
577106 26 1 1 2 5 30
1119818 1 1 0 1 5 16
48731 111 1 0 7 6 19
7772 64 0 0 1 6 22
249439 39 1 0 3 6 21
1119820 8 1 0 1 6 15
464473 55 1 0 8 6 18
998993 3 1 0 7 6 21
728661 23 1 0 6 5 22
187997 25 0 1 0 6 24
1005136 12 1 0 2 6 30
216668 27 0 0 2 6 27
151137 32 1 0 2 6 15
1042028 17 1 0 2 6 18
306784 54 0 1 2 6 33
585324 11 1 0 0 6 14
687725 40 1 1 1 6 22
1287803 3 0 0 5 6 35
1119867 3 0 0 1 5 18
61034 495 1 0 0 5 23
396908 8 1 1 6 6 26
1119866 13 1 0 2 6 18
1119869 1 1 0 2 6 19
491115 15 0 0 5 6 37
1119868 3 1 0 1 6 17
910944 12 1 0 2 6 36
435816 24 1 1 7 6 15
169580 8 1 0 6 6 22
1119870 5 1 0 1 6 18
1109601 10 1 0 2 6 39
134768 520 1 1 6 6 32
1291873 2 0 0 0 6 37
900729 10 1 1 2 6 40
163447 564 1 0 2 6 18
429680 18 0 0 3 6 21
124534 31 1 0 1 6 18
169589 100 1 0 8 6 21
568945 119 1 0 8 6 19
261753 63 1 1 2 6 27
728688 3 1 0 2 6 24
48763 74 1 0 6 6 22
732789 25 0 0 2 6 37
1320555 4 0 0 2 6 37
1119889 3 1 0 1 6 19
1119888 5 1 0 1 6 15
759434 59 1 0 3 6 20
450183 52 1 0 6 6 24
1119891 4 1 0 1 5 18
1119890 1 1 0 1 5 18
206471 12 0 0 2 6 36
1119897 1 1 0 1 6 17
1119896 23 1 0 6 6 15
153224 25 0 0 2 6 25
286350 23 1 1 6 6 28
147081 48 1 0 4 5 20
1119898 7 1 0 1 5 18
532101 4 0 0 6 6 35
452235 66 1 0 6 6 21
794243 39 1 0 3 6 24
87696 16 0 0 4 6 15
964255 14 0 0 2 6 37
9874 128 0 0 2 6 19
478868 48 1 1 0 6 19
1252999 8 0 0 8 6 42
280209 18 1 0 4 6 16
177812 20 1 1 5 6 24
231067 8 0 0 2 6 17
194202 48 1 0 2 6 25
1029783 18 1 0 8 6 30
1119887 2 1 0 1 5 17
290458 42 0 0 6 6 20
812691 22 1 0 1 6 27
562859 51 1 1 0 6 27
1119925 2 1 0 2 5 18
1119924 1 0 0 2 5 18
112297 62 1 0 3 6 34
423599 99 1 0 3 6 20
718496 6 0 0 1 5 19
843431 5 1 0 2 5 18
339627 81 1 0 2 6 24
261805 25 1 1 0 6 16
1119905 3 0 0 2 5 18
1119904 3 1 0 1 5 18
1119907 1 0 0 1 6 17
46770 570 1 1 2 6 37
1001149 18 1 1 2 6 31
1119906 8 1 0 2 5 17
237232 9 0 0 3 6 23
48819 39 1 0 1 6 38
169654 42 1 0 6 6 22
1359523 9 1 0 2 6 37
255673 18 0 1 2 6 27
341694 47 1 1 3 6 19
648885 5 0 0 2 5 18
974512 12 1 0 1 5 16
151229 66 0 1 7 6 25
646857 31 1 0 1 6 17
79552 194 1 1 2 6 24
730826 17 0 1 2 6 32
1025742 10 0 0 8 6 31
976589 4 1 0 2 5 37
876233 6 1 0 8 6 27
241351 152 1 1 3 6 23
214725 349 1 1 1 6 25
1083095 4 1 0 2 5 19
1119961 6 1 0 1 5 16
3784 558 1 1 5 6 19
556737 34 1 0 1 6 25
319182 44 0 0 3 6 19
214728 398 1 0 1 6 16
353998 14 1 0 1 6 18
988868 16 1 0 2 6 31
272079 50 1 1 2 6 32
1570523 3 0 0 2 6 34
587462 8 1 0 2 6 36
317142 14 1 0 6 6 20
79571 33 1 0 0 6 23
1543875 3 0 0 2 6 37
1119942 12 1 0 1 6 16
1751 30 0 0 4 6 28
384733 12 0 0 5 6 21
384735 38 0 0 5 6 21
366303 47 0 0 8 6 22
171736 37 0 1 2 6 22
364255 269 1 0 1 6 42
1119948 10 1 0 1 6 19
384731 35 1 0 4 6 17
384730 31 1 0 4 6 18
294619 44 0 0 3 6 23
229095 45 0 0 3 6 24
1081076 5 0 0 2 6 31
384736 42 1 1 6 6 22
265954 72 1 0 3 6 20
726764 28 0 1 2 6 31
48872 246 0 0 6 6 19
9960 229 1 1 2 6 18
14057 84 0 0 7 6 22
620256 11 1 0 2 6 32
849637 25 1 0 9 6 21
1269497 3 0 0 5 6 37
331497 15 1 0 9 6 21
947938 25 0 0 2 6 40
384757 7 0 0 4 6 19
384756 1 0 1 4 6 20
268022 9 1 0 2 5 17
876287 21 1 0 8 6 25
364279 74 1 1 5 6 29
384758 23 0 0 4 6 15
384755 34 0 0 4 6 21
63222 79 0 1 2 6 25
1119977 11 1 0 1 6 15
700147 41 1 1 2 6 20
79610 16 1 0 2 6 29
986865 5 1 0 1 5 19
1119982 5 1 0 1 5 16
997104 34 1 0 2 6 31
1120017 2 0 0 1 5 18
1081104 12 0 0 2 6 37
1093393 30 1 1 6 6 28
235265 70 1 0 3 6 21
108293 2 0 0 0 6 37
943882 9 0 0 2 6 37
249606 36 0 0 7 6 25
413443 32 1 0 8 5 18
1384211 18 1 0 1 6 31
1017606 3 1 0 1 6 18
79626 35 0 0 0 6 23
1490715 3 0 0 2 6 26
990978 33 1 0 8 6 40
724741 14 1 0 1 6 15
759556 48 1 0 2 6 29
900892 11 0 0 6 5 32
544540 21 1 1 2 6 26
1019674 2 1 0 1 6 24
347933 54 1 0 1 6 19
986903 6 0 0 2 5 17
337692 27 0 1 0 6 18
663315 6 0 1 2 6 30
384799 4 0 0 4 5 15
1068811 19 1 0 2 6 26
487196 13 1 0 5 6 49
141086 312 1 0 9 6 19
284442 49 1 0 3 6 21
331546 31 1 0 9 6 15
489240 47 0 0 6 6 20
384807 19 1 0 4 6 20
141089 34 1 1 0 6 33
87845 80 1 0 2 6 22
499490 21 1 1 4 6 33
870181 7 1 0 1 5 40
1040167 16 0 0 6 6 25
180011 97 1 1 2 6 32
1298232 4 1 1 5 6 21
911142 21 1 1 2 6 39
407338 65 0 1 2 6 21
778022 4 1 0 2 6 17
1034016 19 0 0 6 6 33
563001 13 0 1 2 6 24
423732 80 1 1 3 6 21
581434 25 0 0 2 6 19
913214 5 0 0 2 5 28
778047 2 0 0 2 5 17
847673 6 1 1 1 6 34
130870 138 0 1 8 6 31
26424 63 0 0 1 6 18
493375 64 1 0 3 6 23
153407 5 0 0 4 6 20
173884 106 1 1 2 6 20
268090 15 1 0 2 5 30
384836 79 0 0 2 6 20
384839 63 1 0 9 6 17
255809 32 0 1 2 6 29
384838 17 1 0 2 5 19
14149 8 1 1 2 6 28
384835 6 0 0 9 6 19
384834 26 1 0 9 5 19
1249115 20 1 0 4 6 43
384841 13 0 0 4 5 15
384840 32 1 0 2 5 20
364360 24 0 0 3 6 36
388939 15 1 0 1 6 17
974656 3 1 1 2 6 31
530264 12 1 0 5 6 17
352084 20 1 0 2 6 18
1083208 2 1 0 2 6 15
362335 16 1 0 1 6 34
1083211 4 1 0 1 6 15
180057 44 1 1 9 6 18
313177 38 1 0 2 6 15
866157 6 1 0 1 6 18
1191794 1 1 0 2 5 21
384868 8 0 0 1 5 18
1154928 12 0 0 1 6 37
190304 435 1 0 5 6 20
1269617 16 1 0 2 6 35
1191792 11 0 0 6 6 36
599914 5 1 1 6 6 36
427875 17 0 1 2 6 26
384867 20 1 0 2 5 19
210789 31 0 0 2 6 32
241513 88 1 1 2 6 29
778080 7 1 0 2 5 16
1191801 1 0 0 2 6 30
384873 12 0 0 4 6 17
427882 16 1 0 3 6 39
384872 14 0 0 4 5 20
319337 36 1 0 3 6 26
157548 56 0 0 6 6 22
614265 89 1 1 2 6 18
87921 48 0 0 8 6 21
61298 182 0 0 1 6 15
384886 26 1 0 6 6 16
493428 34 1 1 3 6 30
778110 9 1 0 2 5 18
376690 43 1 1 6 6 24
888698 41 1 1 2 6 36
327548 66 1 0 3 6 17
352127 28 1 0 4 5 29
87931 30 1 0 1 6 19
210815 88 1 1 2 6 21
1191790 5 0 0 8 6 31
384888 13 1 0 8 5 25
1105773 9 1 0 1 6 38
110463 92 0 0 3 6 21
104318 32 1 0 5 6 11
483207 19 0 0 1 6 37
860044 7 1 0 2 5 18
147335 64 1 0 1 6 17
800649 48 1 1 1 6 16
868232 5 0 0 2 6 37
270211 83 0 1 6 6 30
778113 27 1 0 2 5 15
921476 2 0 0 3 5 16
276367 200 1 0 8 6 19
143241 76 0 1 8 6 26
987039 6 1 0 1 5 18
468884 20 0 0 2 6 17
726936 15 1 0 1 6 17
1191814 8 0 0 0 6 31
1191815 2 0 0 2 5 35
499601 164 1 1 2 6 19
1208197 4 1 0 1 6 22
778140 22 0 0 7 6 23
143253 8 1 1 2 6 25
1173384 21 1 0 1 6 25
309150 57 1 0 3 6 21
1191816 3 0 0 8 6 31
982930 10 1 0 2 5 12
800685 23 1 0 0 6 43
63395 566 1 0 2 6 18
976810 3 1 0 2 6 37
786350 3 1 0 1 6 15
51110 75 1 0 2 6 30
614319 21 0 0 2 6 29
79784 58 0 1 2 6 29
323502 74 1 0 4 6 19
1314750 6 0 0 6 6 28
563107 35 1 0 2 5 17
337834 79 0 0 3 6 18
79793 54 1 0 3 6 22
331702 103 1 1 5 6 28
42937 125 1 1 7 6 22
384958 13 0 0 4 6 20
331704 54 1 1 5 6 23
364475 17 1 0 1 5 18
384965 9 0 0 4 6 18
964558 24 1 1 6 6 30
516036 36 1 0 3 6 22
384960 9 1 0 2 5 19
802761 21 0 0 6 6 27
22470 650 1 1 1 6 21
1021895 9 0 0 4 6 18
409548 55 1 1 7 6 23
1230809 19 1 0 1 6 30
843719 93 1 0 5 6 22
100303 48 0 0 1 6 20
49104 177 0 0 3 6 25
1048541 18 1 1 2 6 29
159696 26 1 1 2 6 22
888799 6 0 0 2 6 37
149457 79 1 1 3 6 24
364496 16 0 0 4 6 20
999386 8 1 0 7 6 16
464849 79 1 0 3 6 24
1122246 38 1 0 7 6 42
427998 23 1 1 4 6 20
157657 33 1 0 6 6 23
1523659 3 0 0 2 6 37
786391 142 1 0 2 6 33
190428 36 1 0 2 6 37
1019856 9 1 0 2 5 18
378842 48 1 0 5 6 19
71646 41 0 1 8 6 23
1513416 3 0 0 2 6 37
169953 162 1 0 7 6 18
450531 62 0 1 1 6 23
108519 68 0 1 2 6 20
518113 73 1 1 8 6 20
428000 81 1 1 2 6 33
385005 14 1 0 4 6 19
1083386 5 1 0 2 5 16
186345 31 0 0 0 6 26
167913 440 1 1 6 6 26
1312760 12 1 0 2 6 32
38895 103 0 1 7 6 23
385013 20 0 0 1 5 17
331765 31 0 0 3 6 22
49136 12 1 0 0 6 33
385014 21 0 0 4 6 22
196593 43 1 0 2 6 36
514035 240 1 1 2 6 20
1083365 4 1 0 1 6 15
86004 11 0 0 5 6 21
307185 19 0 0 3 5 30
415729 82 1 0 3 6 22
1019896 5 0 1 0 6 48
1150950 6 1 0 2 6 37
317439 150 1 1 1 6 40
718833 24 0 1 6 6 24
184316 80 0 0 2 6 18
262664 377529
214728 903341
390446 275605
390446 818122
272079 891243
457067 184992
1336583 349412
162368 517575
214728 542009
1058205 285470
162368 1018152
108622 698658
214728 10406
251282 363258
210124 1002599
457067 176246
390446 1105152
272079 762516
214728 695731
280868 867408
592503 337692
1090106 943882
810561 1019674
87845 242460
214728 214725
214728 597514
457067 55958
390446 869241
390446 1164225
324028 1244231
251282 142585
108622 888233
251282 1010776
214728 88282
457067 646305
214728 1119867
210124 602362
214728 1119897
390446 1030626
262664 1181971
457067 126480
888698 1312760
214728 232028
87845 62204
1090106 1563942
214728 866157
251282 100303
1517898 843984
214728 893145
214728 363616
605670 975889
214728 779570
280868 177812
214728 969517
87845 74926
1336583 739745
272079 1082844
162368 445247
108622 518113
324028 786647
810561 621872
214728 703801
214728 124534
108622 487724
214728 389432
162368 387344
1090106 1543875
214728 986865
457067 1345971
810561 1102554
214728 1119891
214728 386113
251282 118865
251282 991515
272079 90167
214728 173514
214728 256977
251282 377189
280868 331702
214728 1119888
810561 589959
457067 157548
1019674 162368
272079 778140
1058205 1058172
210124 261805
214728 1119602
810561 619526
214728 297151
1336583 1056303
589197 886878
214728 1083365
577106 1100312
457067 124243
605670 1269617
272079 57711
457067 232570
214728 569785
491115 596014
1058205 227599
214728 447639
214728 384888
214728 1119783
214728 1119925
1090106 732789
888698 219686
1341559 491115
251282 32813
214728 19002
214728 384840
1336583 369645
214728 331546
888698 1418547
324028 625485
251282 174429
324028 786969
214728 563107
87845 383561
251282 192977
251282 69718
450183 980006
280868 1298232
87845 427875
491115 1021010
251282 469463
324028 666689
251282 258209
810561 1269497
214728 466272
87845 523578
577106 1411754
457067 1034016
1090106 1563970
450183 438749
214728 387160
214728 472347
87845 819571
214728 488924
280868 706633
1090106 1212464
214728 447635
108622 159696
592503 129164
214728 367776
214728 568754
605670 1229562
108622 521165
450183 711270
324028 463785
450183 811905
450183 37660
457067 370978
214728 322665
214728 384886
108622 495879
450183 1223606
457067 94968
87845 102411
605670 194202
87845 57896
1090106 1563882
324028 703637
888698 688573
214728 1119866
214728 147565
450183 48763
214728 354521
214728 387286
251282 235265
1058205 97452
605670 1181972
605670 306736
262664 20656
589197 930041
214728 826754
457067 322156
251282 415729
210124 573739
251282 251224
491115 1538526
1336583 698741
214728 463325
87845 721852
214728 150395
214728 246772
214728 386214
262664 1088052
589197 68923
324028 340881
214728 1107011
450183 79571
251282 324519
251282 549786
214728 231533
251282 412547
262664 534612
214728 291035
1090106 407880
210124 367126
592503 858653
210124 831927
450183 169654
87845 488463
272079 587004
1336583 1570523
457067 1287803
214728 254381
108622 4537
491115 1585939
251282 7772
214728 469820
577106 1068811
214728 287451
214728 387225
214728 277217
262664 988868
888698 1490715
210124 251078
390446 1080677
1058205 177409
214728 31526
162368 9874
457067 179210
262664 318791
214728 776979
214728 1034685
251282 251229
450183 324144
214728 384756
214728 1000297
214728 147335
450183 79626
251282 251109
87845 71646
262664 385354
390446 1302688
457067 998993
214728 385005
214728 32299
324028 396908
280868 1139981
843984 1249854
272079 802761
450183 886842
251282 237667
214728 280590
214728 349079
214728 1119942
214728 974512
457067 777374
251282 343103
214728 1021895
324028 940931
974656 143253
272079 205584
87845 819590
592503 299810
214728 222443
589197 941165
324028 37559
888698 1191815
108622 706824
888698 1517960
1090106 1563941
888698 1105773
214728 147688
214728 230666
214728 50340
888698 1517898
214728 488689
214728 222490
262664 1001149
1090106 206471
214728 312178
214728 837885
272079 1128889
214728 1119890
162368 125139
450183 553678
457067 277897
1336583 318483
1181972 262664
214728 355782
1058205 602123
214728 1083208
214728 256649
589197 1230809
214728 276782
272079 1191801
1336583 851551
450183 1106950
251282 733802
214728 325177
214728 360791
214728 107385
457067 299780
280868 1554649
210124 32801
272079 210789
214728 831623
450183 541638
1336583 1242453
450183 489240
87845 68874
390446 656540
214728 713567
214728 862873
214728 385786
605670 1602370
592503 800685
214728 524808
272079 614319
1090106 1341737
324028 900892
1336583 1115706
888698 716182
214728 982930
108622 734049
214728 817712
214728 1083211
162368 7519
251282 110463
214728 648885
87845 334293
214728 384835
214728 385942
251282 212073
450183 169580
214728 385014
1336583 976994
214728 928533
87845 316266
888698 1337512
1090106 807590
214728 371220
280868 1065936
108622 849958
390446 1302544
577106 1229969
605670 108622
214728 468442
251282 155903
810561 228671
162368 1019183
1168636 251282
592503 478868
214728 1119868
251282 263379
1341737 450183
162368 788664
214728 384841
214728 758276
251282 714974
214728 384958
1603075 1336583
214728 43769
214728 386164
214728 385946
280868 78509
457067 334522
1090106 868723
324028 496090
214728 256515
251282 13076
605670 1563929
251282 582528
87845 614991
214728 786350
251282 101458
589197 582444
251282 378842
272079 461040
810561 1314750
251282 329953
390446 1302817
390446 319897
214728 386409
272079 330237
214728 63395
214728 384579
457067 999386
108622 888251
457067 285456
810561 1252999
1058205 1350511
589197 54641
87845 719387
1058205 108293
1336583 179454
251282 423732
214728 290016
214728 867641
251282 251166
251282 759434
108622 574229
450183 207256
280868 331704
810561 1428055
589197 556737
324028 841007
1090106 869143
214728 195114
605670 1603075
214728 487769
210124 561950
262664 207709
390446 820273
577106 46770
214728 1042028
87845 433526
457067 1345972
1090106 1056301
251282 483560
577106 153224
589197 1384211
214728 1119785
214728 209056
251282 1168783
108622 819570
214728 222433
214728 384873
87845 819569
214728 125703
214728 1119818
214728 385938
214728 58720
888698 695686
592503 23223
272079 27129
87845 399945
280868 43524
214728 280209
457067 106639
87845 450531
214728 121719
108293 592503
1058205 949574
457067 4206
87845 171736
1090106 1563824
214728 141086
1090106 1563995
214728 400042
214728 852779
280868 67997
214728 586650
457067 319571
390446 280943
1058205 1557330
214728 385138
210124 705115
214728 102865
491115 574573
1336583 1243342
1090106 218266
1090106 578516
324028 452235
214728 987462
577106 822015
390446 937542
592503 119225
262664 197003
810561 699827
272079 137775
450183 248588
605670 1134628
87845 75839
280868 1567647
162368 356377
1090106 1291873
251282 256214
262664 35833
457067 290028
108622 179435
251282 350317
605670 219266
108622 213222
324028 366303
1517918 1018559
214728 458834
210124 1111001
214728 1119887
108622 36312
214728 1119905
457067 331497
214728 465134
324028 139520
251282 251275
390446 1025742
1090106 1090143
450183 207283
272079 216668
280868 40317
214728 297104
272079 1142936
162368 342195
450183 202240
1411755 1069835
214728 384799
324028 1244182
214728 385831
457067 288089
108622 867111
214728 538156
974656 39380
251282 237670
214728 1120017
280868 180011
162368 407338
457067 153407
210124 163002
108622 358844
251282 100701
1336583 617756
1090106 869107
262664 899949
214728 385833
214728 752581
262664 226011
450183 207264
251282 433050
214728 1119907
214728 576353
324028 713929
1181972 1124551
251282 493375
1090106 1563924
1287088 371617
214728 195111
214728 156606
251282 41982
214728 26424
214728 274470
214728 1119825
1058205 189156
457067 1144017
214728 88284
457067 330261
592503 887907
251282 263329
605670 1109601
577106 310125
450183 171029
1058205 964865
1336583 748463
214728 425027
262664 22950
589197 467086
1336583 1411755
390446 188722
457067 76954
390446 338134
214728 476657
251282 241351
214728 61298
457067 148596
214728 384868
251282 112297
1191815 272079
324028 207253
605670 1243342
251282 392270
589197 1502726
1336583 1557190
1090106 1311588
491115 37660
888698 1457501
262664 22749
888698 1154928
214728 828234
214728 194050
280868 463100
843984 1435928
214728 365727
457067 87931
1336583 940627
162368 364279
324028 1131060
280868 953875
214728 1024626
262664 611861
1090106 1563978
1336583 434519
251282 327548
108622 888250
888698 615334
457067 90677
214728 323502
280868 584413
108622 888219
251282 992295
390446 934156
214728 462410
1090106 1563935
108622 888222
214728 384755
214728 158012
214728 954846
108622 378177
589197 990978
214728 391307
457067 108607
262664 1182021
214728 897325
589197 344287
1563929 1090106
280868 260221
251282 464202
87845 544540
251282 968048
819616 210124
390446 190428
592503 1015192
108622 591131
251282 357345
214728 384838
214728 681548
843984 1360358
87845 236323
108622 888232
1090106 868232
214728 441602
589197 362335
272079 1191790
272079 631872
450183 251957
450183 207262
108622 850724
87845 819614
87845 819616
272079 184316
214728 1119904
87845 533808
251282 110768
108622 390501
324028 270211
324028 279970
251282 62623
1336583 875202
272079 410318
214728 668211
214728 1119837
888698 1517792
214728 1119784
214728 974170
592503 187227
589197 729673
210124 95003
272079 480168
87845 197027
605670 928624
810561 962598
214728 1022073
214728 231067
214728 384730
272079 82558
457067 1244257
589197 958004
214728 1119870
262664 598544
214728 1119924
214728 166886
214728 1119977
491115 843719
251282 202291
272079 1034016
888698 1437902
605670 308675
457067 54552
280868 445485
1336583 1603119
605670 1515966
214728 190304
1090106 349412
457067 47672
108622 111177
251282 113834
605670 1481225
214728 969495
214728 430560
214728 258178
214728 370731
251282 426826
214728 1023285
272079 322184
390446 1031543
605670 63530
87845 67918
262664 623311
214728 1119961
214728 28071
280868 973002
592503 1419363
251282 797732
87845 687725
457067 14057
87845 376338
810561 1324575
251282 429680
888698 370974
251282 251162
888698 1055088
810561 486148
214728 647940
87845 235847
1090106 769106
457067 530264
324028 1223431
810561 703869
605670 339627
87845 151229
251282 236332
251282 265420
1090106 1386938
810561 119825
214728 384834
214728 305412
605670 620256
108622 108519
251282 41964
262664 245180
1090106 587462
450183 959269
1058205 157657
1058205 1029783
390446 911142
491115 1266975
214728 296531
272079 281948
108622 888249
1090106 379220
390446 1188532
162368 248419
214728 449184
214728 770745
214728 1119790
251282 284442
592503 984576
214728 311543
87845 223333
214728 447723
843984 341567
280868 62092
214728 384576
324028 266317
214728 162037
810561 812691
1336583 716848
1090106 976810
108622 877169
324028 137790
214728 398437
592503 506152
214728 778265
324028 452110
214728 688539
1090106 1298621
810561 586572
457067 287453
262664 573645
87845 63222
214728 194816
214728 726936
87845 673220
810561 483207
888698 1072446
457067 49104
457067 480116
214728 29151
251282 126541
280868 538979
272079 367080
262664 841966
457067 211485
87845 70654
888698 144042
592503 907522
214728 810036
457067 413068
262664 1181915
1090106 179405
457067 271112
390446 832507
251282 310452
577106 869725
214728 777284
251282 30901
108622 520604
87845 804921
272079 72982
214728 252394
390446 493428
87845 120059
810561 613755
251282 309150
214728 367683
214728 970845
262664 180011
272079 14716
214728 1119896
87845 655745
272079 94884
87845 593346
810561 709340
214728 317439
214728 384807
162368 847673
589197 1286332
108622 44467
589197 364255
324028 552493
843984 93387
214728 1119982
605670 1133051
214728 672278
457067 416237
457067 483826
162368 439698
251282 82666
108622 11250
251282 31103
214728 938555
214728 68601
214728 1119898
214728 447513
1336583 869134
214728 827602
280868 157938
214728 386270
577106 219302
262664 1022910
214728 184471
457067 48731
108622 822715
214728 987547
592503 123197
214728 953028
108622 206246
214728 385781
1090106 1359523
214728 43771
1090106 1563972
108622 38895
87845 819617
491115 1280398
210124 475923
214728 427516
162368 1019896
888698 738718
1090106 1563856
280868 400168
210124 9960
450183 167913
280868 162988
87845 158646
592503 49136
251282 533282
251282 124156
450183 1040167
1058205 914993
888698 598870
280868 126141
605670 1164099
577106 993443
251282 424906
262664 218054
272079 26812
108622 279329
592503 108602
214728 355336
251282 127194
87845 617181
214728 284889
1090106 1066408
214728 447637
214728 1119507
1090106 910944
280868 1280257
251282 53556
810561 467437
214728 778080
108622 700147
214728 1048541
214728 352084
214728 347933
262664 616929
272079 865575
162368 169953
272079 888245
390446 1113178
214728 277462
450183 318933
1090106 1563940
280868 1208449
87845 115429
108622 402615
577106 79610
324028 1212892
87845 42937
491115 691183
251282 251107
280868 42259
214728 384758
214728 987646
87845 581434
214728 1022120
210124 562171
592503 1047367
214728 845130
251282 319337
577106 331336
457067 185422
450183 718833
457067 1208197
262664 262665
272079 1751
1090106 1302640
251282 361032
214728 364496
251282 562513
214728 142866
589197 181288
214728 384575
810561 307185
272079 1191814
577106 913214
577106 1081076
108622 179551
214728 987438
589197 709874
450183 207285
214728 331987
251282 251173
888698 1327907
324028 262244
390446 1302748
214728 778022
605670 1168636
280868 631082
214728 753980
1090106 506270
214728 250764
214728 384733
888698 568203
577106 416983
1090106 1563989
262664 79784
390446 180878
214728 614265
491115 828113
214728 910087
214728 987039
214728 1017606
251282 685620
324028 1244229
577106 1005136
214728 458897
1336583 1056301
1336583 566541
214728 583138
251282 251153
251282 101459
262664 45562
324028 1244011
214728 384867
214728 843431
390446 1302821
214728 800649
1058205 876287
272079 123231
214728 275763
210124 68596
251282 251334
888698 1481225
214728 1119906
1090106 1563948
457067 28236
491115 882016
251282 430695
843984 468224
450183 917670
87845 765336
1058205 626077
214728 388939
457067 248164
450183 521415
457067 87124
214728 386107
280868 104318
1090106 1352201
457067 47831
450183 852810
214728 277463
87845 187997
592503 1078489
251282 531080
251282 149457
272079 835690
251282 794243
214728 88290
214728 334340
214728 113089
1336583 822836
214728 384839
605670 728688
214728 353998
214728 226882
457067 55323
210124 328147
214728 471408
214728 218501
457067 876233
457067 532101
108622 41528
214728 1083386
450183 33325
214728 977740
1090106 1375428
87845 427998
251282 249439
214728 280641
280868 587197
843984 152351
214728 489477
251282 462000
1090106 154047
162368 105457
108622 888221
1454148 589197
592503 119792
441602 457067
214728 1119948
214728 203718
214728 1119758
251282 1168844
390446 1367275
214728 447727
1090106 1523659
262664 90976
1090106 715934
450183 286350
262664 418902
589197 677180
210124 602281
390446 730247
1557190 1058205
214728 385950
214728 773341
1090106 885573
605670 889644
888698 451983
210124 678289
1345900 605670
577106 364648
324028 940593
251282 265954
87845 409548
589197 427882
251282 293812
214728 529247
1058205 1346525
251282 499252
390446 730826
450183 169589
589197 1173384
251282 314361
251282 66301
251282 328389
457067 39909
324028 58082
87845 268610
87845 318917
214728 384836
592503 180057
214728 921476
87845 119749
1058205 639775
214728 355285
589197 48819
214728 987155
843984 782434
589197 487196
324028 339019
108622 134768
1090106 1397486
214728 1048138
214728 778113
888698 996558
1090106 490877
810561 1143094
1336583 961095
251282 364680
214728 443115
589197 373228
214728 159988
457067 186345
162368 900729
262664 641434
262664 61904
280868 727894
592503 887932
1090106 1563937
457067 263430
577106 138179
87845 615760
262664 875500
251282 576177
1090106 1502017
605670 715783
1058205 650254
251282 449871
1336583 856474
324028 1244230
251282 1168625
214728 987480
605670 601085
272079 849637
214728 987479
108622 850867
390446 786391
251282 263396
214728 384872
272079 1191792
450183 1318125
888698 875202
272079 49867
87845 143241
324028 225842
108622 820428
262664 505261
450183 964558
589197 1446978
108622 79552
810561 249606
87845 255673
577106 759556
457067 1345900
87845 791750
1090106 1150950
251282 341694
1055088 176269
1090106 1563873
214728 1068045
214728 718496
262664 72268
262664 47984
210124 1110901
457067 311888
1090106 1563858
214728 209094
214728 385836
1244257 324028
214728 529331
214728 468884
87845 37193
251282 251158
262664 241513
87845 246411
87845 3784
108622 373513
251282 449939
251282 343238
162368 324962
390446 498733
251282 992435
214728 447722
214728 313177
589197 870181
589197 543523
589197 1340402
589197 1425925
214728 778047
87845 658472
262664 428000
214728 197699
214728 778110
1058205 450028
162368 359271
262664 1181983
251282 423599
280868 413443
1336583 1517985
214728 385197
324028 370720
262664 499490
450183 1341559
108622 236753
108622 563001
108622 210815
324028 1171492
108622 265350
251282 432305
280868 1440343
108622 342497
888698 725124
87845 255809
324028 50083
251282 464849
888698 947938
251282 40116
87845 261753
87845 141089
450183 422662
214728 809486
214728 987583
214728 724741
272079 435816
589197 1026849
214728 637227
87845 82309
251282 695069
214728 758191
589197 57769
577106 217922
1090106 1563933
214728 820264
605670 1287088
1557190 1102066
214728 352127
210124 1594046
888698 1517918
251282 434788
457067 48872
214728 987546
1090106 1124970
1090106 1301048
214728 385013
457067 228652
457067 292196
214728 68939
214728 384965
280868 580827
214728 384960
214728 646857
272079 1191816
1090106 1273225
450183 907285
214728 287147
251282 79793
108622 514063
1121491 215602
457067 622069
214728 47676
108622 231653
1090106 1128560
810561 144803
1058205 130870
810561 623796
1538526 974656
589197 1122246
251282 123105
251282 319182
324028 309862
214728 113315
251282 502065
272079 728661
577106 351598
214728 364475
577106 43958
592503 713916
605670 51110
1090106 1563914
390446 219383
457067 728133
262664 901163
457067 259523
1302640 390446
457067 1345820
1337512 810561
262664 231690
251282 397363
214728 193260
589197 1181781
888698 822750
262664 117033
1090106 1513416
324028 61034
457067 87845
251282 206298
214728 68596
108622 218565
1090106 1563928
214728 317142
214728 384735
251282 331765
251282 337834
262664 236530
251282 126546
214728 464473
251282 263296
810561 641177
108622 888223
1090106 1553810
390446 899230
888698 108607
214728 386169
108622 885405
262664 1181869
214728 938502
251282 207087
1336583 912651
251282 344569
214728 384757
214728 1119869
819570 87845
1090106 1320555
214728 514035
843984 1454148
210124 1111002
280868 101495
251282 247304
214728 268022
324028 543934
810561 705269
87845 236526
214728 385958
592503 219885
210124 22470
214728 846136
888698 318190
1090106 1481598
214728 364975
214728 562328
450183 364929
214728 835093
262664 1022253
214728 860044
1090106 868955
214728 186487
589197 1215578
214728 79232
589197 1137152
262664 590740
251282 251171
251282 188897
214728 587306
262664 771555
251282 1153583
457067 1121491
214728 384736
214728 147081
592503 1419355
450183 540141
457067 934438
1090106 495058
214728 355476
390446 447542
1090106 196593
450183 109642
324028 766419
577106 329848
390446 1302686
605670 868441
251282 226765
214728 386420
280868 1000058
280868 308426
108622 499601
1090106 869069
605670 894112
87845 562859
214728 747730
262664 452179
214728 256557
251282 431527
457067 58273
108622 729462
87845 32081
214728 385949
390446 594654
280868 443934
457067 568945
108622 520603
87845 4942
214728 163447
810561 1267984
214728 367918
214728 276367
214728 1119889
87845 730024
214728 986492
87845 178740
450183 166768
251282 251332
457067 88570
214728 1119819
214728 456065
214728 889017
457067 66240
214728 1019856
214728 783381
272079 997104
1336583 1109601
390446 877641
262664 306784
272079 125269
251282 237232
1090106 1081104
888698 823943
450183 1341717
262664 539675
87845 173884
272079 311754
251282 236601
589197 1249115
280868 236531
262664 730826
214728 793702
108622 376690
1055088 280868
87845 224514
214728 695450
1336583 1022717
1090106 1563919
280868 47500
280868 966212
214728 473309
1058205 1254796
214728 986903
457067 351233
262664 14149
214728 151137
214728 283186
251282 41387
251282 205404
1090106 964255
108622 427054
324028 177677
1090106 869076
251282 191175
390446 887760
324028 1093393
324028 364360
1058205 128273
457067 87921
262664 152849
214728 367733
214728 355028
605670 213844
251282 303209
210124 1111004
214728 385936
1090106 888799
324028 1244228
108622 726764
214728 988500
251282 294619
251282 39804
450183 207255
262664 195255
450183 1335713
280868 295439
214728 384731
1411755 577106
457067 86004
592503 428057
214728 222445
589197 1083589
888698 367632
450183 599914
605670 1534915
280868 457583
324028 531919
1336583 1603156
214728 1119788
324028 590708
888698 1084018
592503 828169
605670 277785
324028 863033
108622 68295
214728 182862
457067 290458
592503 951127
589197 49238
1090106 976589
214728 1022143
457067 229095
457067 354729
457067 96596
491115 1323091
214728 531857
1090106 868517
251282 501772
592503 584685
251282 356694
272079 1191794
457067 1345970
214728 87696
214728 146954
592503 225575
491115 727692
810561 1491278
214728 349340
214728 535451
1090106 829834
214728 783485
457067 767351
605670 561342
888698 1517868
390446 19076
390446 26751
87845 337180
214728 1083095
87845 256148
577106 268090
888698 1017025
390446 906479
1090106 1563885
589197 598365
214728 316105
214728 249394
214728 386411
214728 246228
589197 90692
210124 585324
214728 471521
1336583 1045956
214728 1119820
210124 248885
214728 338470
1517985 888698
390446 555956
108622 670279
214728 162024
390446 663315
251282 516036
592503 577094
605670 443954
280868 731207
457067 49325
324028 453600
108622 888220
450183 624967
108622 888260
262664 414924
251282 123098
262664 309612
390446 979430
