202 211
5 0
1374228 2 1 0 4 6 20
1003533 28 1 0 8 5 18
385025 28 1 0 9 6 15
441868 43 1 0 9 6 19
769031 89 1 0 7 6 15
954880 73 1 1 6 6 21
754203 38 0 0 8 6 37
1183744 18 1 1 6 6 4
1115651 31 1 1 8 6 25
289816 207 0 0 6 6 18
933415 17 1 0 2 5 19
907320 27 1 0 2 6 3
927794 41 1 1 7 6 25
1018444 34 1 1 6 6 16
373836 66 1 0 4 6 17
1229403 9 1 1 9 6 24
275530 25 1 0 9 6 18
783448 19 1 0 8 6 19
22614 200 1 1 8 6 23
1271371 12 1 1 9 6 17
348252 181 1 0 6 6 13
292446 60 0 0 7 6 24
487516 37 1 0 7 6 24
189023 132 1 0 8 6 15
271963 136 1 0 6 6 15
312933 35 1 0 6 6 18
760937 58 1 0 8 6 21
1032810 36 1 1 6 6 17
351328 45 1 0 4 6 15
348259 91 1 0 6 6 13
166504 187 1 0 6 5 16
1017955 83 1 0 6 6 15
791167 51 0 0 6 6 15
939133 58 1 0 6 6 13
1507940 3 1 1 2 5 29
353398 64 1 0 2 6 17
1017979 11 1 0 1 6 16
1032826 6 1 0 6 6 21
168055 230 0 0 9 6 15
732787 46 1 1 1 6 16
1032823 8 1 0 2 6 13
1202794 30 1 1 8 6 20
791157 101 1 1 8 6 13
535666 15 0 1 7 6 26
1032820 3 1 0 1 6 13
372356 145 0 0 7 6 16
1344656 10 1 0 1 6 21
383107 71 1 0 7 6 16
353420 229 1 0 8 5 18
834690 11 1 0 9 6 18
837790 14 1 1 6 6 22
626857 58 1 0 4 6 15
535209 50 1 1 6 6 14
374944 10 1 1 8 6 12
72358 132 0 1 4 6 16
635552 24 1 1 7 6 17
1030308 90 1 1 1 6 18
374953 32 1 1 9 6 16
323755 312 0 0 6 5 18
732857 5 1 1 6 5 17
465587 47 0 0 6 6 20
129204 77 1 0 9 6 17
844987 65 0 1 7 6 26
537781 38 1 1 6 6 19
18109 18 0 1 9 6 21
441536 54 1 0 6 6 15
468171 120 1 0 6 6 15
1144543 5 1 0 9 6 18
1032414 27 1 1 6 6 17
224978 136 0 0 4 6 17
598236 42 0 0 5 6 25
372947 77 1 0 6 6 17
352979 34 1 1 8 6 30
885461 24 1 1 6 6 16
927955 33 1 0 6 6 13
166620 26 0 0 4 6 22
1174769 15 1 0 8 6 22
1551091 1 1 1 6 5 12
1032935 74 1 1 6 6 26
518379 123 1 0 8 6 15
1271038 4 1 1 8 6 30
345835 41 1 0 6 5 15
1028321 33 0 0 8 6 16
459496 92 1 0 9 6 17
826616 12 1 0 6 5 15
354045 70 1 0 4 6 16
356092 57 1 0 6 6 14
1032947 22 1 0 6 6 14
1032945 63 1 0 1 6 20
147709 72 1 0 9 6 17
673034 76 0 0 6 6 17
885518 26 1 1 4 6 28
1008907 39 1 1 6 5 16
211207 212 1 0 8 5 19
1159963 15 1 1 5 6 6
422154 76 1 0 7 6 38
309001 29 1 1 7 6 15
785179 89 1 0 6 6 18
837916 38 0 0 6 5 16
1032991 48 1 0 6 5 17
760090 104 1 0 2 6 16
1032990 17 1 0 2 6 17
699673 64 1 0 6 6 13
309008 37 1 1 7 6 22
563997 127 1 0 6 6 17
756496 74 1 1 6 6 18
813868 47 1 1 8 6 22
353057 10 1 1 8 6 23
353058 14 1 0 8 6 27
821543 10 1 0 6 5 15
1133373 5 0 0 4 6 21
1144639 8 1 0 9 5 18
1551139 1 1 1 3 5 12
923445 52 1 0 2 6 24
393530 49 1 1 6 6 19
176960 245 1 0 9 6 17
189760 57 1 0 7 6 22
393538 110 1 1 6 6 17
430913 132 1 0 9 6 19
1033031 40 1 0 1 6 20
1194334 18 1 0 6 5 15
504648 40 1 1 6 6 14
237395 87 1 0 6 6 15
518485 252 0 0 8 6 17
353110 80 1 1 8 6 30
166230 124 1 0 8 6 18
803161 19 1 1 6 6 14
828761 65 1 1 8 6 14
471889 149 1 0 4 6 19
305497 17 1 0 2 6 18
1033040 27 1 0 6 6 16
732010 30 1 0 9 5 17
724333 176 1 0 6 6 15
523117 41 1 0 6 5 30
1151354 25 1 1 2 6 15
1016163 17 1 0 5 6 16
352618 303 1 0 8 6 15
1019770 41 1 0 1 6 14
1291109 11 1 0 4 5 36
505733 124 1 1 4 6 22
611211 47 1 1 4 6 26
392070 140 1 0 7 6 16
1227153 5 1 1 9 5 21
1504146 1 1 1 2 5 100
396162 13 1 1 2 6 19
650124 79 1 0 8 6 20
1112981 4 1 0 9 5 26
483726 86 1 0 7 6 19
827270 8 1 0 9 6 17
406413 29 1 0 7 6 17
1151388 22 1 1 6 6 18
334216 69 1 1 6 6 23
994689 14 1 1 4 5 28
1068416 15 1 0 1 6 14
1176963 23 1 0 7 6 15
306070 66 1 1 7 6 19
1227142 23 1 1 9 6 15
384915 182 1 0 4 6 17
1008023 32 1 1 6 6 12
754065 94 1 0 8 6 16
686993 61 1 1 2 6 16
1068465 27 1 0 4 5 20
396196 23 1 0 7 6 23
1078708 17 1 1 7 6 24
346019 87 1 0 6 6 15
440236 35 1 0 1 6 16
375721 20 1 1 8 6 16
773029 37 1 1 6 6 20
811965 97 1 1 9 6 24
165303 119 1 0 4 6 19
526258 10 1 0 9 6 19
1551276 1 0 1 4 6 28
738742 27 1 0 9 5 16
1051565 45 1 1 7 6 29
319931 183 1 0 4 6 17
811443 92 1 1 6 6 17
923569 15 1 1 6 6 11
786377 42 1 0 2 6 19
780739 155 1 0 6 6 16
533952 41 1 0 2 6 15
817093 69 1 1 7 6 22
444879 33 0 0 4 6 31
729051 17 1 0 6 6 17
1123271 20 1 0 2 6 14
763346 22 1 0 6 6 16
774098 46 1 0 4 6 29
872404 23 1 0 7 6 16
445912 9 1 0 7 6 18
532950 24 1 0 4 6 20
327131 119 0 1 9 6 19
313317 138 0 0 8 6 18
330214 87 1 0 6 6 13
774127 60 1 1 4 6 26
1271286 10 1 0 8 6 27
167396 122 1 0 6 6 17
299502 134 1 0 8 6 17
539106 40 1 0 4 6 19
1083901 26 1 1 1 6 14
564198 65 1 0 9 6 18
451060 67 1 0 1 6 16
1379308 8 1 0 9 6 18
945138 47 1 1 9 6 18
1030308 1033031
834690 1144543
945138 827270
945138 383107
1078708 487516
834690 1078708
945138 396162
1030308 837916
532950 1271286
1030308 1032990
1030308 756496
1030308 774098
532950 539106
1030308 1151388
945138 885518
1030308 1032947
945138 176960
1030308 837790
1030308 1344656
834690 945138
945138 732010
1030308 1194334
532950 444879
1030308 167396
1030308 939133
1078708 445912
1144639 1112981
1030308 393538
1078708 817093
1030308 451060
1271371 289816
532950 1291109
1030308 372947
1030308 927955
353057 353058
1030308 686993
1030308 1018444
1030308 1008023
1144639 1507940
1271371 465587
1030308 535209
1030308 1032820
1030308 954880
945138 129204
1030308 237395
945138 1133373
945138 354045
1030308 346019
1030308 319931
945138 1159963
532950 299502
1030308 1551276
1030308 1551091
1030308 1551139
1030308 504648
1078708 923569
353057 352979
945138 483726
1030308 791157
1030308 537781
945138 147709
945138 927794
945138 189760
1030308 885461
1030308 305497
1030308 523117
1030308 732787
834690 18109
945138 844987
945138 1028321
1030308 1008907
1030308 348252
945138 168055
1112981 945138
1030308 406413
1112981 211207
945138 384915
945138 396196
1030308 780739
1030308 1068416
834690 353057
1030308 724333
1030308 1019770
1030308 313317
1030308 1017979
1030308 1032414
1030308 312933
532950 813868
1078708 292446
532950 505733
353057 353420
834690 1379308
1030308 774127
353057 532950
945138 309008
834690 327131
945138 1229403
1030308 468171
1271371 754065
945138 1227153
353057 828761
532950 334216
1030308 803161
1271371 352618
1144639 1271371
532950 994689
1078708 535666
1030308 1033040
834690 1271371
353057 22614
1078708 907320
1030308 811443
945138 1051565
1030308 1183744
1030308 1068465
532950 611211
1030308 1017955
1144639 1003533
353057 518485
945138 275530
1030308 345835
1030308 1202794
1078708 533952
532950 166620
1030308 440236
1078708 441536
532950 1174769
945138 1144543
1030308 166230
1030308 785179
1144639 945138
1030308 760090
945138 224978
945138 441868
945138 306070
945138 626857
532950 351328
1144639 1227142
1030308 563997
945138 372356
945138 1227142
532950 754203
1030308 356092
532950 1374228
532950 518379
1030308 635552
945138 165303
1030308 1083901
1030308 834690
945138 385025
1078708 786377
1078708 1176963
1078708 471889
1271371 738742
1030308 732857
1271371 375721
1030308 72358
1030308 1123271
1144639 1144543
834690 1504146
532950 352979
532950 650124
1030308 393530
1030308 1032945
1030308 791167
945138 1016163
532950 1115651
1030308 348259
1030308 699673
834690 1144639
353057 353110
1078708 422154
945138 769031
1030308 1032935
1078708 189023
945138 564198
1030308 323755
1030308 1032823
1271371 353398
532950 760937
1271371 374953
1271371 1112981
532950 1271038
1030308 773029
1030308 673034
1030308 271963
945138 430913
945138 923445
945138 373836
1078708 872404
1030308 1032991
1030308 763346
353057 783448
1271371 374944
1030308 729051
1030308 1032826
1030308 933415
945138 309001
945138 459496
1030308 826616
1030308 821543
1030308 1151354
532950 353058
945138 598236
945138 526258
1030308 166504
1030308 1032810
1030308 330214
532950 811965
945138 1507940
1078708 392070
