178 201
5 0
43012 31 1 0 8 6 19
236039 62 1 0 8 6 21
532750 26 1 1 8 6 20
1215770 27 1 0 8 6 18
530176 11 0 0 8 6 30
549633 27 0 1 8 6 22
669696 92 1 0 6 6 24
296975 158 1 0 8 5 18
869638 11 0 0 8 6 18
507659 51 1 0 2 6 17
523786 79 1 1 8 6 19
320522 111 0 0 6 5 17
414473 36 1 1 8 6 18
415241 90 1 1 6 6 19
154640 29 0 1 8 6 20
755992 16 1 0 8 6 20
432657 16 1 0 8 6 18
73494 55 0 0 8 6 21
532752 63 1 1 8 6 19
1320460 1 1 0 8 5 19
299806 96 1 0 8 6 16
598034 23 1 0 6 6 17
694033 16 0 0 8 6 18
120861 42 1 0 8 5 20
851217 43 0 1 6 6 19
1320458 3 0 0 6 6 30
177693 48 0 0 4 6 17
425766 88 1 0 4 6 20
1206066 11 0 1 8 6 12
365862 37 0 0 8 6 19
434469 57 1 0 8 6 25
515364 135 1 1 6 6 21
1182262 12 1 0 8 6 19
356896 48 1 0 6 6 19
278306 70 1 0 7 6 19
554784 23 0 0 8 6 16
183083 43 1 0 6 6 25
457519 33 1 1 8 6 22
293678 532 1 0 8 5 1
256045 150 1 0 8 6 18
151857 48 0 1 8 6 18
34355 69 1 1 8 6 20
380976 54 0 1 8 6 27
369724 111 1 0 8 6 17
463678 51 0 0 8 6 18
553523 14 0 0 8 6 17
509242 41 1 1 8 6 21
553525 58 1 1 8 6 21
661581 22 1 0 8 6 18
756044 5 1 1 8 5 22
414030 103 1 1 8 6 22
745286 26 1 0 8 6 14
661575 30 1 0 8 6 17
300116 205 1 0 6 6 20
466775 97 1 0 8 6 21
1203522 2 1 1 6 6 19
491350 26 1 0 8 6 23
380500 22 1 1 8 6 13
416085 94 1 1 8 6 18
76114 77 1 1 6 6 26
456533 20 0 0 8 6 23
119124 14 0 1 8 6 19
459359 15 0 1 8 6 22
460894 24 1 0 8 6 17
332895 57 0 1 8 6 20
564051 50 1 0 8 6 19
513369 268 1 0 6 6 22
752980 17 1 1 8 6 13
451685 21 1 1 8 6 17
460385 20 0 0 8 6 20
109158 60 1 0 6 6 20
324195 192 1 0 4 6 20
344943 14 1 0 4 5 18
183145 160 1 0 4 6 32
536931 18 1 0 8 6 17
58221 30 1 0 8 6 17
224620 444 1 0 8 6 18
435063 102 1 0 8 6 23
134000 177 1 0 6 6 16
780158 37 1 0 8 6 17
384377 52 1 0 8 6 16
236414 37 1 0 8 6 23
73084 33 1 1 8 5 15
796046 9 1 0 8 6 30
79493 124 1 1 8 6 21
509568 63 1 0 8 6 19
462208 28 0 0 8 6 18
285059 36 1 0 8 6 17
529536 15 1 0 8 6 18
71051 502 1 0 8 6 19
912519 36 1 1 1 6 23
362894 47 0 0 8 6 17
783751 21 0 0 8 6 17
243852 58 1 0 4 6 24
471446 61 1 0 1 6 16
1205376 10 1 1 8 6 11
29332 80 1 1 8 6 18
107925 29 0 0 6 6 26
520850 94 1 1 6 6 23
1269641 4 1 0 2 5 18
454300 62 1 0 8 6 16
1072779 36 1 0 8 6 8
403101 26 0 1 8 6 19
562582 33 1 1 8 6 18
464805 18 0 0 8 6 32
73125 150 1 1 8 6 15
456866 82 1 0 8 6 17
464802 43 1 0 8 6 22
627619 34 1 0 8 6 17
57771 55 0 0 8 6 21
468651 126 1 0 4 6 19
570277 27 1 1 8 6 18
949155 38 1 0 8 6 16
364981 20 1 0 6 6 31
44721 117 0 0 4 6 22
516788 14 1 0 8 6 24
836799 33 1 0 6 6 15
379057 74 1 1 6 6 17
455091 118 0 0 8 6 17
742334 81 1 0 8 6 13
755134 17 1 1 8 6 18
73145 306 1 1 6 6 16
756145 15 1 0 6 6 17
475322 26 0 0 8 6 18
318395 26 1 0 2 6 18
550089 192 1 0 4 6 20
701390 35 0 0 6 6 20
754383 11 0 0 8 6 38
460482 26 0 0 8 6 17
462017 42 0 0 8 6 16
507585 40 1 0 8 6 19
785100 4 0 0 8 6 27
718029 21 1 1 8 6 21
430785 30 0 0 6 5 17
420299 18 1 1 1 5 19
282569 68 1 0 8 6 23
14542 44 0 0 6 6 19
808643 9 1 0 1 6 19
1084609 15 1 0 8 6 21
1256647 16 1 0 7 6 17
539613 75 0 0 2 6 25
253140 38 0 0 8 6 17
93403 42 1 0 2 6 14
461021 88 1 0 8 6 63
164313 88 0 0 6 6 18
1096907 14 1 0 8 6 27
622549 24 1 0 6 6 32
689620 54 1 0 2 5 19
659412 19 1 0 8 5 25
109534 118 1 1 8 6 20
505816 102 1 0 8 6 15
533463 37 1 0 6 5 17
434916 40 1 0 9 6 21
509157 28 0 1 6 6 20
532717 19 1 0 0 6 20
515040 112 1 1 8 6 21
529376 15 1 0 8 6 19
1211386 10 1 0 8 5 13
73448 74 1 0 8 6 22
170987 44 1 1 8 6 20
276463 34 0 0 4 6 16
740327 54 1 0 8 6 20
1105150 16 0 1 8 6 22
455924 27 1 0 8 6 20
262903 82 1 0 8 6 19
947963 28 1 0 8 6 25
196597 23 1 0 2 6 23
382962 88 1 1 8 6 20
753394 38 1 0 8 6 18
1268713 10 1 1 8 6 11
1580771 1 1 1 8 6 20
291327 115 1 0 8 6 17
43260 147 1 0 8 6 19
188414 110 0 0 8 6 16
454906 116 1 0 8 6 18
347131 82 1 1 8 6 22
554742 48 1 1 8 6 21
410105 25 1 0 4 6 25
416085 432657
416085 529376
661581 536931
460894 1105150
416085 752980
752980 1205376
416085 523786
661581 236414
416085 188414
1215770 783751
416085 420299
416085 73145
416085 93403
1215770 457519
416085 468651
661581 659412
416085 410105
460894 461021
756044 243852
416085 183145
416085 505816
416085 520850
661581 464802
416085 475322
1215770 451685
752980 742334
416085 256045
416085 701390
1182262 461021
416085 780158
1182262 627619
1215770 869638
416085 224620
416085 1203522
416085 43012
416085 324195
416085 299806
1182262 553523
460894 285059
1269641 369724
416085 362894
756044 755992
416085 296975
460894 455924
1320458 796046
460894 661581
752980 73084
1215770 362894
416085 509568
416085 509157
416085 509242
416085 851217
416085 1096907
661581 384377
416085 120861
1269641 416085
460894 457519
661581 836799
460894 530176
416085 196597
1269641 356896
752980 507659
416085 71051
416085 513369
661581 554784
661581 949155
416085 300116
460894 460482
460894 455091
460894 414030
661581 58221
661581 276463
416085 109158
416085 434916
416085 515364
416085 44721
416085 344943
416085 320522
416085 347131
1215770 554742
416085 550089
1215770 455924
416085 1320458
416085 532752
416085 107925
1215770 119124
460894 570277
416085 515040
752980 380500
460894 382962
752980 73448
752980 755134
1215770 293678
1215770 403101
752980 1256647
416085 151857
1182262 694033
1182262 549633
1215770 564051
416085 754383
416085 434469
416085 532750
416085 1084609
416085 808643
416085 164313
1320458 622549
416085 471446
416085 435063
1215770 460385
416085 318395
1182262 456866
416085 1320460
460894 554742
416085 491350
416085 753394
1215770 332895
416085 689620
1215770 694033
1203522 282569
416085 109534
1182262 262903
752980 1211386
416085 73448
460894 553525
752980 1268713
661581 285059
460894 562582
661581 462017
1215770 414030
1182262 529536
1269641 509568
460894 783751
752980 73125
1215770 516788
1215770 1182262
1215770 456533
416085 14542
460894 459359
416085 454906
416085 183083
661581 236039
416085 756145
416085 1072779
416085 740327
460894 332895
416085 73125
460894 276463
416085 462208
1182262 463678
416085 533463
1215770 414473
1215770 460894
416085 380976
416085 134000
661581 947963
1215770 627619
756044 73448
416085 43260
416085 532717
416085 1215770
752980 532752
416085 669696
661581 464805
416085 379057
416085 539613
661581 455091
752980 507585
416085 364981
1182262 745286
1215770 529536
460894 34355
460894 384377
1215770 718029
416085 79493
752980 756044
416085 29332
661581 278306
661581 661575
460894 912519
416085 785100
416085 425766
416085 76114
1215770 154640
1182262 1580771
752980 1206066
416085 57771
416085 365862
416085 253140
460894 564051
661581 291327
416085 177693
756044 73494
416085 170987
416085 466775
1215770 415241
661581 460482
661581 430785
416085 356896
1215770 549633
752980 454300
416085 598034
