426 452
5 0
376836 264 1 1 8 6 17
1149975 31 1 0 6 6 30
823303 76 1 0 4 6 11
1191966 21 1 1 1 6 15
210959 69 1 0 6 6 20
1191964 3 1 0 2 6 13
320522 111 0 0 6 5 17
883714 17 1 1 2 6 15
564251 17 1 0 4 5 16
533532 6 1 0 2 5 29
213014 115 1 1 6 6 17
279571 514 1 0 6 6 15
562207 88 1 1 6 6 18
408602 127 0 1 4 6 19
277529 71 1 1 6 5 15
968750 69 1 1 6 6 17
135206 70 1 0 6 5 49
351264 298 1 0 1 6 14
432160 265 0 0 6 6 21
1285172 4 1 0 6 6 23
329774 106 1 0 6 6 19
543782 103 1 1 4 6 20
778277 23 1 0 6 6 16
173101 96 1 0 4 6 13
506932 115 1 1 8 6 15
533563 88 0 0 4 6 19
1191974 4 1 0 6 6 16
1190955 35 1 1 4 6 14
1191976 4 1 0 6 6 16
271416 124 1 0 2 6 14
383045 34 1 1 6 6 15
960591 81 1 0 6 6 15
881736 36 1 1 6 5 15
449610 20 1 1 4 6 17
57429 135 1 0 6 6 29
949339 32 0 0 6 6 23
373843 60 1 1 8 6 16
807002 11 1 0 4 6 13
1017943 16 1 0 6 5 15
348252 181 1 0 6 6 13
781399 83 1 0 6 6 13
580693 11 1 0 4 5 17
177255 100 1 0 6 6 29
348259 91 1 0 6 6 13
340076 113 1 0 8 6 17
340079 63 1 0 8 5 17
132201 51 0 0 8 6 17
719969 116 1 0 6 6 11
1017955 83 1 0 6 6 15
745575 87 1 0 4 6 19
885859 52 0 0 6 6 14
1017952 25 1 0 6 6 16
167027 236 1 0 4 6 21
683129 25 0 0 4 6 13
827513 33 1 1 6 6 13
1117284 12 1 0 8 6 29
242813 202 1 1 6 6 10
375941 86 1 0 4 6 15
1135764 2 1 0 6 5 12
267413 55 1 0 9 6 13
40087 287 1 1 8 6 18
783511 32 1 0 6 6 11
706733 37 1 0 6 5 14
671904 75 1 0 4 6 16
93354 302 0 0 6 6 18
1285310 13 0 0 8 6 16
810172 10 1 0 6 5 15
537786 47 1 1 6 6 21
1123497 32 1 0 6 6 14
543923 16 1 0 3 6 14
510139 46 1 1 8 6 17
608456 14 0 1 8 6 31
224449 223 1 1 4 6 19
623822 22 1 1 4 6 16
383183 63 1 0 8 6 17
656577 51 1 0 6 6 19
71882 199 1 1 8 6 15
468171 120 1 0 6 6 15
656580 27 1 1 6 5 17
615622 41 1 0 9 6 14
1194176 4 1 1 6 5 11
656601 47 1 0 6 6 20
1243335 57 1 0 6 6 13
587999 107 1 1 6 6 33
1194187 12 1 0 6 6 17
1045718 72 1 1 0 5 22
655569 12 1 0 6 5 6
346328 42 1 1 6 6 22
389336 63 1 1 6 6 17
656599 11 1 1 4 6 5
779476 39 1 1 6 6 13
120035 64 1 1 2 6 20
1123572 26 1 0 6 6 18
656623 10 1 1 4 5 8
1123575 12 1 0 8 6 14
509165 39 1 1 6 6 15
379118 97 1 1 6 6 21
803041 24 1 0 6 6 16
655589 47 1 1 2 6 20
513270 53 1 1 4 6 20
826616 12 1 0 6 5 15
1405153 4 1 0 2 5 41
1269989 7 1 0 6 6 2
383229 115 0 0 4 6 16
656627 2 0 1 2 5 19
810230 8 1 0 2 6 17
1008880 96 1 1 6 6 16
794895 28 1 1 6 6 29
19720 415 1 1 0 6 22
407820 72 1 1 6 6 15
748801 52 1 0 6 6 15
1114396 28 1 1 8 5 30
509207 66 1 1 6 6 15
760090 104 1 0 2 6 16
699673 64 1 0 6 6 13
76050 66 1 0 2 6 16
588059 79 1 1 8 6 16
407826 56 1 1 4 6 20
407824 52 1 1 4 6 17
407825 28 1 1 4 5 17
698653 9 1 0 4 5 15
268572 127 1 0 6 6 25
946454 37 1 1 4 6 17
696595 74 0 1 6 6 18
369950 68 1 1 8 5 18
533780 131 1 0 6 6 15
1033490 29 1 1 6 5 17
819475 34 1 0 6 5 29
1272113 10 1 1 8 5 16
274726 110 1 1 6 6 17
505124 12 1 0 2 6 19
254246 509 1 1 8 6 16
520495 59 1 1 8 6 18
563488 56 1 0 6 6 12
45353 100 1 0 4 6 26
274728 228 1 1 6 6 18
1464632 4 1 1 6 6 14
281898 43 1 1 6 6 13
519465 112 1 1 6 6 18
1052967 19 1 0 6 6 29
820534 96 1 1 2 6 15
998709 39 1 0 8 6 13
453946 80 1 1 8 6 15
724299 47 1 0 1 6 15
547145 55 1 1 8 6 19
483661 29 1 1 2 5 16
416085 94 1 1 8 6 18
821593 56 1 1 6 6 19
384345 241 1 1 2 6 14
724333 176 1 0 6 6 15
1249653 14 1 0 6 6 16
1151355 13 1 0 6 6 12
1151354 25 1 1 2 6 15
509291 167 1 1 6 6 23
370038 129 1 0 8 6 27
406910 35 1 0 7 6 22
217464 35 1 1 6 6 14
1151341 7 1 0 6 6 13
944498 2 1 1 8 6 19
172421 370 1 0 4 6 16
509324 57 1 1 4 6 14
1545628 3 1 0 8 6 30
509322 19 0 0 6 5 19
172428 187 0 0 6 6 16
624028 16 1 1 8 5 13
1008023 32 1 1 6 6 12
276892 114 1 1 6 6 19
212378 219 1 1 6 6 14
1202571 16 1 1 6 6 15
160152 162 1 0 6 6 18
108954 110 1 0 2 6 20
628119 43 1 0 3 6 17
517529 92 1 1 2 6 16
73125 150 1 1 8 6 15
506287 62 1 1 6 6 17
340396 99 1 1 8 6 18
156073 172 1 1 4 6 17
773541 33 1 0 8 6 23
1151393 17 1 0 6 6 15
108979 189 0 0 4 6 19
45499 533 1 0 4 6 18
1113517 14 1 0 8 6 17
811443 92 1 1 6 6 17
1305042 7 1 0 6 5 17
811469 96 1 1 1 6 15
780739 155 1 0 6 6 16
1545665 1 1 0 2 5 13
956889 4 1 0 6 6 21
344541 132 1 1 8 6 17
360924 199 1 0 6 6 24
223709 462 1 1 6 6 21
565736 49 1 1 6 5 20
330214 87 1 0 6 6 13
1545715 1 1 0 4 5 41
617952 152 1 0 4 6 18
753122 22 1 0 9 5 14
76266 302 1 0 6 6 19
954878 22 1 0 6 5 18
1114592 23 1 1 8 6 21
1044988 46 1 0 6 6 18
836088 2 1 1 9 5 26
172532 185 1 0 2 5 22
509424 97 1 0 6 6 22
1001976 41 1 0 6 6 18
399867 117 1 1 4 6 21
308741 69 1 0 8 6 19
517637 76 1 0 8 6 16
348672 145 1 0 4 6 19
1049109 7 1 1 4 6 16
1049110 10 1 0 6 6 11
1049113 5 1 0 2 5 12
1049114 5 1 0 2 5 12
86542 113 1 1 8 6 18
908828 9 1 1 1 6 13
47633 96 1 0 8 6 16
1545732 1 1 0 2 5 24
88603 80 1 1 4 6 17
598550 35 1 0 6 6 16
538135 75 1 0 4 5 19
35359 66 0 0 5 6 20
541227 35 1 0 4 5 19
454179 61 1 0 6 6 16
1048104 4 1 1 6 5 34
430638 127 1 0 9 6 16
824865 11 0 1 4 5 17
973344 30 1 0 2 6 29
533048 136 0 0 4 6 17
1049121 5 1 1 4 5 18
1049122 3 1 0 6 6 27
1049123 4 1 0 4 5 12
500273 82 1 0 6 6 19
527920 77 1 1 6 6 15
1049129 7 1 0 4 6 17
819762 98 1 1 6 6 15
1036879 10 1 0 4 5 17
1018444 34 1 1 6 6 16
318017 21 1 0 2 5 12
1258069 13 1 0 6 6 13
830026 20 1 0 8 6 15
1191514 11 1 1 6 6 15
514637 40 1 1 6 5 18
1007172 19 1 0 1 6 21
31317 137 0 0 8 6 17
973400 34 1 0 1 6 14
224852 28 0 0 6 6 13
271963 136 1 0 6 6 15
563816 21 1 0 8 6 40
928367 40 1 0 6 6 12
318054 60 1 0 6 6 21
1032810 36 1 1 6 6 17
368224 35 1 0 6 6 18
506465 136 1 1 6 6 27
231012 15 1 0 8 6 17
962153 32 1 0 9 6 16
1032807 17 1 1 6 6 14
517740 11 1 0 8 5 19
563812 25 1 1 2 6 24
470633 56 1 0 6 6 14
926305 69 0 0 2 6 20
595558 33 1 0 8 5 16
211569 64 1 1 6 6 17
1032828 9 1 0 6 5 13
522866 128 1 0 4 6 17
1044089 31 1 1 6 6 13
7799 106 1 1 4 6 15
172665 79 0 0 2 6 13
1049196 18 1 1 4 6 49
1049197 21 1 0 6 6 9
1255058 6 1 1 6 6 17
673416 113 1 0 6 6 23
396928 107 1 1 0 6 18
520833 46 1 1 6 6 16
535182 16 1 0 4 6 12
984709 45 1 0 8 5 18
1105567 48 1 1 8 6 24
1028761 8 1 1 6 6 21
1260170 3 1 0 8 5 22
520859 14 1 1 9 5 29
1379976 7 1 0 2 6 15
522906 99 1 1 6 5 19
777899 39 1 0 6 6 17
1315508 6 1 1 6 6 15
535209 50 1 1 6 6 14
89767 205 1 1 5 6 22
934569 5 1 1 6 5 16
535200 103 1 0 8 6 29
132778 394 1 0 4 6 16
520878 140 1 1 4 6 15
1315513 5 1 0 6 6 13
1267361 3 1 1 1 5 14
168624 62 1 0 4 6 11
108212 114 1 0 1 6 19
656060 22 1 1 6 5 18
620222 6 1 0 6 6 19
626353 31 1 0 6 6 19
747185 63 1 0 8 6 17
215750 389 1 1 6 5 28
938697 23 1 0 4 6 6
323272 74 1 0 6 6 16
846559 18 1 0 6 6 15
812767 58 1 0 8 6 16
1139397 19 1 0 6 6 14
942811 9 1 1 2 6 16
1007316 20 1 0 2 5 12
750313 21 1 0 4 6 14
851694 68 1 1 2 6 16
1172213 13 1 0 6 5 15
820970 122 1 1 9 6 11
594657 92 1 0 4 6 12
1032935 74 1 1 6 6 26
627424 73 1 1 4 6 16
398060 24 1 0 6 6 17
469741 12 1 0 4 5 14
108271 71 1 0 7 6 20
1032928 18 1 0 6 6 19
1027808 89 1 1 6 6 17
963326 13 1 0 2 6 13
615164 69 1 1 4 6 19
161525 53 1 0 6 6 15
1032945 63 1 0 1 6 20
778997 47 1 0 8 6 15
459527 61 1 0 6 6 21
584457 18 1 1 6 6 14
156422 227 1 1 8 6 19
963339 23 1 0 6 6 19
337677 104 1 1 1 6 21
963328 20 1 0 6 6 19
512777 49 1 1 6 6 19
1007388 35 1 0 8 5 12
566043 145 0 1 4 6 14
775967 15 1 0 4 6 16
1007387 9 1 0 2 5 29
779038 40 1 1 6 6 14
566045 11 1 0 4 5 13
225044 61 1 0 8 6 22
518943 35 1 1 8 5 15
1138440 25 1 0 6 5 15
1046293 17 1 0 6 6 18
1054478 30 1 0 8 6 8
619305 13 0 0 4 5 28
945964 44 1 1 7 6 16
1266493 31 1 0 2 5 13
39729 115 1 0 4 6 16
226106 22 1 1 3 6 10
884532 52 1 0 6 6 19
1467181 3 1 0 2 6 18
188222 27 1 0 6 6 18
1264428 10 1 1 6 6 13
562999 68 1 1 4 6 19
597832 76 1 1 6 6 17
557899 38 1 0 8 6 20
1379158 3 1 1 6 5 19
1057624 91 1 1 8 6 18
811840 80 1 0 8 6 15
504648 40 1 1 6 6 14
237395 87 1 0 6 6 15
282453 106 1 0 6 6 17
808799 38 1 0 4 6 15
1546050 4 1 0 6 5 16
374608 350 1 1 8 6 19
566096 38 1 0 4 6 16
386911 108 1 0 1 6 13
432988 139 1 1 6 6 19
406365 257 1 0 8 6 13
885613 62 1 0 4 6 12
211808 88 1 1 8 5 17
140134 53 1 1 2 6 11
1038185 10 1 0 2 6 13
107369 271 1 0 1 6 23
376685 51 1 1 4 5 16
185195 24 0 0 6 5 25
779105 124 1 0 6 6 15
1325950 1 1 1 4 5 13
520044 65 1 0 4 6 19
508776 63 1 1 6 6 16
948094 14 1 0 6 6 19
1410916 4 1 0 6 6 17
374644 70 0 0 6 6 23
1027966 40 1 0 6 6 14
149366 93 1 0 2 6 16
1019770 41 1 0 1 6 14
24440 379 1 0 8 5 19
963443 21 1 0 4 5 14
1022862 13 1 1 8 6 18
504708 54 1 0 6 5 24
381824 28 1 0 4 6 15
313217 23 1 0 8 6 19
514945 50 1 1 4 6 16
1302420 19 1 1 8 6 10
131979 179 1 0 1 5 19
932766 44 1 1 6 6 12
1302403 7 1 0 2 5 15
526234 10 1 0 2 6 15
272273 246 0 0 4 6 17
518034 15 1 0 8 6 11
518033 9 1 0 8 5 21
279448 213 1 0 6 6 14
279449 102 1 0 4 5 18
136093 151 1 1 6 6 18
644009 35 1 0 1 6 25
211874 141 1 1 8 6 17
1546165 1 1 1 6 6 17
753577 12 1 0 1 5 20
932768 62 1 1 6 6 14
523177 72 1 0 8 6 11
626618 34 1 0 6 6 19
476081 27 1 0 6 5 17
241592 563 1 0 6 6 22
626632 50 1 1 6 6 13
1546195 1 1 1 4 5 27
938949 25 1 0 1 6 15
521162 145 1 1 7 5 14
504776 92 1 1 8 6 16
729050 47 1 0 6 6 19
1093569 10 1 0 5 6 28
224208 131 1 0 9 6 13
808912 46 1 0 6 6 20
889832 5 1 0 4 5 20
752611 58 1 1 6 6 17
1269755 8 1 1 6 5 20
804839 4 1 0 2 5 17
884707 10 1 0 4 5 21
425961 143 1 1 6 6 18
1191909 2 1 0 2 6 29
751603 76 1 1 6 6 17
596981 105 1 0 8 6 12
173101 7799
1007388 563812
1007388 1105567
1007388 517637
320522 564251
320522 1033490
320522 1302403
1008880 1467181
1007388 1036879
564251 1049123
1008880 1007172
320522 1022862
320522 1172213
1007388 370038
1008880 1123575
369950 883714
1008880 938949
369950 241592
320522 811469
173101 172665
320522 517529
173101 963326
1008880 1017955
509322 223709
369950 557899
320522 656577
173101 562999
518034 45353
173101 1049110
173101 696595
1008880 383229
1008880 1017943
320522 775967
173101 823303
1008880 1019770
173101 963339
1007388 225044
369950 753577
320522 1285172
1008880 535209
173101 476081
320522 908828
1008880 1044089
173101 778277
320522 656601
369950 1054478
320522 956889
173101 88603
1008880 348252
564251 1049114
1008880 282453
173101 963443
564251 1135764
320522 346328
369950 131979
320522 1325950
320522 1194187
1008880 1269989
173101 172428
1007388 156073
1008880 509165
369950 31317
564251 45499
320522 173101
173101 1049121
1008880 836088
1049113 408602
173101 383045
1049113 318054
173101 469741
173101 132778
1008880 594657
369950 820970
1007388 563816
1007388 1149975
320522 277529
369950 884707
564251 1007316
1008880 237395
320522 819475
1008880 509322
320522 655589
1007388 1545665
320522 242813
320522 279449
1008880 348259
369950 851694
369950 819762
1008880 459527
369950 812767
173101 274728
320522 673416
173101 954878
320522 73125
173101 376685
1008880 826616
1008880 1191514
1008880 1410916
173101 945964
1008880 271416
1007388 340396
173101 656060
509322 39729
173101 619305
1007388 1114592
1007388 211808
369950 108212
1007388 683129
320522 623822
1008880 1379976
320522 376836
1008880 504648
369950 779105
320522 376685
173101 656623
173101 1044988
320522 407824
369950 132201
173101 655569
173101 938697
173101 1001976
320522 432988
369950 624028
1007388 1007316
320522 1138440
509322 509291
173101 565736
1008880 1546195
369950 24440
509322 745575
1008880 926305
369950 547145
320522 597832
369950 942811
518034 517740
1008880 337677
1008880 1264428
1007388 1114396
509322 210959
320522 562207
369950 509424
369950 543923
173101 500273
173101 1049113
173101 512777
320522 425961
1007388 340079
320522 449610
564251 807002
320522 156422
1007388 533532
369950 962153
320522 212378
320522 948094
320522 513270
173101 71882
320522 519465
369950 149366
173101 1007388
1008880 598550
320522 374608
369950 383183
320522 626618
369950 541227
369950 308741
173101 884532
320522 522866
320522 620222
1008880 1191964
173101 375941
1008880 932768
320522 19720
509322 521162
509322 226106
369950 778997
564251 808799
1008880 752611
1008880 1191966
173101 803041
518034 1007388
369950 167027
320522 1027808
1008880 406910
1007388 1545732
320522 587999
564251 173101
320522 954878
1008880 1123572
564251 1007388
1008880 846559
320522 279448
369950 505124
173101 811840
1008880 351264
1008880 724333
518034 370038
369950 76050
320522 656060
320522 215750
320522 514945
320522 656580
1008880 323272
173101 40087
173101 329774
173101 506932
1007388 340076
369950 747185
369950 520044
320522 1379158
1007388 1545715
320522 407825
1008880 699673
320522 626632
369950 108271
369950 671904
320522 416085
1008880 748801
564251 562999
1008880 1093569
320522 160152
320522 1272113
564251 172421
1008880 928367
1008880 1191974
173101 627424
369950 224208
518034 580693
173101 1007316
320522 211874
173101 535182
1008880 1032945
173101 1049123
320522 944498
1008880 1151355
1008880 1546050
518034 773541
518034 47633
320522 224449
1007388 804839
369950 1243335
509322 369950
320522 407826
518034 517637
320522 57429
369950 520495
1008880 1151341
1008880 760090
1008880 810230
173101 136093
369950 320522
1008880 1191976
320522 254246
173101 946454
1007388 185195
173101 1049197
320522 504776
173101 274726
1008880 1267361
1008880 1464632
320522 213014
1008880 1258069
564251 1260170
518034 588059
173101 783511
1008880 217464
320522 406365
564251 1049129
518034 340079
173101 509207
1007388 408602
1008880 407820
320522 973400
173101 543782
509322 535200
320522 1202571
1008880 470633
369950 617952
369950 520878
369950 35359
173101 506465
1008880 724299
1008880 1032828
1049114 533563
369950 615622
320522 779038
320522 506287
1008880 1018444
369950 820534
1008880 224852
320522 318017
173101 626353
173101 267413
1008880 1315508
1008880 1305042
509322 811443
173101 1045718
173101 212378
320522 1269755
320522 520833
320522 810172
173101 509324
173101 968750
320522 514637
173101 1049114
173101 276892
173101 1046293
1008880 1008023
173101 656599
320522 396928
1008880 750313
1008880 1315513
320522 751603
1008880 1028761
173101 808912
173101 656627
173101 177255
369950 1285310
320522 973344
1008880 729050
1008880 1032928
1008880 271963
320522 518943
173101 510139
1008880 1032810
1008880 1032935
369950 432160
509322 89767
518034 518033
564251 533780
369950 279571
173101 885613
369950 93354
173101 1027966
1008880 811443
173101 1049109
320522 523177
173101 949339
369950 998709
1007388 1038185
173101 504708
1049114 518034
369950 108954
1008880 885859
173101 1049129
173101 1049196
369950 596981
369950 454179
173101 566096
173101 45499
1008880 1151393
173101 168624
320522 281898
518034 430638
1008880 1249653
1008880 1191909
369950 348672
1008880 1032807
173101 533048
369950 107369
173101 374644
509322 373843
369950 108979
173101 563488
173101 698653
1008880 468171
320522 1190955
1007388 1405153
173101 1048104
564251 172532
320522 344541
1008880 827513
1007388 1117284
1008880 777899
320522 821593
564251 1049113
369950 889832
173101 1049122
1007388 533563
320522 522906
173101 520859
1007388 608456
518034 1114396
320522 527920
173101 272273
320522 1302420
173101 615164
1007388 1007387
320522 719969
320522 706733
369950 595558
369950 1057624
1008880 360924
1008880 644009
369950 830026
173101 57429
173101 381824
509322 1032935
320522 537786
173101 379118
369950 753122
369950 584457
320522 1255058
509322 76266
369950 368224
173101 566045
320522 453946
1008880 1546165
320522 399867
320522 963328
173101 719969
173101 824865
509322 140134
1008880 1123497
509322 86542
320522 211569
320522 389336
1008880 1052967
369950 628119
369950 386911
320522 960591
320522 508776
369950 781399
1008880 780739
173101 566043
173101 794895
1008880 231012
320522 135206
320522 881736
320522 268572
369950 1139397
320522 1194176
509322 538135
1008880 1151354
1008880 779476
320522 803041
1007388 1545628
320522 1266493
1008880 1017952
369950 984709
1007388 1113517
1008880 932766
1049114 313217
320522 526234
320522 483661
320522 934569
320522 188222
1049113 518034
1008880 161525
1008880 330214
369950 398060
320522 384345
509322 120035
