1942 2189
5 0
1568791 3 0 1 6 6 57
385039 65 1 0 4 6 16
1191966 21 1 1 1 6 15
118797 35 1 1 0 6 16
118796 64 1 1 0 6 17
118799 25 1 1 3 5 11
512008 40 1 1 2 6 13
1368091 3 1 1 9 5 15
114702 23 0 0 2 6 53
1007616 8 0 0 4 6 52
806915 9 0 1 6 6 55
118798 77 1 0 0 6 14
614425 54 0 0 2 6 58
118801 34 1 0 0 6 15
180240 91 1 1 0 6 27
118802 4 1 0 0 5 21
348176 49 1 1 4 6 37
917526 56 1 0 6 6 13
364574 79 1 1 8 6 20
110620 31 1 1 3 6 24
233505 46 1 1 0 6 8
127011 63 1 0 0 6 25
1269815 11 1 1 6 6 19
372769 44 1 1 4 6 27
1224761 13 1 0 4 6 7
118829 1 1 0 0 5 21
118831 20 1 0 0 6 19
118830 32 1 1 0 6 13
24625 43 0 1 0 6 30
1105953 7 0 0 1 6 57
118832 37 1 1 0 6 17
167991 262 1 1 8 6 19
1003577 38 1 0 4 6 16
491569 64 1 1 7 6 16
114746 99 1 1 0 6 26
581683 48 1 0 2 6 41
139326 11 0 0 2 6 39
917582 22 1 1 9 6 29
426052 41 1 1 0 6 27
1048659 42 1 0 8 6 28
438339 124 1 0 8 6 16
32838 72 1 0 0 6 18
32839 22 0 0 0 6 18
20556 68 1 0 0 6 18
401491 5 1 0 8 5 42
774237 4 0 1 0 5 22
819291 40 0 0 4 6 23
1470542 7 1 0 7 6 51
172123 51 1 0 0 6 54
147544 24 0 1 6 6 26
344153 28 0 0 0 6 46
106589 112 1 1 0 6 21
1585272 2 1 0 1 6 57
1048689 18 1 0 2 6 12
876655 5 0 0 4 6 56
131169 152 1 0 4 5 17
639082 83 1 0 4 6 17
1048694 121 1 0 4 6 12
667745 65 1 0 8 6 18
1585269 3 1 0 7 6 38
184435 15 1 1 4 6 18
106608 39 0 1 0 6 21
28795 38 0 0 0 6 21
1388651 6 1 1 4 6 57
348282 35 0 0 1 6 55
1228946 4 1 1 8 5 5
1589401 6 1 0 3 6 60
132 59 1 1 4 6 23
135 105 1 0 0 6 21
209035 90 0 0 8 6 21
655495 106 1 0 4 6 25
614532 81 1 0 9 6 13
4249 46 0 0 0 6 19
12443 53 1 0 0 6 18
872620 5 1 1 6 6 60
491685 114 1 0 5 6 52
487588 59 1 0 4 6 10
213152 162 1 0 2 6 17
487587 83 1 0 4 6 12
684193 50 1 1 3 6 32
438455 3 1 1 4 6 40
1269931 11 1 0 1 6 52
307390 9 1 0 4 6 34
807094 4 1 1 4 6 23
831666 36 1 1 8 6 14
487623 55 1 1 0 6 31
348357 106 1 0 6 6 21
815311 3 1 1 4 5 9
1097939 7 1 0 7 6 50
41156 42 1 1 0 6 10
307392 24 0 1 8 6 23
438467 83 1 1 8 6 18
487617 64 1 0 8 6 12
889029 42 1 0 2 6 15
585920 60 0 0 8 6 14
987333 10 1 1 2 5 9
987332 12 1 1 0 5 9
987330 3 1 1 0 6 9
1183942 22 1 1 3 6 54
1065158 84 1 1 8 6 13
454865 6 1 1 0 6 40
209114 166 1 0 6 6 17
717008 126 1 0 4 6 18
438488 77 1 0 8 5 18
41183 276 0 0 6 6 18
32991 52 1 0 9 6 21
487655 56 1 0 4 6 14
487651 57 1 0 8 6 16
942314 7 1 1 3 6 26
1458417 8 0 0 3 6 62
348399 261 1 0 4 6 16
487660 72 1 0 4 5 15
659681 22 0 1 1 6 26
487659 65 1 0 8 6 16
1454331 2 0 0 5 6 44
487656 126 0 1 6 6 17
1143009 4 0 0 0 6 30
323829 106 1 0 4 6 21
925948 16 1 1 8 6 19
577788 31 0 0 2 6 50
24820 154 1 0 0 6 17
250107 42 1 0 0 6 29
1032437 7 1 1 4 6 18
684278 16 1 0 6 6 26
348409 13 1 0 1 6 47
803057 15 1 1 6 6 27
487672 38 1 1 8 6 21
491783 14 1 1 1 6 44
581898 26 1 0 1 6 46
1253654 7 1 0 4 6 24
536833 27 1 0 8 6 38
4361 62 0 0 4 6 20
200968 23 1 1 3 6 33
913693 4 0 1 1 6 32
323861 13 0 0 5 6 38
1020187 5 1 1 2 6 22
262418 15 0 1 7 6 26
909584 20 1 0 2 6 47
1331508 12 0 0 8 6 33
1028398 3 0 0 1 6 43
102690 21 0 0 6 6 37
901417 23 1 1 7 6 64
254246 509 1 1 8 6 16
102695 236 0 1 8 6 54
1032487 57 1 1 8 6 11
434476 32 1 1 8 6 31
41258 65 1 1 0 6 17
102698 2 0 1 0 5 42
114989 46 1 0 0 6 19
848161 2 0 1 7 6 34
667941 19 0 1 0 6 35
745786 16 1 1 8 6 15
344370 103 1 0 8 6 18
287038 206 0 0 4 5 16
487741 59 1 0 4 6 15
233795 99 1 1 5 6 22
53571 21 1 0 1 6 40
393538 110 1 1 6 6 17
98631 45 1 1 2 6 16
885066 6 0 0 2 6 50
516431 39 1 1 6 6 26
37193 381 1 1 8 6 19
1388895 5 1 1 6 6 62
1388890 4 0 1 5 6 55
1192256 25 0 1 8 5 21
434526 114 1 1 8 6 23
1343820 3 0 0 7 6 64
16732 34 0 0 0 6 16
172384 36 0 0 4 6 38
1126770 2 0 0 8 6 41
663918 3 1 1 0 5 20
1110392 10 0 0 1 5 51
1151355 13 1 0 6 6 12
487788 127 1 1 8 6 21
487785 174 1 1 8 6 20
520553 77 1 0 8 6 16
184690 42 1 1 2 6 48
696696 136 1 1 8 6 21
86386 45 1 1 8 6 14
487795 114 1 1 6 6 17
1524066 12 1 0 8 6 51
508273 8 1 0 8 6 16
1229165 24 1 1 6 6 20
20866 36 1 1 0 6 27
1495440 6 1 1 6 6 78
156037 78 1 1 8 6 19
188811 132 0 0 6 6 17
373131 34 1 0 2 6 52
512403 65 1 1 8 5 21
49559 41 1 0 0 6 17
180635 640 1 0 7 6 11
1462666 15 1 1 7 6 51
49566 46 1 0 0 6 16
491942 13 0 0 0 6 22
876972 2 0 1 4 6 33
1118646 17 1 1 8 6 34
65962 173 0 1 2 6 16
1249699 3 0 0 6 6 44
274868 19 0 1 8 6 18
254385 100 0 0 6 6 22
274871 90 1 1 8 6 19
557503 32 1 1 4 6 23
274867 45 0 0 8 6 18
930230 8 0 0 0 6 52
78264 56 0 0 6 6 37
926130 10 1 1 8 6 21
328120 89 1 1 6 6 20
926128 24 1 1 8 6 20
811469 96 1 1 1 6 15
823752 59 0 0 8 6 16
74183 56 0 1 0 6 39
4550 61 0 0 0 6 22
1106392 8 0 1 2 6 56
1036739 46 1 0 8 6 21
61900 81 1 0 0 6 17
53710 122 0 1 1 6 19
442824 23 0 0 4 6 29
152013 143 1 1 6 6 27
472 90 0 0 0 6 21
537041 29 1 0 6 6 17
1237449 15 0 1 6 6 53
258520 20 1 0 4 6 17
475 40 1 0 0 6 20
1163727 12 0 0 3 6 35
279012 151 1 0 3 6 16
963055 36 1 0 8 6 22
221664 52 0 0 8 6 21
381408 40 1 0 2 6 8
119273 8 0 0 6 6 19
119272 30 1 0 0 6 17
934399 27 1 0 4 6 80
16881 50 1 0 0 6 17
451060 67 1 0 1 6 16
459253 164 1 0 2 6 11
131574 62 1 0 0 6 18
250359 24 1 0 3 6 24
53749 196 0 0 6 6 20
1307110 24 1 0 8 6 16
1098219 10 1 1 3 6 52
193022 58 1 1 8 6 15
791025 13 1 0 8 6 26
127486 47 1 0 5 6 23
270854 48 0 0 8 6 23
348672 145 1 0 4 6 19
406017 43 1 1 6 6 20
1020424 58 1 0 8 6 15
492047 10 1 1 0 5 8
492046 32 1 0 0 6 14
782849 22 0 1 1 6 50
520716 16 1 0 7 6 80
1364484 12 1 1 8 6 19
4624 43 1 1 0 6 102
1597961 10 1 0 1 6 57
1552901 3 0 1 2 6 52
434709 5 1 1 8 6 44
1364480 1 0 1 2 5 18
430621 102 1 1 8 6 25
578067 7 0 0 2 6 40
25115 93 1 0 0 6 17
340513 333 1 1 8 6 20
475682 174 0 0 9 6 18
1270326 7 0 1 8 6 56
1298998 17 1 0 8 5 19
25125 30 0 0 0 6 18
799273 9 1 1 5 6 32
4645 146 1 0 2 6 18
619054 16 0 1 6 6 45
1299001 24 1 0 4 5 17
1368639 16 1 0 5 6 46
1098300 2 0 1 2 6 54
352821 20 1 0 0 6 42
156214 62 1 1 2 6 26
315953 11 1 0 8 6 25
209462 39 0 0 8 6 51
156212 6 0 1 0 6 48
156218 22 1 1 0 6 26
238142 10 1 0 0 6 41
1057326 9 1 1 7 6 22
639543 15 0 1 2 6 49
209468 35 0 0 4 6 71
668213 25 1 1 0 6 53
287291 24 1 0 7 6 16
836168 1 0 1 4 5 45
1258069 13 1 0 6 6 13
356940 49 1 0 6 6 27
229960 75 0 0 8 6 17
1450587 3 1 1 4 6 55
717406 122 1 0 6 6 19
33366 56 1 1 4 6 26
1135182 19 1 0 2 6 19
1053263 11 1 0 2 6 31
1094260 16 1 0 1 6 44
524911 115 1 1 6 6 21
49767 342 1 1 8 6 31
324205 83 1 0 0 6 41
819814 55 1 0 8 6 17
221807 567 1 0 3 6 19
1192575 19 1 1 2 6 40
172655 284 1 0 4 6 16
1049213 6 0 0 0 6 52
897660 7 1 1 4 6 24
430704 29 0 0 8 6 21
819835 44 1 0 1 6 16
98937 30 0 1 6 6 15
791157 101 1 1 8 6 13
1032819 14 1 0 6 6 18
33404 28 0 1 8 6 17
266872 21 1 1 0 6 23
430714 49 1 1 6 6 18
754292 46 1 0 4 6 26
225916 85 1 1 4 6 23
926346 32 1 1 8 6 36
799369 4 1 0 1 6 67
246405 14 0 1 0 6 34
316044 93 1 1 5 5 18
799365 12 1 0 0 6 8
930463 19 1 1 4 6 18
688792 29 0 0 2 6 45
520852 80 1 1 6 5 15
1368705 2 1 0 5 6 52
615061 5 0 1 6 6 24
926383 30 1 0 8 6 30
529067 9 1 0 0 6 54
430752 33 1 0 8 5 39
283299 74 0 0 7 6 25
389803 3 0 1 0 6 20
180909 29 1 0 0 6 21
230071 145 1 1 0 6 20
58042 17 0 1 0 6 20
680631 28 0 1 6 6 57
926384 23 1 1 8 6 27
230076 253 1 1 8 6 21
164541 36 0 0 4 6 77
58049 26 0 1 0 6 18
553675 36 1 1 6 6 26
139969 63 1 1 7 6 23
45776 43 1 0 0 6 17
520918 58 1 1 6 6 17
230097 15 1 1 8 6 29
484052 16 1 1 2 6 21
840411 27 1 1 8 6 51
926420 36 0 0 4 6 27
385753 185 1 0 4 6 18
783083 16 1 1 0 6 24
877292 2 0 0 6 5 24
148195 117 0 1 4 6 19
8933 38 0 0 0 6 17
877291 7 0 0 4 6 81
254699 59 1 0 2 6 15
111336 100 1 1 6 6 19
1032932 8 1 0 6 5 15
49903 24 1 1 0 6 22
930529 119 1 0 6 5 14
1184480 2 1 0 1 6 44
230128 31 1 1 6 6 21
791284 17 1 1 9 5 13
17147 2 1 1 0 6 20
1372905 9 1 0 4 5 18
107260 55 1 1 0 6 22
156412 120 1 1 8 6 17
1430250 12 1 1 3 6 50
1016589 7 0 0 1 6 58
504586 63 1 1 8 6 20
70412 119 1 1 6 6 21
156428 124 0 1 8 6 17
1204995 15 0 0 6 6 24
791325 53 0 1 4 6 17
279312 167 1 0 6 6 18
557853 58 1 1 4 6 21
230170 28 0 1 6 6 22
484125 4 0 0 1 6 51
1168138 14 0 0 2 6 15
1057584 69 1 0 8 6 30
107297 51 0 1 5 6 17
582441 24 0 0 1 6 38
238370 19 0 1 1 6 24
1499952 15 1 0 7 6 40
123687 38 1 0 7 6 29
697133 20 1 1 7 5 24
926499 49 1 1 8 6 31
291626 5 1 1 9 6 26
144173 103 0 0 7 6 14
41778 48 1 0 3 6 24
623421 33 0 1 6 6 33
74552 89 1 1 0 6 20
107325 34 0 0 0 6 20
516921 65 1 0 4 6 12
430904 13 0 0 5 6 36
29505 88 0 0 0 6 17
1405782 2 1 0 8 6 24
230213 111 1 1 2 6 22
230217 199 1 1 8 6 21
25420 14 1 0 0 6 18
66380 9 1 1 1 6 27
230221 165 1 1 8 6 19
844637 9 0 1 0 6 40
877404 1 0 1 7 5 53
1164099 11 1 0 2 6 33
1065797 21 1 1 8 6 12
877403 1 1 1 7 6 56
119641 6 0 0 0 6 16
234329 42 0 0 0 6 18
119642 28 0 0 0 6 22
1581893 1 1 1 6 5 52
119644 12 0 0 5 6 15
750420 48 1 1 8 6 21
877421 2 0 1 8 6 20
54112 75 1 1 4 6 21
877420 5 0 1 7 6 76
877423 11 1 1 8 6 57
238432 46 1 0 6 6 21
824168 8 1 0 8 6 52
877417 2 1 1 5 6 32
877416 1 1 1 7 6 56
877419 4 1 1 6 6 58
988008 10 1 0 2 5 23
877418 8 1 1 6 6 55
877412 1 0 1 6 6 60
877415 4 1 0 7 6 55
197480 76 0 0 8 6 15
877414 10 1 1 2 6 21
201583 15 1 1 3 6 45
877411 3 1 1 7 6 57
877410 4 0 1 8 5 72
181101 46 0 1 6 6 22
1254242 20 1 1 4 5 3
680824 29 0 1 8 6 26
795513 7 0 1 0 6 36
258932 65 0 0 8 6 14
115578 23 1 0 0 6 20
299897 20 0 0 0 6 36
877424 13 1 1 4 6 53
160636 11 1 1 0 6 27
62336 46 1 1 0 6 24
820109 81 1 0 8 6 18
824205 49 1 0 8 5 44
381827 186 0 0 9 6 13
504719 114 1 0 4 6 39
504718 129 1 1 4 6 28
164747 59 0 0 3 6 25
504716 95 1 0 2 6 20
820103 26 1 0 8 6 25
467850 11 1 0 9 5 16
365451 31 1 1 6 6 22
725915 36 1 1 2 6 31
1291136 14 1 0 4 6 38
1463173 6 1 1 4 5 11
504721 41 1 0 4 6 18
660381 15 1 1 3 6 49
938903 16 1 0 1 6 26
471973 48 1 0 1 6 49
1164217 8 0 1 3 6 47
123820 736 1 0 2 6 17
25517 11 0 0 0 6 16
181164 29 0 1 0 6 16
119726 35 0 0 7 6 17
508853 67 1 1 4 6 28
119731 3 0 0 0 6 20
119730 28 0 0 2 6 19
9142 45 1 0 0 6 19
119737 5 1 1 2 5 10
308157 95 1 0 0 6 19
119739 1 0 0 9 6 39
119738 38 0 0 1 6 20
385977 92 1 0 8 6 19
119741 9 0 0 4 6 18
119740 91 1 0 0 6 19
1340373 8 1 0 2 6 54
961 12 0 0 0 6 20
1520597 1 1 0 6 5 21
844750 3 0 1 0 6 39
877519 12 1 1 7 6 31
422853 21 0 0 1 6 51
635852 6 1 1 0 6 57
1311699 9 0 0 1 6 49
943049 29 1 1 7 6 71
852932 20 1 1 6 6 99
435148 50 1 1 8 6 23
938949 25 1 0 1 6 15
504778 33 1 1 2 6 11
926687 31 1 1 8 6 29
787421 34 1 1 6 6 17
373718 124 1 1 6 6 49
373713 23 1 1 6 6 50
1098694 4 1 1 2 6 45
37847 119 1 0 0 6 17
799697 70 1 1 2 6 54
775125 66 1 0 9 6 17
271322 384 1 0 4 6 15
930769 27 1 0 0 6 19
504807 41 1 0 2 6 15
1111026 16 1 1 6 6 56
78818 757 1 0 2 6 23
877540 7 1 1 4 6 37
1045476 19 1 1 7 6 52
951267 21 1 1 5 6 51
504809 99 1 0 2 6 14
877539 2 0 1 2 6 31
504808 164 1 0 8 6 15
877565 1 1 1 4 6 48
877564 9 1 1 6 6 67
877567 1 1 1 4 5 37
1225697 10 0 0 2 6 46
979960 9 0 0 8 6 28
877562 10 0 1 1 6 47
513019 14 1 0 1 6 58
119804 55 0 0 0 6 25
852976 5 1 1 2 5 41
177148 80 0 0 0 6 23
1098768 2 0 0 2 6 47
853005 17 1 1 6 6 52
877581 1 0 1 4 6 52
877583 7 1 1 4 6 38
877582 8 1 1 4 5 48
701454 2 1 1 3 5 84
177159 191 1 1 6 6 25
1045513 27 1 1 7 6 52
877579 3 1 1 4 6 48
820235 49 1 1 4 5 15
852997 19 1 1 6 6 71
877573 2 0 0 3 5 53
54282 114 1 0 0 6 18
877574 1 1 1 4 5 52
877569 8 1 1 1 6 65
877568 1 0 1 4 6 51
877571 1 0 1 8 5 63
607238 13 1 1 6 6 27
877570 3 1 1 4 5 51
877597 3 0 1 1 6 52
1025054 5 0 1 2 6 47
877596 4 1 1 1 6 47
1164291 19 0 0 0 6 45
877598 1 1 1 4 6 57
877595 8 1 1 4 6 59
877594 8 1 1 1 6 46
504863 31 1 1 9 6 22
1209354 3 1 1 0 5 72
877589 1 0 1 1 5 43
877588 4 1 1 2 6 84
877591 1 1 0 0 6 66
877590 3 1 1 1 6 79
906257 9 1 1 2 6 53
504857 49 1 1 3 6 10
119839 9 1 0 0 5 16
853010 13 1 1 1 6 60
119838 23 1 0 0 5 20
627753 20 1 1 8 6 19
119845 53 1 0 0 6 17
508960 36 1 0 8 6 26
1373235 16 1 0 6 6 52
435243 24 1 0 8 6 23
877600 4 1 0 0 6 64
820281 16 1 1 4 6 17
791609 27 1 1 2 6 51
107572 10 0 1 0 6 14
513073 172 1 1 6 6 21
705588 46 1 0 4 6 15
1229868 5 0 0 1 6 57
578615 8 0 1 3 6 34
980045 18 1 1 6 6 14
746574 119 0 0 4 6 19
468034 50 1 1 5 6 33
238661 44 1 0 5 6 22
476239 77 0 1 8 6 44
328780 25 0 1 3 6 27
648256 21 0 1 7 6 24
627779 16 1 0 4 6 16
1557597 2 1 1 0 6 57
54347 31 1 0 0 6 17
562244 39 1 0 2 6 36
382024 201 1 0 4 6 18
29774 9 0 1 0 6 32
332874 79 1 0 4 6 26
1164352 7 0 0 1 6 53
5203 105 1 1 0 6 20
750684 48 1 0 4 6 16
640080 25 0 1 2 6 37
943214 25 1 1 9 6 23
820331 30 1 1 9 6 28
119917 49 0 0 2 6 20
1332345 1 1 0 8 5 21
820321 31 1 0 8 6 19
119916 27 0 0 0 6 17
1148031 10 0 1 0 6 10
119919 20 1 0 2 6 14
640102 14 1 1 6 5 29
119918 13 0 0 0 6 19
119921 3 0 0 4 6 82
504950 58 0 1 4 6 19
119920 57 0 0 0 6 18
119922 31 1 0 0 6 17
283769 112 1 0 8 6 21
242813 202 1 1 6 6 10
107646 1837 1 1 2 6 24
504967 93 1 1 8 6 26
423047 15 0 1 8 6 28
382087 60 1 0 6 5 16
1254550 27 1 0 4 6 7
603276 204 0 0 8 6 18
971912 15 0 0 2 6 46
83083 18 1 0 3 6 53
894087 33 0 0 2 6 35
328846 54 1 1 4 6 22
1332376 11 1 0 4 6 25
1008771 51 1 0 6 6 45
476297 52 1 0 6 6 48
480406 36 1 0 8 5 14
1148032 14 1 1 1 6 10
451733 22 0 0 6 6 45
1074312 86 1 0 2 6 22
750737 74 1 1 4 6 16
1033361 10 1 1 2 5 14
480408 30 1 0 8 5 14
615574 37 1 0 4 6 13
435366 90 1 0 2 6 45
828590 30 1 1 4 6 17
275617 47 0 0 4 6 48
726188 4 0 1 0 6 54
1082552 64 0 0 4 6 15
754851 27 0 1 3 6 44
1016998 36 1 0 3 6 41
1066170 4 1 1 5 5 69
79022 81 1 1 9 6 18
210098 67 1 0 2 6 18
246967 108 1 1 0 6 11
1172647 5 1 1 0 6 29
1074347 26 1 1 8 6 21
107711 30 1 1 2 6 16
197827 6 1 1 0 6 35
54470 42 0 0 0 6 17
1098968 20 1 0 6 6 20
537793 46 1 0 2 6 29
468171 120 1 0 6 6 15
70862 30 0 1 7 6 20
378069 57 1 1 6 6 21
640219 34 0 0 6 6 25
984284 5 1 0 5 6 38
21716 46 0 0 0 6 20
9429 12 0 0 0 6 17
148703 87 0 1 0 6 24
808147 23 0 0 1 6 55
1045743 35 1 0 6 6 29
50400 15 1 0 0 6 18
509165 39 1 1 6 6 15
1516796 2 1 0 8 6 29
111850 15 1 1 0 6 17
828643 10 0 1 8 6 27
165106 80 0 1 2 6 41
1402087 7 0 1 6 6 49
591101 41 1 1 6 5 8
103668 129 1 0 0 6 21
984313 13 0 0 6 6 41
111863 44 1 1 0 6 21
615664 54 1 0 8 6 14
13563 93 1 0 0 6 20
283897 66 1 0 3 6 23
320762 70 0 0 6 6 19
1008880 96 1 1 6 6 16
537864 153 1 1 6 6 16
816398 98 1 0 8 6 20
1189142 5 0 0 1 6 39
529664 44 1 0 4 6 19
197899 24 1 0 2 6 11
1312030 4 1 0 1 6 61
529668 10 0 1 0 6 24
156947 141 1 0 8 6 17
464149 37 0 0 3 6 42
70931 14 0 1 5 6 33
234779 87 1 1 8 6 9
177433 60 1 0 4 6 24
349465 41 0 1 8 6 23
234783 52 1 1 0 6 8
1045778 9 1 0 2 5 16
1225999 66 1 1 5 6 40
693525 9 1 0 3 6 74
70944 22 1 1 8 6 17
443681 13 0 0 4 6 20
42279 76 0 0 0 6 17
202027 19 1 1 2 6 28
95530 38 0 1 2 6 17
17708 37 0 1 0 6 20
374057 26 0 0 8 6 25
202030 13 1 0 2 6 52
202033 5 1 0 2 6 40
1582381 1 1 0 8 6 41
898363 43 1 0 6 6 26
30008 75 0 1 0 6 22
1574178 10 1 1 8 6 60
820534 96 1 1 2 6 15
1303855 10 1 1 8 6 32
1414441 6 1 0 2 6 47
1213740 9 1 1 0 6 26
177468 41 1 0 0 6 20
955697 8 1 1 5 6 60
877900 23 1 1 0 6 27
886094 33 1 1 4 6 24
521540 159 1 1 4 6 17
1078616 18 1 0 4 5 12
1013061 82 1 0 8 6 12
1082688 37 1 0 1 6 48
886108 23 1 1 2 6 35
750937 20 1 1 4 6 19
1135941 12 1 1 8 5 35
9556 105 1 0 2 6 35
95573 53 1 0 2 6 16
836954 47 1 1 2 6 30
521565 15 1 0 8 6 9
464220 52 1 1 0 6 10
75101 68 1 0 8 6 16
83294 26 1 0 0 6 12
111966 100 1 1 0 6 12
308580 49 1 1 0 6 21
1115504 10 1 1 8 6 33
21858 102 1 1 0 6 19
1242489 6 0 0 6 6 48
181622 148 1 0 2 6 23
1205607 8 1 1 2 6 58
177530 38 0 1 0 6 35
861557 22 1 1 8 6 14
1291626 21 1 1 8 6 11
640368 23 1 1 2 6 16
435580 22 1 0 8 6 55
1115498 9 1 0 8 6 7
435578 61 0 1 8 6 17
1140077 11 0 0 5 6 43
226686 108 0 0 6 6 16
415096 19 1 1 0 5 22
1115502 26 1 0 8 6 9
894348 51 1 1 4 6 17
1574302 2 0 0 1 6 60
247179 85 1 1 1 6 13
66952 59 1 0 6 6 11
165259 55 1 0 2 6 52
857478 22 0 1 7 6 46
95631 57 1 1 2 6 16
689566 94 1 0 4 6 22
1512834 6 1 1 7 6 70
1070477 35 1 1 7 6 23
148892 119 1 0 8 6 15
1013167 53 1 0 9 6 28
599465 30 1 0 1 6 54
222625 119 1 1 6 6 24
1148338 9 0 0 2 6 43
505250 117 1 1 8 6 20
308641 10 1 1 4 6 81
103844 46 1 0 0 6 20
1336766 10 0 0 6 6 22
103851 14 0 1 0 6 16
267689 66 1 1 2 6 28
1041824 24 1 1 3 6 52
165298 60 0 0 4 6 15
894393 16 1 0 6 5 20
1627567 2 1 1 0 6 44
501180 26 1 1 5 6 35
120253 50 1 0 0 6 15
1430994 5 1 0 7 6 52
325059 26 0 0 8 6 16
521679 15 1 1 2 6 16
21967 75 0 0 8 6 22
550360 132 1 1 4 6 15
177617 91 1 1 8 6 27
1299911 15 1 1 4 6 21
1070533 2 1 1 0 6 42
58837 12 0 0 0 6 20
1091020 20 1 1 8 6 13
751075 22 1 0 9 5 16
620002 14 0 0 0 6 48
382446 40 0 1 4 6 24
181742 165 1 0 4 6 19
1058300 31 1 0 8 6 24
1291773 25 1 0 9 6 29
677372 25 0 0 5 6 23
108022 36 0 1 4 6 10
1328620 2 0 1 2 5 56
1607139 2 1 1 5 5 52
1607140 1 1 0 5 5 44
87551 52 0 1 4 6 17
108031 35 1 1 2 6 15
1115665 10 1 1 8 5 12
292357 67 1 1 0 6 22
1168916 6 0 0 2 6 56
1058326 21 0 1 8 6 34
1529360 2 1 0 7 6 21
1058328 33 1 1 8 6 29
935430 31 1 1 8 6 27
783872 64 1 0 7 6 43
611846 28 1 1 8 6 28
767515 21 0 0 6 6 24
1373701 12 1 1 8 6 17
1566214 4 0 1 6 5 55
1537542 6 0 0 1 6 60
669208 32 0 0 4 6 15
1390083 13 0 0 6 6 50
546325 39 1 1 2 6 24
1115663 11 1 1 4 6 9
431654 16 1 1 8 6 26
869933 7 1 0 4 6 51
1422900 6 1 1 3 6 52
1328689 2 1 1 7 6 57
112167 67 1 1 0 6 21
1332797 26 1 0 2 6 48
1328699 3 0 1 8 6 54
1066528 7 0 1 0 6 34
902716 47 1 0 8 6 50
341567 64 1 0 5 6 42
407100 225 1 1 8 6 19
1099307 25 1 1 6 5 17
1009204 11 0 1 2 6 27
534071 24 1 0 6 6 23
9793 29 1 0 0 6 15
726601 17 1 0 4 6 21
566849 16 0 1 4 6 42
42571 142 1 0 8 6 22
1267295 17 1 0 8 5 22
1451608 8 1 0 5 6 63
42576 110 0 0 4 5 17
1328710 2 1 1 2 6 58
1164866 6 1 1 0 6 43
1340992 2 1 1 8 6 16
18005 154 1 1 0 6 20
448081 66 1 1 6 6 20
1341005 1 1 1 8 5 26
722513 82 1 0 6 6 18
284254 142 1 0 2 6 41
276063 30 1 0 4 6 24
751191 15 1 0 9 6 16
755287 18 1 0 4 6 38
271963 136 1 0 6 6 15
1291891 19 1 0 8 6 46
1635 58 1 1 0 6 22
657007 28 1 0 6 6 12
1201780 18 0 0 5 6 58
95849 43 0 0 2 6 16
18030 89 1 1 0 6 18
566887 17 0 1 6 5 21
50800 89 1 0 0 5 12
50802 21 0 1 0 6 20
108147 79 1 1 4 6 23
1459813 4 1 0 2 6 65
431731 38 1 1 7 6 16
1263205 8 0 0 8 6 47
1332835 10 1 1 5 6 57
652913 31 0 0 6 6 37
657011 21 1 1 8 6 40
657008 22 1 0 2 6 32
657009 64 1 1 2 6 24
370299 22 1 1 0 6 32
120449 13 1 1 2 6 22
1328797 11 1 1 6 6 15
472715 210 0 0 8 6 17
525978 42 0 1 8 6 20
1386118 9 0 0 6 6 49
251536 47 1 1 6 5 64
657055 15 1 0 1 5 38
1291915 9 1 1 8 5 19
620178 59 1 0 8 6 19
1472141 6 1 1 2 6 55
1103501 6 1 0 3 6 47
1398408 4 0 0 1 6 61
505511 59 1 1 8 6 20
870056 48 1 0 2 6 51
566959 39 1 0 6 6 17
83622 53 1 1 0 6 19
132778 394 1 0 4 6 16
140970 95 1 0 3 6 21
939682 31 1 1 4 6 13
317108 66 0 0 8 6 21
1164961 3 1 1 2 6 55
452274 88 1 1 6 5 16
1394337 17 1 0 5 5 28
226999 49 1 1 0 6 10
505520 187 1 0 8 6 15
1226410 23 1 1 6 6 28
1255083 11 1 1 4 6 23
100028 16 1 0 2 6 35
665269 24 1 1 4 6 32
124608 33 0 1 0 6 20
71364 59 0 1 4 6 18
534221 12 1 1 1 6 21
108233 17 0 0 2 6 37
763586 26 1 1 8 6 9
886468 6 1 1 8 6 23
440012 15 1 0 0 6 64
288462 94 1 0 3 6 17
1414873 7 1 0 6 6 48
513736 134 1 1 1 6 11
198353 6 0 0 8 6 24
419538 36 1 0 7 6 28
1488579 6 0 1 6 6 41
272082 211 0 0 6 6 17
542430 33 1 0 2 6 21
280274 177 0 0 6 6 19
1226445 30 1 1 6 6 12
997102 15 0 0 2 6 45
63202 31 0 0 0 6 20
1341169 2 1 0 8 6 13
820970 122 1 1 9 6 11
9958 16 1 0 2 6 49
124649 37 0 1 0 6 19
837349 25 1 0 0 6 8
562913 50 1 1 6 6 27
755426 56 1 0 8 6 33
718561 94 1 0 6 6 22
26347 82 1 1 0 6 18
603876 3 0 0 0 5 39
509673 15 1 1 8 6 52
722683 16 0 0 6 6 41
493300 29 0 0 8 6 19
673535 21 0 0 6 6 18
607986 15 0 0 6 6 38
1033972 20 1 0 9 6 25
472838 43 1 0 8 6 23
1099537 4 1 1 2 6 54
1341207 1 1 1 4 5 9
489218 32 1 1 4 6 17
1054485 34 1 0 8 6 16
30470 63 0 0 0 6 17
1054464 22 1 0 8 6 17
657180 60 1 1 8 6 23
841498 19 1 0 6 5 87
583455 36 1 1 2 6 19
612114 16 1 1 0 6 41
1255217 8 1 0 4 6 28
415520 108 1 1 3 6 26
1054525 56 1 0 8 6 19
116527 8 0 1 0 6 32
321332 52 0 0 0 6 24
788284 46 1 0 2 6 27
517941 29 0 1 6 6 33
1271585 13 1 0 2 6 10
644923 143 1 0 4 6 14
124725 57 1 1 0 6 24
370483 38 1 0 0 6 12
132922 15 1 1 0 6 36
763703 69 1 0 4 6 16
763700 87 1 0 4 5 16
960305 11 1 0 4 6 32
1074991 17 1 0 1 6 40
10047 22 0 1 3 6 27
26433 139 0 0 0 6 17
1013581 32 1 1 3 6 36
1140562 11 1 1 0 6 42
268097 5 1 0 0 6 42
644942 27 1 1 6 6 19
1054552 22 1 1 8 6 33
538434 36 0 1 6 6 18
1333082 7 1 0 8 6 20
370507 31 1 1 4 6 21
407369 10 1 1 2 6 52
870239 95 1 1 8 6 49
1120073 54 1 0 2 6 46
989039 17 0 0 1 6 54
767848 28 1 1 1 6 51
620398 44 0 0 8 6 21
440175 73 1 0 1 6 23
997221 10 1 0 2 5 44
1054591 8 1 1 0 6 49
763771 5 1 1 4 5 14
366449 35 1 0 0 6 13
243574 238 1 0 8 6 10
763773 12 1 1 8 6 28
67449 157 1 0 6 6 17
440189 10 0 0 3 6 39
1046385 27 1 1 6 6 45
264058 6 0 0 1 6 56
87937 175 1 0 8 6 16
481158 33 1 0 0 6 10
18306 103 1 0 0 6 19
1046409 32 1 1 6 6 13
706432 26 0 0 4 6 15
63371 17 1 1 6 6 23
571269 156 1 0 4 6 16
1308573 24 1 0 6 6 54
509843 19 1 1 4 6 16
1374080 6 1 0 4 5 23
452496 10 0 0 4 6 48
321438 230 0 0 4 6 18
1296264 13 1 0 4 6 36
513958 45 1 1 9 6 21
296870 69 1 0 2 6 22
34724 74 1 0 0 6 15
1095606 26 1 0 8 5 35
370607 29 0 0 0 6 28
247720 34 1 0 0 6 42
51118 73 1 1 0 6 34
333738 121 1 1 8 6 26
792483 38 1 1 8 6 22
391093 62 1 0 0 6 26
501684 63 1 0 6 6 15
1566624 19 1 1 8 6 57
567220 10 0 1 0 6 32
755636 35 1 1 9 6 31
505796 40 1 1 4 6 22
903113 34 1 1 6 6 17
1025994 42 1 1 8 6 21
1189848 9 1 0 8 6 10
1005509 17 0 0 1 6 42
899014 19 1 1 9 6 19
866246 51 1 0 8 6 15
370633 111 0 1 4 6 17
1124317 33 1 1 7 6 46
1058783 26 1 1 6 5 24
1329094 16 1 0 2 6 52
1136580 5 0 0 1 6 55
108504 28 1 0 0 6 9
460765 32 0 0 8 6 18
75741 38 1 1 2 6 19
67552 58 1 1 6 6 24
1058802 17 1 1 9 5 43
456676 20 1 1 8 6 21
38885 50 0 0 0 6 17
26598 108 0 0 0 6 17
821221 43 0 1 4 6 43
767968 3 1 0 6 6 21
776165 65 0 0 4 6 17
833535 19 1 1 7 6 28
1296363 18 1 0 8 6 22
14334 76 1 1 0 6 17
63488 17 1 0 0 6 18
182273 15 1 1 0 6 10
423937 36 0 1 0 6 15
59399 19 1 1 8 6 10
526336 151 1 0 4 6 18
374799 74 1 0 8 6 17
415756 95 1 1 6 5 26
894979 14 1 0 3 6 45
1423387 7 1 0 1 6 48
763908 32 1 0 4 6 22
145421 122 1 1 8 6 21
657435 13 1 1 1 6 27
792600 21 1 0 6 6 9
563218 138 1 1 4 6 24
542760 30 1 1 3 6 28
952364 4 1 1 6 6 14
522277 38 1 1 8 6 26
137254 43 0 0 0 6 12
6180 59 1 1 0 6 16
538669 14 1 1 8 5 24
661549 20 1 1 2 6 15
14375 61 0 0 0 6 17
1140795 5 1 0 2 6 52
30762 10 1 1 3 6 48
763941 25 0 1 8 6 15
272427 35 1 1 2 5 13
1452067 13 1 0 5 5 38
792633 15 0 0 1 6 59
374834 103 1 0 8 6 15
407614 5 0 0 8 6 23
538674 32 1 1 8 6 33
538675 34 1 0 4 6 29
538676 29 1 1 8 6 21
346168 191 1 1 8 6 15
841778 13 0 0 2 6 49
112705 31 1 1 0 6 18
124992 67 0 0 0 6 19
1357904 8 1 0 8 6 17
874568 9 1 1 8 6 27
96324 51 1 0 7 6 24
63557 89 1 0 0 6 17
1304671 3 0 0 1 6 56
22605 68 1 0 0 6 18
464968 41 0 0 8 6 17
71760 52 0 1 0 6 17
944220 1 1 1 7 6 21
1271878 8 1 1 0 6 48
178260 20 0 1 6 6 39
604242 26 1 1 8 6 36
632918 43 0 1 4 6 28
374887 70 1 0 8 6 20
895081 6 0 1 0 5 10
358498 61 1 0 5 6 17
71782 61 1 1 0 5 17
948327 11 0 1 4 6 25
329833 89 1 0 8 6 20
1304702 3 1 0 5 6 63
571494 4 0 1 0 6 32
141424 155 1 1 4 6 23
354423 79 0 0 4 6 21
919677 18 1 1 8 6 20
1370223 5 0 0 6 6 44
1480862 24 1 1 6 6 46
1214619 6 0 1 8 6 17
1611923 4 1 0 6 6 49
465035 45 1 0 2 6 20
678023 12 1 1 8 5 51
317589 8 1 0 0 6 29
297110 119 1 0 7 6 22
510098 45 1 0 6 6 40
1149063 18 1 0 2 6 48
510111 70 1 1 6 5 18
125083 77 1 0 0 6 21
75930 11 1 1 0 6 17
600213 10 0 0 6 6 32
723094 13 0 0 1 6 55
309402 26 0 1 1 6 19
1411210 5 1 0 2 6 59
538793 82 1 1 8 6 19
1566908 2 0 0 1 6 50
6316 84 0 0 4 6 19
1149089 12 0 0 6 6 49
317622 8 0 1 9 6 23
96443 17 1 1 3 6 51
288952 20 0 1 7 5 23
194751 59 0 0 6 6 17
587958 3 0 1 4 6 40
968911 44 1 0 6 6 22
399564 54 0 1 6 6 18
948420 3 1 1 4 5 36
104650 72 1 1 6 6 18
1116381 13 1 1 6 5 19
1042626 3 0 0 1 6 57
600282 33 0 0 6 6 23
383185 395 1 0 4 6 15
55510 134 1 0 7 6 29
88280 635 1 0 1 6 19
727250 33 1 0 1 6 20
141529 47 0 1 2 6 16
22749 171 0 1 2 6 33
1206515 11 0 1 3 6 46
501989 12 0 1 3 6 19
440546 29 0 1 1 6 22
1206516 10 0 1 3 6 50
514285 65 1 1 6 6 15
141550 11 0 0 2 6 79
1341671 4 0 0 1 6 62
715004 116 1 0 6 6 20
116989 26 1 1 8 6 24
329991 59 1 0 2 6 44
735502 6 0 1 3 5 5
6408 110 1 0 0 6 19
10504 84 1 0 0 6 22
35080 54 1 0 0 6 18
1370397 12 1 0 6 6 53
317711 15 0 0 2 6 44
248072 59 1 0 9 6 48
944387 26 0 0 8 6 22
956675 26 1 0 6 6 47
71951 90 1 1 6 6 20
825630 13 1 1 7 6 9
6424 48 1 0 0 6 17
780562 86 1 0 6 6 20
88346 169 1 0 8 6 42
743726 16 0 1 8 6 17
923945 26 1 0 2 6 16
821543 10 1 0 6 5 15
100650 27 1 1 0 6 10
129327 44 0 1 0 6 26
51504 36 1 0 0 6 15
493885 53 1 0 8 6 29
1157419 6 1 0 6 6 41
280895 65 1 0 2 6 57
1378644 6 1 1 6 6 39
280903 31 0 0 4 6 46
493889 98 1 1 8 6 25
571715 11 1 1 6 6 31
2380 72 1 0 0 6 19
1378651 7 1 1 6 5 18
645465 45 1 1 2 6 46
31058 85 0 0 0 6 23
510298 25 1 1 1 6 22
371045 26 1 1 0 6 21
506215 18 1 0 2 6 12
399718 10 0 1 6 6 37
493923 72 1 0 8 6 23
207215 19 0 0 8 6 49
1030499 10 0 0 2 6 55
518506 41 1 0 8 6 21
1116540 12 1 1 4 6 10
231795 21 0 1 6 6 24
469366 33 1 1 1 6 19
190836 36 1 1 1 6 24
338303 129 1 0 6 6 18
1202537 7 1 0 8 6 31
18816 70 0 0 0 6 17
22918 205 1 0 0 6 18
899461 7 0 1 6 6 40
420234 49 0 0 6 6 21
1309059 6 0 0 6 6 74
1231232 9 1 0 4 6 17
375191 95 1 1 4 6 22
420243 41 0 0 7 6 16
31135 21 1 1 0 6 38
797103 93 1 1 6 6 27
1190325 51 1 0 2 6 32
31146 106 1 1 7 6 25
919998 65 1 1 8 6 20
27056 98 1 1 5 6 21
731576 18 1 1 1 6 20
55738 73 1 1 3 6 19
1182160 13 1 0 6 6 18
1608154 1 1 0 3 5 47
1382877 2 0 1 2 6 56
530880 5 1 0 8 6 17
715203 7 1 1 6 6 24
1374685 1 1 1 8 5 14
350671 11 1 0 0 6 44
891334 26 1 1 0 6 39
1247711 11 1 1 2 6 17
154064 8 0 0 2 6 55
195030 2 0 0 1 6 62
727519 35 1 0 1 6 57
825815 39 0 0 7 6 17
1083853 4 0 1 2 6 53
522712 12 1 0 6 5 17
641513 63 1 0 2 6 15
1018349 11 1 0 1 6 20
330214 87 1 0 6 6 13
1292791 18 1 0 9 6 16
862697 9 1 0 3 6 58
690658 88 1 0 8 6 9
14824 62 1 1 0 6 18
68074 115 0 0 6 6 20
727546 92 1 0 8 6 15
780793 23 1 1 0 6 34
129523 63 0 1 0 6 20
649723 14 0 1 7 6 63
727544 98 1 0 8 6 15
862718 15 0 0 3 6 47
51700 16 0 1 4 6 33
862713 17 1 0 1 6 61
104950 62 1 0 0 6 22
162293 126 1 1 1 6 21
244219 34 1 0 2 6 16
129528 58 1 1 4 6 85
104955 82 1 1 0 6 21
395773 6 0 1 0 6 43
129533 30 1 1 0 6 20
1014287 8 0 1 0 6 34
612873 61 1 1 7 6 25
698889 15 1 0 2 6 46
1489425 64 1 0 6 6 53
772610 11 1 0 8 6 7
14857 95 0 0 0 6 16
772609 10 1 0 8 6 29
772608 8 1 0 8 6 9
1440283 7 0 0 2 6 48
899614 38 0 1 6 6 47
322064 153 1 0 8 6 17
616989 19 0 1 8 6 32
862745 8 0 1 3 6 66
662047 33 0 1 6 6 19
1104390 10 1 0 8 6 17
1296901 6 1 1 7 6 70
51738 98 1 0 0 6 20
1513992 9 1 0 6 5 56
1255986 8 0 0 2 6 58
522788 82 1 0 9 6 16
244256 89 1 0 8 6 16
322081 63 1 1 0 6 23
764451 13 0 0 4 5 15
584227 10 1 1 5 6 73
817723 36 1 1 2 5 12
51775 153 1 0 0 6 13
137789 75 1 1 0 6 18
436812 14 1 0 5 6 30
494154 14 1 0 4 6 31
494153 48 1 1 8 6 30
39504 86 1 0 9 6 19
473687 68 1 0 1 6 15
105042 81 1 1 8 5 62
1305159 3 1 0 6 6 18
567900 31 0 0 1 6 55
105045 35 1 1 0 6 17
121430 30 0 1 0 6 20
105049 26 1 1 0 6 15
59993 21 0 0 0 6 38
326238 130 1 1 8 6 19
105055 32 1 1 7 5 17
752212 64 1 1 6 6 16
1284684 6 0 0 8 5 17
1477238 5 1 0 9 6 56
1034861 41 1 0 8 6 17
113253 24 0 0 2 6 20
72294 254 1 1 4 6 17
72296 355 1 0 4 6 16
1075834 18 1 0 1 6 56
490093 23 1 1 7 6 17
51820 88 1 0 0 6 22
109164 76 1 1 0 6 21
924257 33 1 1 2 6 39
764536 45 1 1 8 5 77
1096293 23 0 1 3 6 46
1202794 30 1 1 8 6 20
1260139 18 1 0 1 6 51
1190507 11 1 0 1 6 58
399997 344 1 1 4 6 20
113274 110 1 0 0 6 20
277113 43 0 1 0 6 38
121468 66 1 1 0 6 21
1243757 50 1 0 8 6 26
879244 5 0 0 2 6 49
400004 93 1 1 6 6 17
518789 127 1 0 3 6 13
379532 141 1 1 9 6 15
379534 102 1 1 9 5 12
756352 66 1 0 6 6 18
699014 53 0 0 1 6 52
39569 47 0 1 0 6 19
531097 21 1 0 1 6 52
6801 53 1 1 1 6 23
1534607 2 1 1 6 5 42
6810 527 0 1 3 6 16
1534605 3 1 1 6 5 47
1534604 1 1 0 6 5 41
1149578 6 0 0 2 6 47
1534603 1 1 1 6 5 34
1534600 3 0 1 6 6 47
1034927 33 1 1 2 6 3
744105 16 0 0 1 6 44
1116856 7 1 0 4 5 29
379560 196 1 0 6 6 11
1243810 22 1 1 8 6 37
1006269 9 1 1 8 6 27
363190 97 1 0 8 6 21
1120932 10 1 0 6 6 42
780977 10 1 1 8 6 63
1489578 3 0 0 1 6 65
1034930 22 1 0 8 6 36
1620698 1 1 1 2 6 50
285390 51 0 0 4 6 15
72395 105 0 1 6 6 18
228040 39 1 0 2 6 12
105164 29 0 1 0 6 17
285387 202 1 0 8 6 15
1620681 1 1 1 2 6 51
494293 36 1 1 4 6 23
92883 18 0 0 8 6 43
88786 255 1 1 8 6 19
1505985 3 1 1 6 5 24
142042 45 1 0 2 6 27
383711 35 1 1 0 6 40
539349 6 0 0 8 6 22
400102 211 1 0 6 6 14
101088 104 1 1 3 6 17
31458 114 1 0 5 6 15
1264368 2 0 1 6 6 50
1145586 6 1 1 8 6 49
1030891 19 0 0 6 6 23
985835 12 0 0 6 6 31
535266 38 0 1 6 6 19
23277 14 0 1 3 6 25
572157 74 0 0 4 6 16
1026809 13 1 0 5 6 25
989942 16 0 1 1 6 19
1247976 3 0 0 1 6 59
1231596 4 0 0 2 6 48
1354517 15 1 1 3 6 49
539402 43 1 0 4 6 23
133888 70 1 1 0 6 24
1465106 12 1 0 1 6 29
68356 40 0 0 0 6 17
527119 52 1 0 5 6 19
510720 37 1 0 6 6 26
576258 65 1 0 0 6 11
1375000 15 1 0 9 6 36
453385 11 1 1 3 6 61
785179 89 1 0 6 6 18
105233 130 1 0 0 6 24
502549 107 0 0 8 6 23
269073 104 1 0 4 6 17
1207047 14 1 0 8 6 22
68372 93 1 1 4 6 24
510736 40 1 1 8 6 22
88861 344 0 0 6 6 16
211740 60 1 1 4 6 17
1375024 3 1 1 0 6 14
39722 132 1 1 0 6 22
449323 29 1 1 6 6 10
822051 7 0 1 3 6 38
908089 27 1 1 8 6 22
1047353 25 1 1 6 6 16
535359 76 1 1 6 6 33
514877 2 1 1 4 6 22
346948 77 0 0 8 6 18
932684 54 1 1 8 6 18
539468 106 1 1 8 6 18
723790 34 1 0 8 6 22
1317726 4 1 1 5 5 16
1145691 25 1 0 8 6 46
129866 70 1 1 0 6 20
2891 51 1 0 0 6 15
260947 80 1 1 2 6 25
23376 35 0 1 0 6 17
52050 272 1 0 0 6 21
23378 51 0 1 0 6 18
1194817 5 0 1 6 6 78
781150 83 1 0 2 6 14
1375042 2 1 1 4 6 22
564053 37 1 0 6 6 22
105310 6 0 1 0 6 16
617322 11 0 1 5 6 44
113506 86 1 1 0 6 27
723822 3 1 1 7 6 55
47975 87 0 1 0 6 20
121707 75 1 1 8 6 20
1207160 24 1 1 8 6 20
211816 150 1 1 8 5 15
433005 31 1 0 9 6 23
224110 92 1 0 7 6 22
1190781 19 0 1 8 6 44
15215 69 0 0 8 6 21
662396 42 0 1 8 6 19
678780 4 1 0 2 6 25
199540 69 0 0 6 5 17
125819 9 0 1 0 6 40
555891 84 1 1 6 6 14
449403 42 1 1 8 6 25
48000 10 0 1 0 6 39
1268627 6 1 1 8 6 14
691080 3 1 1 2 5 25
568203 25 0 0 2 6 39
449410 30 1 1 8 6 12
1088405 16 1 0 1 6 59
1207194 23 1 0 8 6 20
248715 32 1 1 4 5 58
670618 10 1 1 6 6 9
670619 35 1 1 6 6 30
670616 15 1 1 8 6 10
19346 15 0 1 4 6 18
1297280 4 1 0 8 5 9
670617 11 1 1 6 6 6
80789 270 1 1 4 6 15
969625 13 0 0 6 6 39
506783 90 1 1 4 6 21
793514 28 0 1 5 6 38
175012 35 0 1 0 6 21
703392 40 1 1 6 6 16
621500 142 1 0 7 6 56
547775 16 1 0 6 6 51
994230 4 0 1 2 6 45
895924 39 0 0 8 6 53
334782 14 1 0 6 6 19
449466 142 1 1 8 6 22
60349 30 1 1 0 6 20
1280941 8 1 0 2 6 50
68542 20 1 1 1 6 22
826319 12 0 0 2 6 46
994245 10 1 0 8 5 11
216015 18 0 0 7 6 41
1342427 5 1 1 8 6 50
1461209 2 0 0 1 6 53
1145795 11 1 0 6 6 46
687064 10 1 1 4 5 70
449491 65 1 1 4 6 18
1059786 6 1 0 7 6 33
744400 14 1 1 1 6 30
52187 18 0 1 0 6 18
719828 32 1 1 6 6 12
670698 30 1 1 6 6 28
322535 22 0 1 0 6 19
1141749 16 1 0 8 5 21
1022954 9 0 0 8 5 16
998377 33 1 0 2 6 46
752611 58 1 1 6 6 17
257003 42 1 1 2 6 45
334831 107 1 0 4 6 17
1080316 31 1 0 8 6 51
343017 48 0 0 5 6 21
158703 155 1 0 8 6 21
388080 87 0 1 7 6 18
719869 41 1 0 6 6 27
306175 20 0 0 6 6 38
277498 30 0 1 0 6 41
732171 44 1 0 7 6 25
510979 67 1 1 6 6 25
232455 37 0 0 0 6 24
60424 21 1 1 0 6 21
678915 20 1 0 4 6 13
752646 34 1 0 2 5 17
801794 34 1 1 9 6 44
449545 38 1 1 8 5 22
35858 119 1 1 0 6 21
994328 11 1 1 2 6 50
257044 33 1 1 6 6 45
949268 50 1 1 8 6 14
855084 18 0 0 2 6 19
523301 108 1 1 8 6 15
674856 5 0 0 4 5 52
1264693 11 1 0 6 5 17
212005 29 1 1 7 6 29
687138 9 0 1 6 6 49
314414 38 1 1 0 6 16
637989 107 1 1 8 6 24
1031201 20 1 1 6 6 11
810044 72 1 1 6 6 20
416818 51 1 1 2 6 16
756798 25 1 0 9 6 20
515121 112 1 1 6 6 20
867382 12 0 0 5 6 25
363589 150 1 1 4 6 20
1178710 15 1 1 6 6 28
40007 71 1 0 3 6 55
564288 69 1 1 6 6 22
490574 129 1 1 6 6 18
1256537 8 1 0 8 6 54
1379423 11 1 0 2 6 52
89164 56 1 1 7 6 24
515159 100 1 1 4 6 22
1395781 3 1 0 3 6 63
924767 32 0 1 4 6 19
1072193 58 1 0 2 6 51
171088 187 0 0 4 6 17
433236 39 1 1 0 6 42
994395 4 1 1 2 6 43
719966 37 1 1 4 6 14
494674 200 1 0 8 6 16
167000 33 0 0 8 6 20
1297521 20 0 0 2 6 14
539756 35 1 0 8 6 17
3173 90 1 0 0 6 17
23655 176 0 0 0 6 17
924775 18 0 0 2 6 19
719972 8 1 1 0 5 5
318580 56 0 1 0 6 29
1354853 83 1 1 1 6 69
384124 10 0 1 0 6 47
490617 56 1 1 6 6 13
449670 25 0 1 4 6 22
1318039 2 0 0 1 6 55
1387664 2 0 1 5 6 50
830601 11 0 1 6 6 43
863371 17 0 1 7 6 50
752774 39 1 0 9 6 20
375944 121 1 0 8 6 29
818307 11 1 1 1 6 43
1027229 33 1 1 8 6 49
572572 116 1 0 6 6 19
523408 38 0 1 6 6 19
23704 65 1 0 0 5 18
470174 257 1 0 8 6 17
56475 230 1 0 8 6 15
556181 27 1 0 4 5 21
539798 93 0 0 4 6 22
1240205 24 1 0 2 6 17
564392 49 0 0 0 6 23
199842 48 0 0 1 6 18
375974 34 1 1 4 6 19
1170613 3 0 1 0 6 43
1494195 7 1 1 0 6 50
613548 8 1 0 2 6 37
1125561 24 1 0 8 6 9
498862 99 1 0 0 6 46
396457 40 1 1 6 6 20
429237 13 1 0 2 6 58
122034 47 1 1 0 6 19
785599 70 1 0 8 5 18
1027258 40 1 1 2 6 57
576702 38 1 0 9 5 22
781491 24 0 1 6 6 54
584880 39 0 1 8 6 27
597173 12 0 0 0 6 28
1064109 23 1 0 7 6 27
646347 10 1 0 4 5 83
781516 10 0 1 0 6 44
576719 12 1 0 2 6 50
924866 7 1 1 2 6 52
1002689 4 1 1 4 6 24
1326298 4 1 1 4 5 24
715997 24 1 1 6 6 25
494815 231 1 0 4 6 18
634066 832 1 1 2 6 44
1043667 13 1 0 6 6 19
285912 19 0 1 7 6 23
941291 6 0 1 5 6 26
568545 49 1 0 4 6 19
1006820 63 1 1 8 6 11
543972 75 1 0 8 6 17
1043680 35 1 0 4 6 21
908514 91 1 0 7 6 61
539897 19 1 1 8 6 20
969979 29 1 0 2 6 47
1072359 19 1 0 8 6 22
1551584 36 1 0 5 6 58
1395949 7 1 0 2 6 48
1318125 13 1 1 6 6 23
11517 57 0 0 0 6 18
253181 79 1 1 8 6 25
130303 83 1 1 2 6 15
331014 50 0 1 1 6 25
1125652 32 1 1 8 6 26
417039 39 1 1 7 6 21
937220 21 0 1 8 6 30
609541 11 0 1 5 6 47
36110 25 0 0 0 6 17
429321 92 1 0 6 6 17
1244445 4 1 1 0 5 52
1076481 13 1 0 2 5 42
699673 64 1 0 6 6 13
40212 24 1 1 0 6 12
175382 12 0 0 8 6 31
875803 3 0 1 6 6 25
175385 10 1 1 0 6 36
40219 98 0 0 0 6 17
490779 17 1 1 5 6 16
89374 20 1 0 3 6 8
576808 21 1 0 4 6 17
400673 115 1 1 4 6 19
224553 98 1 0 8 6 16
1318185 6 1 1 8 6 55
175431 36 0 0 4 6 30
1490259 3 1 1 6 5 49
1412445 7 1 1 3 6 48
515405 68 1 1 9 6 19
318798 16 0 0 3 6 43
437579 32 1 0 0 6 12
855363 12 1 1 5 6 53
609629 26 0 1 7 6 23
1297739 12 1 1 8 6 35
146779 63 1 1 2 6 16
1244494 5 0 1 0 6 35
806227 6 0 1 5 6 29
638312 50 1 1 8 5 10
1244528 7 1 1 0 6 38
724333 176 1 0 6 6 15
306540 47 0 0 8 6 17
699747 28 1 0 8 6 24
707936 76 1 0 6 6 15
1445245 2 1 0 1 5 58
511349 43 0 0 2 6 37
32114 53 0 0 4 6 18
1002873 53 1 0 8 6 12
1244522 3 1 1 0 6 43
1002869 38 1 0 6 6 11
1244521 1 1 1 2 6 61
576885 55 1 0 6 6 17
1244524 7 0 1 6 6 19
515462 57 0 0 6 6 16
1002891 33 1 0 8 5 12
712076 49 1 1 2 6 12
679309 62 1 0 9 5 17
814464 17 1 0 8 6 28
1322393 8 1 1 8 6 57
814465 134 1 0 8 6 11
671129 13 1 1 7 6 56
691613 31 1 0 8 6 26
1080752 20 1 1 3 6 19
490915 47 1 0 1 6 57
1584573 9 1 0 1 6 60
241061 101 0 0 6 6 18
1326514 5 1 1 5 6 69
753068 58 1 0 8 6 20
241073 329 1 0 6 6 17
290231 10 0 1 9 6 25
1322407 2 1 0 7 5 27
1187233 15 1 0 8 6 20
69051 62 1 0 0 6 21
843191 34 1 0 7 6 50
130493 11 1 1 4 6 73
376248 142 1 1 9 6 15
441784 8 0 1 0 6 47
183744 54 1 1 2 6 27
515522 67 1 1 6 6 20
1080790 2 0 1 0 6 42
1002951 8 1 1 8 5 35
695746 36 1 0 2 6 15
89549 18 1 0 0 6 19
212429 150 1 1 4 6 18
179660 124 1 1 0 6 22
781764 5 1 0 2 5 31
474583 3 1 0 2 5 16
749022 18 1 0 4 5 20
105942 5 0 1 0 6 41
146901 48 1 1 2 6 16
814549 36 1 1 6 6 23
507357 87 1 0 4 6 18
880086 11 1 0 0 5 24
32219 22 1 1 0 5 81
118234 16 1 0 0 6 32
753109 47 1 0 8 6 26
507352 65 1 1 4 5 17
376294 68 1 1 8 6 21
196070 25 0 0 7 6 51
81380 21 1 1 0 6 34
601580 66 0 0 8 6 21
1002984 53 1 1 8 6 15
1502705 7 1 1 0 6 55
298479 30 1 0 4 5 19
232943 43 1 1 0 6 20
527844 24 0 1 6 6 26
1031650 23 1 0 8 6 19
376311 102 1 1 4 6 16
626172 16 0 1 0 6 28
376314 85 1 0 8 6 23
359930 46 0 0 8 6 18
302587 133 1 0 5 6 17
1142296 18 1 1 9 6 39
376332 63 1 0 4 6 25
146955 116 1 0 3 6 14
376334 45 1 1 8 6 27
11788 69 1 1 0 6 10
589318 9 0 0 0 6 28
1609224 2 1 1 8 6 47
24080 227 0 1 1 6 25
806429 35 1 0 8 6 20
1494531 3 1 0 2 6 52
564755 6 0 1 8 6 44
11813 58 0 0 0 6 19
106027 3 0 1 0 6 38
1494589 7 1 0 2 5 48
327209 28 0 0 4 6 17
155183 19 0 1 1 6 26
167474 29 1 0 1 6 13
1089057 13 1 1 2 6 58
618042 31 1 1 8 6 21
1019448 32 1 0 6 6 15
282163 17 0 0 8 6 53
396862 94 1 0 4 6 18
1494570 4 1 0 2 6 47
376376 115 1 0 8 6 17
491076 23 1 1 0 6 43
114248 75 0 0 0 6 18
1388127 4 1 1 3 6 44
347727 361 1 1 8 5 14
527939 42 1 1 4 6 29
7755 60 0 0 0 6 17
691780 13 1 1 8 6 12
7759 54 0 0 0 6 17
1580620 7 1 1 5 6 42
1510978 9 0 0 1 6 56
704093 19 1 0 6 5 6
1494606 17 1 0 2 6 51
106072 126 1 1 0 6 12
540241 15 1 1 7 6 14
1216079 16 1 0 8 6 30
1494603 6 0 0 2 6 53
1527413 3 1 0 4 6 30
786030 50 0 0 5 6 38
605807 2 0 1 4 6 23
413281 177 1 0 8 6 10
114281 11 0 1 4 6 32
1494652 12 1 0 2 6 51
1252984 24 1 0 2 6 53
1072736 68 1 0 8 6 25
990847 7 0 1 7 6 39
1625706 6 1 1 6 6 55
1216107 9 0 1 2 6 44
925300 58 1 1 8 6 2
466556 24 1 1 7 6 23
1494634 4 1 0 2 6 54
126588 19 0 1 2 6 31
1404520 7 1 0 8 6 34
196220 35 1 0 8 6 22
1232530 4 0 0 8 6 41
982671 8 0 0 3 6 30
1605275 2 0 0 1 6 64
786063 24 0 1 2 6 47
1494674 1 0 0 8 6 48
904842 2 1 1 3 6 52
97928 28 0 0 0 6 18
24204 40 0 0 0 6 18
1044098 17 1 1 2 6 21
1494680 5 1 0 2 6 51
601755 51 1 1 2 6 21
16022 94 0 1 3 6 28
478879 8 0 0 1 6 52
73369 35 1 1 0 6 17
384671 164 1 0 4 6 19
777899 39 1 0 6 6 17
1494710 1 0 0 2 6 43
1605304 5 0 0 5 6 61
1511090 1 1 0 1 6 49
990889 1 1 1 8 6 36
507565 164 0 1 6 6 20
1126077 4 0 1 5 6 51
982689 3 1 0 4 5 19
1171107 19 1 0 8 6 29
1031867 18 1 0 4 6 18
335538 77 0 0 4 6 16
724659 54 1 1 4 6 24
990927 12 1 1 8 6 13
89801 33 1 0 2 6 21
1605332 5 1 0 1 6 56
147149 59 1 1 2 5 15
245456 65 1 1 5 6 22
1494720 9 1 0 2 6 49
425695 45 1 1 0 6 65
1351368 13 1 0 8 6 29
466651 44 1 0 1 6 51
851665 52 1 1 2 6 56
20195 83 1 1 0 6 20
1408753 5 0 0 1 6 59
671471 18 0 0 3 6 45
425696 40 1 1 4 6 21
782060 103 0 0 8 6 17
356066 232 1 0 8 6 16
1605375 1 1 0 1 6 66
1511165 2 1 0 7 5 57
1408766 8 1 1 6 6 55
311019 27 1 0 4 6 19
507624 47 1 1 4 5 18
315124 270 0 0 6 6 16
1605354 1 0 0 1 6 55
1412839 4 0 0 6 6 52
315127 85 0 0 4 6 17
827135 17 0 1 2 5 45
1605345 1 0 0 1 6 63
69368 20 0 1 7 6 21
524027 32 1 1 8 6 27
769782 18 1 0 4 6 30
548599 63 1 1 8 6 21
229123 39 1 0 2 6 44
462594 58 0 0 8 6 12
360205 71 1 0 2 6 40
1609489 3 1 0 3 6 60
765697 11 1 0 1 6 54
1605396 6 1 0 1 6 55
1462043 9 0 0 1 6 55
1605397 2 1 0 1 5 70
1605398 2 1 0 1 6 53
1605399 2 0 0 1 6 59
958239 4 1 0 6 6 36
1384196 14 0 0 6 6 50
978716 11 1 1 8 6 23
1605388 1 1 0 1 6 66
818968 31 1 0 8 6 12
1605389 1 0 0 1 6 62
917270 11 1 0 8 6 27
1330953 8 0 1 2 6 55
40734 48 0 0 0 6 20
511781 93 1 1 6 6 15
917289 15 1 1 8 6 24
1027880 14 0 1 0 6 33
991016 2 0 1 4 6 37
1277755 6 1 0 8 6 21
24360 46 0 0 0 6 19
126760 57 0 0 0 6 18
941863 18 1 0 2 6 56
1605426 1 0 0 1 6 51
1605416 1 0 0 1 5 63
1605417 1 0 0 1 6 60
1605418 1 0 0 1 6 59
1605419 1 0 0 1 6 58
1605420 1 1 0 1 6 66
1470243 6 0 0 1 6 73
491312 91 1 1 4 6 24
323388 18 1 1 0 6 26
786227 17 1 0 0 6 21
1007413 11 0 0 5 6 41
761652 20 1 0 8 6 55
1605415 2 0 0 1 6 60
745293 185 0 0 8 6 17
692045 38 1 1 6 6 18
1396572 10 0 1 3 6 43
544579 51 1 1 4 6 24
991044 1 1 1 7 6 37
991043 2 0 1 3 6 36
1478491 20 1 1 5 6 57
991042 4 0 1 8 6 21
73551 6 1 0 0 6 17
991040 3 0 1 3 6 26
237395 87 1 0 6 6 15
991070 4 1 1 2 6 30
122707 24 1 1 0 6 22
991069 7 1 0 1 5 20
323415 9 0 0 0 6 22
991067 18 1 1 2 5 27
991066 8 1 0 8 6 12
618335 23 0 1 4 6 31
991065 9 1 1 1 6 42
991064 2 1 1 1 6 21
991062 1 0 1 4 6 28
954197 9 1 1 8 6 13
1191758 6 1 1 6 6 28
679787 16 0 1 4 6 30
761704 44 1 0 5 6 52
1142645 28 1 0 2 6 25
991079 7 0 0 5 6 30
991078 2 1 0 1 5 32
991077 3 0 1 1 6 35
1388414 2 0 0 6 5 56
110452 16 1 1 3 6 46
909179 11 0 0 6 6 27
1191780 22 1 0 8 6 12
343933 122 1 0 7 6 11
991095 3 0 0 1 6 76
221050 10 1 1 0 6 13
991093 27 1 1 3 6 40
991092 19 1 1 1 6 32
130946 443 0 1 8 6 18
282509 148 0 0 6 6 19
520077 28 1 1 1 6 27
44941 27 0 0 0 6 18
954241 24 1 0 6 5 11
20368 22 1 0 0 6 22
1331072 3 1 1 4 6 40
397203 6 1 0 5 6 13
417680 59 1 0 2 6 16
1191817 47 1 1 8 6 22
176030 36 1 1 2 6 15
106396 117 1 0 8 6 20
507815 14 1 1 0 6 44
282534 12 1 1 1 6 25
216998 13 1 1 0 6 16
991144 6 0 1 3 6 34
884645 59 1 1 2 6 21
577441 13 1 0 1 6 56
212919 15 1 1 3 6 39
167863 57 1 1 9 6 10
757693 65 1 1 4 6 61
384957 58 0 0 4 6 21
167864 71 1 0 2 6 11
1347503 9 1 0 6 5 6
466874 28 1 0 9 6 27
593844 3 1 1 0 6 9
1003441 10 0 1 2 6 44
737205 59 1 0 6 6 31
532424 13 1 1 3 6 33
348101 37 0 0 8 6 55
696264 63 1 0 8 6 17
905166 19 1 1 0 6 9
810959 70 1 0 5 6 34
544717 21 0 1 6 6 26
733134 19 0 0 5 6 61
311244 111 0 0 6 6 15
626628 68 1 0 4 6 22
36815 52 1 1 0 6 17
114641 117 0 0 4 6 17
286676 88 0 0 4 6 15
8154 31 0 0 0 6 17
937938 4 1 1 6 6 19
372699 28 0 1 8 5 33
110559 107 0 1 5 6 20
892883 11 0 0 2 6 46
618454 63 1 1 6 6 30
81886 34 1 1 0 6 46
384996 152 1 0 4 6 15
925679 89 1 0 8 6 27
110566 16 1 1 0 6 54
344047 12 0 0 0 6 41
483308 57 1 1 8 6 18
819168 13 1 1 8 6 30
49132 10 0 0 0 6 19
851966 42 1 1 7 6 35
1191905 6 1 1 4 6 16
20469 94 1 0 0 6 20
884727 19 1 1 8 6 31
1544173 12 0 0 1 6 56
282623 228 0 0 6 6 17
163839 60 0 0 2 6 55
1368041 2 1 0 2 5 20
12285 51 1 1 0 6 17
884723 15 0 1 7 6 23
1111026 824205
105042 130493
434526 470174
105042 308641
862713 1370397
1354853 490915
615664 1296363
1118646 431654
1237449 1373235
799697 783872
4624 1635
148892 216998
487623 505511
512008 382087
799697 892883
639543 880086
1254242 1043680
799697 1332797
5203 54347
1118646 430704
1354853 989039
4624 58049
148892 807094
615664 1082552
487623 1082552
494153 504809
202030 113253
105055 877423
209468 491685
1347503 792600
1190325 755287
752611 1305159
487623 689566
4624 105049
1254550 1296363
1354853 577441
1354853 1007413
925300 919998
324205 567220
105042 456676
324205 105942
956675 1534605
752611 449491
1243810 323829
434526 1098968
799697 1252984
148892 604242
434526 1332345
1354853 792633
538674 1031867
1192575 1243757
105055 877418
105042 491312
895924 870239
148892 331014
506783 132778
895924 1472141
934399 1370223
148892 691080
434526 449410
324205 291626
430904 1317726
434526 449670
764536 1382877
506783 752774
925300 1527413
148892 288952
434526 230128
5203 49559
491076 464149
434526 504857
895924 1574178
1408766 1149089
615664 1307110
841498 490779
877420 425696
148892 991067
764536 938903
799697 698889
425695 1309059
639543 142042
5203 118832
925300 515159
719972 1228946
487623 1168138
752611 513736
1140795 639543
449323 434526
141550 183744
5203 61900
5203 119740
799697 581683
934399 257044
1194817 1145795
434526 524027
1243810 1243757
1347503 1378651
5203 44941
434526 1297521
898363 1178710
324205 441784
956675 1534600
615664 521565
752611 938949
506783 222625
1254242 1065797
491076 1140077
148892 152013
434526 1291136
719972 640080
1118646 430621
799697 209468
615664 1115502
512008 811469
799697 1098219
434526 939682
719972 764451
506783 467850
872620 1395781
1125561 487651
105042 468034
434526 925300
234783 877900
1192575 1207047
1291891 657055
615664 487795
1118646 755636
487623 548599
991095 148892
512008 379534
449323 763941
898363 520918
434526 1002869
1254550 487587
105042 316044
1411210 576719
1395949 542430
105042 726188
1470243 1296901
324205 180240
105055 723822
898363 429321
1237449 1414873
5203 63488
506783 515121
764536 786227
895924 951267
925300 504586
324205 603876
925300 518506
5203 119922
646347 283769
487623 515159
4624 24360
1190325 1043667
324205 774237
877564 644942
324205 277498
129528 106589
1354853 1605420
853010 262418
494153 657011
141550 197899
1190325 1082552
425695 119804
105042 877595
852932 851665
894979 1430250
129528 109164
925300 504967
492047 492046
430904 430752
487623 211740
1190325 1191817
234783 905166
148892 423047
1243810 746574
852932 123687
862713 190836
5203 25517
877420 540241
1354853 1605275
449323 230217
487623 399997
234783 137254
1194817 1059786
5203 119726
487623 487655
148892 991144
129528 4361
105042 755426
494153 504718
209468 934399
449323 763771
429237 1328689
670617 670619
506783 886094
129528 106072
862745 1609489
487623 516921
1291891 504863
639543 324205
1354853 1605396
5203 73551
764536 1106392
925300 317108
1354853 1605398
1354853 1247976
1494606 1074312
506783 513073
898363 520852
1140795 924257
5203 2380
799369 433005
1192575 1118646
148892 990927
4624 8933
1190325 333738
925300 963055
895924 1412445
934399 791609
764536 274868
925300 507352
826319 634066
434526 1091020
752611 641513
1354853 1260139
506783 679309
841498 566887
449323 370633
324205 1014287
512008 51775
1291891 493885
925300 1053263
512008 930463
1125561 487795
129528 27056
434526 317108
1494606 969979
1254242 1191817
764536 343017
764536 493300
764536 743726
799697 1163727
492047 39569
425695 130493
1408766 620002
487623 42576
234783 108022
752611 705588
506783 171088
852932 105042
898363 1520597
538674 726601
494153 814465
129528 4249
107711 98631
1142296 1291773
4624 75930
434526 926687
1354853 1269931
148892 399718
1368639 1368705
956675 909179
877410 105055
506783 131169
1254242 1190325
5203 17147
538674 156037
4624 71760
506783 443681
799697 1494634
799697 1103501
202030 1098694
799697 1329094
1354853 1423387
1190325 1142645
615664 1048689
780977 388080
107711 288462
1243810 1082552
148892 657435
107711 141529
105042 877570
1495440 1412839
646347 198353
506783 197480
646347 691780
1291891 1516796
105042 877597
425695 141550
105055 474583
105042 564755
324205 156212
487623 338303
234783 799365
506783 399564
449323 317108
506783 287038
538674 504863
895924 1095606
799697 1082688
1354853 808147
512008 311244
141550 583455
529067 1388414
752611 123820
799697 248072
105042 877539
1118646 430904
148892 253181
1111026 671471
5203 119917
148892 382446
434526 130946
434526 719869
853010 833535
5203 47975
492047 49903
1354853 1584573
506783 1375042
434526 616989
841498 692045
752611 572572
1354853 1304671
324205 1244445
895924 1566624
1111026 902716
148892 22749
1354853 1088405
4624 103851
1243810 655495
5203 119739
898363 543972
148892 6801
752611 212429
925300 175431
494153 539756
5203 25125
1574178 1126770
105055 877411
615664 1191817
1354853 1605415
105042 877582
324205 1080790
506783 321438
852932 193022
5203 32114
105055 877417
646347 932684
506783 576702
1254550 487588
434526 508960
1243810 487672
1254242 472715
434526 620178
877564 430714
925300 750420
425695 322535
615664 745293
4624 26347
234783 182273
202030 100028
506783 53749
425695 877600
852932 852997
1125561 505520
1243810 1374080
895924 840411
4624 71782
148892 147544
639543 1164099
895924 1256537
148892 557853
934399 1164291
895924 671129
752611 699673
693525 62336
105055 130493
506783 88786
752611 285390
895924 1183942
487623 483308
877588 107711
506783 72294
107711 4645
538674 538669
799697 1494531
506783 494815
434526 372699
764536 274871
5203 2891
148892 667941
615664 1364484
434526 1291891
799697 284254
1354853 1605375
1118646 1333082
1237449 1318125
1237449 547775
506783 751075
512008 459253
148892 101088
877564 852997
148892 991043
434526 884727
506783 212429
105042 877596
1125561 1115498
425695 344153
105042 258520
506783 282623
148892 534221
799697 139326
1495440 1309059
1408766 1489425
799369 83294
5203 23655
956675 1270326
506783 514877
506783 751191
752611 507565
1609224 618335
494153 727546
799697 998377
615664 763703
434526 348357
1354853 1605354
105042 877590
1395781 982671
1354853 1605304
895924 1502705
764536 1089057
1354853 422853
487623 1171107
434526 449403
898363 662047
1291891 1297280
202030 1020187
764536 1099537
487623 487741
615664 1048694
209468 1470542
925300 640102
1395781 780977
826319 836954
434526 516431
324205 24625
434526 267689
434526 894393
799697 216015
324205 383711
487623 823752
1190325 1013167
853010 425696
852932 877564
898363 233795
898363 752212
324205 844750
129528 491942
1354853 1398408
898363 564053
1513992 1566214
434526 480408
5203 119918
646347 21967
1190325 926384
105055 877420
895924 904842
5203 54282
841498 1182160
1411210 862713
148892 10047
506783 1046385
494153 539402
324205 37847
1354853 1042626
234783 895081
764536 522277
5203 9793
925300 944387
5203 24820
425695 806915
487623 333738
324205 587958
234783 1148032
799697 909584
5203 51504
324205 132922
202030 165106
434526 1135182
156212 156218
4624 112705
1354853 1190507
148892 70862
799697 810959
898363 449323
434526 68074
956675 1264368
898363 523408
5203 118799
529067 41778
1237449 1008771
764536 978716
752611 237395
898363 1229165
898363 767515
107711 95631
491076 180909
1494606 1003441
209468 53571
925300 327209
506783 199540
4624 14824
324205 160636
1291891 1291773
956675 1164217
129528 825815
1190325 1581893
434526 230217
105042 668213
324205 318580
494153 1255083
1254242 1082552
615664 1033972
430904 436812
1368639 1580620
1354853 1110392
148892 991042
862713 1511165
105055 877404
449323 72395
615664 926383
129528 121430
862745 1405782
752611 330214
506783 1116856
1243810 689566
5203 21716
324205 116527
1118646 1388651
430904 332874
512008 820970
494153 791325
234783 105233
512008 172655
1237449 1308573
5203 13563
1328699 956675
506783 406017
434526 449466
107711 943214
324205 1244524
105055 491569
956675 1402087
639543 360205
1354853 1461209
491076 1148338
430904 529664
494153 1216079
925300 520553
105042 71951
209468 280895
752611 1151355
105055 877414
687064 632918
107711 783083
1291891 1297521
487623 472715
799697 1149063
1228946 704093
1354853 513019
841498 105055
105042 317622
234783 343933
434526 750420
1190325 1135941
1243810 1254242
209468 665269
956675 178260
234783 370607
1125561 1191817
434526 1002891
752611 1258069
1237449 348409
324205 29774
506783 41183
5203 60349
898363 517941
234783 126760
752611 515522
434526 1006820
105042 32219
148892 527844
105055 245456
898363 722513
752611 315124
425695 425696
826319 788284
670617 490574
615664 487617
5203 16732
1190325 1048694
5203 115578
491076 50800
506783 315127
129528 114989
1192575 1190325
841498 181101
1190325 1141749
752611 511781
538674 1368091
512008 712076
148892 684193
5203 118234
1254550 1034861
148892 70944
877291 697133
687064 425696
1190325 487795
934399 397203
752611 522788
862713 466651
449323 487623
434526 420234
4624 22605
491076 92883
877588 105042
487623 662396
105042 877579
1494606 799697
862713 1511090
512008 917526
898363 566959
799697 1280941
752611 506783
129528 106608
1470243 1512834
780977 78818
799697 1494570
4624 105164
799697 1494710
877564 852976
5203 119741
925300 224553
434526 539349
234783 591101
1354853 744105
670617 544717
1228946 670617
148892 129327
1347503 462594
615664 689566
1354853 1537542
1291891 376314
895924 1625706
494153 785599
799697 511349
129528 292357
209468 1045513
693525 350671
148892 884723
492047 491076
512008 980045
1388651 1331508
105055 701454
429237 1328699
1254242 615664
925300 1020424
1297739 430621
4624 132
1142296 1292791
430904 1225999
449323 1341169
799697 1379423
434526 1277755
429237 617322
1254550 334831
1494606 994395
487623 156428
1142296 504863
492047 50800
1354853 765697
4624 14334
209468 791609
1354853 1489578
615664 787421
841498 1070477
491076 37847
506783 465035
615664 1374685
799697 451733
1354853 1458417
234783 246967
105055 877419
148892 16022
898363 111336
925300 820109
898363 673535
148892 663918
1388651 1028398
5203 118797
324205 48000
129528 308580
105042 396457
487623 504950
764536 33404
148892 605807
148892 991040
425695 308641
129528 944220
324205 1140562
129528 129523
1254550 746574
491076 568203
799697 678780
1192575 1582381
148892 991016
129528 852932
799697 1072193
1297739 1125652
1495440 803057
324205 299897
687064 110620
1408766 571715
105042 877571
209468 172123
105042 806915
538674 494154
5203 28795
898363 703392
487623 1254242
1111026 78264
1354853 1470243
5203 119916
894979 870056
107711 107572
1254550 374834
877410 853010
487623 615664
925300 508853
1237449 691613
956675 476239
934399 897660
1237449 476297
148892 861557
752611 1104390
841498 715004
4624 18005
752611 775125
324205 238142
148892 954197
107711 95530
752611 53710
506783 269073
434526 1058783
512008 379532
687064 396457
148892 440546
877420 146901
862745 1304702
105042 4624
1243810 780562
752611 468171
1494606 994230
885066 107646
156212 156214
1291891 317108
234783 423937
1354853 1445245
512008 718561
1408766 1242489
105042 877564
148892 648256
449323 487785
512008 954241
494153 1058326
780977 163839
862713 1232530
1192575 374834
1343820 453385
141550 167474
487623 437579
324205 1164866
752611 322064
1192575 1296363
898363 514285
324205 395773
615664 334831
425695 853005
5203 119920
1142296 538674
1291891 539468
148892 328780
1254242 1125561
670617 59399
5203 119845
129528 111863
780977 207215
209468 1430994
1470243 1312030
895924 1041824
512008 930529
895924 732171
434526 329833
752611 1032932
494153 383185
1574178 1263205
506783 797103
129528 129866
1192575 678915
1513992 1111026
799697 578067
925300 816398
494153 510720
434526 717406
538674 363589
862713 425695
1237449 1513992
1368639 1387664
324205 113506
148892 991069
129528 18306
826319 542430
1192575 1115502
877564 425696
105042 877573
148892 886468
506783 513958
494153 449466
324205 51118
4624 9429
956675 1534603
1354853 727519
487623 37193
129528 121468
934399 1013581
324205 74183
506783 1375024
752611 777899
434526 504716
401491 407614
764536 438467
1125561 689566
449323 435578
148892 415520
764536 906257
1192575 1191817
538674 1065158
105042 687138
148892 24080
148892 991093
434526 452274
494153 925679
5203 119919
148892 20866
4624 14375
1237449 824168
491076 984284
894979 1396572
1190325 1207160
956675 1488579
799697 969625
764536 877588
129528 177468
425695 757693
853010 852997
5203 12443
862713 1343820
764536 346948
615664 42576
764536 105042
639543 435366
1254242 746574
898363 364574
5203 119273
487623 1033361
1574178 1145691
107711 23378
5203 16881
1190325 727544
105042 438455
324205 102698
209468 40007
148892 389803
449323 690658
494153 948327
615664 1404520
615664 1065797
1354853 1544173
148892 67552
5203 17708
1354853 1462043
764536 659681
141550 416818
324205 39722
234783 221050
129528 175012
234783 226999
615664 699747
129528 415096
1254550 6810
4624 41258
1190325 1204995
5203 118830
148892 990889
324205 384124
401491 417039
1142296 657009
1142296 657055
119921 105055
324205 268097
1513992 872620
615664 1003577
5203 119730
148892 283897
487623 924775
434526 1072736
895924 1120932
434526 1002873
434526 508273
670617 769782
1125561 382024
799697 1049213
853010 737205
615664 1034861
129528 131574
1190325 644923
5203 6408
925300 1373701
1347503 718561
434526 620398
506783 88861
506783 1231232
615664 516921
1243810 1048694
1125561 615664
148892 139969
434526 1192256
538674 296870
129528 314414
529067 1388890
1254550 472715
752611 903113
1254550 516921
1495440 1059786
425695 62336
324205 780793
4624 19346
148892 991078
615664 1299911
425695 852932
895924 955697
925300 1054464
1254550 1243810
494153 347727
129528 133888
780977 1005509
1291891 772610
752611 1031201
148892 63371
799697 1494589
1254550 1125561
429237 1027258
324205 433236
764536 15215
105042 877600
4624 23376
1291891 772609
434526 504778
449323 556181
764536 696264
506783 241061
506783 968911
894979 110452
148892 66380
5203 119737
434526 715203
105042 251536
615664 866246
1354853 799369
925300 926420
895924 1494195
538674 376311
1254550 489218
105042 877581
5203 22918
752611 72296
494153 518789
148892 991066
105055 646347
615664 286676
107711 309402
956675 1480862
234783 100650
1254550 1048694
1190325 1034930
105042 96443
430904 440175
894979 177433
1395949 855084
324205 1244522
105042 782849
425695 877410
895924 373718
735502 719972
4624 18030
4624 26598
487623 782060
1190325 689566
1411210 577788
1494606 1552901
925300 819835
1347503 512008
105042 520716
925300 1054485
148892 935430
1190325 487659
324205 1027880
129528 232943
4624 7759
862745 799273
156212 546325
934399 124725
141550 661549
234783 994245
129528 210098
898363 226686
5203 10504
506783 473687
925300 1072736
429237 982689
324205 212919
1111026 210098
799697 1494720
1354853 1605418
5203 31058
512008 280274
148892 831666
105042 348176
512008 752646
1354853 723094
425695 119921
105042 877598
506783 451060
615664 791157
324205 106027
799697 1494603
1354853 1016589
841498 328120
799697 348101
105042 851665
449323 1340992
5203 3173
434526 87937
434526 1002984
1368639 110559
885066 851966
506783 475682
105042 65962
1190325 657007
449323 1002873
1574178 282163
491076 88346
506783 1116381
1142296 616989
148892 162293
752611 821543
148892 243574
105042 806227
1347503 715997
148892 374057
1408766 810044
209468 621500
324205 50800
1142296 504719
148892 238370
449323 449410
425695 509673
202030 202027
434526 230097
148892 990847
925300 211816
129528 35858
487623 1048694
209468 1074991
719972 66952
1388651 926346
538674 230097
129528 212005
895924 1478491
752611 1045778
5203 30470
148892 413281
487623 1191905
234783 89374
735502 535359
148892 328846
895924 635852
1254550 1192575
1494606 1216107
764536 229960
752611 79022
129528 40734
324205 507815
148892 991092
494153 384671
5203 24204
615664 926384
538674 376376
148892 991064
1118646 601755
895924 1557597
1395949 538434
129528 105042
5203 20368
885066 613548
434526 260947
1494606 1098300
107711 108147
5203 68356
852932 693525
538674 1018349
129528 125083
799697 1451608
425695 693525
1118646 1331072
129528 112167
1354853 567900
1368639 793514
234783 597173
4624 12285
434526 141424
324205 177530
639543 247720
234783 124649
615664 505520
506783 188811
1354853 195030
1190325 435580
719972 719966
425695 862745
5203 119641
1368639 677372
506783 821221
434526 504863
141550 105042
512008 1378644
615664 384996
434526 1303855
234783 41156
615664 585920
1190325 1298998
1347503 707936
4624 105055
506783 507624
898363 194751
799697 841778
1125561 1171107
5203 32991
429237 863371
494153 948420
925300 435243
430904 1322407
5203 475
129528 114248
1254550 689566
1291891 376294
487623 925948
1494606 1140795
129528 124992
1494606 1328710
799697 688792
841498 358498
324205 290231
862745 1608154
429237 31146
324205 179660
434526 493889
752611 381827
434526 1332376
148892 116989
449323 763700
841498 378069
5203 118801
425695 853010
5203 119839
687064 250359
1513992 781491
107711 213152
5203 34724
148892 578615
425695 350671
434526 321332
491076 344047
449323 33366
234783 379560
538674 538676
646347 145421
752611 1008880
1254550 1190325
324205 31135
434526 564392
670617 670618
853010 96443
434526 493923
1297739 349465
129528 58837
5203 120253
898363 607238
764536 1330953
209468 1585269
752611 271963
841498 144173
4624 73369
862713 250107
429237 652913
234783 233505
425695 124608
799697 1120073
449323 505250
148892 69368
799697 941863
826319 1450587
934399 501180
491076 1189142
799697 971912
841498 420243
1354853 1341671
148892 70931
491076 440189
148892 801794
1190325 487660
670617 523301
956675 899614
148892 502549
324205 492047
693525 853010
105042 687064
853010 853005
1354853 1605426
512008 568545
826319 407369
4624 7755
841498 107297
491076 341567
877291 1296264
1291891 376376
234783 680824
4624 8154
107711 886108
1328699 1080316
1228946 1214619
615664 472715
5203 29505
1297739 684278
670617 534071
506783 750737
324205 532424
129528 103844
234783 40219
764536 326238
506783 375974
209468 678023
5203 9142
5203 119642
449323 763908
434526 930769
209468 466651
107711 21858
5203 6316
877564 853005
494153 539897
324205 246405
735502 279312
434526 177617
639543 1026809
434526 819291
506783 626628
148892 611846
506783 564288
538674 376248
615664 1268627
5203 83622
799697 329991
615664 1284684
1354853 991095
506783 298479
1354853 1574302
5203 118829
107711 199842
934399 1080752
494153 539798
1190325 348399
401491 1025994
234783 370299
877291 224110
925300 819814
129528 122034
895924 1354517
991095 529067
324205 1213740
491076 39722
898363 104650
434526 600282
105042 853005
1190325 1291915
434526 637989
799697 1149578
852932 687064
148892 54112
615664 156412
434526 375944
1368639 1126077
234783 481158
1118646 435148
1354853 1605397
1243810 823752
1111026 306175
615664 383185
209468 1124317
1254242 780562
764536 438488
506783 777899
5203 38885
956675 937220
752611 527939
494153 923945
105042 248715
506783 1058802
735502 279012
799697 172123
105042 877562
105042 307392
107711 95573
234783 679787
234783 837349
764536 359930
141550 640368
1328620 1368639
148892 520077
129528 4550
434526 538675
494153 1368041
1354853 1510978
506783 515405
492047 37847
895924 874568
148892 23277
1142296 539468
1354853 1105953
434526 177148
1291891 383185
4624 20556
494153 493885
852932 1224761
487623 1254550
799697 1494680
506783 184435
506783 1247711
826319 89164
234783 576258
862713 452496
129528 104955
693525 668213
512008 1047353
862713 1184480
107711 89801
425695 901417
487623 763703
425695 32219
529067 1143009
434526 472838
434526 525978
434526 618042
129528 104950
956675 1190781
925300 820321
234783 735502
449323 1341207
872620 895924
1237449 1611923
5203 32839
487623 627753
324205 1244494
324205 323388
512008 988008
425695 520716
925300 820103
898363 510111
105055 877421
1194817 803057
434526 372769
1354853 1136580
877410 105042
434526 238432
512008 555891
615664 614532
506783 272082
799697 1016998
5203 118802
492047 234783
895924 1054591
693525 119804
1254550 374799
934399 1529360
764536 426052
425695 877588
852932 942314
1254550 1065797
425695 105042
894979 201583
1574178 761652
129528 584227
1354853 1605417
129528 122707
234783 114641
512008 506215
449323 396862
1118646 1048659
1354853 1605332
107711 108031
841498 623421
5203 118831
1192575 437579
898363 1099307
491076 323861
425695 877596
105042 822051
209468 1551584
1254550 1171107
105055 172384
1354853 1605399
506783 311019
1190325 615664
615664 167863
105055 877415
956675 857478
324205 571494
615664 1202794
956675 1408766
752611 501684
506783 515522
752611 509165
1408766 1336766
148892 247179
148892 991044
898363 400673
105042 877568
925300 1115665
764536 460765
506783 639082
506783 80789
1254550 1254242
105042 484052
1209354 852997
129528 129533
799697 1098768
487623 384996
425695 852997
1495440 733134
506783 39504
1243810 516921
425695 764536
105042 877519
1494606 1620681
429237 670616
529067 818307
434526 926499
129528 323415
1354853 1229868
434526 510979
129528 127011
934399 102695
1190325 1135182
324205 1172647
506783 346168
148892 731576
105042 146955
494153 464968
1574178 209462
5203 118798
487623 487656
148892 991070
894979 1388127
799697 1440283
799697 280903
5203 49132
5203 20469
425695 1194817
129528 366449
324205 51738
1574178 1627567
670617 562913
1254550 823752
105055 96443
1254550 487659
752611 1191966
434526 1002689
1237449 415756
1354853 1164352
449323 1189848
934399 238661
512008 1226410
1411210 114281
1354853 1566908
107711 146779
1111026 1249699
494153 1357904
799697 1231596
1354853 471973
234783 987332
898363 894348
434526 121707
209468 307390
925300 1271585
1395949 1009204
764536 167000
799697 1255986
5203 50400
925300 926128
234783 550360
925300 640219
156212 894979
1190325 1065797
494153 1058300
107711 130303
1368639 127486
487623 487785
5203 51820
512008 820534
956675 510098
1354853 478879
1354853 1408753
1125561 1048694
1368639 867382
324205 277113
687064 942314
1368639 1394337
105042 877569
1254550 1082552
1142296 493885
1190325 917289
425695 877564
1190325 960305
898363 320762
646347 325059
670617 670698
434526 480406
107711 521679
105055 877416
1190325 356066
512008 537793
506783 750684
494153 786030
434526 538674
1574178 979960
494153 1058328
1142296 1115504
429237 1328620
934399 137789
434526 753109
434526 230076
895924 184690
799697 1494652
430904 31458
107711 147149
1513992 1157419
4624 69051
1254242 1048694
105042 584227
105042 877540
148892 615061
449323 763586
494153 949268
752611 781150
852932 853005
1118646 442824
148892 231795
799697 879244
538674 376314
512008 1045743
494153 504807
885066 244219
764536 851665
934399 1027229
105055 649723
529067 1206516
1118646 1297739
234783 370483
234783 11788
538674 494153
956675 958239
934399 148703
925300 1115663
512008 537864
894979 1096293
5203 11517
1513992 680631
925300 919677
105042 877292
1237449 317589
434526 553675
925300 1057584
615664 1243757
434526 539468
324205 40212
1354853 484125
156212 352821
898363 515462
799697 83083
799369 989942
105055 431731
895924 110566
615664 487672
852932 853010
1190325 472715
129528 107325
1142296 538675
324205 30008
538674 88280
1354853 1605419
1125561 1307110
429237 899461
735502 89374
1190325 820235
234783 589318
1243810 1171107
234783 114746
209468 908514
1254242 334831
107711 156947
538674 1291626
934399 614425
129528 695746
434526 820281
148892 792483
487623 1190325
148892 530880
105055 164541
512008 1046409
5203 119272
512008 1044098
799697 1340373
1494606 786063
934399 582441
752611 1269815
898363 717008
1243810 1372905
487623 487788
487623 334782
5203 49566
5203 118796
895924 1342427
324205 1244521
1111026 175382
1190325 806429
895924 1318185
105042 855363
764536 344370
1297739 1202537
894979 1206515
862745 250107
1254242 487672
799697 373131
1354853 264058
956675 1534604
148892 884645
449323 815311
852932 841498
506783 505796
1125561 487617
494153 1187233
1125561 1191780
1125561 1296363
434526 177159
105042 852997
234783 42279
1111026 1386118
752611 1191758
434526 230071
764536 1022954
512008 385039
799697 577441
538674 1032487
1254242 1296363
494153 42571
780977 196070
898363 600213
925300 121707
538674 68372
1470243 744400
1297739 434476
148892 155183
639543 356940
1297739 401491
925300 819168
1297739 434709
894979 827135
764536 438339
494153 724659
1297739 828643
826319 1164961
148892 167991
148892 727250
1190325 823752
1142296 230097
894979 1422900
425695 877291
895924 175385
107711 108233
324205 181164
1190325 917270
148892 706432
1190325 437579
1354853 1597961
434526 254385
5203 119838
434526 576885
487623 1191817
615664 1013061
1125561 823752
487623 763773
1190325 271322
956675 1237449
487623 1364480
494153 814464
234783 371045
934399 1007616
434526 297110
1291891 772608
4624 105045
148892 285912
234783 987333
506783 627779
799697 1414441
105055 877412
895924 1205607
693525 105042
894979 994328
1254550 1191817
434526 557503
209468 825630
209468 1097939
105042 120449
898363 563218
1118646 753068
1388651 1609224
4624 36110
5203 11813
107711 95849
764536 158703
425695 833535
148892 148195
752611 393538
898363 537041
494153 384957
898363 535266
105042 877591
487623 776165
5203 63557
799697 196220
105042 877583
209468 1045476
1354853 1605416
1194817 1495440
506783 385753
324205 283299
4624 58042
639543 55510
107711 176030
925300 924767
119921 5203
1328710 429237
752611 285387
1297739 430904
209468 843191
234783 1148031
512008 242813
719972 1347503
425695 251536
148892 991077
1125561 1034861
324205 491076
1368639 941291
1142296 657180
764536 106396
646347 20195
5203 25420
752611 509843
956675 619054
615664 1078616
234783 501989
506783 756798
234783 275617
202030 924866
4624 36815
925300 926130
934399 862718
862713 1354853
148892 848161
148892 225916
1243810 334831
538674 494293
841498 756352
1118646 1190325
862713 498862
764536 723790
148892 68542
1243810 1115502
234783 987330
1111026 102690
5203 97928
1254242 1171107
5203 961
752611 1032819
1125561 1072359
826319 1462666
512008 1226445
934399 234329
1142296 494153
1192575 536833
324205 795513
752611 335538
105055 877403
1297739 430752
934399 930230
506783 507565
506783 1267295
1368639 1607139
1368639 1607140
1111026 154064
148892 991079
324205 529668
487623 71364
492047 593844
719972 1463173
324205 81380
934399 280903
148892 991062
1354853 674856
780977 1477238
898363 1328797
324205 50802
841498 302587
538674 889029
434526 493885
324205 844637
1513992 985835
841498 1505985
1254242 516921
898363 98937
434526 1142296
895924 1271878
209468 1465106
487623 487672
1574178 1524066
799697 1384196
129528 113274
491076 318798
324205 1170613
506783 241073
148892 818968
925300 375191
1347503 537793
1190325 746574
898363 1032437
1098300 202030
799697 997102
148892 200968
434526 391093
1395949 634066
934399 140970
4624 18816
764536 75101
506783 791284
425695 1326514
487623 505520
1354853 1585272
434526 354423
538674 538675
764536 270854
434526 448081
209468 81886
752611 1019448
1125561 1082552
752611 400102
1125561 1036739
538674 276063
324205 1244528
324205 612114
5203 119644
487623 669208
538674 376334
956675 1534607
105055 877424
148892 254246
1243810 763703
506783 1375000
425695 877590
752611 572157
5203 63202
5203 54470
615664 167864
1354853 1605345
1243810 544579
799697 1494674
506783 750937
1343820 1499952
799697 1454331
1354853 1311699
925300 510736
234783 464220
1354853 1075834
852932 141550
764536 274867
129528 52050
5203 119738
925300 1116540
324205 891334
449323 180635
494153 526336
491076 1094260
105042 833535
1140795 997102
209468 96324
925300 1351368
1190325 1243757
487623 1207194
1111026 1390083
506783 209114
894979 754851
1192575 272427
639543 1452067
895924 1332835
5203 135
898363 767968
1354853 348282
494153 87551
1494606 1620698
639543 181622
5203 23704
425695 877597
107711 287291
852932 96443
148892 340513
895924 1322393
752611 898363
430904 419538
506783 899014
129528 232455
506783 282509
434526 1291773
234783 108504
105042 877594
434526 520553
1190325 505520
1354853 1318039
764536 308157
492047 180909
1192575 727544
434526 1030891
449323 1341005
434526 449545
1192575 333738
434526 618454
764536 667745
529067 1168916
434526 230170
615664 1299001
862745 862697
872620 1395949
105042 509673
646347 56475
1354853 581898
853010 668213
1111026 531097
615664 615574
324205 1070533
209468 767848
826319 1490259
105042 877291
425695 584227
1470243 943049
538674 221807
1190325 504721
615664 823752
105042 491783
324205 1066528
1125561 1115502
877420 937938
491076 722683
5203 119731
148892 75741
5203 6424
538674 376332
434526 230221
401491 306540
538674 1291773
4624 105310
1190325 657008
487623 1074347
1513992 1568791
934399 869933
491076 59993
148892 584880
105042 30762
494153 512403
487623 400004
512008 817723
434526 524911
5203 25115
1494606 1025054
512008 917582
105042 877567
752611 724333
506783 348672
324205 197827
324205 781516
209468 562244
1140795 229123
1142296 521540
209468 165259
764536 221664
4624 26433
148892 542760
148892 55738
324205 626172
425695 1066170
1354853 599465
925300 754292
1142296 1291891
4624 14857
512008 228040
1192575 638312
512008 1264693
506783 828590
506783 749022
925300 1006269
1368639 527119
799697 1411210
898363 719828
209468 466556
925300 820281
639543 1253654
434526 603276
129528 103668
1368639 317711
324205 180909
105042 876972
1354853 1459813
5203 45776
512008 1378651
1605397 1589401
148892 609629
1209354 490617
491076 984313
5203 472
105042 877589
506783 1240205
148892 745786
148892 365451
4624 111850
529067 1388895
234783 234779
1192575 374887
202030 126588
506783 67449
852932 1209354
1125561 866246
1395949 826319
1354853 1605388
105042 836168
1291891 1291136
148892 468034
494153 370507
925300 363190
780977 1030499
434526 1002951
925300 466874
895924 660381
202030 1083853
925300 1034927
925300 538793
148892 601580
429237 885066
752611 952364
105055 875803
1388651 1494606
885066 645465
687064 164747
494153 791025
209468 612873
434526 696696
1118646 755287
1494606 1057326
1192575 1125561
425695 129528
129528 254699
487623 487795
209468 49767
956675 609541
202030 725915
5203 60424
1254242 689566
105042 877565
799697 114702
1243810 1191817
752611 417680
148892 913693
752611 571269
687064 894087
148892 510298
853010 1326298
202030 9556
425695 30762
4624 266872
877291 1255217
430904 1064109
148892 258932
506783 576808
487623 494674
105042 877574
209468 9958
148892 70412
5203 74552
434526 230213
1243810 472715
925300 1054552
895924 1145586
862713 621500
862713 862697
877291 244256
5203 52187
1190325 1034861
434526 820331
1190325 908089
234783 381408
764536 209035
895924 373713
1354853 699014
934399 862713
105042 407100
105055 876655
107711 257003
494153 1291773
129528 107260
425695 490093
506783 507357
506783 181742
449323 86386
506783 165298
494153 814549
799697 1225697
487623 385977
693525 322081
872620 826319
129528 111966
852932 833535
434526 1031650
5203 32838
799697 1076481
5203 89549
506783 522712
780977 1201780
1354853 348101
148892 282534
639543 781764
752611 785179
1354853 440012
852932 566849
956675 830601
202030 202033
925300 1054525
148892 469366
494153 504808
1254550 1243757
925300 315953
324205 51700
1354853 1605389
324205 125819
141550 6180
148892 991065
5203 35080
1111026 997221
425695 668213
324205 454865
1111026 607986
1354853 761704
