581 580
5 0
489477 46 1 0 2 6 15
351233 17 1 0 7 6 18
1244182 19 1 0 6 6 27
179210 43 0 0 1 6 23
280590 37 1 0 9 6 18
355336 91 1 0 7 6 18
715783 13 1 0 2 6 29
778265 4 1 0 2 5 16
55323 10 0 0 5 6 22
987155 7 1 0 1 5 18
1068045 23 1 1 7 6 11
783381 27 0 0 4 6 18
447513 46 1 0 1 5 16
975889 19 1 0 2 6 31
274470 138 1 0 2 6 19
820264 9 1 0 1 5 18
370720 77 1 1 4 6 19
63530 30 1 0 2 6 24
370731 11 1 0 1 6 18
1171492 9 0 0 8 6 30
1134628 7 1 0 2 6 25
810036 4 0 0 2 5 17
386107 22 1 0 6 5 23
108607 83 1 0 2 6 38
197699 25 0 0 2 6 17
386113 17 0 0 7 5 16
280641 6 1 0 1 6 16
425027 15 1 0 2 5 16
367683 61 0 0 7 6 15
266317 60 1 0 6 6 22
666689 22 0 0 6 6 22
185422 164 1 0 4 6 18
728133 73 0 0 6 6 19
339019 71 1 0 8 6 22
777284 13 1 0 2 5 16
108622 69 1 0 2 6 22
970845 9 1 0 1 5 17
1107011 1 0 0 4 6 15
1244230 20 1 1 6 6 27
868441 13 1 0 2 6 24
458834 19 1 0 2 6 18
87124 23 0 0 0 6 22
1244231 14 0 0 6 6 26
1244228 6 1 1 6 5 22
319571 6 1 0 1 6 17
1244229 7 1 1 6 6 26
387160 38 0 0 6 6 19
262244 7 1 0 6 6 25
398437 42 1 0 1 6 16
363616 32 1 0 1 6 22
793702 22 1 0 2 6 16
322665 28 0 0 1 6 19
231533 62 0 0 6 6 13
4206 69 0 0 0 6 22
147565 23 0 0 4 6 16
367733 38 1 0 9 5 15
386164 43 1 0 1 5 17
1244257 2 0 0 6 6 34
176246 44 0 0 3 6 26
186487 27 1 0 2 5 17
783485 7 1 0 6 6 18
1022073 3 1 0 1 5 17
148596 51 0 0 8 6 22
385138 8 1 0 2 6 21
232570 46 0 0 8 6 20
386169 33 1 0 4 6 17
258178 47 1 0 1 6 16
219266 13 1 0 2 6 25
831623 36 1 0 2 6 15
391307 18 1 0 2 6 17
106639 73 1 0 7 6 21
562328 8 1 0 2 6 18
695450 29 0 0 2 6 15
355476 59 1 0 3 6 16
447639 11 1 0 1 6 17
447637 7 1 0 1 6 18
297104 31 1 0 4 6 29
184471 26 0 0 2 6 18
447635 14 1 0 1 6 17
777374 52 1 0 1 6 27
458897 11 1 0 1 6 18
349340 46 1 0 1 6 24
365727 73 1 0 2 5 18
76954 68 1 0 8 6 20
387225 14 0 0 1 5 15
703637 19 0 0 6 6 23
903341 9 1 0 1 6 17
209056 71 1 0 8 6 29
386214 36 0 0 9 6 18
50340 215 1 0 7 6 17
367776 15 0 0 9 6 22
10406 37 1 0 1 5 18
1022120 5 1 0 2 5 16
385197 57 1 0 2 5 18
646305 20 1 0 1 6 18
49325 245 1 0 2 6 19
894112 7 1 0 2 6 34
1022143 10 1 0 2 6 16
889017 4 1 0 1 5 18
543934 28 0 1 6 6 29
561342 30 1 0 2 6 25
297151 52 1 0 2 6 19
1144017 5 0 0 1 6 25
1121491 2 0 0 4 6 29
713929 33 1 0 6 6 27
209094 11 0 1 6 6 16
387286 47 1 0 2 5 18
893145 3 1 0 1 5 17
331987 27 1 0 2 5 21
773341 24 1 0 2 6 16
747730 11 1 0 1 6 17
473309 17 0 0 1 6 17
88282 8 1 0 1 6 17
386270 8 1 0 3 6 23
786647 35 0 0 6 6 22
354521 10 1 0 1 6 17
1243342 12 1 0 2 6 36
88284 29 1 0 2 5 16
284889 4 0 0 4 5 16
827602 3 1 0 1 6 21
291035 34 0 0 9 6 18
222433 72 1 0 9 6 19
88290 89 1 0 4 6 19
290016 35 1 0 1 6 15
222443 200 1 0 9 6 18
290028 8 0 0 1 6 21
447727 9 1 0 1 5 17
465134 51 1 1 2 6 16
147688 30 1 0 2 5 19
162024 25 1 0 2 6 18
447722 19 1 0 1 6 17
447723 10 0 0 1 5 18
1168636 2 1 0 2 5 31
222445 20 0 0 9 5 20
837885 3 0 0 1 5 16
311543 28 1 0 2 6 18
159988 106 1 0 8 6 19
488689 7 1 0 2 5 16
162037 420 1 1 2 6 21
305412 51 1 0 1 6 18
194816 62 1 0 2 6 19
1119507 1 1 0 1 5 16
263430 66 1 0 7 6 18
139520 46 1 0 5 6 25
441602 2 0 0 1 6 18
1181972 3 1 0 2 6 33
1345820 3 1 0 7 6 22
230666 36 0 0 1 6 21
1563929 2 1 0 2 6 36
54552 38 0 0 5 6 35
222490 19 0 0 4 5 15
472347 47 1 0 1 6 17
277785 60 1 0 2 6 35
897325 5 1 0 2 6 16
987438 4 1 0 1 5 15
637227 11 1 0 1 5 18
841007 18 0 1 6 6 27
370978 4 0 0 3 6 27
276782 25 1 0 1 6 19
367918 14 0 0 4 5 21
228652 79 0 0 6 6 19
542009 22 0 0 2 6 17
703801 2 0 0 2 5 16
846136 7 1 0 2 5 16
867641 9 1 0 2 5 15
275763 31 0 0 2 6 19
753980 21 1 0 2 6 18
779570 10 0 0 1 6 18
1023285 6 1 0 2 6 16
389432 28 1 0 1 6 16
158012 37 1 0 4 6 17
845130 22 1 0 2 6 18
987462 4 1 0 1 6 19
68939 88 1 0 1 5 19
360791 6 0 0 9 6 21
124243 25 0 0 4 6 20
974170 7 0 0 1 5 16
96596 152 1 0 5 6 21
987480 3 1 0 1 5 19
987479 4 1 0 1 5 18
988500 9 1 0 2 6 18
288089 162 1 0 1 6 35
487769 8 1 0 1 5 17
58720 236 0 0 8 6 18
292196 33 0 0 1 6 16
1119602 1 1 0 2 5 18
466272 51 1 0 1 6 17
248164 6 1 0 3 6 20
386409 19 0 0 6 6 19
457067 90 1 1 7 6 33
386411 26 1 0 1 5 19
386420 10 1 0 2 5 20
986492 12 1 0 1 5 17
471408 14 1 0 1 6 19
1345900 2 1 0 2 5 26
767351 4 1 0 4 6 16
79232 9 1 0 2 6 19
218501 39 1 0 1 6 17
456065 18 1 0 1 6 17
413068 46 0 0 1 6 18
277897 28 0 0 1 6 22
826754 8 1 0 1 5 16
688539 8 1 0 1 5 17
987547 5 1 0 1 5 17
987546 3 1 0 1 5 18
207253 28 0 0 6 6 23
531857 20 1 0 1 6 19
1345972 5 0 0 4 5 30
758191 32 1 0 2 6 16
1345970 1 1 0 1 6 21
279970 105 0 0 8 6 23
28071 22 0 0 2 6 18
1345971 1 0 0 2 5 27
1515966 5 1 0 2 6 24
364975 187 1 0 1 5 19
354729 71 0 0 4 6 22
254381 14 1 0 4 6 17
287147 38 1 0 7 6 19
987583 10 1 0 1 6 18
569785 33 0 0 1 6 18
1034685 3 1 0 2 5 16
324028 53 1 1 6 6 27
695731 30 1 0 1 6 17
568754 15 0 0 2 6 18
113089 31 0 0 4 6 20
259523 58 1 0 4 6 20
355782 85 1 0 1 6 18
531919 11 0 0 6 6 36
308675 25 1 0 2 6 24
173514 12 1 0 1 6 19
1212892 5 0 1 6 6 34
102865 45 1 0 2 6 18
954846 6 1 0 2 5 19
246228 58 1 0 2 6 17
766419 29 0 0 6 6 26
463325 5 0 0 2 5 19
488924 15 0 0 2 5 18
468442 12 1 0 1 6 18
496090 33 0 0 6 6 27
29151 44 0 0 4 6 16
430560 22 1 0 2 6 17
471521 16 1 0 1 5 18
252394 6 1 0 1 6 17
583138 52 0 0 1 6 16
1133051 7 1 0 2 6 35
416237 80 0 0 1 6 22
605670 38 0 1 2 6 32
987646 5 0 0 1 6 18
483826 26 0 0 7 6 18
476657 8 1 0 1 5 17
427516 15 1 0 1 6 17
88570 253 1 0 7 6 22
622069 15 0 0 3 6 30
194050 21 1 0 1 5 16
256515 29 1 0 2 5 15
524808 20 1 0 2 5 16
334340 72 1 0 2 6 18
809486 16 1 0 1 6 19
597514 53 1 0 2 5 18
146954 276 1 0 6 6 20
938502 10 1 0 2 5 15
452110 26 0 0 7 6 26
758276 31 1 0 2 5 19
177677 18 0 0 6 6 28
142866 29 1 0 2 6 18
330261 32 1 0 4 6 26
371220 12 0 0 2 6 17
126480 79 0 0 8 6 18
786969 19 0 0 6 6 25
835093 12 0 0 1 6 17
1603075 2 1 0 2 6 33
672278 15 1 0 1 6 19
211485 17 0 0 4 6 22
1119758 1 0 0 1 5 16
1481225 4 1 0 2 6 39
587306 36 1 1 2 6 13
338470 36 1 0 1 6 19
538156 274 1 1 2 6 21
195111 5 1 0 2 5 18
552493 30 1 0 6 6 26
1131060 18 1 0 6 6 28
195114 6 1 0 2 5 19
934438 42 1 0 7 6 21
32299 18 1 0 1 6 17
256557 9 0 0 2 6 14
249394 24 1 0 4 6 17
225842 14 0 0 8 6 34
215602 258 1 1 1 6 40
90677 102 0 0 7 6 20
306736 4 1 0 2 5 27
443954 36 1 0 4 6 22
938555 4 1 0 2 5 15
283186 8 0 0 0 6 17
1119783 3 1 0 2 5 16
1119785 6 1 0 1 5 17
47672 131 0 0 7 6 19
668211 5 1 0 1 5 18
1119784 1 1 0 2 5 17
19002 26 1 0 1 6 16
384575 15 0 0 8 5 18
47676 40 1 0 6 6 17
817712 9 1 0 1 5 19
137790 14 0 1 6 6 13
325177 29 1 0 9 6 20
1119788 2 1 0 1 5 18
1119790 2 0 0 1 5 17
940593 5 0 0 8 6 32
1119825 1 1 0 6 5 16
226882 26 1 0 1 6 16
384576 35 1 0 2 5 22
1048138 5 1 0 1 5 16
384579 15 1 1 4 6 15
681548 32 1 0 1 6 15
182862 36 1 0 2 6 19
1119837 1 0 0 1 5 17
28236 30 0 0 0 6 20
462410 11 1 0 1 5 17
311888 80 0 0 1 6 23
296531 23 1 0 1 6 17
1119819 6 1 0 1 5 17
1119818 1 1 0 1 5 16
48731 111 1 0 7 6 19
1119820 8 1 0 1 6 15
464473 55 1 0 8 6 18
998993 3 1 0 7 6 21
232028 22 0 0 5 6 18
309862 35 0 0 6 6 25
151137 32 1 0 2 6 15
1042028 17 1 0 2 6 18
322156 99 1 0 7 6 17
1287803 3 0 0 5 6 35
1119867 3 0 0 1 5 18
61034 495 1 0 0 5 23
396908 8 1 1 6 6 26
1119866 13 1 0 2 6 18
1119869 1 1 0 2 6 19
1119868 3 1 0 1 6 17
1119870 5 1 0 1 6 18
1109601 10 1 0 2 6 39
163447 564 1 0 2 6 18
124534 31 1 0 1 6 18
568945 119 1 0 8 6 19
728688 3 1 0 2 6 24
1024626 4 1 0 1 5 19
1119889 3 1 0 1 6 19
1119888 5 1 0 1 6 15
1119891 4 1 0 1 5 18
1119890 1 1 0 1 5 18
1119897 1 1 0 1 6 17
1119896 23 1 0 6 6 15
256649 35 1 0 2 6 15
147081 48 1 0 4 5 20
1119898 7 1 0 1 5 18
532101 4 0 0 6 6 35
452235 66 1 0 6 6 21
87696 16 0 0 4 6 15
862873 15 1 0 1 6 16
280209 18 1 0 4 6 16
55958 54 0 0 2 6 22
231067 8 0 0 2 6 17
194202 48 1 0 2 6 25
1119887 2 1 0 1 5 17
290458 42 0 0 6 6 20
113315 168 1 0 2 6 21
184992 35 0 0 6 6 20
1119925 2 1 0 2 5 18
1119924 1 0 0 2 5 18
449184 105 1 1 6 6 19
718496 6 0 0 1 5 19
843431 5 1 0 2 5 18
400042 10 1 0 1 6 17
339627 81 1 0 2 6 24
1119905 3 0 0 2 5 18
1119904 3 1 0 1 5 18
770745 7 0 0 2 5 18
1119907 1 0 0 1 6 17
1119906 8 1 0 2 5 17
37559 16 0 1 6 6 17
648885 5 0 0 2 5 18
974512 12 1 0 1 5 16
334522 13 0 0 7 6 25
646857 31 1 0 1 6 17
66240 27 0 0 0 6 17
876233 6 1 0 8 6 27
214725 349 1 1 1 6 25
1083095 4 1 0 2 5 19
1119961 6 1 0 1 5 16
953028 7 1 0 1 6 18
214728 398 1 0 1 6 16
353998 14 1 0 1 6 18
316105 92 1 0 1 6 21
355028 79 1 0 1 6 16
317142 14 1 0 6 6 20
1119942 12 1 0 1 6 16
47831 75 0 0 8 6 19
384733 12 0 0 5 6 21
287453 8 1 0 6 6 17
384735 38 0 0 5 6 21
366303 47 0 0 8 6 22
1119948 10 1 0 1 6 19
384731 35 1 0 4 6 17
287451 25 0 0 4 6 16
384730 31 1 0 4 6 18
58082 72 0 0 6 6 24
229095 45 0 0 3 6 24
277217 8 0 0 1 6 22
384736 42 1 1 6 6 22
48872 246 0 0 6 6 19
1229562 4 1 0 2 6 24
14057 84 0 0 7 6 22
620256 11 1 0 2 6 32
331497 15 1 0 9 6 21
443115 18 1 0 1 6 18
193260 15 1 0 2 6 17
384757 7 0 0 4 6 19
385781 18 0 0 2 5 15
384756 1 0 1 4 6 20
268022 9 1 0 2 5 17
384758 23 0 0 4 6 15
384755 34 0 0 4 6 21
1119977 11 1 0 1 6 15
43769 6 0 0 3 6 16
94968 182 1 0 0 6 26
43771 11 0 0 1 6 16
986865 5 1 0 1 5 19
385786 29 1 0 8 5 17
1119982 5 1 0 1 5 16
1120017 2 0 0 1 5 18
299780 93 1 0 6 6 24
1093393 30 1 1 6 6 28
125703 51 0 0 4 6 19
1017606 3 1 0 1 6 18
910087 8 1 0 1 5 18
271112 96 0 0 9 6 37
647940 14 1 0 4 6 15
724741 14 1 0 1 6 15
900892 11 0 0 6 5 32
285456 38 0 0 8 6 20
1223431 33 1 0 6 6 25
347933 54 1 0 1 6 19
776979 21 1 0 2 6 17
986903 6 0 0 2 5 17
969495 10 1 0 1 6 17
384799 4 0 0 4 5 15
928533 4 0 0 2 5 19
141086 312 1 0 9 6 19
331546 31 1 0 9 6 15
889644 21 1 0 2 6 24
384807 19 1 0 4 6 20
385831 33 1 0 2 5 22
969517 5 1 0 1 5 16
87845 80 1 0 2 6 22
31526 24 0 0 1 6 17
852779 3 1 0 4 6 17
385836 12 1 0 9 5 20
385833 41 1 0 1 5 16
778022 4 1 0 2 6 17
1034016 19 0 0 6 6 33
778047 2 0 0 2 5 17
863033 38 1 1 6 6 30
26424 63 0 0 1 6 18
469820 13 1 0 1 6 18
153407 5 0 0 4 6 20
384836 79 0 0 2 6 20
384839 63 1 0 9 6 17
977740 7 1 0 1 5 17
384838 17 1 0 2 5 19
625485 37 1 0 6 6 27
384835 6 0 0 9 6 19
828234 4 0 0 1 6 18
384834 26 1 0 9 5 19
384841 13 0 0 4 5 15
384840 32 1 0 2 5 20
364360 24 0 0 3 6 36
388939 15 1 0 1 6 17
530264 12 1 0 5 6 17
352084 20 1 0 2 6 18
1164099 11 1 0 2 6 33
713567 10 0 0 1 6 17
529247 6 1 0 1 5 18
213844 23 1 0 2 6 25
1083208 2 1 0 2 6 15
1602370 3 1 0 2 6 29
1083211 4 1 0 1 6 15
313177 38 1 0 2 6 15
866157 6 1 0 1 6 18
384868 8 0 0 1 5 18
190304 435 1 0 5 6 20
1269617 16 1 0 2 6 35
384867 20 1 0 2 5 19
1000297 10 1 0 1 6 19
576353 35 0 1 6 6 18
778080 7 1 0 2 5 16
384873 12 0 0 4 6 17
384872 14 0 0 4 5 20
157548 56 0 0 6 6 22
614265 89 1 1 2 6 18
87921 48 0 0 8 6 21
61298 182 0 0 1 6 15
384886 26 1 0 6 6 16
480116 39 0 1 7 6 22
778110 9 1 0 2 5 18
121719 33 0 0 1 6 18
312178 13 1 0 1 6 17
107385 19 0 0 2 6 17
150395 23 1 0 2 6 19
1244011 11 1 1 6 5 28
352127 28 1 0 4 5 29
87931 30 1 0 1 6 19
384888 13 1 0 8 5 25
590708 9 0 0 6 6 27
928624 17 1 0 2 6 31
860044 7 1 0 2 5 18
147335 64 1 0 1 6 17
800649 48 1 1 1 6 16
270211 83 0 1 6 6 30
778113 27 1 0 2 5 15
921476 2 0 0 3 5 16
276367 200 1 0 8 6 19
940931 16 0 0 6 6 28
250764 123 1 0 1 6 18
987039 6 1 0 1 5 18
349079 15 1 0 4 6 16
586650 21 1 0 2 5 19
385942 7 0 0 9 5 18
468884 20 0 0 2 6 17
535451 9 1 0 1 6 18
726936 15 1 0 1 6 17
340881 37 0 1 6 6 26
385936 25 1 0 7 5 20
385938 15 0 0 1 5 17
1208197 4 1 0 1 6 22
385949 8 1 0 2 5 18
385950 15 1 0 9 5 18
982930 10 1 0 2 5 12
385946 9 1 0 3 5 18
58273 101 1 0 7 6 22
63395 566 1 0 2 6 18
385958 7 0 0 9 5 17
50083 164 1 0 4 6 32
1287088 2 1 0 2 6 35
786350 3 1 0 1 6 15
51110 75 1 0 2 6 30
323502 74 1 0 4 6 19
563107 35 1 0 2 5 17
463785 27 0 0 8 6 25
384958 13 0 0 4 6 20
529331 10 1 0 1 6 18
156606 67 1 0 5 6 17
364475 17 1 0 1 5 18
384965 9 0 0 4 6 18
203718 137 0 0 4 6 24
384960 9 1 0 2 5 19
1021895 9 0 0 4 6 18
752581 16 0 0 4 6 18
355285 23 1 0 4 5 17
49104 177 0 0 3 6 25
256977 24 1 0 2 5 15
277462 104 1 0 4 6 22
1048541 18 1 1 2 6 29
277463 59 1 0 4 5 21
1534915 7 1 0 2 6 39
364496 16 0 0 4 6 20
999386 8 1 0 7 6 16
1019856 9 1 0 2 5 18
166886 57 1 0 1 6 19
39909 204 0 0 3 6 20
453600 30 0 0 6 6 21
385005 14 1 0 4 6 19
1083386 5 1 0 2 5 16
186345 31 0 0 0 6 26
385013 20 0 0 1 5 17
385014 21 0 0 4 6 22
514035 240 1 1 2 6 20
601085 24 1 0 2 6 26
68596 508 1 0 4 6 21
1083365 4 1 0 1 6 15
86004 11 0 0 5 6 21
246772 25 0 0 1 6 16
68601 272 1 0 2 6 19
317439 150 1 1 1 6 40
214728 903341
457067 211485
457067 285456
457067 184992
214728 542009
214728 778047
214728 810036
457067 413068
214728 290016
457067 271112
214728 867641
214728 197699
214728 777284
214728 10406
214728 778110
457067 176246
214728 252394
214728 385197
324028 370720
324028 841007
214728 195114
214728 367683
214728 695731
214728 970845
605670 1603075
324028 1171492
214728 487769
214728 1119896
214728 214725
214728 317439
214728 384807
214728 597514
214728 1042028
324028 552493
457067 55958
324028 50083
324028 1244231
457067 1345972
214728 1119982
214728 1119785
605670 1133051
214728 88282
214728 209056
214728 672278
457067 646305
214728 1119867
457067 416237
214728 222433
214728 1119897
457067 483826
457067 126480
214728 384873
214728 809486
214728 125703
214728 987583
214728 724741
214728 232028
214728 1119818
214728 637227
214728 385938
214728 758191
214728 938555
214728 68601
214728 866157
214728 58720
214728 1119898
214728 893145
214728 447513
214728 363616
214728 820264
605670 975889
605670 1287088
214728 779570
214728 280209
214728 969517
457067 106639
214728 121719
214728 352127
214728 827602
214728 386270
457067 4206
214728 184471
457067 48872
214728 987546
457067 48731
214728 987547
214728 953028
214728 141086
214728 385013
457067 228652
457067 292196
214728 400042
214728 385781
324028 786647
214728 852779
214728 43771
214728 703801
214728 124534
214728 586650
457067 319571
214728 389432
214728 427516
214728 68939
214728 385138
214728 384965
214728 102865
214728 384960
214728 986865
214728 646857
457067 1345971
214728 1119891
324028 452235
214728 386113
214728 987462
214728 173514
214728 256977
214728 287147
605670 1134628
214728 1119888
1121491 215602
457067 622069
214728 47676
457067 157548
605670 1164099
214728 1119602
214728 297151
214728 1083365
457067 290028
457067 124243
605670 219266
605670 1269617
214728 355336
457067 232570
324028 309862
214728 569785
324028 366303
214728 284889
214728 447639
214728 113315
214728 384888
214728 447637
214728 1119783
214728 1119925
214728 458834
214728 364475
214728 1119507
214728 1119887
605670 51110
214728 1119905
457067 331497
214728 465134
324028 139520
457067 728133
214728 19002
214728 384840
457067 259523
214728 778080
457067 1345820
214728 331546
214728 1048541
214728 297104
214728 352084
324028 625485
214728 347933
214728 193260
324028 786969
214728 384799
324028 1244182
214728 563107
324028 61034
214728 385831
457067 87845
214728 68596
214728 277462
457067 288089
214728 317142
214728 538156
214728 384735
324028 1212892
214728 384758
214728 987646
214728 1120017
214728 1022120
214728 464473
457067 153407
324028 666689
214728 466272
214728 845130
457067 1034016
214728 386169
457067 185422
214728 385833
214728 387160
214728 752581
214728 472347
457067 1208197
214728 938502
214728 488924
214728 364496
214728 1119907
214728 142866
214728 447635
214728 384575
214728 576353
324028 713929
214728 384757
214728 367776
214728 1119869
214728 514035
214728 568754
605670 1229562
214728 268022
324028 463785
324028 543934
214728 987438
214728 195111
214728 385958
457067 370978
214728 331987
214728 322665
214728 384886
214728 846136
214728 156606
214728 26424
214728 274470
214728 1119825
457067 94968
324028 262244
214728 364975
605670 194202
214728 778022
457067 1144017
214728 88284
457067 330261
214728 562328
605670 1168636
214728 835093
605670 1109601
324028 703637
214728 753980
214728 250764
214728 860044
214728 186487
214728 425027
214728 384733
214728 1119866
214728 79232
214728 147565
457067 76954
214728 354521
214728 587306
214728 387286
214728 476657
605670 1181972
214728 614265
214728 61298
605670 306736
214728 910087
214728 987039
214728 1017606
457067 148596
214728 384868
457067 1121491
214728 384736
324028 1244229
214728 826754
457067 322156
214728 458897
214728 147081
324028 207253
605670 1243342
214728 583138
457067 934438
214728 355476
324028 1244011
214728 384867
214728 463325
214728 150395
214728 843431
214728 246772
214728 386214
214728 800649
324028 766419
214728 828234
214728 194050
324028 340881
214728 275763
214728 1107011
214728 365727
605670 868441
457067 87931
214728 1119906
214728 386420
324028 1131060
214728 1024626
214728 231533
457067 28236
605670 894112
214728 747730
214728 256557
214728 291035
457067 90677
457067 58273
214728 388939
457067 248164
214728 385949
214728 323502
457067 568945
457067 1287803
214728 462410
457067 87124
214728 386107
214728 384755
214728 254381
214728 158012
214728 163447
214728 954846
214728 367918
214728 276367
214728 391307
214728 1119889
457067 108607
457067 47831
214728 469820
214728 986492
214728 277463
214728 287451
214728 387225
214728 277217
214728 897325
457067 88570
214728 1119819
214728 31526
214728 456065
214728 889017
457067 66240
214728 1019856
457067 179210
214728 88290
214728 776979
214728 1034685
214728 334340
214728 783381
214728 113089
214728 384839
214728 384756
605670 728688
214728 353998
214728 1000297
214728 147335
214728 226882
457067 55323
214728 384838
214728 681548
214728 471408
457067 998993
214728 218501
214728 385005
457067 876233
457067 532101
214728 32299
214728 441602
214728 1083386
214728 977740
324028 396908
214728 280641
214728 280590
214728 349079
214728 1119942
214728 974512
457067 777374
214728 793702
214728 489477
214728 695450
214728 1021895
214728 1119904
324028 940931
214728 473309
441602 457067
214728 986903
214728 1119948
324028 270211
214728 203718
214728 1119758
324028 279970
457067 351233
214728 447727
214728 151137
214728 283186
214728 668211
214728 222443
214728 1119837
214728 1119784
324028 37559
214728 974170
324028 177677
214728 385950
214728 773341
605670 889644
214728 147688
605670 928624
214728 230666
214728 50340
324028 1093393
1345900 605670
214728 488689
214728 1022073
324028 364360
214728 222490
214728 231067
214728 384730
214728 312178
457067 87921
457067 1244257
324028 940593
214728 837885
214728 367733
214728 1119870
214728 355028
214728 1119924
214728 166886
605670 213844
214728 1119977
214728 529247
214728 1119890
214728 385936
457067 277897
324028 1244228
605670 308675
214728 988500
457067 54552
214728 355782
605670 1515966
214728 190304
457067 39909
324028 58082
457067 47672
214728 384836
214728 384731
214728 1083208
214728 921476
214728 256649
605670 1481225
214728 969495
214728 430560
457067 86004
214728 276782
214728 258178
214728 370731
214728 222445
214728 1023285
605670 1534915
214728 355285
214728 987155
214728 325177
214728 360791
324028 531919
324028 339019
214728 1048138
214728 1119788
324028 590708
605670 63530
214728 107385
214728 778113
457067 299780
214728 1119961
214728 831623
605670 277785
324028 863033
214728 443115
214728 28071
214728 182862
457067 290458
214728 159988
214728 713567
214728 862873
214728 385786
605670 1602370
457067 14057
457067 186345
214728 524808
214728 1022143
457067 229095
457067 354729
457067 96596
324028 900892
214728 531857
214728 982930
214728 817712
214728 1083211
457067 263430
214728 648885
214728 647940
214728 384835
457067 530264
214728 385942
457067 1345970
324028 1223431
214728 87696
214728 146954
605670 715783
214728 385014
605670 339627
214728 928533
324028 1244230
214728 987480
605670 601085
214728 349340
214728 535451
214728 987479
214728 384872
214728 384834
214728 783485
214728 305412
605670 620256
457067 767351
214728 371220
605670 561342
214728 1083095
605670 108622
324028 225842
214728 468442
214728 296531
214728 449184
214728 770745
214728 1119790
214728 1119868
457067 1345900
214728 316105
214728 249394
214728 311543
214728 386411
214728 447723
214728 246228
214728 384841
214728 384576
214728 758276
324028 266317
214728 471521
214728 384958
214728 162037
214728 1068045
214728 1119820
214728 43769
214728 386164
214728 718496
324028 137790
214728 398437
214728 385946
214728 778265
214728 338470
457067 334522
324028 496090
214728 256515
324028 452110
605670 1563929
214728 162024
214728 688539
457067 311888
214728 786350
605670 443954
214728 209094
214728 385836
457067 287453
1244257 324028
214728 194816
457067 49325
214728 529331
324028 453600
214728 468884
214728 726936
214728 386409
457067 49104
457067 480116
214728 29151
214728 63395
214728 384579
214728 447722
214728 313177
457067 999386
