2359 2432
5 0
364551 24 0 1 8 6 20
167936 11 0 1 6 6 19
745475 6 1 1 1 6 20
1142811 8 1 1 8 6 35
348174 12 1 0 1 6 19
946179 23 1 0 5 5 15
671770 18 1 1 5 6 24
172051 61 1 0 4 6 15
1163264 18 1 1 5 6 37
131091 107 0 0 1 6 15
315409 93 0 0 4 6 15
344080 39 0 0 3 6 21
638993 62 0 0 6 6 23
819221 28 1 0 4 6 16
913428 46 1 0 8 6 23
675859 133 1 1 1 6 25
884758 23 0 1 6 5 29
1343499 7 0 0 5 6 39
708651 17 1 1 1 6 30
626733 149 1 0 6 6 16
700462 24 0 0 6 6 15
237607 91 1 1 9 6 20
729133 17 1 0 7 5 26
1142841 7 1 1 7 6 31
946215 15 1 0 8 6 23
544801 39 1 0 2 6 17
335925 15 1 1 1 6 19
503862 84 0 0 6 6 20
516149 33 1 1 6 6 18
491572 35 1 0 5 6 29
946234 26 1 1 9 5 11
593981 20 1 0 9 6 18
434226 62 0 1 5 6 22
946235 14 1 1 2 6 28
380976 54 0 1 8 6 27
487472 27 1 0 6 6 20
946230 19 1 1 2 5 12
348221 71 0 0 7 6 24
319549 203 1 1 6 6 19
946231 31 1 1 8 6 12
745522 19 1 0 1 6 18
106552 209 1 0 1 6 19
946229 22 1 1 8 5 12
507961 26 0 1 4 6 25
991307 3 1 0 8 6 23
966728 19 1 1 6 6 23
237636 16 0 0 7 6 26
532545 27 1 1 1 6 16
516173 18 1 1 6 6 13
172104 50 1 0 2 6 23
700485 77 1 1 5 6 19
475222 114 1 1 2 6 26
344151 28 1 0 8 6 15
241751 44 0 1 1 6 19
421970 61 0 0 1 6 17
757854 13 0 0 6 6 16
86102 120 1 1 6 6 19
757842 45 1 0 4 6 15
381022 107 1 1 7 6 26
766039 27 1 1 6 6 20
524373 38 1 1 8 6 22
520293 43 1 1 6 6 19
475235 41 0 0 4 5 15
45156 114 0 1 4 6 29
184420 127 0 1 7 6 35
753763 8 1 1 6 6 19
1409149 10 1 0 2 6 34
1122427 8 1 1 7 6 22
712801 37 1 1 4 6 24
467049 88 1 1 8 6 30
1159267 21 1 0 6 5 21
360560 39 1 0 1 6 21
159860 30 1 1 0 6 27
921719 31 0 1 3 6 19
995445 3 1 1 1 5 19
487559 14 1 0 5 6 34
20610 63 0 0 7 6 21
929932 19 0 1 6 6 31
237703 56 1 1 9 6 21
295041 141 1 0 6 6 21
536718 26 1 1 6 6 18
737420 60 1 1 6 6 17
995464 13 0 1 1 6 14
1147032 4 1 0 4 6 26
1368222 6 1 1 1 6 21
946306 33 1 1 8 6 23
344201 47 1 1 8 6 19
1527960 4 1 1 4 6 32
1171585 10 0 1 7 6 36
131219 182 1 1 2 6 40
471189 20 1 1 6 6 16
20627 25 0 1 0 6 23
467091 22 1 0 6 6 17
45205 383 1 1 1 6 17
37015 39 1 0 7 6 26
348317 88 1 0 6 6 19
192667 59 0 0 1 6 19
598162 12 1 0 0 6 21
1077391 7 1 1 8 5 18
311451 49 1 0 6 5 22
721067 20 0 0 6 6 23
946348 34 1 0 4 6 19
573611 59 0 0 7 6 23
946345 18 1 0 4 6 23
1355955 1 0 1 1 6 17
725155 21 1 0 4 6 30
286893 51 1 0 1 6 17
57516 140 0 0 4 6 20
741566 7 1 0 0 6 26
49333 110 0 0 1 6 20
188596 55 1 1 1 6 20
1282219 2 1 1 7 6 32
213186 214 1 1 9 6 19
344257 45 1 0 8 6 14
131275 118 1 0 6 6 23
1065179 8 0 0 7 6 35
999619 10 1 1 6 6 34
389320 52 1 0 1 6 16
1495257 2 0 0 5 6 39
422098 15 1 0 7 6 21
651487 98 1 1 6 6 19
651486 69 1 1 6 6 21
209115 87 1 1 1 6 17
868567 9 1 1 8 6 28
385246 50 0 1 6 6 21
1110222 22 1 0 4 5 16
16608 114 1 1 2 6 28
712942 30 1 1 1 6 14
274658 36 1 1 5 6 16
172267 33 1 1 1 6 19
119019 104 1 1 1 6 25
991461 6 0 0 7 6 31
221423 62 1 0 1 6 15
262376 80 1 1 1 6 18
938208 35 1 1 4 6 22
467176 68 0 0 4 6 20
704766 41 0 1 1 6 20
602352 35 1 1 6 6 28
73978 38 1 1 3 6 20
119037 69 0 1 7 6 20
381176 26 1 1 2 6 18
454904 338 1 1 8 6 19
602358 103 1 0 6 6 23
217346 44 1 0 8 6 23
602381 20 1 1 6 6 25
332035 208 1 1 8 6 23
598272 23 0 1 7 6 40
1085722 18 1 1 6 6 20
1192216 36 1 0 1 6 13
1057051 9 0 0 7 6 32
364809 59 1 0 8 6 28
258318 217 1 0 2 6 23
53517 28 0 0 8 5 19
172305 23 0 1 6 6 23
745752 13 1 0 6 6 11
516380 47 1 1 6 6 21
975120 29 1 0 7 6 22
508184 25 1 1 6 6 21
663829 12 1 1 1 5 35
86305 115 1 1 6 6 19
180522 15 0 1 1 6 29
340269 139 1 1 1 6 19
28969 147 1 0 6 6 16
532771 172 1 0 6 6 23
1020222 4 1 1 6 6 36
364854 21 1 0 1 6 25
344368 80 0 0 8 6 15
332089 69 1 1 8 6 24
860467 95 1 0 6 6 21
1261868 2 1 1 5 6 19
356679 153 1 0 1 6 18
536907 11 1 1 6 6 34
921933 30 1 1 3 6 25
454979 19 0 1 5 6 39
667980 18 0 1 4 6 21
86344 75 1 1 6 6 21
340297 10 1 1 7 6 23
41295 144 1 0 9 6 21
41297 155 1 0 8 6 28
618843 30 1 0 8 6 23
41301 66 0 0 8 6 21
319825 28 1 0 9 5 20
1278278 9 1 0 7 6 31
262493 23 1 1 1 6 24
20827 68 1 1 1 6 26
213347 24 0 0 1 6 22
1266032 22 0 0 1 6 38
1032554 1 1 1 5 6 19
823658 44 0 0 6 6 21
188773 30 0 0 6 6 18
446831 36 1 1 7 6 25
74091 81 1 1 6 6 18
86381 184 1 1 8 6 22
860513 38 0 0 6 5 21
717158 10 1 1 1 6 21
1290621 9 1 0 7 6 38
246131 371 1 1 4 6 29
397687 352 1 1 8 6 15
299383 64 0 0 6 6 17
897406 1 1 1 1 6 15
86389 23 1 1 6 6 25
1261925 6 1 1 5 6 19
1261924 4 1 1 5 5 19
1261932 2 1 1 1 6 22
434566 17 0 1 6 6 21
688521 47 1 1 6 6 21
352646 15 1 0 1 6 40
401795 98 0 0 1 6 17
852355 4 0 1 4 6 21
749977 2 0 0 7 6 23
242065 56 1 1 1 6 29
393621 80 1 1 6 5 20
250261 32 1 0 8 6 22
266643 4 1 1 8 5 27
381343 47 1 1 3 6 20
1315214 11 0 0 6 6 21
393624 31 1 1 6 6 20
565672 13 1 0 8 6 24
836013 48 1 0 6 6 14
627112 11 1 0 6 5 20
864687 15 1 1 4 6 34
553390 20 1 1 1 6 17
1171894 4 0 0 7 6 31
147883 231 1 0 6 6 19
135592 10 1 0 1 6 16
127402 243 1 1 2 6 19
1208766 18 1 0 5 6 38
344491 52 1 0 8 6 23
172460 23 0 1 4 6 16
299435 48 0 0 1 6 20
659877 26 1 1 6 6 28
389553 81 1 0 1 6 16
520626 41 1 1 8 6 17
594364 22 1 0 7 6 32
176564 109 1 1 6 6 26
364979 53 0 0 5 6 30
1184165 5 0 1 3 6 31
1028536 14 1 0 5 6 25
389554 30 0 0 1 6 30
1143208 11 0 0 7 6 31
213432 397 1 1 6 6 17
962995 8 1 1 8 6 28
123326 82 1 0 6 6 19
356804 75 1 0 0 6 22
545227 109 1 1 1 6 28
438723 155 1 1 6 6 21
213445 105 1 1 8 6 16
33223 35 0 1 6 6 20
385487 54 0 0 4 6 19
967109 12 0 1 7 6 32
848327 25 1 0 7 6 32
1602005 1 1 1 7 5 23
168401 101 0 1 6 6 18
123353 52 1 0 1 6 18
250330 59 0 0 1 6 20
541139 37 0 0 8 6 26
168409 227 0 1 8 6 25
528852 69 1 1 8 6 39
160220 39 1 1 1 6 25
172509 237 1 0 4 6 15
160221 61 1 1 1 6 21
279012 151 1 0 3 6 16
172512 71 1 0 9 5 14
590317 114 1 1 6 6 25
971240 28 1 1 4 6 20
20967 27 1 1 3 6 27
414177 29 1 1 1 6 17
410095 68 1 1 4 6 102
418282 38 0 0 7 6 19
627174 12 0 0 6 6 20
360951 152 1 0 8 6 17
172529 131 1 0 9 5 15
905726 25 1 1 6 5 17
279025 169 1 1 6 6 22
160244 83 1 1 1 6 19
606718 22 1 1 1 6 19
274943 101 1 1 0 6 22
1020404 11 1 1 2 6 24
442875 38 0 0 1 6 23
1008114 5 1 0 7 6 20
696843 6 0 0 6 6 18
1163795 5 1 0 1 6 14
53762 55 1 1 3 6 25
533003 117 1 0 6 6 20
1163794 3 1 1 1 5 24
623119 11 1 0 6 6 14
414208 61 1 1 1 6 25
1204762 1 1 1 1 6 26
1163800 2 1 1 1 6 17
143883 20 1 0 1 6 17
287247 48 1 0 1 5 18
811523 65 0 1 6 6 19
573978 34 1 0 6 6 23
385559 129 1 0 6 6 18
365078 38 0 0 6 6 20
1163781 2 1 1 2 6 22
672286 25 0 1 5 6 22
287250 39 1 1 2 6 18
209428 22 1 0 9 6 19
201243 67 1 1 8 6 28
176664 60 1 1 5 6 33
672273 33 1 1 5 6 26
639535 35 0 0 6 6 22
172586 29 0 0 1 6 17
1385020 3 1 0 6 6 29
1270335 44 1 0 9 6 20
356904 27 0 1 1 6 22
225837 34 1 0 1 6 36
1147455 7 1 1 1 6 22
545337 84 1 1 6 6 16
754234 18 1 0 7 6 23
381495 8 1 1 4 6 20
418357 55 1 1 8 6 16
578107 10 0 1 6 6 22
500275 39 0 0 7 6 22
1200678 1 0 0 7 6 31
868920 18 1 1 7 6 34
340531 21 1 1 1 6 19
1094184 9 1 1 3 6 33
995894 16 0 0 7 6 31
197177 142 1 0 2 6 21
1131051 4 1 1 4 6 20
8763 25 0 1 0 6 28
57918 1254 1 1 0 6 27
299578 86 1 0 8 6 18
430660 20 0 1 6 6 23
389697 22 1 1 1 6 18
1196631 4 1 0 0 6 31
500290 88 1 1 1 6 20
574029 19 1 1 0 6 25
897611 23 1 0 4 6 20
455233 61 1 1 8 6 22
369228 267 1 0 1 6 21
553540 30 0 0 6 6 28
33357 234 1 0 7 6 30
836163 16 1 1 1 6 19
381523 76 1 1 4 6 22
328274 30 1 1 1 6 29
1598019 1 0 1 4 6 19
811600 26 0 1 6 6 18
1196620 3 1 0 6 6 23
639575 36 1 1 7 6 40
578153 45 1 1 6 6 22
815727 55 1 0 5 5 26
1237622 9 0 1 1 6 26
1233527 3 1 0 4 5 19
979560 7 1 0 6 6 19
41574 98 1 0 6 6 19
471649 4 0 0 7 6 16
12903 54 1 1 1 6 18
471661 42 1 0 1 6 16
545382 6 0 1 5 6 24
709243 35 0 0 8 6 24
660094 20 0 0 6 5 24
103030 59 0 1 2 6 27
606833 7 1 0 2 6 21
1204842 19 1 1 8 6 25
57982 138 0 0 5 6 18
189053 110 1 1 2 6 18
750219 94 1 1 4 6 16
1041039 6 0 1 5 6 28
135811 137 1 1 1 6 20
1180305 21 1 1 7 6 39
115333 24 0 1 4 6 31
1479314 3 1 0 7 6 32
393856 158 1 1 1 6 20
647 135 0 0 0 6 19
995975 33 0 1 8 6 27
737922 3 1 0 4 6 22
692871 63 0 1 5 6 23
459401 30 0 0 8 6 23
123535 26 0 0 1 6 23
205456 77 1 1 6 6 23
926363 35 0 1 6 6 19
774803 19 1 0 1 6 17
570001 98 1 0 1 6 18
381599 15 1 1 1 6 20
307864 89 0 0 7 6 22
496283 28 1 1 6 5 34
336536 82 1 1 8 6 25
881299 65 1 1 6 5 23
1360522 8 1 0 7 6 21
12958 154 0 1 4 6 24
1118897 10 1 0 1 6 20
340647 22 0 1 7 6 23
295584 55 1 0 4 5 16
225957 25 0 1 0 6 31
553646 9 1 1 6 6 35
1196730 1 1 0 2 6 19
94891 31 1 0 8 5 26
1196728 6 1 0 2 5 21
713376 4 0 0 1 6 21
53934 14 0 1 0 6 30
1196732 1 0 0 7 6 20
770746 13 1 0 0 6 17
410295 25 1 1 4 6 20
1381031 1 0 0 5 6 20
1381024 1 1 1 2 5 16
656063 45 1 1 6 6 25
1381027 2 1 1 1 5 20
1036980 10 0 1 8 6 28
1524439 2 1 0 7 5 31
180931 302 1 1 1 6 18
1114838 6 1 0 6 6 21
1061592 10 1 1 5 6 30
651972 41 1 1 6 6 22
1168095 12 0 0 3 6 32
385751 72 1 0 4 6 16
111317 39 1 0 4 6 16
172758 496 1 0 8 6 20
803545 38 1 1 1 6 35
344787 63 1 1 6 6 22
598750 18 0 0 7 6 23
553681 38 0 1 6 6 21
1090250 19 1 1 6 6 25
213721 24 0 1 3 6 20
557779 19 1 1 8 5 26
373465 83 1 0 7 6 23
58077 48 0 1 6 6 18
344795 38 0 1 2 6 15
955089 28 1 1 1 6 12
230115 136 1 1 6 6 23
58080 95 1 0 2 6 22
996074 40 1 1 6 6 27
504567 85 1 1 6 6 21
586494 17 1 0 1 6 22
365308 57 1 1 1 6 23
1397484 12 1 0 7 6 31
74491 38 1 1 1 6 16
66299 82 1 1 1 6 29
844528 6 1 0 1 6 29
705271 28 1 1 1 6 20
168706 40 1 1 5 6 23
697096 5 1 1 6 5 34
1016586 16 0 0 7 6 31
180996 117 1 1 6 6 15
709389 14 0 1 6 6 25
893701 14 1 0 1 6 20
193291 41 1 1 6 6 15
779009 10 0 0 7 6 31
1233689 10 1 0 6 6 31
1594131 1 1 1 1 5 25
1209119 4 1 1 1 6 14
217869 7 1 0 1 5 20
459528 195 1 1 6 5 21
1127170 15 1 1 1 6 27
447253 22 0 0 7 6 26
348944 33 0 1 1 6 18
975640 15 0 1 6 6 20
172826 187 0 0 4 6 16
975638 23 1 0 6 6 19
549648 14 0 1 6 6 19
312092 11 1 1 4 6 15
516894 96 1 0 9 6 18
336671 8 0 1 4 5 34
172825 174 1 0 6 5 17
946965 88 1 0 2 6 22
1233678 4 1 0 1 6 39
406298 90 1 1 1 6 22
78625 66 0 1 2 6 18
467750 95 1 1 1 6 19
934700 17 1 1 4 6 41
836399 44 1 1 6 6 27
742176 36 0 1 6 6 22
361262 61 1 0 7 6 23
803616 39 1 1 8 6 23
557863 24 1 1 1 6 23
262955 177 1 0 6 6 18
639782 36 0 0 7 6 26
25392 71 1 0 6 5 1
639803 61 1 0 6 6 23
348982 23 1 0 8 6 22
553790 124 1 1 6 6 24
41788 199 1 0 0 6 19
95036 78 0 0 6 6 16
430904 13 0 0 5 6 36
492344 7 0 1 0 6 31
467782 46 1 0 1 6 15
967503 8 0 1 7 6 37
205639 119 1 0 6 6 21
156490 187 1 1 1 6 18
394060 12 1 1 2 5 36
525125 24 1 1 8 6 29
316233 62 1 0 1 6 22
381771 7 1 1 2 6 19
549703 34 1 1 6 5 18
811868 110 1 1 6 6 19
78675 24 1 1 6 6 14
78674 139 1 1 4 6 17
172886 299 1 0 4 6 16
62292 16 0 0 0 6 24
951131 24 1 1 1 6 18
742224 74 1 0 1 6 12
406365 257 1 0 8 6 13
525142 65 1 1 8 6 24
1045358 11 0 1 7 6 47
1008493 8 1 1 6 6 32
365409 66 1 1 7 6 21
254823 17 1 1 5 6 18
95080 69 0 0 5 6 19
279401 21 1 0 8 6 23
1577846 3 1 0 7 6 31
488296 22 1 0 1 6 21
107377 35 0 0 7 6 25
652154 12 0 0 8 6 22
349046 115 0 0 7 5 32
516979 154 1 0 9 6 16
58228 56 0 0 4 6 24
492402 25 1 0 7 6 32
119671 37 0 0 7 6 39
234356 71 1 0 2 6 20
238452 21 1 0 9 6 21
1315688 5 1 0 6 5 19
291707 94 1 0 6 6 22
1258348 18 1 1 4 6 25
222081 61 0 1 8 6 22
516993 274 1 0 6 6 22
496512 29 1 1 1 6 27
742278 67 1 0 6 6 20
250764 123 1 0 1 6 18
156557 130 1 1 7 6 21
279447 164 1 0 9 6 17
328592 11 1 1 1 6 20
648081 15 1 1 7 6 20
394141 98 1 0 6 6 17
279448 213 1 0 6 6 14
279449 102 1 0 4 5 18
373656 19 0 0 7 6 28
62366 93 0 0 5 6 21
377754 98 1 0 6 6 20
1262515 7 1 1 0 6 28
545705 75 1 0 9 5 12
574377 15 1 1 7 6 25
340900 72 1 1 7 6 31
566187 18 0 1 8 6 29
254886 26 1 0 0 6 29
758702 17 0 0 2 6 22
209828 170 1 0 2 6 12
787365 35 1 0 1 6 22
742306 32 0 0 6 6 20
476077 58 0 0 6 6 17
1119163 16 1 1 1 6 20
107434 158 1 0 0 6 20
1135549 26 1 0 2 6 19
29612 5 1 0 7 6 31
582584 6 1 0 9 6 25
746424 15 1 1 8 5 21
197557 57 1 0 8 6 15
1196964 8 1 0 7 6 25
545714 58 1 0 9 6 25
795575 56 1 1 6 6 20
635826 51 1 1 6 6 25
889782 6 1 1 1 6 18
451517 29 1 0 2 6 17
246718 39 1 0 1 6 18
209852 24 1 0 2 6 17
435129 46 1 0 1 6 14
562120 21 1 0 9 6 18
1516502 2 0 1 5 6 32
209861 44 1 0 1 6 21
803780 42 1 0 7 6 27
611268 52 1 1 5 6 26
54222 52 0 0 2 6 21
889794 18 0 1 1 6 22
979935 5 1 0 1 6 19
78800 69 0 1 8 6 26
521173 30 1 0 9 6 24
70610 11 0 0 7 6 31
377808 123 1 1 5 6 27
574431 38 1 0 6 6 20
500688 39 0 1 7 6 23
62424 98 1 1 6 6 22
377822 22 1 0 1 6 37
283608 13 1 1 1 6 23
533462 43 1 0 6 6 25
336858 33 1 0 7 6 29
246754 164 1 1 2 6 41
119779 61 1 0 0 5 19
1397747 5 0 1 6 5 33
672749 53 1 0 7 6 24
476143 62 1 0 4 6 13
414702 18 1 1 6 6 19
1201147 14 1 1 6 6 23
922596 14 1 1 0 6 32
525282 70 1 1 1 6 21
70634 99 1 0 1 5 27
889825 18 1 0 2 5 22
1156092 13 1 1 4 6 30
529382 45 1 0 1 6 19
1119230 21 1 1 9 6 26
590842 53 1 1 6 6 20
578558 73 1 1 6 6 20
771059 107 1 1 1 6 25
1102830 20 1 1 4 6 24
1102831 11 0 1 3 6 22
1123345 11 1 0 7 6 31
750601 27 1 0 6 5 20
263168 140 1 0 4 5 16
226310 45 1 1 7 6 17
173060 19 1 1 1 6 20
533519 81 1 0 0 6 25
1119257 20 0 0 1 6 35
488463 164 1 1 1 6 15
1012740 67 1 0 6 6 31
99341 48 1 1 0 6 26
365577 74 1 0 0 6 28
349192 4 0 0 7 6 22
181261 132 0 0 1 6 17
193549 10 0 1 1 6 23
226327 82 0 1 8 6 18
1504256 4 0 0 7 6 31
279571 514 1 0 6 6 15
123928 65 1 0 4 6 19
160798 11 0 0 6 6 23
771094 34 1 1 1 6 27
758827 54 1 1 6 6 20
619562 65 1 1 8 6 25
1344567 2 1 1 3 6 20
1569844 6 1 1 2 6 21
1082420 23 1 0 7 6 10
21540 82 1 1 5 6 20
246822 46 1 1 2 6 25
328739 97 1 1 8 6 19
398368 15 1 1 5 6 30
447534 31 1 1 1 6 16
185387 14 1 1 7 6 28
394282 176 1 1 2 6 19
594982 13 0 1 6 5 29
533563 88 0 0 4 6 19
173108 36 1 0 2 6 20
1295397 4 0 0 1 6 33
1188904 17 1 1 1 5 26
648242 3 1 1 5 6 24
726070 34 1 0 2 6 15
1295406 31 1 0 7 6 31
418872 49 1 1 2 5 19
33855 28 1 1 6 6 34
1315927 2 1 0 9 5 19
123973 124 1 0 3 6 26
623692 121 1 1 6 6 18
242758 26 0 1 6 5 22
271427 140 0 1 1 6 31
345165 46 1 1 3 6 24
1094746 7 0 1 6 6 19
676934 8 1 1 1 5 22
140364 87 1 0 8 6 24
332874 79 1 0 4 6 26
935007 2 1 0 7 6 31
328791 19 0 0 7 6 22
562266 30 1 1 1 5 31
377942 109 1 1 5 6 20
1119301 8 1 0 1 6 21
558173 37 1 1 5 6 28
746588 6 0 1 5 6 38
1471566 6 1 1 1 6 20
578642 5 0 1 4 6 37
210014 50 1 0 6 6 12
193631 22 1 0 8 6 24
91228 104 1 1 4 6 26
283737 133 1 1 1 6 18
58462 43 0 0 1 6 23
287844 124 1 0 5 6 28
513135 30 0 0 6 6 27
365677 113 1 0 4 6 16
922726 20 0 1 6 6 20
996454 20 1 1 6 6 24
824422 25 1 0 7 6 25
640098 76 1 1 4 6 19
734310 14 1 1 8 6 16
734309 45 1 0 6 6 16
38000 24 1 1 8 6 29
537722 131 1 1 6 6 21
144497 11 1 1 1 6 13
1148005 7 1 0 5 6 26
509043 27 1 1 6 6 26
103540 120 1 0 5 6 18
459901 19 1 1 1 6 17
271487 206 1 0 6 6 17
1086573 7 1 1 4 6 22
246908 94 1 0 1 6 18
881778 15 1 1 6 6 20
578697 13 0 1 8 6 26
267406 195 1 1 8 6 17
722048 119 1 0 4 6 15
918659 6 1 0 3 6 22
513173 92 1 0 6 6 19
758930 60 1 1 6 6 20
738448 41 1 1 6 6 23
74909 33 1 1 8 6 16
541864 9 0 0 7 6 32
1258672 8 0 1 8 6 31
58533 72 0 0 7 6 21
455840 26 1 1 1 6 17
873643 15 1 0 1 5 32
582816 44 1 0 2 6 14
558242 105 1 1 4 6 22
853155 18 1 1 2 6 33
1385658 7 1 1 1 5 21
574649 21 1 1 6 6 22
1242278 3 0 0 7 6 31
517297 63 1 1 4 6 35
1000631 8 0 0 2 6 23
1295535 5 0 0 5 6 24
1295534 7 1 0 1 6 32
996529 11 1 1 8 6 23
1324202 5 1 1 5 6 31
1201360 5 1 0 7 6 31
398533 100 1 1 3 6 18
287939 97 1 0 2 6 21
29896 373 1 1 5 6 12
484559 52 1 1 1 6 19
50379 21 1 1 7 6 21
275663 48 1 1 1 6 22
1012931 5 0 0 8 6 11
373960 27 1 1 3 6 22
738521 45 0 1 6 6 23
1295562 22 1 1 7 6 19
1012949 51 1 1 7 6 29
353503 113 1 0 1 6 21
46299 124 1 1 2 6 19
885969 15 1 1 4 6 25
247006 11 1 1 8 6 28
267481 52 1 1 1 6 21
283877 42 1 0 1 6 22
140518 112 1 1 0 6 20
66789 4 1 1 1 6 26
926955 14 1 0 6 6 21
640239 65 1 0 6 6 19
210153 63 0 1 6 6 17
9451 78 0 0 7 6 23
1377534 7 0 0 7 6 31
615653 76 1 1 6 6 18
509175 31 0 0 6 6 18
337141 23 1 1 7 6 31
1344741 17 0 1 6 6 37
386294 51 1 0 1 6 16
337142 32 1 1 1 6 22
1295590 1 1 0 0 5 29
312562 26 1 1 1 6 18
320755 31 0 0 7 6 25
369917 17 1 0 6 5 18
1295595 1 0 0 2 6 24
1000693 16 1 0 4 6 23
419069 12 0 1 7 6 19
890097 2 0 1 0 6 29
34044 27 0 1 8 5 20
296184 44 1 0 6 6 19
1119470 15 1 1 1 6 27
996623 17 1 1 8 5 23
996622 15 1 1 5 6 26
509187 41 1 1 6 5 28
431363 37 1 1 1 6 17
935179 21 1 0 7 6 31
529664 44 1 0 4 6 19
566530 20 1 0 8 6 21
1336600 3 1 1 2 6 32
541979 62 1 0 6 6 17
333072 101 0 0 6 6 21
42261 6 0 1 7 6 42
1099015 11 1 0 1 6 43
505119 22 1 0 6 6 25
1225999 66 1 1 5 6 40
369944 16 0 1 1 6 20
890131 13 1 0 6 6 22
283931 50 1 1 1 6 21
402727 96 0 0 6 6 18
890154 82 1 0 4 6 23
202027 19 1 1 2 6 28
394542 107 1 1 1 6 20
652576 38 1 1 6 5 26
25897 187 1 0 0 6 19
488750 47 0 1 7 6 26
918820 48 1 1 8 6 22
996645 20 0 0 8 6 23
144680 45 0 1 1 6 21
668960 36 0 0 1 6 19
460073 55 1 1 4 6 18
996640 25 0 1 6 6 28
21807 13 0 1 0 6 35
1275168 5 1 1 3 6 32
324912 70 1 1 3 5 32
922939 44 1 0 8 6 18
996665 2 1 1 8 6 36
1062188 36 1 1 2 6 26
996656 39 1 1 8 6 27
279867 156 1 0 1 6 14
709963 39 0 0 5 6 25
582987 12 1 1 1 5 34
374081 22 1 0 8 5 21
279872 64 0 0 1 6 22
857419 51 1 1 6 6 22
50503 212 1 1 1 6 24
1099101 19 1 1 5 6 30
599367 88 1 0 6 6 16
259411 66 1 0 1 6 17
902493 49 1 1 2 6 16
488787 25 1 1 7 6 26
714076 2 1 1 0 6 22
17753 47 1 1 0 6 21
58714 19 0 0 4 6 18
349534 76 1 1 1 6 17
435547 35 1 0 9 6 26
763243 12 1 1 2 5 22
349542 98 1 1 1 5 17
279904 104 1 1 3 6 19
71015 85 1 1 6 6 22
210283 15 0 1 6 6 29
705891 3 1 1 1 6 34
296301 60 1 0 2 6 22
431465 16 1 1 7 6 19
656762 23 0 0 6 6 20
554362 24 0 1 6 6 24
595325 166 1 1 5 6 36
271728 84 1 0 6 6 19
923000 28 1 1 8 6 17
382333 30 1 1 1 6 23
341372 42 0 0 8 6 18
353662 16 0 0 8 6 26
673142 54 1 0 4 6 25
935309 48 1 1 8 6 32
1271184 4 1 0 1 6 22
341376 96 1 1 8 6 19
169348 28 0 1 6 6 20
1226132 3 1 1 1 6 24
488832 30 1 1 6 5 18
562575 41 1 1 1 6 19
1226133 1 0 1 1 5 33
783746 56 1 0 6 6 19
398731 102 1 0 4 6 31
800157 6 0 1 1 6 22
619931 11 1 1 8 6 15
1484173 4 0 1 7 6 51
435610 41 1 0 1 6 19
251295 49 1 0 7 6 16
353688 13 1 1 4 6 24
1090958 8 0 0 7 6 20
431513 125 0 0 6 6 16
1078704 5 0 1 5 6 38
251299 23 1 1 1 6 17
222625 119 1 1 6 6 24
169376 37 1 1 5 6 26
79266 54 1 1 7 6 20
710063 21 0 1 8 6 24
1160631 10 1 1 1 5 28
21927 55 0 0 0 6 15
206244 72 1 1 4 5 36
1050039 9 0 0 7 6 31
1045921 41 1 1 2 6 13
251309 82 0 1 1 6 33
562598 63 1 1 1 6 21
464296 85 1 0 2 6 27
349619 69 1 1 1 6 18
1226149 8 1 1 1 6 29
1340835 8 1 1 1 5 34
890298 29 1 1 1 6 23
349629 100 1 1 1 6 15
935351 8 1 0 5 6 26
763319 11 0 1 8 6 21
767414 14 0 1 6 6 20
996786 89 1 0 5 6 22
177602 271 1 1 8 6 16
456134 47 1 0 1 6 22
71105 30 1 1 1 6 20
214467 35 0 1 1 6 22
689608 56 1 0 6 6 20
374221 177 1 0 8 6 16
144842 357 0 1 1 6 24
230859 33 0 0 2 6 23
751041 6 1 0 6 5 20
349643 203 1 1 2 6 20
1127902 5 0 0 7 6 32
210390 76 1 0 9 5 22
1398211 21 1 0 7 6 32
714195 20 0 0 7 6 31
21980 83 0 1 8 6 25
280024 56 1 0 1 6 18
558570 102 1 1 1 6 36
402916 25 1 1 4 6 33
1295863 7 1 1 3 6 22
1033707 25 1 1 2 6 18
972259 37 1 1 8 6 34
677348 24 1 1 6 6 28
603623 84 1 1 6 6 21
1267170 2 1 1 1 6 28
632314 24 0 1 3 6 32
513535 43 0 1 6 6 17
697840 75 1 0 0 6 27
280056 33 0 0 1 6 18
808434 25 1 0 1 6 14
222723 19 0 0 9 6 25
280069 19 0 0 6 6 20
574988 61 1 1 1 6 18
718351 37 0 1 6 6 20
558607 35 1 1 1 6 19
1431069 14 1 1 1 6 34
939522 3 1 0 1 5 18
394762 94 1 1 1 6 35
337418 102 1 0 8 6 22
935425 43 1 0 7 6 25
91668 72 1 0 1 6 16
611857 25 1 1 1 6 19
595475 32 1 0 6 6 23
230943 178 1 1 4 6 26
275994 31 1 0 9 6 24
558632 40 1 1 1 6 23
656937 39 1 1 6 6 19
382502 92 1 1 6 6 15
1369649 26 1 0 7 6 38
349740 83 1 1 8 6 25
1201723 4 1 1 6 6 22
366127 80 1 1 4 6 35
288302 25 1 0 1 6 21
681505 44 0 1 6 6 22
157231 42 0 0 8 6 20
497194 76 1 1 4 6 20
1201727 91 1 0 7 6 22
431656 47 1 0 3 6 17
357939 28 1 1 0 6 18
1078824 9 1 1 4 6 34
333375 24 1 1 3 6 23
603699 54 0 1 1 6 22
493116 35 1 1 1 6 16
1627684 1 0 0 6 5 22
75325 34 1 0 2 5 21
407096 125 1 0 6 5 19
554551 27 1 1 1 6 14
239164 24 0 0 0 6 22
312901 66 1 0 6 6 20
312903 104 1 1 6 6 19
259654 41 1 0 7 6 18
439873 31 1 1 1 5 18
1607248 5 1 0 7 6 53
1607250 2 1 1 7 6 42
169551 44 0 1 6 6 34
1095239 1 0 1 5 6 26
640606 32 1 1 1 5 22
198235 57 0 1 8 6 27
927316 8 1 0 6 6 19
542290 63 1 1 6 6 18
951888 69 1 1 6 6 25
63072 95 0 0 8 6 18
1607288 2 1 1 7 6 42
337504 47 1 1 1 6 20
317026 19 1 0 4 6 25
919143 2 1 0 1 5 29
263790 47 1 1 2 6 24
824934 51 1 0 1 5 12
546407 25 1 1 6 6 19
136818 144 1 1 5 6 18
374388 73 1 1 4 6 17
407156 21 1 1 1 6 23
493171 45 1 1 0 6 38
558718 60 1 0 6 6 20
366206 53 1 0 2 6 18
1107600 13 0 1 7 5 41
423557 51 1 0 8 6 15
1275546 1 0 1 4 6 31
411279 16 0 1 1 6 31
562819 50 0 0 3 6 21
235151 67 1 0 3 6 21
579207 35 0 1 6 6 20
1185411 12 1 1 1 6 22
894622 8 1 0 2 5 29
468627 38 1 0 8 6 17
525981 129 1 0 6 6 21
771729 7 0 0 4 6 23
382617 15 1 0 2 6 27
386712 76 0 0 1 6 19
689834 10 0 0 6 6 21
1369782 7 1 0 7 6 32
681641 30 1 1 2 6 20
751279 112 1 0 6 6 16
370339 66 0 1 4 6 19
79528 53 1 1 1 6 16
427688 45 1 0 1 6 16
1283745 7 1 1 8 6 23
1377958 4 1 0 1 5 22
38581 8 1 1 7 6 26
34486 40 1 1 5 6 27
685756 11 1 1 1 5 22
1574575 3 1 1 1 6 35
136891 66 1 0 1 6 17
276157 70 0 0 1 6 19
1291944 3 0 0 1 5 18
382648 34 1 1 9 6 25
890546 24 1 1 4 6 21
562892 20 0 1 8 6 25
923334 10 1 1 1 6 20
267982 29 0 1 4 6 32
333512 33 0 0 2 6 11
95948 114 1 1 2 6 13
239315 78 1 1 6 6 20
771807 6 0 1 3 6 30
1275590 1 0 1 0 6 30
517852 92 1 1 6 6 18
931536 22 1 1 6 6 31
1259212 2 1 1 1 6 20
943854 33 0 1 8 6 25
317158 116 1 0 1 6 21
1275639 8 1 1 0 6 41
1275638 2 1 1 4 6 29
280289 84 0 1 1 6 19
59109 50 0 0 5 6 20
1275637 1 1 1 0 5 27
1197812 4 1 0 7 6 21
1275643 5 1 1 0 6 32
1275642 2 1 1 3 5 41
1201913 3 1 1 6 6 21
411369 101 1 0 6 6 23
562936 41 1 1 6 6 15
1275618 2 1 1 0 5 31
1013502 13 1 0 7 6 22
1275617 2 1 1 0 5 34
366327 85 1 0 8 6 24
1275616 1 0 1 2 6 26
46835 29 1 1 1 6 42
435957 23 0 1 8 6 30
1275623 2 1 1 2 6 26
1275622 1 1 1 0 6 35
653043 31 1 1 9 6 19
935689 24 0 1 8 6 30
440065 33 1 1 1 6 29
75535 145 1 1 6 6 20
67343 28 0 1 1 6 19
1259266 7 1 1 6 6 37
280341 30 0 1 6 6 22
382737 7 0 0 1 6 18
1013524 6 0 1 0 6 33
411418 44 0 1 1 6 18
177950 21 0 0 6 6 23
935696 36 1 1 6 6 22
386853 4 1 1 4 6 17
210720 81 1 1 6 6 20
239392 25 1 1 1 5 39
304931 20 0 0 1 6 34
509742 2 1 1 6 5 17
83754 230 1 1 6 6 18
472875 33 1 0 1 6 17
501545 12 0 1 1 6 30
1201981 16 1 1 6 6 39
96049 112 0 1 6 6 17
366389 100 1 0 6 6 21
554809 21 1 1 6 6 20
354102 16 0 0 7 6 23
165681 397 1 1 7 6 27
116533 236 1 1 6 6 21
1038132 11 1 1 6 6 30
1136466 11 0 0 4 6 31
1202010 31 1 1 6 6 27
513870 161 1 1 4 6 20
186191 38 0 0 8 6 28
411464 76 1 1 0 6 20
182093 35 1 1 1 5 20
1152832 8 1 1 1 6 17
1201985 11 0 1 6 6 31
1201990 4 1 1 6 5 20
1201991 5 1 1 6 5 20
411475 160 1 1 1 6 20
75607 75 1 1 6 6 19
415582 41 1 0 8 6 20
1201992 9 0 1 6 6 36
173917 25 1 1 3 6 20
182115 138 1 1 8 5 17
1177459 9 0 1 0 6 19
530283 47 1 1 9 6 16
1165170 12 1 0 7 6 31
1214326 3 1 1 5 5 28
67428 118 1 1 6 6 21
440175 73 1 0 1 6 23
464748 61 0 0 4 6 14
841570 12 1 0 4 5 24
735076 23 0 0 6 6 27
214897 25 1 0 1 6 18
1013629 21 1 0 5 6 29
563071 27 1 0 6 6 20
882554 21 1 1 2 5 20
669554 7 0 0 5 6 21
79738 7 1 1 4 6 25
714609 41 1 1 6 6 25
276345 45 1 0 8 5 21
173955 83 1 0 1 6 17
964491 17 1 0 3 6 23
165767 42 1 1 1 6 16
26507 274 1 0 1 6 17
141199 55 1 0 7 5 22
735110 176 1 1 6 6 26
92049 25 0 1 7 6 47
378772 8 1 1 1 6 15
411543 51 1 1 6 6 23
386967 69 0 0 1 6 16
493458 59 0 1 8 6 19
386972 47 1 1 1 6 19
722832 24 0 1 6 6 16
751510 162 0 0 8 6 15
726932 12 1 0 1 5 18
239523 68 1 1 5 6 29
370597 23 1 1 1 6 15
374693 45 1 1 0 6 30
329639 20 1 1 2 6 19
83877 67 1 1 6 6 23
354208 35 1 0 1 6 18
296867 60 0 0 0 5 20
1415090 8 0 0 7 6 32
473007 104 1 0 4 6 21
71595 67 1 1 1 6 18
108467 145 1 0 1 6 19
1050530 2 1 1 1 6 17
481204 26 1 1 1 6 19
554940 34 0 1 6 6 19
399283 40 0 0 4 6 17
1099686 23 1 0 6 6 11
214965 104 1 1 1 6 15
227253 94 1 0 1 5 12
1099687 16 1 0 6 6 11
67512 14 1 1 0 6 28
296889 53 0 0 8 6 19
747444 25 0 0 5 6 19
341956 85 1 1 8 5 27
251841 58 1 1 5 6 20
1259472 25 1 1 1 6 23
51143 140 1 1 0 6 20
325571 11 0 0 1 6 23
387021 39 0 1 1 6 23
583617 10 1 0 2 6 19
374735 17 1 1 7 6 33
157640 35 1 1 1 6 19
346062 47 1 1 8 6 24
726981 27 1 1 6 6 19
374730 280 1 1 1 6 40
1271747 8 1 0 5 6 29
18388 36 0 1 0 6 19
542672 18 1 1 3 6 24
1140680 12 0 1 1 6 46
1341391 3 1 1 6 6 21
370654 2 1 0 2 6 19
296927 64 0 0 1 6 25
505831 36 1 1 7 6 14
706536 9 0 1 8 6 12
227303 57 0 1 8 6 18
313313 34 1 0 6 5 18
407523 49 1 1 6 6 30
780269 47 0 1 6 6 21
608225 54 1 1 6 6 22
1222650 4 1 0 4 6 23
948196 4 0 1 1 6 35
341999 35 0 0 4 6 21
1038308 9 0 1 7 6 22
1312760 12 1 0 2 6 32
563175 4 1 1 0 6 38
55279 39 0 0 1 6 16
448502 10 0 0 6 6 16
907261 3 1 0 2 6 25
399349 136 1 1 4 6 19
530428 75 1 0 7 6 31
42997 199 1 1 2 6 26
1316833 10 1 0 7 6 31
1296356 16 1 0 7 6 31
260090 44 1 0 9 5 19
1038323 9 0 1 7 6 25
178175 222 1 0 1 6 20
268292 22 0 0 6 6 22
182274 124 1 1 1 6 19
432132 4 0 1 1 6 18
210944 92 1 1 6 6 16
919562 15 1 1 5 6 16
305154 208 1 0 1 6 19
1349651 3 1 0 1 6 25
141321 18 1 0 6 6 21
387086 11 1 1 0 6 32
309263 15 1 0 2 5 28
956418 10 1 0 7 6 31
542727 28 1 1 3 6 32
362517 14 0 0 8 6 22
272404 55 1 1 4 5 19
731163 11 1 1 4 6 21
378900 28 1 1 0 6 26
305173 33 1 1 2 6 20
968733 75 0 0 4 6 23
624666 23 1 1 0 6 18
2069 80 0 1 0 6 30
206870 20 1 1 1 6 23
669724 39 1 1 1 6 25
968722 7 0 0 2 5 14
370713 33 1 0 2 6 19
374821 117 1 1 4 6 21
272421 378 1 0 4 6 15
1136688 3 1 1 1 5 18
1001515 84 1 0 7 6 22
809002 15 1 0 4 6 26
542767 28 1 1 5 6 27
239656 31 0 0 5 6 30
722982 11 1 0 7 6 31
264234 33 1 0 1 6 17
321584 40 0 1 8 6 26
710719 40 1 1 6 6 24
67638 4 1 1 0 6 101
1050663 27 1 1 1 6 23
604210 7 0 1 0 6 27
571445 61 1 0 6 6 19
923726 5 0 0 7 6 38
178243 43 1 1 7 6 27
452676 42 1 1 4 6 22
1161298 10 1 1 6 6 20
927821 39 1 1 1 6 24
1349713 2 1 0 6 6 21
387136 36 0 0 1 6 18
18502 33 0 1 7 6 19
346179 75 1 0 1 6 23
718925 16 1 0 0 5 26
1058905 31 1 1 5 6 37
612421 48 1 1 8 6 24
1013827 11 1 1 7 6 36
530503 5 0 0 4 6 19
1349700 2 1 1 2 6 52
489558 18 1 0 6 5 18
948316 10 1 1 6 6 18
186454 173 1 1 1 6 17
419922 85 1 1 9 5 15
141402 147 0 1 5 6 27
276572 156 0 0 1 6 24
305247 78 0 0 8 6 23
1034324 7 1 0 4 6 23
407643 61 1 0 1 6 18
1005650 17 1 1 7 6 18
956497 21 0 0 6 6 19
75873 85 0 0 7 6 21
264295 38 1 1 7 6 21
833633 11 1 0 8 6 16
1415291 3 1 1 7 6 27
329835 13 0 0 7 6 32
432233 101 1 1 6 6 19
71793 73 1 1 0 6 19
256112 36 1 1 1 6 24
645242 23 1 1 1 6 23
378992 57 1 0 6 6 16
178293 122 1 1 7 6 29
379004 54 1 0 6 5 16
1005685 17 1 1 6 6 19
305279 100 1 0 6 6 16
362617 14 0 0 8 6 19
379000 19 1 1 6 5 18
268409 28 0 0 7 6 26
305284 123 1 0 6 6 20
764043 37 1 0 2 6 15
67713 51 1 1 1 6 20
714890 9 1 0 8 6 10
505990 111 1 1 6 6 18
1480852 1 0 0 2 6 18
968841 29 0 1 6 6 43
620673 27 1 1 1 6 20
125069 14 1 1 1 6 31
559236 32 0 0 1 6 23
501898 48 1 1 8 6 32
1177759 9 1 1 2 5 37
366730 19 0 1 4 6 18
215184 67 1 1 1 6 19
645277 35 0 1 6 6 21
366738 44 1 0 8 6 18
391314 1 0 1 0 5 24
256148 295 1 1 2 6 25
747667 17 1 0 7 5 22
194712 80 1 1 8 6 17
1575043 3 1 1 6 6 28
366757 27 1 1 1 6 22
727209 9 0 1 4 6 21
813231 31 0 1 6 6 21
1206449 6 1 1 0 6 22
878766 20 0 0 7 6 31
43181 61 1 0 7 6 26
395435 28 1 1 9 6 16
592036 25 1 1 9 5 23
366763 74 1 1 8 6 30
379050 51 1 1 6 5 18
587960 20 0 1 4 6 33
211123 16 0 1 0 6 25
334004 49 1 1 8 6 21
506038 45 1 0 6 6 25
608443 149 1 0 5 6 20
506036 23 1 0 6 6 25
379057 74 1 1 6 6 17
239798 200 1 1 3 6 18
1349794 8 1 1 1 6 27
379058 14 1 0 6 5 18
18615 45 1 1 3 6 23
186555 107 1 1 8 6 22
1231022 7 1 0 4 5 18
1259695 4 0 1 1 6 22
129214 30 0 0 1 5 17
682187 96 1 0 3 6 20
84162 31 0 1 6 6 20
665806 25 0 1 6 6 21
407758 45 1 1 8 6 14
71882 199 1 1 8 6 15
55499 97 0 0 2 6 18
59596 29 0 0 1 6 24
313546 58 1 1 6 6 18
75984 86 1 1 6 6 16
75987 192 0 1 1 6 22
75986 31 0 1 1 6 21
846040 27 1 0 9 6 32
248026 140 1 1 8 6 18
448735 15 0 0 1 6 20
88280 635 1 0 1 6 19
735441 13 0 1 6 6 19
342233 133 1 0 8 6 19
596180 30 0 0 8 6 15
588011 12 1 1 5 6 31
313570 124 1 0 6 5 19
686307 61 0 0 6 6 21
1194232 17 1 0 4 6 42
379118 97 1 1 6 6 21
71914 236 0 1 1 6 18
1194238 8 1 0 6 5 20
379115 67 1 0 2 6 19
375031 14 1 1 8 6 19
567547 24 0 1 1 6 21
665854 11 1 1 8 6 27
112885 42 0 1 1 6 19
289008 86 1 1 1 6 19
211188 220 1 0 4 6 21
239864 27 1 1 6 6 20
1194221 20 1 1 4 6 12
534775 16 0 1 6 6 22
329978 26 0 0 7 6 20
1231122 7 1 0 4 5 16
145666 48 1 0 8 6 23
645386 20 1 1 1 6 24
1292566 20 1 1 5 6 36
628993 37 0 1 7 6 35
887044 24 1 1 6 6 19
231688 154 1 1 1 6 18
84239 81 1 1 6 6 25
776472 77 1 0 4 6 16
84245 39 1 1 6 5 27
502034 36 1 1 8 6 28
18709 155 1 1 3 6 21
469265 89 1 0 3 6 22
100630 143 1 0 8 6 13
1087751 19 1 1 7 6 24
84249 141 1 1 6 6 21
739603 25 0 1 6 6 20
280862 149 1 1 6 6 20
121115 183 1 1 1 6 44
842006 11 1 1 7 6 25
1288456 22 1 0 4 5 20
334104 102 1 1 6 6 23
698644 36 1 1 4 6 15
1325322 8 1 0 7 5 31
117022 103 1 0 2 6 19
362788 48 1 1 1 6 27
71971 16 0 1 0 6 35
887083 13 1 1 6 6 21
846122 15 1 1 1 6 24
645410 13 1 1 1 6 17
555301 60 1 0 6 6 22
510249 73 1 1 5 6 23
563494 26 1 1 5 5 45
432438 48 1 1 1 6 20
657723 49 1 0 1 6 27
502069 21 1 0 7 5 13
895294 35 1 0 6 6 31
162106 86 1 1 6 6 23
547121 170 1 1 6 6 15
14651 56 0 1 1 6 25
1354024 17 1 1 1 6 22
244031 49 1 0 1 6 20
551221 88 1 1 6 6 21
88382 71 1 0 4 6 20
444741 24 1 0 2 6 14
84293 120 1 1 8 6 19
1382736 14 1 1 6 6 11
973129 21 1 0 4 6 36
522575 35 1 0 8 6 19
526656 72 1 0 9 6 24
289100 58 1 1 2 6 26
244043 98 1 1 1 6 25
403791 58 0 0 6 6 16
493897 86 1 0 6 5 19
624967 175 1 1 2 6 27
1259869 2 1 1 1 6 26
1259868 7 1 1 7 6 22
600408 24 0 1 6 6 40
432472 20 0 1 6 6 36
108897 81 1 0 9 6 23
797036 12 0 1 6 6 20
158049 90 1 1 6 6 22
239968 119 1 1 5 6 35
1165682 3 1 0 7 6 31
35176 74 1 0 7 6 16
534881 36 1 0 6 6 20
1083770 34 1 1 6 6 34
563556 211 1 0 1 6 13
1526136 7 1 1 1 5 20
412022 51 0 0 6 6 19
1259874 2 0 1 1 6 23
1112419 21 1 1 6 5 27
256378 58 0 0 6 6 20
698739 30 0 0 6 5 21
108923 84 1 0 0 6 22
145791 71 0 1 4 6 28
686453 9 1 0 2 6 29
965004 10 0 0 6 6 20
178567 55 1 1 6 6 47
199046 85 1 1 3 6 21
289165 39 1 1 1 6 25
842119 43 0 0 1 6 17
276879 92 1 1 1 6 17
825728 50 1 0 6 6 22
813440 9 0 1 6 6 17
1083805 16 1 1 1 5 17
22929 54 1 1 1 6 24
231831 38 0 0 8 6 22
747934 24 1 0 3 6 16
371088 119 1 0 8 6 21
657820 4 1 1 6 5 20
280979 173 1 0 6 6 20
960918 14 1 1 1 6 23
723346 34 1 0 1 6 21
678291 23 1 1 2 6 27
956820 22 1 0 8 6 22
346526 33 1 1 8 6 24
108954 110 1 0 2 6 20
678292 104 1 1 1 6 20
813481 10 0 0 6 6 19
666031 86 1 1 6 6 24
960934 23 1 1 1 6 21
174505 362 1 0 4 6 21
293288 12 1 1 1 6 28
281000 22 1 0 7 6 31
399785 62 0 1 4 6 15
59823 89 1 0 8 6 22
1112480 24 0 1 6 5 31
825788 17 1 0 9 6 13
35255 53 0 1 2 6 15
293308 88 1 1 8 6 23
1182122 9 1 0 7 6 31
526770 244 1 0 1 6 14
330171 69 0 0 8 6 26
1391061 1 1 0 1 6 15
702920 30 1 0 6 6 36
461253 17 1 1 8 6 22
854479 23 1 1 0 6 20
1034692 22 1 1 6 6 23
113103 142 1 1 6 6 22
63952 128 1 0 3 6 19
866781 9 0 0 4 6 23
502224 7 1 1 1 6 31
1149384 8 1 0 8 6 25
469469 46 1 1 6 6 20
612820 19 1 1 1 6 32
518631 69 1 0 4 6 22
1161716 10 1 1 1 6 27
326114 40 1 1 1 6 25
621027 12 0 1 8 6 23
1370623 6 1 0 2 5 13
1161722 1 1 1 1 5 19
449000 127 1 1 8 5 19
1067490 22 1 1 6 6 15
629245 9 1 1 1 6 19
555517 39 1 1 3 6 19
567805 77 0 0 6 6 21
125431 76 1 0 8 6 22
469503 95 1 0 9 6 21
322047 122 1 1 1 6 33
1583588 1 0 0 7 6 31
743926 34 1 1 8 6 25
780789 44 1 1 3 6 18
1096211 15 0 0 6 6 21
55811 41 0 1 6 6 20
1010184 36 1 1 5 6 27
1571344 4 1 1 7 6 43
289292 58 1 0 9 6 15
432652 58 1 0 6 5 19
35339 74 1 1 1 6 17
117263 54 0 1 5 6 20
84498 97 0 1 1 6 19
59926 17 0 0 9 6 24
297501 112 1 0 7 6 23
358940 14 1 0 2 6 22
125467 38 0 0 6 6 21
547347 74 1 1 6 6 20
1301007 7 1 1 6 6 21
109087 184 1 0 9 6 20
358949 129 1 0 5 6 22
748074 30 0 0 4 6 18
346663 38 0 1 8 6 31
158241 69 0 1 8 6 25
186918 63 0 0 6 6 16
821800 17 0 1 3 5 17
55844 10 0 0 5 6 39
219684 110 1 0 1 6 21
387627 63 1 0 1 6 19
76335 137 1 1 2 6 47
789026 38 1 1 6 6 29
703038 19 0 0 6 6 21
432688 60 1 1 0 6 21
129597 61 0 0 4 6 19
1382952 8 1 1 1 6 23
1129004 17 0 1 1 6 25
801330 9 1 0 5 6 29
842291 75 1 1 4 6 19
14912 34 0 0 0 6 22
870991 20 1 1 8 6 24
1063507 27 1 0 7 6 26
383553 84 0 0 4 6 20
59973 824 1 1 1 6 37
416323 59 0 1 4 6 26
289356 40 0 0 6 6 23
1223259 65 1 0 6 6 20
35402 28 1 1 6 6 16
436812 14 1 0 5 6 30
133712 341 1 0 2 6 14
698968 30 1 1 1 6 32
408158 37 1 0 8 6 22
305757 29 0 0 1 6 15
35419 72 1 1 6 6 16
551509 19 0 1 8 5 28
625236 20 0 1 6 6 20
1096269 8 1 1 3 6 27
551511 83 1 1 4 6 22
916050 5 1 1 5 6 27
277083 34 1 0 7 6 23
408166 26 0 0 8 6 23
453222 64 1 0 6 6 21
215651 50 1 1 1 6 16
940655 13 0 1 6 6 25
23137 130 1 1 0 6 31
469605 39 1 0 4 6 17
727656 74 1 1 6 6 18
469603 11 1 0 1 5 16
1256058 15 1 1 5 6 22
752225 24 1 0 2 6 30
1370745 4 1 1 2 5 20
305771 107 1 0 4 6 27
535143 186 1 0 4 6 15
166509 141 1 0 4 6 17
1342055 6 1 1 6 6 17
154230 33 0 0 1 6 21
502385 140 1 1 6 6 17
215669 180 1 0 1 6 19
1116774 18 1 0 6 5 16
408177 73 1 1 6 6 19
1174118 7 1 0 1 5 22
408191 161 1 1 6 6 19
1583713 2 1 0 7 6 31
19069 252 1 1 6 5 19
346744 28 1 1 8 6 18
522886 3 1 0 4 6 17
400002 34 1 1 1 6 16
543374 30 1 1 3 6 24
1063575 53 1 1 6 6 20
215691 171 1 1 6 6 20
563841 17 1 1 4 6 21
506509 29 0 1 4 6 21
465547 76 1 0 6 6 19
113292 67 1 1 1 6 20
1583765 1 1 0 7 6 31
862850 23 0 1 6 6 19
977537 8 1 0 1 6 16
400020 23 1 1 1 5 16
522900 37 0 0 6 6 21
457360 57 1 1 8 6 22
268947 12 0 1 6 6 18
940695 25 1 0 7 5 25
469660 106 1 0 4 6 15
76447 29 0 1 0 6 25
387739 44 0 0 1 6 19
584343 29 1 1 6 6 27
436903 37 0 0 6 5 25
1583802 1 0 0 7 6 31
84642 49 1 1 6 6 26
19107 123 1 1 1 6 23
510627 43 1 0 8 6 19
244391 129 0 0 2 6 17
678561 19 0 1 3 6 39
1583797 1 1 0 7 6 31
637607 77 1 1 6 6 19
502451 100 1 0 2 5 22
486065 65 1 0 5 6 22
1071783 8 0 1 4 6 34
506544 82 1 0 6 6 19
199355 45 1 1 1 6 17
785074 18 1 0 2 5 40
1583777 2 1 0 7 6 31
256697 203 1 1 8 6 22
1583832 1 0 0 7 6 31
723656 4 1 1 1 6 50
686793 14 0 0 7 6 31
314048 107 0 0 4 6 15
420546 94 1 1 8 6 19
101061 64 0 1 0 6 23
31428 769 1 1 9 6 42
1370834 9 1 1 8 5 26
88775 200 1 1 4 6 17
1100502 49 1 1 4 6 32
887498 17 1 0 1 6 29
621253 36 1 1 1 6 16
563910 8 0 1 1 6 40
1583830 1 1 0 7 6 31
850652 31 1 1 8 6 27
129745 12 1 0 1 6 18
400085 26 1 1 7 6 21
449235 10 0 1 0 6 18
162516 94 1 1 1 6 23
809691 25 0 1 1 6 21
43736 181 1 0 6 6 18
801492 16 0 1 7 6 24
342748 49 1 0 5 6 22
965335 26 0 0 1 6 20
346847 28 1 1 8 6 26
895697 35 1 0 4 6 21
371417 137 1 1 1 6 18
1583812 2 1 0 7 6 31
588501 36 1 0 1 6 20
1583813 1 1 0 7 5 31
588502 51 1 1 1 6 20
240348 64 0 0 4 6 19
1583869 1 1 0 7 6 31
801514 32 0 0 6 6 19
563951 48 1 1 3 6 25
342754 190 1 0 9 6 29
1481470 1 1 1 4 5 14
277229 32 0 0 4 5 20
162536 125 1 0 2 6 27
522987 73 1 0 6 6 20
408299 50 0 1 6 6 20
1583862 1 1 0 7 6 31
510708 36 1 0 7 6 31
572156 83 1 0 4 5 16
6900 69 1 1 1 6 25
498418 41 0 0 7 6 22
1170148 9 1 1 5 6 19
387837 40 1 1 1 6 17
1116904 6 1 0 6 5 18
223997 26 0 1 1 6 21
1583846 1 0 0 7 6 31
420601 62 1 1 8 6 24
600841 26 1 1 1 6 19
1583896 4 1 0 7 6 31
953103 20 0 0 5 6 36
60161 28 0 0 8 6 22
166656 50 1 1 6 6 21
1583898 1 1 0 7 5 31
658185 22 1 1 6 6 24
486148 40 0 0 5 6 44
1583899 1 1 0 7 6 31
350978 47 0 0 6 6 17
363279 84 0 1 4 6 22
600835 20 0 0 7 6 26
297737 47 1 0 1 6 15
269067 13 1 0 8 6 17
342804 5 1 0 1 6 21
711453 15 0 1 6 6 19
1583887 2 1 0 7 6 31
781073 65 1 0 4 6 18
1583929 2 1 0 7 6 31
23332 92 0 1 0 6 28
1583934 1 1 0 7 6 31
805668 28 1 1 4 6 22
1506109 14 1 1 5 6 24
801568 20 1 1 4 6 19
584485 66 1 1 1 6 20
523050 90 0 1 1 6 45
527142 71 1 1 6 6 16
1411879 8 1 0 7 6 31
334653 30 1 0 4 6 19
858934 22 0 1 0 6 18
1583907 2 1 0 7 6 31
1583908 8 1 0 7 6 32
379704 36 1 1 1 6 25
273210 20 0 1 6 6 20
162621 68 1 1 8 6 27
1002288 12 1 1 3 6 20
506695 73 0 0 6 6 19
674635 68 1 0 2 5 16
576330 61 0 0 4 6 18
842574 40 1 1 1 6 19
371520 46 1 1 6 6 22
1297237 3 0 1 7 6 26
1543005 6 1 0 7 6 31
879426 30 1 1 4 6 11
289611 85 0 0 7 6 20
424791 72 1 0 7 6 26
990043 8 0 1 2 6 30
445267 97 1 1 6 6 21
756572 108 1 0 6 6 15
1260356 3 0 1 7 6 22
432977 28 1 1 6 6 23
379740 40 1 1 6 6 26
23389 83 0 0 8 6 18
203614 34 0 1 6 6 18
445287 29 1 0 1 6 16
645995 38 1 0 6 6 21
551787 79 1 0 1 6 21
527211 53 1 0 1 6 18
1407862 8 1 0 7 6 31
695150 17 0 0 7 6 31
1260407 8 1 0 7 6 31
1162105 4 1 0 1 5 26
1055610 7 0 0 7 6 31
727911 5 1 0 1 6 16
580452 77 1 1 6 6 23
740198 11 0 0 7 6 26
23406 46 1 1 8 6 21
908130 23 1 0 2 6 21
162672 348 1 1 2 6 29
740217 18 1 0 2 6 26
72562 325 1 1 8 6 19
527229 37 0 0 6 6 25
1334114 3 1 1 6 5 20
27511 520 0 0 3 6 21
830331 16 1 0 5 6 12
392050 29 1 1 1 6 16
80761 91 1 0 0 6 21
121720 20 0 0 1 6 22
318334 40 0 0 6 6 20
506747 47 1 0 6 6 20
371577 37 1 1 1 6 20
301945 51 0 0 1 6 17
584565 14 0 0 1 5 26
588662 26 1 1 1 6 25
412537 92 1 1 8 6 17
1379220 5 1 0 7 6 59
236422 66 1 1 7 6 19
781197 21 1 0 6 6 16
772994 30 1 0 7 6 31
580485 48 0 1 6 6 24
342920 69 0 0 1 6 17
883614 23 1 1 6 6 21
15251 148 1 0 0 6 17
1059722 11 1 1 1 6 25
510874 154 1 1 6 6 18
539543 70 1 1 6 6 30
445349 56 0 0 6 6 19
15268 764 1 1 5 6 20
441251 8 1 1 2 6 38
678828 52 1 0 6 6 17
908196 13 0 1 7 6 24
93100 22 1 1 5 5 19
994210 18 1 0 1 6 23
773029 37 1 1 6 6 20
674725 6 1 1 0 6 34
211884 27 0 0 1 6 19
547751 58 1 1 5 6 19
1547192 2 0 0 7 6 31
191411 53 0 0 1 6 15
326581 6 1 1 1 5 26
330676 106 1 1 1 6 15
428978 75 1 1 8 6 18
1043386 4 1 0 6 5 20
1080230 15 1 1 1 6 22
433073 131 1 1 3 6 19
850868 35 1 1 6 5 19
1301419 5 1 1 1 6 26
146361 44 0 1 5 6 22
609204 19 0 0 1 6 22
1178576 7 0 0 2 6 27
1252311 5 0 1 5 5 30
1252309 4 1 1 4 6 27
1166295 15 0 1 6 6 28
1252308 12 1 0 7 5 34
293827 97 1 1 6 6 19
1104856 6 1 0 1 5 22
1252312 3 1 1 1 5 22
453581 25 1 1 4 6 23
977859 23 1 1 6 6 21
449480 14 0 1 6 6 16
445384 70 1 0 6 6 18
1113026 18 1 0 6 5 12
1252289 9 0 1 1 6 32
658393 22 1 0 7 6 20
621530 17 0 1 1 6 17
433107 128 1 0 4 6 16
773075 32 1 1 8 6 24
515036 116 1 1 4 5 21
420829 33 1 1 1 5 19
334809 134 0 1 6 6 19
568278 28 0 0 0 6 39
1047504 10 0 1 1 6 37
392164 136 1 0 5 6 18
764906 17 0 1 6 6 24
39909 204 0 0 3 6 20
359404 72 1 0 8 6 16
1547260 3 1 0 7 6 20
1252351 7 0 1 5 6 39
883683 14 1 0 5 6 26
437224 25 0 1 5 6 31
519154 17 1 0 8 5 7
1453024 3 0 1 6 6 36
392178 13 1 1 1 6 17
281598 31 1 0 7 6 20
187384 37 0 1 4 6 28
568307 50 1 1 1 6 24
150521 111 1 0 1 6 18
666614 36 0 1 5 6 29
744437 30 1 1 7 6 22
510969 134 1 0 4 6 23
330754 40 1 0 2 6 23
625678 31 1 1 8 6 15
343052 109 1 1 8 6 19
445455 96 0 1 6 6 21
764930 15 1 1 1 6 22
515085 30 1 1 6 6 18
80906 63 1 1 0 6 18
715777 25 1 0 8 6 20
433165 32 0 1 5 6 22
228366 41 0 0 7 6 22
121872 73 1 1 1 6 26
31763 40 0 0 4 6 55
1010715 12 1 0 1 5 17
609309 10 1 0 8 6 31
1010714 13 1 1 1 6 22
1539085 2 1 1 1 6 18
347166 33 0 1 1 6 21
408602 127 0 1 4 6 19
1395720 2 1 1 6 6 30
187423 52 0 0 6 6 22
330779 29 1 1 8 6 19
289819 181 1 0 1 6 26
273444 49 1 0 2 6 31
269349 49 1 1 2 6 25
269350 105 1 0 8 5 16
1354807 3 0 1 7 6 38
810026 42 1 1 6 6 21
1547320 1 0 0 2 6 24
257075 187 1 0 8 6 17
363573 131 1 0 6 6 18
408639 217 1 1 8 6 20
490556 64 1 0 5 6 21
1510441 2 1 0 1 5 25
244796 34 1 1 8 6 24
339013 22 0 1 8 6 19
670794 10 1 1 2 6 25
252999 64 1 1 4 6 18
629839 14 0 1 6 6 24
396366 31 1 1 1 6 20
449612 24 1 1 6 6 28
228425 71 1 0 5 6 17
109642 877 1 1 7 6 27
343114 17 1 1 5 6 20
1510468 2 0 1 6 6 26
814166 9 0 0 6 6 29
326750 59 1 1 0 6 23
273496 34 0 1 6 6 20
93279 42 1 1 1 6 20
846930 30 1 1 7 6 24
572503 67 1 0 7 6 22
388196 87 1 1 1 6 17
818286 6 0 1 1 6 43
1113207 4 0 0 6 5 27
543840 1 0 1 0 6 33
121963 26 0 0 7 6 25
89196 22 1 0 4 6 15
1510520 1 1 1 4 6 27
830584 20 1 1 1 6 19
515184 150 1 1 6 6 22
240763 82 0 1 3 6 16
11389 21 0 1 4 6 20
23678 5 0 1 0 6 30
375941 86 1 0 4 6 15
552073 54 1 0 6 6 15
949391 57 1 1 5 6 21
1096849 18 1 0 7 6 31
314502 34 1 1 5 6 21
31875 27 0 1 1 6 15
228487 56 1 1 1 6 20
142470 100 1 1 1 6 25
1047690 31 1 0 6 6 18
1223828 31 1 1 1 6 20
1244314 16 1 1 4 6 13
146570 34 0 1 5 6 18
703616 33 1 0 1 6 20
273551 23 1 0 1 6 27
1113247 16 1 0 6 6 22
330903 53 1 0 6 6 24
1252481 3 0 1 7 6 27
330896 54 1 1 1 6 32
408723 42 1 1 1 6 21
515216 34 1 1 9 6 26
552081 27 1 1 6 6 20
48282 131 1 0 1 6 20
642196 22 0 0 8 6 26
920720 43 1 1 5 6 19
1621127 3 1 0 5 5 27
920750 4 0 1 7 6 22
68779 98 1 1 5 6 30
1264825 16 1 1 6 6 25
388270 162 1 1 1 6 18
388265 101 1 1 1 6 16
556197 31 1 1 1 6 19
52399 131 1 0 1 6 21
179377 60 1 0 2 6 15
216240 59 1 0 7 6 19
154806 23 0 1 6 6 27
1625262 1 0 0 7 6 18
183482 25 0 1 7 6 22
887985 14 1 0 8 6 21
1064109 23 1 0 7 6 27
974001 16 1 0 4 6 21
171202 14 1 1 1 6 16
52420 15 0 0 0 6 22
478403 25 1 1 1 6 27
457923 25 1 0 6 6 22
1400016 9 1 0 1 6 32
892103 21 1 1 8 6 27
715968 54 1 0 1 6 35
72910 122 0 0 7 6 21
351445 132 1 0 6 6 17
806105 35 1 0 6 6 22
191703 78 1 1 4 6 20
290003 37 1 0 1 6 20
343263 31 1 1 8 6 15
564434 68 1 1 6 6 21
277722 102 1 0 1 5 19
408806 77 1 1 1 6 23
1309938 16 1 0 2 5 14
388326 69 0 0 1 5 20
171237 36 0 0 6 6 22
1219835 11 1 1 2 6 19
130283 16 0 1 0 6 26
1133818 6 1 1 6 6 19
1072380 9 1 1 5 6 38
658662 53 1 1 2 6 22
1068257 9 1 1 6 6 32
1060068 23 1 0 8 6 27
290032 44 1 0 1 5 17
658674 16 1 0 1 5 20
470270 54 0 0 9 6 24
44283 90 0 0 9 6 25
93438 74 1 0 5 6 16
265476 65 1 0 8 6 25
691465 9 0 1 6 6 49
1400081 3 1 1 1 5 21
421122 63 1 0 1 6 16
380160 19 0 1 2 6 33
494849 40 1 0 7 6 26
1060120 20 1 1 4 6 19
457999 31 0 1 6 6 27
158991 81 1 1 8 6 23
765190 15 0 1 8 6 16
462099 40 0 0 4 6 22
568604 66 1 0 8 6 25
150804 79 1 0 8 6 23
48406 132 1 1 5 6 24
175390 350 1 0 1 6 29
85280 17 0 1 0 6 34
527657 18 1 0 8 6 19
752937 11 0 1 2 4 20
224544 85 1 0 1 6 9
970027 7 0 1 9 5 26
1297717 8 1 1 8 6 29
1297716 15 1 0 9 6 35
335145 146 0 1 4 6 19
888097 25 0 0 4 6 39
1015073 12 1 1 6 6 19
40238 18 0 0 5 6 34
1006910 25 0 1 6 6 20
1060131 10 1 1 1 6 37
752959 23 1 1 4 6 18
138549 87 1 1 0 6 26
343357 16 1 1 8 6 24
847159 8 0 1 7 6 24
1146154 4 1 0 7 6 32
372024 95 1 1 1 6 19
863538 69 1 1 6 6 20
580940 20 0 1 4 6 21
580941 57 1 1 6 6 20
351555 58 1 0 1 6 15
822599 47 1 1 1 6 35
68941 54 1 1 5 6 30
1527130 3 1 1 3 5 19
486743 61 1 1 1 6 21
48464 163 1 1 1 6 22
23894 36 0 1 8 6 25
1154375 10 1 1 5 6 35
458079 10 1 0 4 6 23
1236299 6 1 0 7 6 32
384351 19 1 1 8 6 26
384350 85 1 0 4 6 24
1154381 11 1 0 5 6 23
650580 37 1 1 6 5 18
1166671 8 0 1 5 6 50
277850 81 1 1 1 6 17
1187149 14 1 0 8 6 38
1043821 25 0 1 4 6 18
761193 13 1 1 4 6 31
810344 6 0 0 4 5 20
261479 18 0 0 7 6 18
81257 18 0 1 1 6 28
351597 21 1 0 2 6 22
879972 33 1 1 1 6 23
384361 34 0 1 5 6 30
449897 2 0 0 4 5 22
490870 62 1 1 7 6 31
564602 14 1 0 8 6 23
1047929 11 1 1 7 6 20
1572193 3 1 0 7 6 32
515440 35 1 1 1 6 20
355711 101 1 0 4 6 25
1265006 13 1 1 1 6 23
1006961 10 1 1 1 6 24
122241 27 1 0 9 6 20
212354 131 0 0 6 6 20
1232275 6 1 0 7 6 17
1183120 6 1 1 4 6 23
1232278 2 1 0 7 5 15
1232276 2 1 1 4 6 19
851333 14 1 0 6 6 22
142732 69 0 0 8 6 23
474505 29 0 0 1 6 16
1064350 54 1 1 6 6 21
343441 72 1 1 8 6 18
667037 19 0 1 6 6 27
572816 19 1 1 3 6 27
400798 2 1 1 1 6 35
617873 18 1 0 1 6 21
654736 19 1 1 5 6 21
241049 98 1 1 6 6 24
282015 37 0 1 2 6 24
331161 13 1 1 1 6 21
716180 35 1 0 4 6 20
355738 71 1 0 1 6 20
1191344 17 0 1 7 6 36
642477 25 1 1 6 6 24
339361 74 1 1 6 6 23
1121718 11 1 1 1 6 28
515502 33 1 1 6 6 21
576930 65 1 1 1 6 20
1093051 6 1 1 1 6 39
1031586 20 0 0 7 6 37
921020 11 1 1 3 6 21
880057 7 1 0 7 6 23
1023418 26 1 1 8 6 26
126392 91 1 0 4 6 16
118203 18 0 0 8 6 22
933298 23 1 1 9 6 35
966065 12 0 1 6 6 22
724404 98 1 1 1 6 35
60866 250 1 1 4 6 29
89539 116 1 0 1 6 17
1543636 2 1 1 1 6 25
417218 78 1 1 7 6 25
585164 36 1 1 6 6 20
110021 108 1 1 1 6 20
355778 54 1 0 1 6 19
64968 102 1 1 1 6 15
740803 88 1 0 6 6 21
957892 12 1 1 4 6 33
150985 118 1 0 8 6 23
77262 335 1 1 1 6 17
740827 17 0 0 6 6 22
765407 10 0 0 3 6 21
114132 165 1 0 2 6 17
339410 19 1 1 2 6 25
187865 40 1 1 7 5 18
634325 68 1 0 8 6 16
511451 63 1 0 6 5 20
388571 23 1 1 8 6 26
1039824 19 1 1 7 6 39
52704 115 1 0 0 6 33
208354 212 1 0 6 6 15
1093108 7 0 0 7 6 31
380397 21 1 1 0 6 18
916967 10 1 1 7 6 33
462312 32 1 0 4 5 16
1469945 5 1 1 1 6 20
974335 12 1 0 4 6 19
638456 66 1 0 6 6 17
69104 11 0 1 8 6 30
421367 101 1 1 8 6 22
814589 12 1 0 8 5 15
249333 47 0 1 6 6 21
40441 31 0 1 3 6 27
781809 67 1 1 4 6 16
691696 4 1 0 1 5 23
1330665 21 1 1 1 6 20
85502 140 1 1 6 6 17
1015309 28 1 0 1 6 17
417283 16 1 1 5 6 32
736780 63 1 1 6 6 21
257554 115 1 0 4 6 20
507412 63 1 1 2 6 26
364051 15 0 0 7 6 23
474653 11 1 1 8 6 23
478748 59 1 1 6 6 20
577043 3 1 1 7 6 31
159262 25 1 0 0 6 22
339480 58 1 0 3 6 20
196130 10 0 0 6 6 52
433700 8 0 1 8 5 21
286247 66 0 0 8 6 23
896558 8 0 1 7 6 47
667183 26 1 1 5 6 25
241190 88 1 1 6 6 19
359970 77 1 1 6 6 29
241188 136 1 1 4 6 20
654894 88 1 1 6 6 20
1109560 6 1 0 3 6 15
433710 17 0 1 9 6 22
921124 33 1 1 7 6 21
130605 47 1 1 0 6 27
171564 19 0 1 1 6 27
122417 9 0 0 2 6 22
118320 39 0 0 2 6 21
163382 97 1 1 6 6 17
581183 87 1 0 6 6 20
196152 42 1 0 2 6 44
425532 40 0 0 4 6 18
347705 36 0 1 8 6 24
949810 9 0 0 8 6 23
806450 24 1 0 8 6 19
171586 58 0 0 6 6 18
892493 67 1 0 1 6 25
515651 35 1 0 1 6 17
339520 42 1 1 8 6 23
1138263 17 1 1 8 6 44
384579 15 1 1 4 6 15
327235 60 1 1 8 6 22
884292 9 1 0 8 6 28
208457 20 0 1 0 6 34
118349 58 0 0 1 6 17
237134 44 1 0 0 6 17
572998 15 1 1 9 6 26
814659 36 1 0 2 6 17
89681 114 1 1 0 6 20
884314 38 1 0 7 6 29
974422 21 1 1 0 6 20
265822 28 1 0 4 5 22
1396298 7 0 1 7 6 33
126561 58 0 1 0 6 18
466533 38 1 0 7 6 39
798319 31 1 1 4 6 25
384611 260 1 0 4 6 19
159333 50 1 0 1 6 28
85609 210 1 1 8 6 21
61034 495 1 0 0 5 23
1166971 24 1 1 7 6 35
413302 70 1 1 4 6 21
527984 46 1 1 6 6 28
85624 34 0 1 0 6 25
527985 48 1 1 6 6 20
527986 47 1 1 6 6 21
917105 15 1 0 4 6 21
527990 50 1 0 6 5 20
376442 80 1 1 1 6 20
376453 87 1 1 1 6 16
319109 13 0 0 4 5 7
1203863 11 1 1 1 5 30
40587 409 1 0 8 6 21
253583 103 1 1 1 6 17
654982 93 1 0 6 6 21
515735 2 1 0 1 6 18
474771 19 1 0 4 6 16
499346 135 1 1 4 6 23
52885 48 1 0 0 6 20
151195 189 1 0 8 6 17
917140 3 0 1 1 6 19
528018 65 1 1 6 6 27
110234 20 0 1 6 6 18
917138 68 1 1 8 6 25
1257143 5 1 0 9 5 22
81580 73 1 1 9 6 23
679589 10 1 0 1 6 16
880317 16 0 1 6 6 24
1097377 18 0 0 7 6 32
65202 14 0 1 0 6 26
995003 9 0 1 4 6 29
44724 105 0 1 5 6 15
515761 34 1 1 4 6 19
401087 156 1 0 2 6 22
1322670 11 1 1 7 6 40
1007285 62 0 1 6 6 23
810672 36 0 1 6 6 19
323256 31 0 0 5 6 31
626356 32 1 0 7 6 50
200385 104 1 1 1 6 33
515778 65 1 1 1 6 22
1453779 5 1 1 1 6 23
405184 126 1 1 2 6 23
528079 10 1 1 6 5 29
708288 35 0 1 1 6 16
741057 53 1 1 6 5 21
356046 48 0 0 1 6 22
515785 32 1 1 1 6 22
1195740 4 1 0 1 6 37
122574 99 1 0 6 6 17
782020 28 1 1 4 6 15
409289 19 0 0 6 6 19
478935 91 1 0 7 5 22
1027806 28 1 0 6 6 16
917212 30 1 1 6 6 23
376535 97 1 1 6 6 20
356055 27 0 0 1 6 19
614097 15 0 1 4 6 21
519901 125 1 1 7 6 22
552659 38 1 1 1 6 23
683734 35 1 1 1 6 22
356057 46 1 0 1 6 21
126684 217 1 0 0 6 17
233181 82 1 0 1 6 16
683733 57 1 1 6 6 20
855789 10 0 0 7 6 31
1154800 8 0 0 5 6 33
192225 18 0 1 7 6 41
126693 44 1 0 4 6 16
73446 80 1 1 6 6 19
483054 23 1 1 5 6 25
311016 79 1 0 4 6 15
93935 461 1 1 2 5 16
331499 19 0 0 4 6 22
388843 92 1 0 6 6 21
589560 9 1 1 1 6 28
175858 59 1 1 0 6 33
540409 30 1 0 7 5 27
888575 4 1 0 8 6 31
757491 56 1 0 6 6 21
167675 58 1 0 8 6 19
769783 43 1 1 1 6 21
356090 119 0 0 6 6 22
306949 136 0 1 7 6 28
708363 39 1 1 6 6 41
413444 45 0 1 8 6 21
237318 37 1 1 6 6 23
118532 99 1 1 7 6 21
429824 41 1 0 7 6 15
204549 44 0 0 6 6 18
470799 165 1 0 6 6 15
139018 131 1 1 3 6 21
1154840 9 1 0 6 5 19
552707 70 1 0 1 6 16
1466139 3 0 0 7 6 32
159506 177 1 1 1 6 22
356126 15 1 0 1 6 18
356123 60 1 0 1 6 16
605993 184 1 0 4 6 16
446246 131 1 1 4 6 19
950061 20 1 0 2 6 17
651052 55 1 0 6 6 5
491297 36 1 0 5 6 19
487200 22 1 1 6 6 20
327469 22 1 1 1 6 31
528162 61 1 1 7 6 14
171823 61 1 1 3 6 27
405291 57 1 1 4 6 18
442167 21 0 0 7 6 31
225073 199 1 1 8 6 20
606010 78 1 0 4 6 17
425776 39 0 1 1 6 31
171828 77 1 1 8 6 24
421681 119 1 1 5 6 23
663347 30 0 1 8 6 20
61242 207 1 1 6 6 24
1273645 2 1 0 1 6 25
356154 28 0 1 0 6 18
462663 318 0 0 4 6 16
282437 64 0 1 1 6 26
257860 61 1 0 6 6 24
978761 10 1 1 7 5 35
466752 86 1 1 7 6 22
286537 8 1 1 4 6 30
1068864 43 1 0 4 6 16
663386 20 0 0 7 6 31
245591 291 1 1 6 6 22
89947 117 0 0 1 6 31
1396559 9 1 0 7 6 31
528211 48 1 0 6 6 20
241502 172 1 1 6 5 20
528214 17 1 1 2 5 21
646999 36 1 1 8 6 30
462693 9 1 1 0 6 17
343907 52 0 1 6 6 24
614240 4 1 1 7 6 19
692067 15 0 0 6 6 36
372590 47 0 1 8 6 22
814951 51 1 0 5 6 32
1331064 5 0 0 7 6 31
331626 81 1 0 1 6 16
282475 139 1 1 8 6 16
737147 9 0 0 1 6 27
429941 39 1 0 8 6 18
515955 51 1 0 4 6 23
462706 36 1 0 6 6 19
1015667 31 1 1 1 6 19
376696 67 1 1 1 6 24
32637 145 1 0 1 6 19
528247 10 0 1 4 6 28
1191830 31 1 0 4 6 20
733071 25 0 1 1 6 25
49030 695 1 1 1 6 25
356233 59 1 0 1 6 19
900993 20 1 0 8 5 22
241551 42 0 1 5 6 29
565126 21 0 0 2 6 18
360331 41 1 1 1 6 20
176013 8 1 1 0 6 30
20372 407 1 0 7 6 21
475025 21 0 0 4 6 32
647070 6 1 0 0 5 22
790416 33 0 0 6 6 19
339867 99 1 0 3 6 20
905106 20 1 1 1 6 17
253858 153 1 0 7 6 25
696235 31 1 1 1 6 21
356263 44 1 0 6 6 20
44962 62 1 0 1 6 21
851881 13 0 1 6 6 16
77732 447 1 1 4 6 44
1114038 15 1 0 4 6 14
696228 44 1 1 6 6 24
397238 55 1 1 0 6 19
376756 42 1 0 6 6 20
634813 112 1 1 1 6 18
126901 272 1 1 1 6 27
1511331 2 0 0 7 6 32
454576 44 1 1 6 6 18
1249189 13 1 1 7 6 25
675773 46 1 1 6 6 22
1257385 17 1 1 4 6 16
126909 226 1 1 1 5 27
679863 32 1 1 6 6 24
487353 34 0 0 4 6 39
688053 24 1 1 4 6 33
212931 81 1 1 6 6 21
245696 82 1 0 2 6 17
204736 20 1 1 1 6 21
610253 70 1 1 5 6 19
212932 65 1 1 4 6 22
356301 77 1 0 0 6 25
24521 208 1 1 8 6 25
962501 37 1 1 1 5 12
491466 12 1 0 5 6 23
520137 16 1 1 4 6 29
978881 13 1 1 1 6 17
1175518 5 1 0 7 6 40
597979 62 0 1 8 6 22
20434 37 0 0 7 6 31
98260 34 0 0 8 6 22
597982 51 1 0 1 6 23
20440 21 1 1 0 6 25
401375 42 1 1 5 6 25
253914 104 1 0 7 6 23
147416 23 1 1 0 6 27
683984 15 1 1 0 6 35
1109967 52 1 0 4 6 16
917458 23 1 0 4 6 26
192482 51 1 1 4 6 26
188386 79 1 0 7 6 25
761835 27 1 0 7 6 29
344036 33 1 0 8 6 18
434151 35 0 0 7 6 26
892910 22 0 0 7 6 39
655328 46 1 1 6 6 21
1023974 28 1 1 1 6 28
1388540 19 1 0 6 6 31
266222 33 1 1 6 6 19
274423 48 1 0 2 5 16
311287 16 1 1 1 6 17
544752 79 1 1 1 6 19
339964 34 0 1 1 6 25
464296 990043
305154 228425
750219 126693
305154 244043
381022 1295406
191411 645410
977537 213445
280979 739603
381022 689834
1295562 1147455
515778 356233
332874 230943
280979 1063575
305154 439873
883683 1516502
408177 122574
464296 351597
280979 1096211
150985 597979
246718 467750
276345 34044
1324202 422098
515778 356126
1547260 1625262
305154 621530
860467 645995
280979 681505
408177 462099
280979 18388
280979 432233
1369649 384361
276345 887985
464296 34486
212354 359970
312901 1113247
408177 351445
305154 726932
1275618 356804
977537 357939
745522 58462
150985 38000
356804 345165
305154 279867
150985 995975
515785 1271184
312901 313570
515778 1062188
750219 750601
340297 1237622
860467 500688
750219 836013
1360522 1547260
734309 110234
515778 347166
1336600 970027
305154 280056
332874 1095239
860467 187384
1233527 499346
212354 85502
191411 392178
860467 600408
750219 58077
356804 85624
464296 106552
750219 126392
305154 20827
499346 332035
150985 256697
860467 154806
408177 574431
598162 1061592
734309 506544
750219 172825
212354 123326
332874 297501
280979 745752
305154 146361
860467 1453024
860467 789026
523050 1602005
280979 1038132
890131 348982
1232276 312092
150985 541139
1201727 29612
1201727 510708
1013502 1547320
472875 678291
212354 1159267
408177 462706
1290621 1175518
890097 108923
312901 377754
150985 467091
499346 946215
305154 172586
1136688 225837
474505 89539
1201727 1146154
280979 965004
191411 251299
305154 31875
750219 209428
614097 558607
464296 41788
598162 517297
750219 819221
499346 810344
356804 192482
515785 1104856
280979 571445
312901 651972
532545 313546
246718 496512
734309 634325
883683 1013629
750219 781809
212354 1085722
515778 356123
280979 813231
280979 683734
464296 505119
280979 1202010
750219 475235
212354 1133818
499346 41297
332874 483054
280979 242758
305154 279872
750219 469605
212354 744437
515778 322047
150985 336536
280979 558718
515778 407643
1201727 1127902
408177 269067
276157 745475
464296 349046
499346 972259
499346 536907
750219 533563
750219 1110222
305154 251841
276345 401087
332874 594982
305154 330676
276157 685756
917140 119019
356804 20627
305154 1099015
343114 433165
499346 524373
332874 239656
727209 114132
499346 157231
523050 1527130
332874 1163264
472875 505831
356804 492344
1201727 562819
472875 678292
474505 386972
1295562 920750
1369649 1039824
408177 241502
305154 574029
212354 446831
356804 543840
474505 658662
356804 71971
523050 289165
276157 440065
381022 52704
280979 75607
305154 177950
212354 469469
276157 1080230
305154 413302
305154 80906
515785 121720
1201727 848327
523050 326750
348944 681641
472875 510249
356804 1275616
1290621 1266032
464296 59973
499346 1114838
212354 506036
212354 773075
860467 311451
614097 52399
305154 61242
191411 414177
55844 1093051
860467 1510468
276157 239392
499346 918820
499346 1349651
212354 539543
305154 29896
1261932 348944
970027 1409149
381022 1295397
408177 35402
860467 966065
890131 873643
305154 330896
1201913 510969
1178576 260090
499346 968733
150985 346847
280979 408299
499346 360951
523050 286537
381022 125431
408177 245696
381022 1034324
150985 297737
1201727 1583777
150985 557779
276157 384579
727209 267406
305154 20372
472875 305757
276157 393624
381022 478935
745522 553390
515778 679589
1201727 1325322
499346 118203
499346 535143
150985 493458
1369649 1322670
276157 576930
515778 286893
860467 710719
305154 500275
212354 162672
150985 131275
212354 84239
191411 335925
523050 1183120
472875 552707
332874 801492
750219 722832
312901 379115
745522 1209119
499346 257554
305154 146570
381022 709963
1201727 686793
499346 933298
356804 611268
464296 281598
150985 296889
150985 145666
464296 592036
280979 245591
890131 1385020
343114 920720
408177 781073
515778 574988
246718 584485
523050 1259212
523050 1354024
523050 1526136
340297 1012949
356804 1177759
276157 1188904
332874 251295
499346 1112480
212354 527990
312901 383553
1295562 852355
1233678 702920
305154 57982
499346 850652
734309 78674
280979 86344
890131 741566
381022 289611
472875 165767
305154 703616
750219 473007
745522 1400081
860467 268947
246718 165767
515785 331626
305154 44962
1233527 408177
246718 557863
801330 392164
464296 1349700
305154 640606
381022 498418
532545 1382736
276345 354102
1196620 296867
280979 478748
276345 15268
276157 49030
212354 505990
280979 656937
332874 529664
381022 377822
614097 365308
860467 528247
348944 432688
381022 348221
305154 387837
474505 558173
1369649 1013827
532545 136891
1369649 1107600
150985 343357
305154 421122
276157 1203863
305154 923000
305154 293288
150985 996645
995445 150521
499346 1288456
212354 726981
532545 1156092
499346 931536
532545 562936
734309 71015
332874 1252289
280979 1201992
1547260 1013502
464296 339867
305154 182093
860467 1315214
312901 89681
280979 813481
305154 366730
515778 356154
860467 55811
464296 953103
474505 289008
860467 210283
408177 519154
750219 403791
348944 921020
381022 58228
1201727 1057051
598162 800157
356804 1184165
276157 178567
499346 513135
750219 295584
305154 156557
312901 379058
745522 1471566
356804 908196
212354 116533
464296 1000631
1249189 250330
745522 287247
305154 704766
515778 1381031
474505 85609
499346 545714
474505 1340835
312901 93935
381022 598750
472875 254886
280979 62292
55844 582987
1295562 1002288
464296 239164
305154 1187149
1261868 343114
280979 689608
276157 394282
305154 393856
356804 683984
532545 764043
305154 67713
1131051 708363
1336600 55844
1369649 1154375
499346 193631
750219 1114038
750219 174505
1201727 20434
515778 1291944
246718 241751
750219 319825
474505 645242
458079 1252481
348944 917138
1201727 1583813
472875 902493
276157 1265006
280979 580940
305154 584565
212354 542290
280979 430660
312901 1219835
890131 108897
305154 84498
280979 249333
614097 1015309
332874 1082420
305154 654736
883683 698968
1201727 1407862
150985 621027
212354 16608
343114 432132
860467 445384
191411 392050
332874 1064109
312901 379118
305154 188596
1201727 1165682
305154 846122
312901 1233678
312901 210944
332874 1252311
408177 28969
305154 51143
343114 67343
312901 1231122
381022 188386
734309 74909
276345 336858
499346 57918
408177 968722
523050 1185411
348944 1257385
1369649 1354807
860467 554362
280979 753763
750219 814659
280979 857419
276157 340269
515778 435610
332874 206244
332874 20967
499346 327235
381022 573611
464296 358940
883683 165681
474505 844528
860467 738448
750219 462663
532545 312903
305154 420829
280979 318334
276157 1292566
1201727 492402
305154 240763
532545 515184
860467 435957
280979 811523
474505 552659
332874 377808
276157 562266
55844 394762
515785 505831
499346 140364
499346 330779
312901 334809
515778 563910
381022 1196964
280979 84162
280979 1201723
280979 580941
408177 927316
276157 328592
305154 407156
332874 487559
276157 264295
212354 88775
305154 17753
191411 1539085
408177 470799
1315927 750219
499346 612421
150985 343052
280979 454576
305154 19107
408177 43736
280979 667980
191411 74491
472875 774803
332874 486148
332874 885969
750219 186918
1201727 995894
150985 665854
408177 751041
750219 464748
280979 813440
356804 141402
408177 407758
212354 397687
381022 53517
305154 110021
499346 518631
458079 211123
499346 725155
356804 589560
381022 471649
523050 1010714
276157 45205
499346 555517
332874 440175
1201727 956418
343114 1261925
750219 163382
474505 340531
381022 467176
1369649 868920
212354 384351
1369649 42261
332874 1148005
923726 1324202
305154 160220
276345 423557
1547192 1201727
499346 399349
280979 58714
150985 803616
745522 129214
212354 761193
523050 1382952
1369649 1607288
1201727 779009
150985 98260
55844 402916
821800 330903
499346 1257143
356804 391314
212354 949391
280979 1099686
923726 121115
150985 996640
280979 438723
750219 751279
356804 1275623
305154 809691
745522 496512
1260356 340900
312092 431656
280979 1064350
1201727 1096849
499346 525125
408177 515735
515785 474505
499346 542672
1013502 979935
860467 977859
332874 171564
305154 12958
312901 141321
499346 823658
499346 742224
381022 268409
734309 359970
515778 614097
276345 501898
472875 349542
532545 156490
305154 547751
150985 996656
150985 342233
515785 429824
523050 1020222
212354 515085
408177 638456
305154 301945
356804 130283
280979 193291
246718 515785
280979 654894
1201727 1583899
464296 61034
246718 206870
745522 340531
1201727 1396559
860467 737420
191411 830584
305154 1152832
381022 718925
499346 887044
280979 627174
523050 373960
381022 122417
312901 271487
499346 467049
1381027 614097
801330 1271747
150985 996529
515778 442875
381022 494849
464296 57516
464296 565672
280979 86102
212354 527986
464296 283877
332874 185387
801330 89196
1201727 1479314
246718 653043
532545 1244314
750219 72562
381022 434151
356804 999619
305154 965335
515785 507961
150985 568604
276157 77732
734309 656762
464296 92049
280979 172460
472875 745522
305154 224544
276345 729133
312901 895697
305154 1226132
381022 37015
381022 418282
150985 343263
499346 1370834
340297 378900
464296 888097
977537 274658
305154 117263
305154 264234
212354 602352
750219 407096
212354 487200
614097 588501
276345 1196631
515785 129745
212354 612820
280979 348317
750219 572156
312901 974335
1252312 332874
150985 679863
312901 1116904
1324202 1154800
499346 533519
212354 528214
312901 378992
750219 637607
305154 222081
860467 411543
305154 893701
499346 716180
312901 212931
276157 1349794
332874 815727
280979 370339
280979 554940
801330 323256
212354 449612
1013502 159262
734309 241190
1201727 1016586
532545 758827
523050 339410
515778 307864
305154 123353
212354 496283
312901 376756
734309 203614
464296 433700
860467 574649
1013502 176664
1349651 464296
1201727 1165170
919143 381022
381022 63952
381022 33357
212354 239864
191411 262376
312901 379000
191411 462693
499346 946231
1201727 935007
408177 1315688
305154 568307
734309 350978
305154 50379
408177 331499
305154 388326
348944 780789
515778 567547
191411 712942
464296 566530
499346 562120
340297 1259869
312901 328791
523050 324912
276157 708651
332874 490556
1201727 1583713
1201727 1583929
276345 342748
305154 743926
276345 370654
474505 764930
474505 173060
472875 287247
750219 263790
212354 656063
1360522 917105
280979 402727
464296 884314
883683 572998
212354 1334114
1201727 1260407
280979 580452
276157 136818
150985 269349
343114 254823
212354 131219
1201727 1577846
280979 84245
280979 926363
523050 917212
348944 879972
1178576 740217
305154 193549
860467 678828
356804 1275590
464296 642196
381022 672749
515778 515651
305154 1059722
150985 347705
246718 287247
150985 142732
150985 364551
305154 435129
472875 186454
464296 95948
499346 1060068
276345 162536
750219 757842
150985 344036
750219 1045921
515778 606833
499346 1113207
1068257 385487
356804 1258672
1360522 1222650
305154 545227
276345 1196732
276157 125069
280979 581183
305154 159506
734309 210153
499346 41295
280979 766039
280979 922726
276157 66299
212354 578558
1282219 1369649
1510441 860467
1295562 1005650
499346 515502
150985 23389
458079 118532
499346 658185
860467 541979
515778 502451
1013502 740198
150985 870991
523050 921933
305154 271427
408177 122241
348944 854479
523050 1050663
860467 501545
860467 736780
1201727 1466139
276157 1214326
523050 1023974
356804 746588
523050 542727
750219 1309938
734309 536718
280979 975640
515778 356046
860467 721067
523050 1020404
280979 1201990
150985 408166
474505 481204
356804 99341
381022 9451
332874 246131
305154 388196
276345 658393
305154 344080
348944 31428
833633 1012931
1385020 1131051
499346 663347
408177 513535
1201727 1583934
464296 890154
276157 121115
474505 288302
246718 1163795
381022 317158
750219 1109560
305154 46299
408177 279012
472875 553390
332874 38581
515785 154230
191411 370597
1259874 340297
860467 666031
312901 825728
312092 502069
305154 157640
305154 558632
312901 429941
356804 53934
860467 696228
381022 253858
312901 19069
532545 379118
750219 700462
464296 342754
381022 27511
860467 366389
860467 1397747
381022 121963
305154 211884
614097 103540
312901 319549
515778 588502
280979 487472
1201727 1296356
356804 1275622
150985 257075
212354 624967
276157 50503
464296 435547
332874 358949
305154 386712
860467 527657
348944 381599
499346 946234
464296 627112
280979 168409
332874 491297
191411 621253
515778 52399
1201727 1583832
191411 905106
305154 172267
499346 1370745
356804 771807
312901 234356
515778 348174
499346 526656
356804 171823
280979 552081
821800 529382
474505 374693
1068257 740827
1201727 1201360
150985 321584
860467 169551
246718 553390
348944 327469
280979 365078
474505 276879
523050 328274
332874 502224
1163800 191411
1201727 1316833
276157 700485
332874 1208766
464296 608443
332874 1078704
408177 883614
312901 806105
734309 765190
464296 265822
499346 337418
523050 624666
515778 219684
332874 430904
1201727 1543005
280979 956497
472875 1163794
280979 18615
750219 385751
833633 197557
191411 455840
332874 239968
246718 178175
150985 996454
860467 797036
890131 1195740
332874 692871
515778 259411
474505 617873
1201727 1583765
305154 388265
860467 686307
499346 119779
734309 1005685
150985 913428
305154 500290
515785 1163795
1360522 673142
499346 1112419
523050 375031
191411 378772
150985 956820
499346 510627
381022 582584
312901 470799
750219 172512
150985 432472
523050 1295863
348944 724404
280979 268292
499346 946229
860467 291707
523050 1569844
515778 316233
734309 171586
305154 314502
1249189 296927
860467 951888
750219 126684
280979 113103
474505 366757
1249189 31763
305154 547121
348944 1033707
332874 44724
734309 562892
515785 71914
348944 397238
212354 508184
515785 745522
280979 1161298
523050 1543636
523050 752225
821800 172758
381022 58533
939522 126909
1290621 1379220
191411 625678
523050 1261868
280979 511451
523050 1060131
150985 578697
1295562 921124
246718 376696
499346 521173
970027 172104
408177 431513
464296 261479
381022 235151
801330 379704
212354 334104
305154 277722
150985 995003
276345 457923
1295562 836163
860467 262955
343114 214467
499346 946345
280979 123928
280979 780269
280979 675773
276157 142470
1249189 713376
801330 609309
276157 91228
523050 1385658
305154 181261
150985 806450
212354 545337
523050 712801
212354 551221
280979 580485
523050 974422
750219 940655
305154 610253
1201727 1583812
212354 506038
1013502 1510441
860467 709389
356804 147416
150985 455233
1291944 472875
996665 150985
305154 48464
356804 67512
332874 417283
280979 645277
1400081 401795
860467 118320
408177 408602
750219 722048
332874 1252308
750219 552073
750219 172886
1201727 1236299
343114 917140
280979 412022
280979 240348
280979 1201985
381022 58080
280979 654982
523050 663829
212354 274943
1369649 1571344
150985 246822
464296 27511
750219 363279
312901 1233689
499346 469503
280979 567805
614097 305154
280979 256378
883683 597982
750219 756572
833633 60161
523050 923334
860467 1344741
750219 1109967
312901 546407
750219 1194232
474505 517852
276157 996622
381022 866781
356804 553540
305154 563841
860467 860513
280979 742278
821800 432652
332874 1166671
150985 150804
1575043 212354
734309 742176
523050 670794
332874 542767
150985 341376
312901 773029
1249189 364854
276345 342804
1149384 266643
150985 346663
348944 266222
356804 184420
523050 1032554
305154 427688
305154 570001
150985 341372
750219 172529
499346 946306
523050 1453779
532545 374388
499346 384611
246718 678292
1249189 488296
474505 66789
750219 384350
305154 237703
280979 625236
1163781 276157
150985 91668
212354 88382
833633 420546
750219 1194221
1295562 1047929
305154 389553
55844 356301
312901 25392
280979 33223
860467 764906
305154 1015667
280979 549648
381022 389554
515785 668960
212354 527985
1349651 1149384
212354 428978
305154 226310
1295562 1598019
464296 70634
246718 745522
332874 667183
356804 962995
1201727 1055610
305154 331161
821800 950061
332874 1031586
212354 1008493
305154 562575
305154 600841
408177 406365
212354 293827
276345 419922
515778 808434
150985 6900
212354 1341391
305154 287250
381022 715777
150985 158991
860467 692067
212354 238452
356804 632314
523050 805668
305154 478403
381022 117022
1290621 639575
312092 1232278
356804 1275638
191411 209115
305154 187865
212354 887083
523050 763243
499346 515955
1607250 1495257
499346 41301
150985 201243
150985 346526
356804 23678
464296 926955
276345 370713
276157 418872
1131051 374821
464296 330754
860467 659877
305154 267481
464296 452676
1360522 228366
276157 1094184
305154 421970
532545 1391061
280979 585164
150985 996074
276345 349643
745522 71793
305154 127402
280979 863538
1201727 1583907
305154 355738
499346 1043386
1369649 1396298
408177 516894
750219 608225
356804 1275642
280979 509175
499346 43181
305154 223997
212354 279025
499346 974335
464296 166656
734309 344368
499346 415582
1291944 376442
883683 1154381
312901 516149
1621127 416323
305154 342920
212354 1395720
860467 205639
332874 287844
276345 908130
150985 884758
1068257 339480
1516502 1621127
499346 946230
276157 1574575
280979 445267
408177 549703
860467 698739
472875 283931
1295562 1297237
1295562 382648
523050 79738
408177 444741
1178576 916967
212354 1034692
515778 449235
1334114 734309
523050 771094
212354 86389
312901 809002
1131051 222625
348944 714609
1201727 442167
860467 273210
408177 502385
212354 527984
212354 1006961
860467 183482
332874 1041039
381022 1174118
1149384 1275618
515778 723656
523050 1119230
312901 83754
523050 162516
312092 35176
356804 282015
860467 929932
734309 795575
381022 975120
55844 400798
343114 400020
280979 640098
833633 830331
381022 803780
860467 742306
515778 380976
212354 109642
332874 588011
523050 246754
801330 747444
280979 505990
408177 726070
515778 708288
381022 325571
727209 214897
458079 798319
305154 73978
734309 96049
523050 446246
276345 250261
821800 143883
515778 434226
523050 333375
977537 344795
246718 71793
212354 657820
305154 544752
381022 1122427
408177 525981
356804 2069
1201727 1504256
150985 551511
212354 528211
280979 564434
532545 83754
191411 971240
212354 210720
212354 1090250
821800 747667
970027 258318
246718 12903
499346 339520
750219 172826
305154 168401
464296 851333
280979 553681
750219 825788
212354 516993
280979 576330
212354 510874
212354 1377958
305154 733071
499346 86381
499346 515761
280979 1083770
1201727 1583908
280979 339361
598162 267982
348944 771059
150985 344257
280979 147883
472875 400002
464296 108897
1369649 1191344
523050 337142
750219 1194238
150985 265476
408177 408639
515778 723346
523050 431465
515778 735076
1295562 1102831
280979 1006910
305154 129597
356804 85280
381022 123973
150985 343441
356804 8763
750219 172051
312901 311016
750219 938208
883683 304931
499346 964491
305154 131091
1013502 1129004
821800 657723
474505 256112
1295562 577043
381022 25897
332874 417218
381022 364979
598162 372590
860467 457999
276157 1301419
1201727 541864
408177 781197
734309 418357
348944 475222
499346 879426
212354 619562
734309 75987
1369649 967503
312092 824422
312901 758827
1149384 1036980
348944 717158
150985 727911
750219 279448
280979 408191
381022 49333
750219 172509
150985 362517
523050 176013
474505 405291
499346 606010
305154 20610
191411 79528
312901 208354
305154 119037
305154 669554
191411 447534
150985 344151
212354 563071
276157 1127170
340297 178243
499346 946235
1249189 892493
280979 1099687
332874 905726
191411 277850
734309 696843
1201727 1415090
1201727 1511331
280979 1166295
305154 135811
381022 715968
276157 42997
1260356 883683
734309 460073
1201727 70610
860467 640239
212354 239315
280979 385246
515785 290032
860467 385559
356804 239523
305154 199355
305154 305173
381022 59109
276157 490870
464296 405184
332874 688053
305154 457360
305154 118349
734309 412537
381022 80761
150985 279401
212354 697096
305154 484559
381022 424791
246718 678291
464296 888575
280979 553790
1385020 1249189
150985 388571
280979 388843
499346 305771
356804 336671
523050 202027
212354 516380
381022 1162105
523050 1223828
532545 785074
348944 410095
276345 1196728
1369649 1607250
970027 287939
381022 647070
499346 968841
750219 474771
276345 884292
381022 216240
1369649 1484173
1201727 1583896
474505 994210
280979 75535
356804 65202
212354 975638
408177 533003
150985 618843
995445 995464
750219 433107
499346 198235
860467 506509
499346 186555
1201727 1583830
833633 299578
280979 718351
727209 471661
1201727 1182122
280979 862850
280979 735441
370654 371088
532545 626733
276157 168706
1013502 1331064
381022 364051
191411 389697
312092 522886
280979 62424
212354 179377
150985 459401
212354 602358
381022 59926
472875 1355955
523050 381176
212354 79266
276157 769783
343114 1256058
356804 890097
734309 226327
499346 515216
750219 279571
305154 356057
212354 509187
750219 365677
340297 921719
305154 72910
1290621 628993
1249189 330171
280979 534775
408177 1067490
246718 160244
212354 645386
515778 359404
276157 386294
1201727 1583797
614097 259654
464296 935351
280979 553646
1178576 1336600
246718 453581
523050 1330665
499346 333072
598162 398368
1201727 1583802
515785 333512
312901 379004
280979 95036
305154 237607
499346 413444
212354 966728
280979 811600
305154 371577
305154 244031
381022 253914
212354 683733
212354 735110
523050 1262515
305154 182274
150985 349740
860467 411369
1201727 855789
890131 918659
750219 263168
280979 233181
276157 130605
499346 167675
1201727 1397484
356804 1142841
332874 1099101
1249189 277229
1232278 458079
1068257 996665
1295562 340647
1290621 818286
745522 339964
408177 527142
150985 286247
305154 567547
1201913 280979
305154 115333
408177 513870
276345 369228
532545 75984
499346 476143
332874 672286
212354 651487
191411 459901
523050 242065
305154 199046
464296 758702
1201727 1583862
191411 614240
381022 237636
890131 273551
408177 356090
276157 853155
860467 1223259
750219 133712
750219 244391
750219 314048
523050 204736
515785 448735
150985 23894
212354 714076
499346 1071783
332874 475025
332874 241551
598162 175858
408177 305279
356804 916050
356804 140518
464296 686453
1349713 821800
150985 21980
499346 525142
1369649 192225
305154 26507
381022 600835
408177 1047690
745522 429824
305154 35255
408177 651972
464296 401375
280979 578107
348944 890298
532545 399785
280979 1201981
1013502 1197812
356804 1275546
332874 1225999
305154 191703
343114 1261932
750219 1068864
191411 405291
523050 1267170
821800 1147032
305154 112885
515735 515778
276157 1058905
246718 770746
464296 171237
523050 1010715
1201727 935179
276157 408806
1295562 847159
523050 381771
212354 528079
464296 365577
348944 1258348
499346 935309
515778 411418
343114 1170148
276157 283737
381022 320755
305154 151195
1013502 1547192
515778 67713
499346 787365
734309 410295
749977 890131
305154 351555
191411 77262
1149384 566187
1201727 714195
305154 889794
276157 394060
532545 698644
212354 272404
280979 537722
305154 1226133
515785 290003
356804 387086
280979 691465
515785 551787
312901 328739
499346 177602
312901 366206
1344567 1295562
332874 374735
1621127 437224
860467 738521
499346 522575
305154 387136
150985 209861
523050 1344567
499346 248026
312901 1233527
1575043 1627684
305154 280024
381022 107377
381022 940695
523050 620673
343114 433073
1196620 276345
499346 1297716
821800 468627
474505 474653
348944 121872
312901 1116774
515778 1381024
821800 175390
305154 365308
515778 922939
150985 344201
860467 1007285
750219 469660
523050 927821
745522 505831
750219 180996
523050 525282
1201727 329835
191411 171202
212354 486743
356804 868567
532545 767414
860467 639535
305154 237318
734309 1342055
464296 108954
1013502 880057
408177 35419
860467 801514
515785 71793
276345 213347
280979 836399
598162 842006
801330 996786
348944 432438
890131 296184
523050 960934
150985 949810
464296 276572
280979 407523
381022 991307
750219 1481470
305154 842574
750219 1191830
312901 974001
750219 533462
1252312 1259874
745522 493116
499346 1023418
191411 239798
464296 765407
276345 380397
276157 156490
381022 349192
464296 1065179
458079 33855
280979 225073
340297 1038323
737922 1480852
212354 850868
499346 771729
408177 516979
276345 747934
150985 227303
332874 671770
523050 1096269
340297 1259868
1607288 923726
150985 69104
312092 1232275
212354 651486
472875 824934
356804 1275639
212354 453222
280979 162106
381022 346179
381022 1295534
356804 1275643
408177 60866
923726 1001515
464296 528852
1295562 1259695
515785 215669
1539085 977537
276157 46835
1201727 1242278
280979 280341
246718 144680
356804 67638
381022 44283
246718 186454
305154 387739
1149384 247006
1068257 125467
212354 381495
821800 1135549
212354 395435
499346 520626
1369649 1100502
280979 409289
750219 158049
348944 180931
381022 398731
305154 1226149
212354 193291
464296 370713
499346 305247
280979 84249
348944 432977
750219 257860
464296 230859
280979 169348
472875 129214
150985 346744
191411 209828
750219 411464
408177 544801
332874 1010184
276345 355711
464296 48282
381022 352646
332874 436812
305154 634813
246718 467782
305154 299435
305154 369944
860467 522900
499346 946348
280979 159860
1201727 1572193
312901 488832
1201727 878766
305154 93279
515778 365308
381022 527211
1354807 1290621
280979 1094746
833633 449000
1290621 1140680
464296 749977
280979 11389
381022 488750
280979 504567
523050 1527960
191411 386853
305154 1047504
860467 1301007
515778 425776
212354 602381
212354 516173
833633 943854
348944 337504
515785 382737
191411 215651
150985 209852
464296 382617
515785 21927
1495257 801330
332874 377942
150985 24521
305154 362788
1163795 745522
750219 274423
150985 196130
280979 703038
381022 572503
381022 754234
750219 272421
150985 814589
977537 18502
356804 1275637
499346 530283
1201727 530428
280979 790416
276157 586494
305154 897406
1201727 1050039
332874 967109
280979 558242
305154 95080
212354 230115
523050 326581
1068257 900993
150985 709243
464296 1273645
276157 431363
280979 363573
150985 346062
212354 960918
212354 365409
212354 655328
381022 691696
614097 406298
212354 528162
1259869 523050
246718 236422
381022 355778
734309 187423
1201727 594364
191411 312562
523050 1012949
750219 449897
860467 639803
408177 471189
860467 434566
305154 882554
464296 757854
970027 139018
464296 731163
276345 100630
515778 565126
191411 311287
348944 705271
1201727 1583588
312901 1015073
499346 672273
614097 723346
408177 67428
499346 1270335
598162 1283745
1013502 697840
212354 76335
1201727 1093108
356804 948196
464296 922596
212354 360560
212354 41574
305154 356679
523050 1259472
458079 669724
150985 420601
515785 40238
381022 107434
246718 251309
280979 881299
191411 1050530
515785 1177459
343114 1261924
860467 667037
499346 973129
305154 78625
499346 59823
280979 241188
280979 172305
280979 343907
280979 356263
408177 532771
305154 356055
212354 520293
464296 1119257
312901 946348
408177 534881
305154 14651
464296 353688
280979 935696
734309 167936
246718 648081
734309 727656
332874 491466
499346 605993
312092 1078824
472875 246718
464296 1196620
276157 648242
150985 366763
883683 1063507
150985 564602
150985 362617
472875 1163795
150985 374081
246718 1163781
523050 1282219
280979 83877
150985 408158
332874 892910
883683 1168095
860467 638993
212354 366127
1201727 1136466
449897 1068257
1201727 1377534
515785 108467
821800 887498
332874 978761
381022 329978
356804 23137
212354 376535
1201727 1331064
860467 603623
212354 213432
276157 231688
408177 682187
1290621 374730
474505 246908
750219 279449
408177 493897
280979 652576
280979 271728
381022 1295595
408177 369917
212354 141199
515785 456134
408177 515036
1201727 1583846
280979 86305
1201727 1369782
212354 615653
191411 376453
408177 752959
150985 339013
305154 705891
860467 123535
212354 881778
499346 222723
276345 211188
305154 1204762
312092 469265
332874 1252351
305154 189053
246718 1163800
1149384 1142811
750219 279447
907261 895294
1178576 1312760
305154 227253
499346 555301
515778 388265
515778 563556
305154 603699
939522 126901
381022 277083
348944 68941
523050 1087751
821800 334653
883683 957892
312901 312903
499346 545705
734309 851881
499346 543374
305154 408723
408177 393621
727209 135592
1295562 1232276
280979 811868
305154 394542
1178576 737922
276157 400085
305154 32637
532545 1027806
356804 81257
305154 611857
381022 1295535
150985 522987
381022 361262
150985 53762
305154 48406
515778 962501
312901 210014
150985 366738
907261 1178576
212354 948316
464296 309263
212354 1192216
458079 169376
276157 1204842
860467 846930
280979 279904
356804 225957
1295562 382502
246718 144842
472875 35339
523050 1086573
1369649 598272
55844 1072380
312901 375941
515785 246908
280979 677348
212354 651052
499346 332089
212354 584343
280979 449480
305154 609204
150985 76447
191411 349619
191411 629245
860467 660094
1354807 626356
515778 1252312
734309 63072
305154 158241
515778 419069
191411 469603
523050 1506109
1249189 737147
614097 387627
212354 810026
464296 890546
727209 1154840
246718 556197
917140 995445
1369649 1260356
312901 801568
280979 280862
332874 917458
464296 841570
191411 221423
1068257 289356
515778 145791
356804 563951
312901 305284
305154 1121718
150985 364809
191411 372024
499346 81580
499346 506747
246718 213186
246718 228487
381022 761835
464296 894622
860467 880317
356804 289100
1295562 282437
499346 1113026
356804 1275617
212354 1201913
150985 979560
381022 487353
191411 253583
860467 740803
1050530 173955
332874 587960
343114 21540
499346 842291
150985 892103
381022 540409
305154 126561
734309 84293
750219 166509
356804 572816
1201727 1583898
332874 421681
305154 160221
246718 254886
1201727 772994
499346 513173
750219 751510
212354 20440
191411 71105
408177 40587
464296 273444
276345 173108
523050 337141
734309 399283
356804 814166
381022 488787
532545 379115
860467 646999
472875 389320
212354 1368222
212354 344787
499346 776472
280979 414702
280979 1201147
883683 1400016
408177 1077391
332874 595325
191411 214965
305154 562598
523050 1060120
381022 559236
458079 262493
348944 215184
499346 334004
890131 573978
408177 210390
276157 200385
1201727 1278278
408177 946179
734309 75986
1201727 1583887
523050 1160631
1201727 663386
408177 1315927
276345 530503
312901 758930
280979 295041
312901 313313
280979 280069
1334114 833633
356804 1013524
356804 493171
970027 296301
408177 335145
833633 714890
1163795 58462
1369649 563494
860467 78800
614097 67713
499346 507412
1349700 306949
312901 379057
1136688 727209
1324202 814951
280979 547347
276157 293308
515778 1381027
276345 366327
499346 317026
191411 951131
276345 256148
276157 15268
472875 584485
212354 642477
745522 256112
305154 64968
523050 1161722
523050 173917
474505 78675
150985 217346
356804 604210
499346 897611
280979 52885
734309 619931
305154 353503
150985 502034
276345 583617
150985 231831
212354 509043
408177 509742
464296 1138263
532545 252999
1201727 722982
246718 824934
515778 647
150985 652154
212354 74091
1369649 1171585
499346 746424
191411 1136688
734309 734310
515778 955089
150985 551509
55844 398533
890131 52420
381022 373656
305154 55279
860467 204549
1201727 695150
212354 61242
1201727 1524439
312901 532545
464296 57918
499346 381523
523050 803545
532545 445287
750219 782020
212354 528018
305154 411475
750219 197177
212354 244796
276157 22929
381022 1295590
523050 1206449
1201727 1123345
356804 1275168
515778 237134
750219 665806
499346 1043821
750219 111317
515778 40441
750219 315409
523050 1431069
860467 1264825
408177 593981
280979 741057
381022 119671
1267170 1594131
332874 486065
305154 283608
1369649 896558
977537 919562
343114 696235
381022 55499
464296 935425
280979 579207
356804 678561
276345 1196730
1201727 1097377
332874 934700
305154 360331
821800 88280
276157 676934
464296 1349713
212354 241049
280979 590842
305154 280289
381022 1090958
356804 674725
280979 319109
860467 1510520
734309 554809
1400081 474505
883683 159333
1201727 1143208
1369649 1607248
833633 706536
408177 650580
150985 421367
734309 188773
305154 752937
212354 282475
408177 459528
332874 441251
191411 349629
734309 299383
860467 465547
305154 213721
280979 18709
499346 1370623
464296 519901
750219 212932
55844 491572
515778 623119
464296 568278
305154 387021
312901 394141
532545 783746
356804 23332
356804 563175
276345 889825
150985 461253
1201727 1583869
1068257 448502
276345 590317
523050 1119163
305154 588662
860467 436903
1249189 341999
356804 520137
890131 275994
977537 939522
472875 978881
472875 180522
305154 558570
464296 289819
515778 196152
464296 846040
1201727 991461
1201727 1200678
499346 353662
499346 269350
150985 138549
458079 49030
1163794 515785
276345 182115
499346 710063
276345 858934
150985 23406
150985 629839
750219 289292
523050 176564
1163794 246718
356804 21807
305154 356904
276157 68779
598162 574377
464296 864687
276157 635826
381022 466533
860467 503862
381022 89947
734309 596180
1369649 1180305
305154 396366
499346 470270
348944 178293
860467 639782
860467 205456
305154 763319
860467 1388540
1201727 1171894
212354 578153
515778 54222
280979 433710
312901 1231022
305154 113292
280979 273496
332874 666614
276157 371417
305154 354208
150985 341956
860467 379740
734309 748074
472875 382333
332874 545382
750219 582816
472875 467782
332874 1045358
280979 476077
150985 144497
472875 770746
860467 466752
150985 344491
312901 711453
305154 1119301
515778 558607
280979 506695
381022 14912
1295562 515440
280979 84642
276345 907261
750219 374221
515778 388326
515778 658674
1201727 1398211
515778 305154
276157 1161716
523050 889782
408177 73446
276345 497194
1201727 1411879
515785 217869
280979 445455
1324202 1343499
246718 349542
305154 386967
280979 810672
614097 554551
312901 313546
860467 688521
312901 379050
381022 39909
860467 411279
381022 59596
280979 425532
276157 822599
305154 842119
381022 75873
464296 94891
860467 101061
499346 194712
408177 93438
305154 388270
276345 454904
381022 447253
1249189 919143
727209 451517
1295562 1415291
408177 599367
515778 1259266
150985 171828
332874 1252309
191411 488463
191411 606718
381022 62366
923726 1166971
212354 414208
750219 462312
212354 371520
212354 623692
523050 1102830
332874 1028536
1360522 45156
191411 349534
305154 275663
305154 1119470
381022 373465
280979 215691
523050 326114
276157 1469945
499346 71882
1233678 825728
499346 895697
1233678 527229
280979 93100
340297 1038308
499346 1297717
305154 192667
332874 454979
523050 329639
305154 75325
750219 674635
381022 1008114
400798 598162
280979 1201991
727209 1012740
499346 186191
332874 578642
191411 1083805
860467 103030
150985 595475
312901 489558
737922 1360522
305154 71595
515785 250764
280979 445349
150985 162621
860467 380160
280979 15251
1149384 1575043
472875 290032
150985 935689
348944 675859
276157 376442
150985 996623
305154 160798
860467 757491
598162 381343
464296 1000693
821800 109087
1201727 281000
356804 208457
464296 946965
1360522 1118897
312092 526770
