1850 4003
5 0
1191954 8 1 1 6 6 14
1191955 12 1 1 4 6 14
1191953 19 1 0 6 6 13
1191958 3 1 1 6 6 15
991242 35 1 0 8 6 17
1191959 5 1 1 6 6 16
1191956 8 1 0 6 6 16
688140 55 1 0 4 6 14
1191957 4 1 1 6 6 15
1138713 5 1 1 7 6 17
1191962 2 1 0 6 6 5
1191963 9 1 1 6 6 14
1191960 5 1 1 6 6 17
393228 29 1 1 6 5 28
1191961 10 1 1 6 6 15
1191966 21 1 1 1 6 15
774151 13 1 1 4 5 28
516106 24 1 0 4 6 17
1191967 8 1 1 6 6 23
1191964 3 1 0 2 6 13
1191965 17 1 1 6 6 12
40977 243 1 1 7 6 31
1183744 18 1 1 6 6 4
1548290 2 1 0 6 5 13
393244 47 0 0 7 6 18
102426 81 1 1 6 6 21
1052686 45 1 1 6 6 22
167965 87 1 0 4 6 26
602153 39 1 1 6 6 25
888879 29 1 1 6 6 16
282663 137 1 0 8 6 18
1269815 11 1 1 6 6 19
1024036 30 1 1 6 6 15
1183801 6 1 0 9 5 38
372779 229 1 0 8 6 17
733243 14 1 0 6 5 15
225331 227 1 1 4 6 17
1191974 4 1 0 6 6 16
733247 14 1 1 6 6 15
417842 154 1 0 7 6 16
1191975 3 1 0 6 6 16
208949 26 1 0 6 6 15
147508 96 1 1 4 6 18
565296 56 1 1 2 6 19
1191976 4 1 0 6 6 16
774192 13 1 1 2 6 21
1191977 3 1 1 6 6 14
1548332 4 1 0 6 5 14
1191983 14 1 1 6 6 11
475194 42 1 0 9 6 14
188477 337 1 0 4 6 15
774196 8 1 0 4 5 23
753736 23 1 0 8 5 19
1355858 18 1 0 6 6 23
315470 114 1 0 2 6 19
213064 164 1 0 4 6 16
1192002 6 1 1 6 5 10
532568 92 1 1 4 6 20
1192000 3 1 0 1 5 18
1192001 5 1 0 6 5 15
348252 181 1 0 6 6 13
745554 29 1 0 4 6 14
925781 27 1 1 4 6 28
1302607 4 1 1 4 5 18
348251 18 0 0 4 6 29
282715 131 0 0 0 6 19
1548405 4 1 0 6 5 15
348259 91 1 0 6 6 13
565358 9 1 0 9 6 15
168042 42 1 0 4 6 28
733285 16 1 0 2 5 17
749668 61 0 0 6 6 17
827513 33 1 1 6 6 13
168053 197 1 0 4 6 29
458879 48 0 0 6 6 15
1478804 10 1 0 6 6 15
1478805 2 1 0 6 6 15
1478803 5 1 0 6 6 15
1036425 34 1 0 4 6 13
1478801 1 1 0 6 6 13
1269915 4 1 1 2 5 22
1110169 14 1 1 8 5 17
766085 4 1 1 5 5 24
286871 71 1 0 6 6 18
811162 7 1 1 7 5 16
635024 55 1 1 6 5 22
458917 243 1 0 4 6 16
323751 100 0 0 4 6 17
606380 34 1 1 2 6 15
1269942 12 1 0 4 6 28
1269941 6 1 0 1 6 20
651429 43 1 1 2 6 27
323753 93 0 0 6 6 17
323754 139 0 0 4 5 20
323755 312 0 0 6 5 18
1478822 1 1 0 2 5 32
954557 16 1 1 2 6 17
94386 22 1 0 5 6 16
1478818 2 1 0 2 5 27
1040571 29 1 0 2 5 16
827578 8 0 1 4 6 28
811186 28 1 1 6 6 21
995534 52 1 0 2 6 13
757966 27 1 1 1 6 14
176327 94 1 0 6 6 19
352460 45 1 1 4 5 16
417996 87 1 1 2 6 16
377038 195 0 1 6 6 23
393416 109 0 1 6 6 18
1032414 27 1 1 6 6 17
1380551 5 1 0 4 6 15
774361 40 1 0 2 6 21
1065157 26 1 1 6 6 14
655583 16 1 1 6 6 17
372947 77 1 0 6 6 17
544990 77 0 1 6 6 19
352466 90 1 1 4 6 28
512223 44 1 1 6 6 18
209114 166 1 0 6 6 17
254169 226 1 1 6 6 29
1482955 6 1 0 6 6 15
696532 3 1 1 2 6 23
1450230 5 1 1 2 5 25
164067 192 1 1 8 6 20
815341 38 1 0 1 6 17
1351920 5 1 1 6 6 17
585966 24 1 0 6 6 15
348399 261 1 0 4 6 16
213230 65 1 1 6 6 15
696551 97 1 1 7 6 29
487656 126 0 1 6 6 17
372981 203 0 1 6 6 19
1269990 9 0 1 2 6 18
1269989 7 1 0 6 6 2
815355 33 1 0 6 6 17
352508 10 0 1 4 6 26
352510 32 1 1 4 6 25
827639 26 1 1 6 6 15
487676 134 0 0 4 6 17
585972 28 0 0 4 6 26
512263 45 1 0 2 6 20
774413 26 1 1 4 6 32
512268 52 1 0 6 6 20
925957 24 1 1 4 6 21
1110273 25 1 0 8 5 23
1036573 25 1 0 4 6 12
151825 47 1 1 4 6 22
512273 50 1 1 8 6 15
1032472 7 1 1 6 6 14
151835 41 0 1 4 6 70
942357 14 1 1 6 6 17
1032464 5 1 0 1 6 15
24865 114 1 0 6 6 18
274726 110 1 1 6 6 17
1270064 9 1 0 2 6 14
348454 150 1 0 4 6 16
749869 61 1 0 2 6 10
413984 52 1 1 8 6 25
213284 18 1 0 6 6 19
213291 50 1 0 6 5 15
28969 147 1 0 6 6 16
274728 228 1 1 6 6 18
418102 132 1 0 6 6 18
753979 51 0 0 6 6 17
586043 62 1 0 4 6 29
1184038 3 0 0 6 6 19
749887 179 1 0 6 6 14
1249573 21 1 1 6 6 17
1052966 16 1 1 6 6 26
1052967 19 1 0 6 6 29
184634 59 1 0 4 6 19
782642 50 1 0 2 6 17
508221 138 1 0 6 6 18
393530 49 1 1 6 6 19
774454 22 1 0 4 6 29
1351978 3 1 1 6 5 33
1495337 3 1 1 6 6 30
393538 110 1 1 6 6 17
512323 67 1 1 8 6 14
835913 12 1 1 6 6 32
1184084 41 1 1 6 6 14
827718 15 1 0 6 6 15
1249624 15 1 1 6 6 15
348500 136 1 0 6 6 15
53587 47 1 0 4 5 16
405842 31 0 0 3 6 22
803161 19 1 1 6 6 14
1352002 2 1 0 2 5 20
942425 13 1 1 6 6 20
897365 20 0 0 6 6 19
553296 64 1 0 9 5 20
1270090 1 1 0 2 5 33
1270089 18 1 1 2 6 14
164191 47 1 0 4 6 22
880978 81 1 1 8 6 17
164199 20 1 1 4 6 19
1249653 14 1 0 6 6 16
180580 19 0 0 6 6 14
1171833 6 1 0 8 6 12
1151355 13 1 0 6 6 12
561506 223 1 1 6 6 14
1151354 25 1 1 2 6 15
586084 22 1 1 4 6 29
1151356 4 1 0 6 5 14
1048929 14 1 0 6 6 13
827774 57 1 1 6 6 21
512368 51 1 0 4 6 17
651646 94 1 1 2 6 30
1151338 3 1 0 6 6 14
217464 35 1 1 6 6 14
1151341 7 1 0 6 6 13
651637 92 1 0 6 6 14
1151340 4 1 0 6 6 15
172415 75 1 0 6 6 16
823693 15 1 1 6 5 12
1458581 6 1 0 6 6 19
184711 95 1 0 6 6 18
86407 101 1 0 5 6 15
1151387 2 1 1 6 6 14
332175 33 1 1 3 6 16
1151386 16 1 1 6 6 17
1151388 22 1 1 6 6 18
344458 100 1 0 4 6 20
831901 39 1 0 2 6 20
1151363 2 1 0 6 5 16
1008023 32 1 1 6 6 12
61848 155 1 0 7 6 18
1188235 10 0 1 6 6 16
512413 104 0 0 8 6 18
160152 162 1 0 6 6 18
405927 19 1 0 2 6 18
1458612 6 1 0 6 5 15
360871 130 1 0 6 6 17
1376697 8 1 1 6 6 14
1184190 7 0 0 6 6 19
414120 128 0 1 6 6 17
1151393 17 1 0 6 6 15
1151395 18 1 1 6 6 4
1151394 14 1 1 6 6 18
520628 54 1 1 6 6 20
184753 132 1 1 6 6 17
1151397 1 1 1 2 5 12
1151396 5 1 0 6 5 15
475570 212 1 0 4 5 17
397758 36 1 1 2 6 14
213432 397 1 1 6 6 17
811443 92 1 1 6 6 17
319931 183 1 0 4 6 17
1028528 49 1 1 4 6 17
1184208 1 1 1 6 6 40
389574 35 1 0 6 6 23
692687 45 1 1 6 6 17
315848 32 1 1 2 5 23
647620 46 1 0 4 6 29
791004 21 1 0 9 6 23
430551 8 0 0 4 6 26
143824 30 1 1 6 6 17
360924 199 1 0 6 6 24
430556 10 0 1 4 6 28
770512 7 0 1 6 6 14
172510 118 1 0 6 5 18
1184206 9 1 1 6 6 14
1184207 11 1 0 6 6 19
172509 237 1 0 4 6 15
315876 134 1 1 2 6 17
1036782 7 0 0 4 6 26
1315317 1 1 0 6 6 11
78309 149 1 1 6 6 19
905696 22 1 0 6 6 17
1458662 4 1 0 1 6 14
332276 91 1 0 6 6 16
451060 67 1 0 1 6 16
745977 6 1 0 6 6 19
176624 54 1 0 6 6 30
332273 43 1 0 6 6 19
1049060 12 0 1 4 6 10
1462754 12 1 1 6 6 18
836088 2 1 1 9 5 26
1249766 13 1 0 6 5 13
537086 59 1 0 6 6 17
459249 323 1 0 9 6 20
172538 39 1 0 6 5 16
647664 35 1 0 4 5 35
1028594 11 1 1 6 6 17
672245 72 0 0 6 6 17
1315348 1 1 0 8 5 15
700936 72 1 0 6 6 18
156161 203 1 1 8 6 16
533005 99 1 0 6 6 17
647694 32 1 0 4 5 29
258568 49 1 0 2 6 16
954880 73 1 1 6 6 21
516617 66 1 0 8 6 17
332309 104 1 0 6 6 16
963102 39 1 1 6 6 15
295441 8 1 0 4 6 36
1315330 2 1 0 2 6 15
643614 47 1 0 2 6 10
1024534 20 1 1 4 6 29
471579 245 1 0 6 6 60
504346 47 1 1 4 6 23
598550 35 1 0 6 6 16
348711 27 0 1 4 5 25
504356 33 1 1 6 6 18
819752 10 1 0 8 6 12
475682 174 0 0 9 6 18
430638 127 1 0 9 6 16
778784 92 1 0 6 6 16
393782 15 1 1 4 6 23
197178 85 0 0 6 6 19
889396 55 1 0 6 6 19
238140 96 1 0 4 6 15
799283 63 1 1 6 6 16
393785 16 1 1 1 6 22
1258069 13 1 0 6 6 13
930374 61 1 0 6 6 18
1024583 9 1 1 9 6 40
823874 62 1 0 4 5 17
1036895 28 1 1 4 6 29
180822 82 1 1 2 5 26
348767 58 1 0 4 6 30
807511 31 1 0 6 6 18
74333 13 1 1 2 6 17
45667 200 1 1 9 6 17
389729 192 1 1 9 6 20
1032811 7 1 1 6 6 15
1032810 36 1 1 6 6 17
348771 59 0 0 4 6 30
1032809 20 1 1 5 6 18
811626 20 1 1 8 5 14
504417 120 1 1 6 5 16
1032808 5 1 0 6 6 13
1315443 1 1 1 2 5 22
1032807 17 1 1 6 6 14
1032806 14 1 1 6 6 15
946786 23 1 1 6 5 13
397931 141 1 1 2 6 18
926305 69 0 0 2 6 20
1032830 10 1 0 6 6 14
1032829 16 1 0 1 6 14
791167 51 0 0 6 6 15
1032828 9 1 0 6 5 13
516722 127 1 1 6 6 30
1032826 6 1 0 6 6 21
1032824 1 1 1 6 5 15
1032823 8 1 0 2 6 13
791157 101 1 1 8 6 13
1032822 3 1 1 6 6 28
1032821 25 1 0 1 6 18
1032820 3 1 0 1 6 13
1032819 14 1 0 6 6 18
840333 44 1 1 6 6 2
1307280 6 1 0 2 6 18
393856 158 1 1 1 6 20
201348 39 1 0 6 6 14
615041 85 0 1 6 6 10
557696 133 1 1 6 6 24
1467037 3 1 1 6 6 14
778887 140 1 0 6 6 16
1249949 5 1 1 2 6 15
348821 31 1 0 4 6 30
475797 103 1 0 6 5 17
1135235 12 1 1 6 6 14
1462914 7 1 0 6 6 13
78485 14 1 1 6 6 14
1028761 8 1 1 6 6 21
1249924 5 1 0 6 5 13
348818 46 0 0 4 6 30
504479 274 1 1 8 5 15
1315464 3 1 0 1 6 18
459417 69 0 0 6 5 16
459416 205 0 0 4 5 17
1315508 6 1 1 6 6 15
1122992 5 1 1 6 6 52
885423 138 1 1 6 6 14
885422 44 1 1 6 6 16
672429 46 1 1 2 6 33
635552 24 1 1 7 6 17
1032866 8 1 0 2 5 19
1315513 5 1 0 6 6 13
180919 85 1 0 6 6 19
193207 126 1 0 4 6 17
615102 52 1 1 4 6 17
885452 32 1 1 6 6 17
504516 60 1 1 6 6 17
791240 3 1 0 4 6 14
1028811 17 1 1 8 6 15
885451 29 1 1 6 6 16
459457 316 1 0 6 6 18
504512 108 1 1 8 6 18
344780 65 1 0 4 6 26
885441 39 1 0 4 5 14
344776 81 1 0 4 6 29
160464 61 1 0 1 6 16
62164 81 1 1 0 6 21
344784 40 1 0 4 6 29
885461 24 1 1 6 6 16
1057480 5 1 1 1 6 13
1315528 1 1 0 1 5 23
750293 23 1 0 4 6 17
1032943 5 1 0 6 5 14
1032942 7 1 1 6 5 4
750313 21 1 0 4 6 14
312033 36 1 0 4 6 29
156391 70 1 0 6 6 11
1032936 24 1 0 7 5 14
1032935 74 1 1 6 6 26
594657 92 1 0 4 6 12
1032934 1 1 1 4 5 26
1032933 41 1 1 2 6 15
1032932 8 1 0 6 5 15
193262 38 1 0 6 5 17
1032931 4 1 0 6 5 13
1032930 7 1 1 6 5 15
459497 145 1 0 2 5 15
1032929 1 1 1 6 5 52
1032928 18 1 0 6 6 19
819966 8 1 1 8 6 14
652026 29 1 0 6 5 14
512754 220 1 0 6 6 17
344818 32 1 0 4 6 27
1032947 22 1 0 6 6 14
291576 52 1 1 8 6 16
1032946 19 1 0 6 6 15
1032945 63 1 0 1 6 20
1344234 3 1 0 8 5 18
1032944 4 1 1 2 5 15
459527 61 1 0 6 6 21
819980 16 1 1 6 6 14
1352468 5 1 1 6 5 13
1323798 3 1 1 5 6 14
459524 199 1 0 4 6 18
1250070 13 1 0 6 6 14
246533 65 1 0 1 6 18
1250075 9 1 0 1 5 17
312076 31 1 0 6 6 17
1250074 10 1 0 1 6 11
590594 35 1 1 4 6 15
410378 187 1 0 6 6 19
746244 70 0 0 4 6 19
1032991 48 1 0 6 5 17
1032990 17 1 0 2 6 17
779038 40 1 1 6 6 14
779037 52 0 0 6 6 18
1078023 8 1 0 6 6 15
357138 120 1 0 6 6 15
791313 16 1 0 4 6 14
1033007 5 0 1 6 5 20
172835 191 1 0 6 6 29
865065 69 1 0 6 6 22
1065781 17 1 1 6 6 12
320290 120 1 0 6 6 16
172836 199 1 1 6 6 20
946979 10 1 1 4 5 17
1032992 4 1 1 6 6 29
1024831 51 1 1 4 6 19
959290 15 1 0 4 5 31
783166 29 1 0 6 5 15
168760 34 1 1 4 5 28
1250089 16 1 1 9 6 26
963381 40 1 1 8 6 15
1033012 1 1 0 6 6 20
1467181 3 1 0 2 6 18
1033011 3 1 1 6 6 5
783158 16 1 1 6 5 16
1033009 29 1 0 6 6 18
172860 245 0 0 4 6 17
168764 15 0 0 6 5 29
381762 27 1 1 8 6 2
1033031 40 1 0 1 6 20
283468 102 1 0 9 6 24
1024833 12 1 0 4 6 19
504648 40 1 1 6 6 14
1024832 13 1 1 4 6 19
406357 16 0 1 8 5 16
1024852 16 1 1 4 6 29
938834 75 1 1 6 6 11
1033041 13 1 0 6 6 17
1033040 27 1 0 6 6 16
1061746 11 1 0 6 6 8
988010 9 1 1 4 6 35
1274751 1 1 0 2 5 13
926563 10 1 0 6 5 20
1442683 4 1 1 6 6 13
381812 62 1 0 4 6 17
648059 36 1 0 4 6 29
193398 76 0 0 8 5 16
1139558 19 1 1 6 6 22
172922 590 0 1 2 6 15
1192851 8 1 1 6 5 12
127877 16 1 0 2 5 19
885643 70 1 0 6 6 22
406413 29 1 0 7 6 17
1274754 2 1 1 2 6 11
1274753 19 1 0 6 6 12
1274752 9 1 1 6 6 14
828312 13 1 0 4 6 17
1041302 18 1 0 2 6 14
168857 29 1 0 4 5 29
394141 98 1 0 6 6 17
644009 35 1 0 1 6 25
426917 40 0 0 2 6 18
431009 108 0 0 6 6 16
779170 18 1 0 6 6 21
557988 27 1 0 6 6 16
963516 36 1 1 6 6 9
291760 43 1 0 4 6 40
590781 18 0 0 4 6 29
787386 56 1 0 2 6 16
271283 115 1 0 6 6 15
783281 94 1 0 6 6 17
791472 30 1 0 5 6 14
390080 14 1 1 4 5 28
512962 84 1 0 6 6 17
152522 96 0 0 2 6 20
345036 90 1 1 4 5 28
938949 25 1 0 1 6 15
820160 46 1 1 8 6 21
545754 4 1 0 3 5 21
1123271 20 1 0 2 6 14
418781 173 1 0 4 6 16
271322 384 1 0 4 6 15
1459144 5 1 0 6 5 14
754645 52 1 0 1 5 12
283617 149 1 0 2 6 18
1037288 10 0 0 4 6 29
779235 24 1 0 7 6 16
476141 11 1 1 4 5 18
476139 71 0 0 4 6 16
533496 184 1 0 6 6 18
918525 14 1 1 2 6 15
386032 180 1 0 4 6 19
943099 37 1 1 4 6 14
332799 236 1 1 6 6 10
336895 158 1 1 6 6 24
349177 65 1 1 4 6 23
943088 45 1 1 6 6 14
390146 143 1 0 8 6 16
549903 15 1 1 4 6 24
926726 7 0 1 6 6 27
107533 108 1 0 2 6 17
1287175 20 1 1 6 6 12
992282 19 1 1 4 5 28
168983 38 1 0 9 6 18
812058 18 1 1 2 5 21
279571 514 1 0 6 6 15
943124 20 1 0 6 6 16
750609 8 1 1 4 6 15
1225741 4 1 0 1 5 17
984108 14 1 0 6 6 19
758828 29 1 0 6 6 16
185384 332 1 1 4 6 19
943138 34 1 1 6 6 5
943136 36 1 1 6 6 14
152621 113 1 0 0 6 27
640060 32 1 0 6 6 24
271411 353 1 0 6 6 16
619569 37 1 0 6 6 9
943156 28 1 1 6 6 16
271416 124 1 0 2 6 14
517178 16 1 0 6 6 19
820275 28 1 0 7 6 12
152641 46 1 0 2 6 21
447553 87 1 0 1 6 14
1008709 5 1 1 8 5 15
1373279 1 1 0 4 5 16
382027 26 1 0 4 5 16
267348 275 1 1 8 6 17
107601 123 0 0 6 6 16
349268 155 1 0 4 6 13
349266 81 1 0 4 6 16
791643 20 1 0 2 6 14
1373256 2 0 0 6 6 19
521306 222 1 0 6 6 16
513112 43 1 1 6 6 22
78952 44 1 1 4 6 17
762977 133 1 0 8 6 12
820320 46 1 1 8 6 17
320616 116 1 0 6 6 18
533604 55 0 0 6 6 16
885859 52 0 0 6 6 14
758885 14 1 1 6 5 18
349301 9 1 0 4 5 29
38002 129 1 1 2 6 19
566394 18 0 1 6 6 14
939133 58 1 0 6 6 13
78964 99 0 1 9 6 20
242811 235 1 1 5 6 29
259194 19 1 0 2 6 19
242809 170 1 0 2 6 29
1344656 10 1 0 1 6 21
369792 268 1 0 4 6 15
267404 164 1 1 6 6 17
648344 65 1 0 8 6 16
169104 21 0 0 4 6 23
1582218 2 1 0 4 6 29
169105 27 0 1 4 6 20
947357 27 1 1 8 6 24
443537 138 1 1 2 6 21
824475 17 1 1 6 6 15
1373327 5 1 0 6 6 19
1070220 20 1 1 2 6 16
1381559 5 1 1 6 6 33
668840 23 1 1 2 5 11
828591 11 1 0 4 6 16
943271 26 1 1 6 6 16
320687 165 1 0 8 6 17
242861 498 1 0 6 6 17
341162 76 1 0 6 6 16
316599 81 1 0 0 6 18
1123497 32 1 0 6 6 14
1385645 4 1 0 6 5 17
537781 38 1 1 6 6 19
210114 137 1 0 0 6 17
750794 13 1 0 4 5 16
672968 42 1 0 5 6 33
750793 51 1 1 1 6 32
509122 245 1 1 4 6 18
468171 120 1 0 6 6 15
517334 23 1 0 6 6 19
1529034 1 1 0 6 6 13
779476 39 1 1 6 6 13
943342 36 1 1 6 6 13
1279219 6 1 0 4 6 15
271589 257 0 0 6 6 19
1123572 26 1 0 6 6 18
783598 44 1 0 6 6 18
193767 87 1 0 6 6 19
1123575 12 1 0 8 6 14
1123574 6 1 0 6 6 15
214251 64 1 1 6 6 22
1123577 7 1 0 6 6 13
1123576 19 1 0 6 6 17
509165 39 1 1 6 6 15
1008894 5 1 1 2 5 16
271600 160 1 0 4 6 14
1008891 24 0 1 6 6 10
1144036 16 0 0 8 6 21
1123563 16 1 0 6 6 15
1123565 24 1 0 6 6 15
1123564 14 1 0 2 6 15
1008880 96 1 1 6 6 16
673034 76 0 0 6 6 17
1008911 61 1 1 6 6 13
779529 82 1 0 6 6 16
627978 50 1 0 4 6 10
1008907 39 1 1 6 5 16
1381650 3 1 1 2 5 27
402702 87 1 1 6 6 17
1357086 4 1 0 4 6 16
533763 19 1 0 6 6 17
509192 124 1 1 4 6 18
259344 14 1 0 9 5 18
222486 52 1 0 4 6 15
177434 116 0 0 6 6 24
673043 42 1 1 4 6 23
980241 37 1 1 1 5 17
779562 37 1 0 6 6 15
91426 632 1 0 4 6 20
673068 16 1 0 8 6 20
754988 72 1 0 8 6 15
521512 67 1 1 6 6 18
791843 79 1 0 6 6 13
107824 176 1 0 4 6 21
644413 18 1 0 1 6 13
271665 48 1 0 4 6 17
501042 39 1 0 2 6 16
886075 20 1 1 6 6 16
509233 75 1 0 2 5 15
562480 18 1 0 4 6 27
505159 37 0 0 8 6 17
791884 36 1 1 2 6 23
46403 449 1 1 1 6 29
1426771 3 1 1 2 5 21
439628 21 0 0 6 6 16
173396 51 1 0 7 6 22
320851 157 1 0 6 6 21
513373 109 0 0 4 6 19
431450 132 1 0 4 5 16
521562 20 1 1 4 5 21
443749 96 1 0 6 6 15
750957 55 1 1 6 6 16
1357183 2 1 0 4 6 14
603494 5 0 1 4 6 30
374133 43 1 1 6 6 15
337269 93 1 0 7 6 16
509303 53 0 1 9 6 25
1111394 23 1 0 6 6 17
554367 58 1 1 6 5 19
824699 16 1 0 9 5 18
406910 35 1 0 7 6 22
497022 149 1 1 8 5 14
1467756 5 1 0 2 6 17
746865 32 1 1 2 6 14
451974 30 1 0 6 6 13
923023 37 1 0 8 6 15
1267088 3 1 1 6 5 14
1037708 12 1 0 2 6 14
107914 308 1 0 6 6 19
509322 19 0 0 6 5 19
570776 112 1 0 6 6 14
824732 8 1 0 8 5 16
42384 218 1 0 6 6 26
66967 70 1 0 6 6 20
599441 8 1 0 8 6 25
419231 46 1 0 9 6 17
587154 42 1 1 6 6 15
374168 249 1 1 6 5 18
521625 45 0 0 6 6 17
1029547 18 1 1 6 6 10
824744 34 1 0 2 6 14
505250 117 1 1 8 6 20
1267131 2 1 1 6 6 14
1291705 20 0 0 6 6 14
824742 29 1 1 2 5 17
554403 46 1 0 3 6 16
1086881 56 1 1 6 6 13
165299 83 1 0 4 6 18
890299 32 1 0 6 6 8
345522 56 1 0 4 6 11
521658 94 1 0 6 6 19
402873 63 1 0 4 6 14
505285 79 1 1 9 6 18
1463763 6 1 0 6 6 15
374208 98 1 1 8 6 18
525775 36 1 1 2 6 18
1279449 8 1 1 8 5 17
1562077 3 1 0 6 6 15
1500637 1 1 1 6 6 31
841153 47 1 1 6 6 14
513481 104 1 1 4 6 21
558553 40 1 1 6 6 15
1385927 1 1 0 7 5 32
763346 22 1 0 6 6 16
525792 104 0 1 6 6 18
194024 137 1 0 6 6 18
841184 45 1 1 4 6 21
828899 15 1 0 4 6 29
693754 15 0 1 4 6 28
1050084 11 0 0 6 6 24
1385955 12 1 0 6 6 17
509424 97 1 0 6 6 22
402940 231 1 1 4 6 18
165378 228 1 1 4 6 18
517634 43 1 1 6 6 15
1267224 1 1 0 2 5 34
1025538 47 1 0 4 6 22
890396 33 1 1 6 6 13
890395 17 1 1 6 6 17
87575 97 1 1 8 6 18
550416 42 1 0 4 5 30
63003 458 1 0 8 6 20
505370 31 1 1 9 6 27
402979 110 1 0 6 6 14
402977 29 1 0 6 5 21
509484 96 1 0 4 6 16
1267261 8 1 0 4 6 29
1185341 8 1 1 2 6 15
435753 98 1 0 8 6 20
149046 51 0 1 4 6 18
513585 87 1 0 2 5 16
226875 75 1 0 6 6 15
554546 69 1 0 8 6 19
407100 225 1 1 8 6 19
1267247 3 1 1 4 6 21
730677 71 1 0 6 6 15
79423 149 1 1 8 6 17
1345109 6 1 1 6 6 18
312901 66 1 0 6 6 20
1041997 49 1 0 2 6 11
1545810 1 1 0 4 5 14
525888 36 0 1 6 5 21
738885 39 1 0 6 6 17
169555 233 1 0 4 6 18
42577 108 1 0 6 6 20
1267264 4 1 0 1 6 14
42582 233 0 0 8 5 19
550483 16 1 1 5 6 17
931413 5 1 1 1 6 20
271963 136 1 0 6 6 15
312933 35 1 0 6 6 18
513636 79 1 1 6 6 19
231012 15 1 0 8 6 17
1459832 2 1 1 6 6 18
1201763 14 1 0 6 5 16
1316454 4 1 0 6 6 18
902777 25 1 0 6 6 16
165495 783 1 0 4 6 17
882298 13 1 1 0 6 30
312964 114 0 1 4 5 25
890509 5 1 0 6 6 16
1316501 5 1 0 6 5 15
1267351 6 1 1 6 6 14
1267350 13 1 0 1 6 14
366208 198 1 0 6 6 17
890506 42 1 0 6 5 14
792203 12 1 0 4 6 15
1197717 12 1 0 6 6 17
472719 101 0 0 4 6 16
538242 123 1 1 6 6 18
587394 23 0 1 6 6 18
1316481 1 1 1 6 6 19
1316482 3 1 0 2 5 17
775836 8 1 0 4 6 18
616094 108 1 0 2 6 12
95896 61 1 1 2 6 17
378521 66 0 1 6 6 20
1316490 7 1 0 6 5 15
312998 52 0 0 4 6 29
1029801 23 0 1 6 6 29
108198 169 0 0 6 6 21
382636 253 1 0 8 6 15
108206 151 1 0 8 6 16
1267363 2 1 1 6 5 16
1267361 3 1 1 1 5 14
517812 54 1 0 2 6 17
190135 85 1 0 4 6 19
87735 176 1 1 6 6 18
87736 132 1 0 4 5 41
702135 16 1 0 6 6 16
1373867 1 1 1 6 5 3
313028 122 0 0 6 6 17
657100 134 1 0 6 6 17
825030 110 1 0 4 6 15
272082 211 0 0 6 6 17
1373898 8 1 0 4 6 17
993005 11 1 0 6 6 11
595680 125 0 0 6 6 17
382696 198 1 0 4 5 16
345835 41 1 0 6 5 15
1468134 5 1 1 6 5 13
345846 176 1 0 4 6 15
993017 44 1 1 6 6 15
161525 53 1 0 6 6 15
1267433 1 1 0 2 6 40
1267432 17 1 1 4 6 18
538378 232 1 1 6 6 18
374541 69 1 1 4 6 17
337677 104 1 1 1 6 21
673539 13 1 1 7 6 14
22290 38 1 1 4 5 25
22292 146 1 1 1 6 21
993045 7 1 1 6 6 14
993044 7 1 1 6 6 14
243480 161 1 0 4 6 15
42780 45 1 0 6 6 17
931600 41 1 1 6 6 17
747305 54 0 0 6 6 19
431904 40 1 0 6 5 15
354090 154 1 0 4 6 16
280363 80 1 0 8 6 15
366388 30 1 0 4 6 17
612152 19 1 0 5 5 23
87859 237 1 1 8 6 18
751417 27 1 1 6 5 17
563002 96 1 0 6 6 17
1210150 11 1 1 6 5 13
382770 99 1 1 4 6 13
1034039 19 1 1 4 6 19
993076 6 1 1 6 6 12
993075 48 1 1 6 6 16
1287981 3 1 1 6 6 16
26434 176 0 0 2 6 18
608067 20 0 1 6 6 15
890689 54 1 1 6 6 21
595780 70 0 0 6 6 19
526151 78 1 1 6 5 19
472919 130 1 0 6 6 22
993118 15 1 1 6 6 16
374612 20 1 1 2 5 11
993117 13 1 0 6 6 12
993116 11 1 1 2 6 29
1546050 4 1 0 6 5 16
751453 111 1 1 6 6 20
337746 339 1 0 6 6 17
1255240 3 1 0 6 6 25
1337204 3 1 0 2 5 15
509793 246 1 0 8 6 14
1083262 29 1 1 8 6 37
1410916 4 1 0 6 6 17
1468263 6 1 1 6 6 38
829305 23 1 1 6 6 18
931698 18 1 0 1 6 26
1042319 6 1 1 6 5 12
374661 148 1 1 6 6 16
1042317 3 1 1 4 5 20
1042316 8 1 1 6 6 14
161665 41 0 0 4 6 30
161671 77 1 0 6 6 16
595852 54 0 1 6 6 18
161674 17 1 0 6 6 17
571269 156 1 0 4 6 16
845698 33 1 0 2 6 29
227216 128 0 0 6 6 15
538526 63 1 1 4 6 26
1034136 6 1 0 4 6 13
784274 27 1 0 6 5 15
534419 38 1 1 6 6 13
280472 45 1 0 6 6 29
628629 92 1 1 4 5 17
313242 7 1 0 6 6 10
751509 47 1 0 4 6 15
513958 45 1 1 9 6 21
1546165 1 1 1 6 6 17
346019 87 1 0 6 6 15
333740 63 1 1 6 6 18
440236 35 1 0 1 6 16
993189 29 1 0 4 6 19
313270 31 1 0 6 5 19
866232 11 1 0 6 5 17
837556 9 1 0 5 6 35
194495 105 0 1 2 6 20
534454 34 1 0 6 6 17
554952 82 0 1 8 5 23
83907 52 0 0 6 6 18
1546195 1 1 1 4 5 27
526285 118 1 1 6 6 21
628673 78 1 1 6 6 15
489422 74 1 0 1 6 17
272335 311 0 0 6 6 19
1202142 8 1 0 6 5 17
505803 123 1 1 6 6 21
845762 13 1 0 2 6 9
280531 33 1 0 2 5 19
989142 18 1 1 6 6 13
1034194 11 1 0 4 6 12
825297 14 1 0 6 6 16
509927 92 1 0 4 6 21
313317 138 0 0 8 6 18
1378294 11 1 1 2 6 62
1144821 12 1 0 8 5 18
1288182 4 1 0 6 5 20
313315 240 1 0 6 6 16
1546238 1 1 0 6 6 34
1304570 7 1 0 1 5 13
370666 21 0 1 2 6 17
112624 60 1 1 2 6 25
1116131 21 1 1 6 6 19
333809 17 1 1 6 6 17
997370 9 1 0 6 6 17
14326 230 1 1 6 6 17
583665 23 1 1 2 6 14
14329 20 1 1 0 6 22
1341416 5 1 0 4 5 18
1419240 4 1 0 2 6 17
731145 32 1 0 6 6 21
333830 105 1 1 6 6 15
718861 130 1 0 4 6 20
1013767 82 1 1 6 6 13
280590 37 1 0 9 6 18
641026 44 1 0 4 6 29
210952 29 1 0 4 6 29
620550 40 1 0 5 6 13
1488902 4 1 0 6 6 15
186387 65 1 0 7 6 12
985115 6 1 0 6 5 12
296978 83 1 0 6 6 18
1480705 3 1 1 6 5 14
964626 3 1 1 2 5 19
784427 14 1 0 6 6 15
256043 133 0 0 6 6 23
481327 27 0 0 6 6 19
378925 124 1 0 6 5 16
346156 141 1 0 4 6 19
505900 26 0 1 4 6 25
272426 68 1 0 6 6 17
510006 167 1 1 6 6 19
223282 42 0 0 6 6 16
432177 72 1 0 6 6 18
698418 20 1 0 4 6 18
641072 38 1 0 4 6 29
59452 81 1 1 6 6 16
211007 398 1 0 6 6 19
1067052 2 1 1 2 5 14
92220 289 0 1 4 6 23
305217 159 1 1 4 6 10
567366 7 1 1 6 6 13
161877 47 1 1 4 5 23
1017943 16 1 0 6 5 15
665683 21 1 1 4 6 22
1017941 26 1 1 6 6 14
1017940 66 1 1 4 6 14
702549 57 1 0 6 6 16
686186 61 1 1 6 6 14
792685 2 1 1 6 6 17
510048 228 1 0 6 6 17
67689 131 1 1 1 6 16
1017955 83 1 0 6 6 15
329833 89 1 0 8 6 20
1017954 9 1 0 6 5 15
751718 147 1 0 6 6 17
1017952 25 1 0 6 6 16
641144 42 1 1 4 6 29
1017980 32 1 0 6 6 17
1017979 11 1 0 1 6 16
641148 44 0 0 4 6 33
829552 11 1 0 6 5 15
448632 18 0 0 1 6 20
616567 42 0 1 6 6 15
1046641 6 1 0 4 6 13
567432 28 1 1 6 5 15
505987 56 1 1 4 6 25
559245 32 1 0 6 6 16
383104 102 0 0 6 6 16
567427 29 1 1 6 5 13
505995 12 1 1 4 6 19
567430 38 1 1 6 6 13
567431 43 1 1 6 6 11
379029 30 0 0 4 6 30
837790 14 1 1 6 6 22
1374336 6 1 0 1 5 20
743581 85 1 1 2 6 19
845996 25 1 0 2 6 17
1231024 13 1 0 0 5 14
1333436 5 1 0 6 6 17
506029 133 0 0 6 6 18
1030308 90 1 1 1 6 18
75946 42 1 0 2 6 17
133289 89 1 0 6 6 19
665765 82 1 1 4 6 15
780473 56 1 0 6 6 13
506032 72 0 0 6 6 20
161976 108 1 0 4 6 29
1464493 2 1 0 6 6 12
1030323 14 1 1 6 6 17
727220 6 1 0 6 5 15
866510 36 0 1 8 6 14
161988 30 1 0 4 6 26
821447 16 1 0 6 6 10
313546 58 1 1 6 6 18
1022175 13 0 1 2 6 13
1263810 1 1 1 7 6 17
837853 62 1 0 8 6 16
587999 107 1 1 6 6 33
1145033 9 1 1 2 5 11
407770 99 1 1 6 6 17
927955 33 1 0 6 6 13
469210 66 1 0 4 6 16
149734 42 1 1 6 5 17
575726 109 1 0 8 6 14
1063163 26 1 0 4 6 15
162035 128 0 0 4 6 26
350455 60 0 0 2 6 18
383229 115 0 0 4 6 16
645362 67 1 0 6 6 16
108801 89 1 0 9 6 19
338179 44 0 1 7 6 16
1194261 2 0 0 6 6 19
973062 31 1 0 6 6 14
407820 72 1 1 6 6 15
305422 35 1 0 4 6 16
1345818 7 1 0 0 5 45
837916 38 0 0 6 5 16
760090 104 1 0 2 6 16
534815 48 1 1 8 6 36
764176 39 1 0 2 6 16
182558 673 1 1 6 6 15
571688 29 1 0 8 5 15
575786 22 1 1 8 6 42
469285 28 1 0 6 6 16
1378610 6 1 0 6 6 16
1464639 1 1 1 2 5 24
821543 10 1 0 6 5 15
92458 129 0 0 8 6 28
22827 106 1 1 0 6 17
1464632 4 1 1 6 6 14
407862 101 0 0 6 6 15
162099 96 1 1 4 6 28
973115 29 1 0 6 6 17
1304914 2 1 0 2 6 17
563529 27 1 0 4 5 29
1304913 10 1 0 2 5 18
403781 5 1 0 8 6 17
547148 48 1 1 2 6 11
780623 14 1 0 6 6 14
72008 41 0 0 6 6 15
903495 40 1 0 2 6 18
1194334 18 1 0 6 5 15
1304927 5 1 0 2 5 19
166230 124 1 0 8 6 18
1497409 2 1 1 6 5 14
371033 75 0 0 6 6 16
305497 17 1 0 2 6 18
108898 169 1 0 6 6 16
416101 27 1 0 6 5 15
989542 24 0 0 5 6 32
948599 67 1 0 6 6 14
526721 70 1 0 6 6 14
838019 20 1 0 6 6 13
657819 15 1 0 2 6 19
678297 8 1 0 4 5 29
784786 26 1 0 6 6 16
330142 339 0 1 6 6 16
334238 45 1 1 4 6 21
735639 24 1 0 9 6 21
395672 84 1 0 5 6 22
584106 6 0 0 4 5 17
792998 95 1 0 6 6 17
1034660 8 1 0 4 6 20
174505 362 1 0 4 6 21
973241 18 1 0 8 6 22
1386925 3 1 0 6 5 14
1051050 36 1 1 4 6 23
563636 63 1 0 8 6 17
465338 193 0 0 8 5 12
1018319 1 1 1 6 6 15
1305042 7 1 0 6 5 17
1366487 4 1 0 2 6 19
1034700 42 1 1 4 6 28
821705 54 1 0 6 6 16
678348 85 1 1 4 6 28
948681 55 1 0 4 5 15
993736 3 0 1 6 5 15
780739 155 1 0 6 6 16
162251 224 1 1 4 6 22
375247 65 0 1 4 6 21
801219 27 1 1 6 6 16
223699 100 1 1 2 6 20
162258 30 1 0 4 5 21
793053 51 1 1 8 6 15
162257 33 1 0 4 5 27
162261 86 1 0 4 6 26
539103 105 1 1 6 6 17
330204 67 0 0 6 6 24
350693 79 1 1 2 6 22
330214 87 1 0 6 6 13
264684 88 1 0 6 6 18
305647 319 0 0 6 6 19
264681 367 1 0 2 6 28
1083901 26 1 1 1 6 14
801251 94 1 1 6 6 28
1509880 2 1 1 1 6 23
711162 7 1 0 3 5 14
1292771 7 0 0 1 6 14
27121 178 1 0 8 6 21
1034748 5 1 0 4 6 19
1034747 5 1 0 4 6 26
645628 102 1 0 6 6 14
268797 110 1 0 8 6 15
35322 516 1 1 6 6 24
166398 50 0 0 6 5 18
1034766 11 0 0 4 6 26
506369 22 0 0 2 6 16
150021 231 0 1 6 6 20
571919 102 1 0 6 6 16
469519 41 1 0 8 6 25
51730 46 1 0 4 6 16
178704 112 0 0 9 6 16
645658 24 0 0 4 6 22
653853 202 1 0 8 6 16
1190405 4 1 0 2 5 12
231975 98 0 0 6 6 17
518690 143 1 1 4 6 24
1116729 9 1 1 6 5 15
1018406 8 1 1 6 5 13
1018405 11 1 0 6 6 13
883239 14 1 1 2 5 15
1018404 7 1 0 6 5 18
883238 17 1 1 2 5 11
231983 112 1 0 4 6 17
920098 29 1 1 6 6 17
772646 35 1 1 8 6 18
1018431 25 1 0 2 6 15
1018430 25 1 1 4 6 14
1190432 15 1 1 1 6 14
240176 316 1 1 4 6 21
31284 215 0 1 8 6 15
31289 706 1 1 6 6 17
883252 19 1 1 2 5 15
612919 49 1 1 6 6 18
645705 36 1 0 4 6 23
1018444 34 1 1 6 6 16
645706 21 1 0 4 6 22
408130 23 1 0 6 6 17
645711 25 1 0 4 6 22
1018433 4 1 0 6 5 15
404040 50 1 0 8 6 17
39504 86 1 0 9 6 19
1018462 18 1 0 4 5 16
821854 21 1 0 1 5 16
1530437 1 1 1 1 5 29
39507 101 1 0 6 6 19
1305159 3 1 0 6 6 18
55895 108 1 0 8 6 19
1018456 7 0 0 3 6 18
658002 26 1 1 6 6 16
1030740 6 1 1 4 5 26
35419 72 1 1 6 6 16
1030739 1 1 1 6 6 12
59997 14 1 0 4 6 28
1047150 4 1 1 4 6 15
928367 40 1 0 6 6 12
645739 5 1 0 2 6 14
563820 20 1 0 4 5 27
1051253 14 1 1 7 6 19
1305206 6 1 0 6 5 16
698989 73 1 1 6 6 23
506479 20 1 0 6 5 22
404079 20 1 1 4 6 25
166504 187 1 0 6 5 16
72298 79 0 0 6 6 15
166505 197 1 0 4 6 14
555623 39 1 0 2 6 24
166514 41 1 1 8 6 16
1305186 3 1 0 2 5 17
522867 24 0 1 4 6 16
322163 127 1 0 6 6 16
1202794 30 1 1 8 6 20
1354348 9 1 1 6 6 14
64128 111 1 0 2 5 19
481934 36 1 0 2 6 16
842371 11 0 1 4 6 25
584345 6 0 0 4 5 27
584347 41 1 1 6 6 17
264855 59 1 0 6 6 16
1071749 21 1 0 4 6 10
223892 62 1 1 2 6 17
1305227 8 1 0 2 5 19
924308 27 1 0 6 6 16
469660 106 1 0 4 6 15
371353 22 1 1 6 6 19
535209 50 1 1 6 6 14
293543 76 1 1 6 5 15
72358 132 0 1 4 6 16
1157820 20 1 1 4 6 27
813729 56 1 1 6 6 12
1264291 2 1 1 4 6 15
756409 18 1 0 4 5 18
465587 47 0 0 6 6 20
772786 38 1 0 6 6 11
506557 137 0 1 4 6 17
596658 10 1 1 5 6 14
166589 118 1 0 4 6 23
572105 15 1 0 2 5 15
404164 14 1 0 4 5 26
404165 91 1 0 4 6 29
166598 92 1 0 8 6 19
404162 70 1 0 4 6 29
977611 72 1 0 1 6 17
596684 110 0 0 6 6 13
88775 200 1 1 4 6 17
645849 27 1 0 4 6 26
563929 214 1 0 4 6 16
846558 32 1 0 6 6 16
846559 18 1 0 6 6 15
416469 32 0 0 2 6 16
371411 125 1 1 4 5 20
645855 30 0 0 4 6 29
371420 169 1 1 6 6 19
711379 160 1 0 8 6 12
269016 106 0 0 6 6 19
400102 211 1 0 6 6 14
129760 44 1 0 2 6 14
879342 8 1 0 6 6 29
1551091 1 1 1 6 5 12
682733 57 1 0 6 6 13
658145 105 1 0 6 6 17
1030884 14 1 1 6 6 18
1116922 4 0 0 6 6 19
551679 23 1 0 4 6 30
826107 28 1 0 6 6 14
740092 19 0 0 6 6 29
375548 23 1 1 6 6 29
768754 29 1 1 8 5 16
920309 25 1 1 2 6 29
375547 76 1 1 6 6 29
1186579 9 1 0 1 5 14
748302 28 1 0 2 6 12
1116952 1 0 0 8 5 23
539397 129 1 0 4 6 18
269066 203 1 0 6 6 16
68366 98 1 1 4 6 22
785179 89 1 0 6 6 18
1469188 2 1 1 6 6 13
563997 127 1 0 6 6 17
592670 153 1 1 6 6 17
879383 21 1 0 8 6 16
756496 74 1 1 6 6 18
375582 164 0 0 4 6 16
371481 64 0 1 4 6 20
375597 21 1 1 8 6 14
482095 21 0 1 4 6 13
523053 69 1 1 6 6 13
174892 224 1 0 6 6 15
670522 27 1 0 4 6 26
39729 115 1 0 4 6 16
748345 32 1 1 4 6 20
432948 50 0 0 6 6 19
1551139 1 1 1 3 5 12
1174311 6 0 0 8 6 19
1415970 21 1 0 6 6 12
1264420 1 1 0 9 5 25
150330 80 1 0 2 6 19
789303 64 1 0 4 6 25
506683 56 1 0 4 6 21
1264430 3 1 0 6 5 13
432952 56 0 0 6 6 15
1264428 10 1 1 6 6 13
617270 76 1 1 8 6 36
1030990 1 1 0 6 6 29
1264465 3 1 1 2 6 21
1030988 4 1 1 6 5 12
830282 37 1 1 8 6 17
1030984 1 1 0 7 5 29
404303 61 1 0 4 6 29
1031007 2 1 1 6 5 13
1031005 4 1 1 8 5 22
1031004 2 1 1 2 5 31
441173 96 1 0 7 6 21
781150 83 1 0 2 6 14
781149 37 1 0 2 6 14
506718 113 1 1 4 5 17
1117000 4 1 0 9 5 23
465757 64 0 0 6 6 20
1030993 7 1 0 6 5 17
1030992 4 1 0 1 5 17
1018729 54 1 1 4 6 28
514927 6 0 0 3 6 44
523117 41 1 0 6 5 30
1452901 2 1 0 0 5 12
891769 53 1 1 6 6 16
72564 62 0 1 6 6 16
555890 74 1 1 8 6 18
39803 267 1 0 4 6 19
1497962 5 1 0 6 6 15
1031026 6 1 1 6 5 14
859016 9 0 1 3 6 23
781186 16 1 0 4 6 13
80783 211 1 1 4 6 20
932766 44 1 1 6 6 12
1031068 7 1 1 4 5 19
404373 41 1 1 4 6 28
707486 50 1 0 4 6 17
80789 270 1 1 4 6 15
404370 7 1 1 2 5 7
732062 74 1 0 8 6 14
449425 89 1 0 6 6 14
523152 11 0 0 6 6 29
686993 61 1 1 2 6 16
539541 210 1 0 8 6 14
1059726 20 1 0 4 6 27
920494 37 1 0 2 6 11
306082 26 0 1 8 6 29
592815 15 1 1 6 6 17
523183 9 1 1 6 6 18
596900 208 1 0 8 6 13
932768 62 1 1 6 6 14
773029 37 1 1 6 6 20
1231805 9 1 0 6 6 22
932769 44 1 1 6 6 14
1031097 2 1 0 1 5 19
1047481 5 1 0 2 6 29
957369 5 1 1 6 6 16
1031095 5 1 1 8 6 11
1551276 1 0 1 4 6 28
760752 37 1 0 6 6 16
883638 62 1 1 6 6 18
1031089 15 1 1 4 5 17
1031088 5 1 0 6 6 19
560073 53 1 0 6 6 15
695247 45 1 0 2 6 15
166858 68 1 0 4 6 33
1158107 25 1 0 4 6 28
662490 62 1 1 4 6 28
256985 35 1 0 2 6 15
347103 20 1 0 4 5 29
89052 85 1 1 6 6 15
166879 155 1 0 8 6 16
1498100 2 0 0 1 5 20
531438 33 1 0 6 6 14
752611 58 1 1 6 6 17
1043424 16 1 1 2 5 21
519157 19 1 1 6 5 19
830456 132 1 1 6 6 15
695294 3 1 1 8 6 16
1469410 1 0 0 6 6 14
347121 128 1 0 6 6 15
347120 70 1 0 4 6 26
44027 65 1 0 4 6 18
646133 28 1 0 4 6 29
646132 26 1 0 4 6 29
646135 57 1 0 4 6 19
363526 62 0 0 2 6 18
334849 459 1 1 8 5 19
883721 61 1 1 6 6 14
965641 25 1 0 6 6 19
748547 34 1 0 2 5 15
908314 15 0 1 8 6 23
351261 2 1 0 1 6 20
334877 96 0 0 4 6 14
859156 67 1 1 6 6 15
1027093 30 1 1 6 6 19
404504 15 1 0 4 5 26
785428 8 1 1 6 6 18
72737 224 1 1 4 6 18
371748 162 1 1 6 6 21
752681 41 1 1 4 6 20
650282 95 1 0 6 6 21
371745 155 1 1 4 6 19
351264 298 1 0 1 6 14
105513 36 1 0 6 6 19
482349 23 0 0 4 6 22
1031201 20 1 1 6 6 11
539705 143 1 0 8 6 17
756799 55 1 1 6 6 17
785470 49 1 0 8 6 18
1031224 52 1 1 6 6 14
519231 88 1 1 6 6 17
1031222 33 1 0 6 6 13
519230 53 1 1 6 6 16
519229 33 1 0 6 6 10
375865 61 1 1 8 6 17
375866 85 1 0 8 6 14
519238 39 1 0 6 6 16
519237 58 1 1 6 6 11
1117267 8 1 0 6 6 13
281670 70 1 1 6 6 14
248903 86 1 0 9 6 17
519234 91 1 1 4 6 16
224331 10 1 1 6 6 14
474190 40 1 0 6 6 20
683076 10 1 0 8 6 16
506967 36 1 1 6 6 18
511059 30 1 0 6 5 17
203861 170 1 0 8 6 16
891994 29 1 1 2 6 19
511056 73 0 1 6 6 22
298078 33 1 1 8 6 18
867415 43 1 1 6 6 14
351320 116 1 0 2 6 7
646228 18 1 0 4 5 29
351323 221 1 0 0 6 11
584791 24 1 0 2 6 20
519268 7 1 1 6 5 29
519267 28 1 0 6 6 29
674926 28 1 0 6 6 27
519266 28 1 1 6 5 16
519264 12 1 1 6 5 13
420969 70 1 1 8 6 13
470135 85 0 0 4 6 17
154740 62 1 1 8 5 23
1387618 14 1 0 6 6 25
281727 69 0 0 6 6 19
154751 205 1 1 6 6 18
724086 48 1 0 6 6 16
1457256 8 1 1 6 6 14
781428 28 1 0 6 6 15
191618 168 1 1 8 6 19
334979 187 1 0 6 6 16
560256 4 1 1 4 5 20
171147 123 1 0 8 6 18
814213 4 1 0 6 6 19
560258 77 1 1 6 6 17
834690 11 1 0 9 6 18
732318 35 0 0 6 6 26
1465472 3 1 0 6 6 29
519312 5 1 1 6 6 15
851099 24 0 0 6 6 27
40088 72 1 0 6 6 14
695442 15 1 0 4 6 29
797845 63 1 1 6 6 17
584851 24 0 0 4 6 22
793744 7 0 1 4 6 22
662703 26 1 0 4 6 29
662700 15 1 0 4 6 30
261284 512 1 0 1 6 16
507053 63 1 1 4 5 20
1158305 11 1 0 4 6 23
523447 100 1 0 6 6 18
597176 48 1 0 2 6 17
957628 12 1 0 6 6 18
347313 25 1 0 6 5 22
351408 24 1 1 4 5 29
519359 53 1 1 6 5 16
163002 116 1 1 1 6 18
674998 47 1 1 8 6 17
674999 20 1 0 6 6 33
945331 76 1 1 6 6 15
519353 85 0 1 6 6 18
674997 12 1 1 6 6 25
1400023 3 1 0 6 6 32
519364 26 1 0 6 6 29
519363 89 1 1 6 6 16
519362 118 1 1 6 6 18
662735 33 1 0 4 6 29
560335 51 1 1 6 6 20
261323 91 1 0 9 6 16
330959 25 0 0 6 6 23
142542 129 1 1 1 6 17
1068253 23 1 0 6 6 14
519368 12 1 1 8 6 14
683230 51 0 1 8 6 34
822489 50 1 0 8 6 13
1264838 4 1 0 6 5 17
1219784 7 1 1 6 6 17
175320 199 1 0 4 6 26
134361 52 0 0 7 6 14
48347 107 1 0 4 6 26
888019 62 1 0 6 6 16
400601 117 1 1 6 6 40
728301 63 1 1 6 6 29
167151 55 0 0 2 6 20
146675 106 0 1 4 6 15
826616 12 1 0 6 5 15
826618 16 1 0 6 6 17
48376 18 1 0 4 6 26
519422 85 1 0 4 6 20
810230 8 1 0 2 6 17
826608 8 1 0 6 6 14
826610 7 1 0 9 5 19
48382 67 0 1 4 6 25
646409 69 1 0 6 5 10
290052 26 1 0 6 6 19
646411 26 1 0 4 6 29
605455 198 1 0 4 6 15
826635 29 1 0 2 6 15
122118 29 1 0 2 6 16
929030 20 1 1 6 6 48
748801 52 1 0 6 6 15
351503 18 0 0 4 6 26
167176 29 1 0 2 6 17
351497 105 1 0 4 6 26
761095 77 0 1 4 6 28
351496 137 1 0 4 6 26
60686 43 1 0 2 6 10
351498 41 0 1 4 6 25
429321 92 1 0 6 6 17
748826 205 1 0 6 6 17
699673 64 1 0 6 6 13
326941 32 0 0 6 5 25
507166 93 0 1 6 6 18
646418 18 1 0 2 6 20
1019155 19 1 1 4 6 28
175398 16 1 1 6 6 25
277792 174 0 0 2 6 18
118054 93 1 0 4 6 30
1289529 5 1 0 2 6 15
1002814 14 1 0 4 5 32
511289 73 0 0 1 6 10
724299 47 1 0 1 6 15
826700 15 1 1 6 6 16
605512 10 1 1 4 5 29
351559 212 1 0 6 6 17
1539411 1 1 1 1 6 29
1158488 29 1 0 4 6 27
957760 20 0 1 4 5 14
748891 124 1 1 8 6 18
224594 64 1 1 6 6 13
1441089 6 1 0 6 5 17
740700 95 1 0 6 6 10
1232200 3 1 1 4 5 29
560466 74 1 0 2 6 15
261472 63 0 0 9 6 20
724333 176 1 0 6 6 15
1023332 23 1 1 9 6 17
175465 70 1 0 2 6 20
1027455 40 1 1 4 6 17
802172 24 1 0 6 6 20
773499 40 1 0 8 6 15
1117536 17 1 0 6 6 29
679288 45 1 1 6 6 43
277878 10 1 0 5 6 17
93557 119 1 0 8 6 26
351603 66 1 1 4 6 25
1019255 22 1 0 6 6 15
1019254 35 1 0 6 6 13
834930 14 1 1 6 6 15
834931 9 1 0 6 6 16
757131 35 1 0 4 6 18
7556 885 1 1 8 6 17
286081 10 1 1 6 5 19
523649 30 1 0 4 6 16
179594 54 1 0 4 6 21
1551774 1 1 1 2 5 22
310664 163 1 1 8 6 14
1068416 15 1 0 1 6 14
1023391 40 1 0 2 6 14
585114 55 1 0 4 6 29
355741 198 1 0 4 5 19
470425 49 1 0 6 5 14
1068465 27 1 0 4 5 20
1551796 1 1 1 6 6 14
675246 12 1 1 4 6 15
695714 19 1 1 4 5 28
1203643 12 1 1 6 6 17
1031589 18 1 0 6 6 16
920997 4 1 1 4 5 12
372139 199 1 1 6 5 17
380331 25 1 0 6 6 12
646584 44 1 0 4 6 29
646587 23 1 0 4 6 23
1052068 10 1 1 4 6 18
1215909 3 0 0 6 6 17
1265060 11 0 0 6 6 19
89530 17 1 1 6 5 27
441786 107 1 0 6 6 17
818608 44 1 0 2 5 21
646582 52 1 0 2 6 22
1265068 2 1 0 6 6 19
1191341 10 1 0 8 6 33
646603 44 1 0 4 6 26
171462 99 1 1 8 6 16
298432 129 1 0 4 6 19
773580 26 1 0 8 6 21
597441 115 1 0 4 6 15
671174 58 1 1 2 5 16
585158 34 0 0 4 6 29
749019 49 1 0 4 6 22
646616 12 0 0 4 6 33
1023452 16 1 1 4 6 19
683484 23 1 1 6 6 21
769500 29 0 0 6 6 19
470480 184 1 0 8 5 15
1551808 2 1 0 6 6 18
1007063 4 1 0 6 5 15
179674 98 0 0 6 6 17
667090 163 1 0 6 6 17
155098 144 0 0 8 6 15
662995 17 1 0 4 5 26
564692 95 1 0 6 6 14
515546 248 1 0 4 5 19
208354 212 1 0 6 6 15
925164 65 1 1 4 6 38
167396 122 1 0 6 6 17
986598 10 1 0 4 6 30
769505 57 1 0 6 6 18
351721 19 1 0 2 5 19
585189 90 1 1 4 6 28
323060 165 1 0 6 6 17
663026 16 1 0 6 5 19
331257 105 0 0 4 6 20
1052140 23 1 1 6 6 17
753142 47 1 1 6 6 19
286201 291 1 0 6 6 17
556555 196 1 1 6 6 17
163333 26 1 1 2 6 16
163339 28 1 1 6 6 12
163336 330 1 1 4 6 15
577027 66 1 0 4 6 23
1134108 14 1 1 6 6 17
556551 47 1 1 6 6 17
126483 58 1 0 6 6 16
1007131 8 1 0 6 6 19
1007130 7 1 0 2 6 14
1134086 21 1 1 6 6 14
646686 41 1 0 2 6 29
1007128 5 1 0 6 6 19
585238 32 1 1 4 5 28
429605 20 1 0 7 6 24
1551920 4 1 1 6 5 18
1007144 7 1 0 8 6 16
933415 17 1 0 2 5 19
749092 30 1 0 6 6 16
1019448 32 1 0 6 6 15
396862 94 1 0 4 6 18
515646 49 1 1 2 6 17
372287 70 1 1 1 6 17
765489 59 1 0 4 5 18
1150511 6 1 0 2 5 16
1117742 10 0 1 4 5 28
646729 31 1 0 4 6 36
1007183 13 1 0 1 6 16
540239 47 1 1 6 6 18
1191514 11 1 1 6 6 15
1007172 19 1 0 1 6 21
1023554 33 1 1 8 6 14
511562 41 0 1 6 6 20
1007199 14 1 0 6 5 17
1007198 8 1 0 6 6 9
1007197 10 1 0 6 6 21
224852 28 0 0 6 6 13
1441346 10 1 0 6 6 15
1007190 2 1 0 6 5 19
749137 11 1 0 4 5 10
1007188 61 1 0 6 6 14
646738 20 1 0 4 6 23
605800 47 1 1 4 6 9
1007213 45 1 0 4 6 17
523874 56 1 0 2 6 11
1347196 2 0 1 6 6 19
1007201 7 1 0 6 5 24
470633 56 1 0 6 6 14
601721 45 1 1 8 6 14
1080928 11 1 1 2 6 15
163440 76 1 0 2 6 16
1044089 31 1 1 6 6 13
732787 46 1 1 1 6 16
519807 38 1 0 2 5 16
978549 18 1 0 6 6 16
728694 38 0 0 4 6 16
728713 65 1 0 4 6 15
749193 32 1 0 4 6 18
478848 3 1 0 4 5 27
171657 56 1 1 2 6 18
499338 69 1 1 6 6 16
646790 4 1 0 2 6 22
724638 102 1 0 2 6 15
1277578 2 1 0 8 6 17
1191566 4 1 1 4 6 17
1379976 7 1 0 2 6 15
900754 33 1 0 1 6 20
777899 39 1 0 6 6 17
1023657 15 1 0 2 6 16
564911 277 1 0 4 6 16
130733 87 1 0 4 6 19
1056447 18 1 0 6 6 17
769722 121 1 0 6 6 17
732857 5 1 1 6 5 17
183985 234 1 0 2 6 14
28341 74 1 1 6 6 16
1240785 5 1 1 6 6 26
671439 66 1 0 6 6 14
77511 146 1 0 2 5 15
720578 17 1 0 2 6 17
11978 49 1 1 2 6 25
323272 74 1 0 6 6 16
253646 59 1 1 6 6 21
347870 255 1 0 6 6 20
85725 22 1 0 8 5 20
126687 34 1 1 1 6 11
646891 74 1 0 4 6 26
433888 101 0 0 2 6 23
556772 88 1 0 6 6 14
1015550 48 1 0 6 6 15
69366 104 1 0 6 6 17
356092 57 1 0 6 6 14
376569 212 1 0 2 6 17
462598 25 1 0 2 6 22
503557 137 1 0 2 6 11
675593 9 1 0 1 6 26
368384 38 1 1 6 6 17
130822 157 1 0 2 6 18
470799 165 1 0 6 6 15
1191706 15 1 1 6 6 16
524047 118 1 0 4 6 20
204552 22 1 0 2 6 15
85772 580 1 1 8 6 25
732947 7 1 1 4 5 21
728851 21 1 1 6 5 19
728850 33 1 0 4 6 16
728849 27 0 0 4 6 15
1269512 10 1 0 4 5 29
728853 29 1 0 4 5 16
605993 184 1 0 4 6 16
511781 93 1 1 6 6 15
528172 23 1 0 4 6 18
122660 153 1 0 6 6 16
1486654 3 1 1 6 6 13
282414 113 1 0 8 6 17
122673 186 1 0 2 6 15
540472 65 0 0 4 6 17
565049 4 1 0 6 6 13
519989 48 0 1 6 5 22
962364 10 1 0 6 6 15
417589 123 1 0 6 6 17
962362 6 1 1 2 6 22
700220 35 0 1 6 6 23
376634 125 0 1 6 6 18
1466196 3 1 1 1 6 17
851782 2 1 1 2 5 17
237395 87 1 0 6 6 15
282453 106 1 0 6 6 17
556890 78 1 1 8 6 24
184145 255 1 1 8 6 17
642908 120 1 1 6 6 12
1347394 2 1 1 2 5 16
642911 48 1 1 6 6 15
1118027 15 1 1 4 6 19
1191758 6 1 1 6 6 28
1453936 11 1 1 6 6 13
1462129 4 1 1 6 6 13
278381 155 1 0 6 6 21
921447 9 1 0 6 6 23
925541 4 1 0 4 5 20
917345 3 1 1 2 5 38
1134433 5 1 0 6 6 12
1191779 12 1 1 6 6 14
1019770 41 1 0 1 6 14
642940 19 1 0 6 6 14
1392480 3 1 1 1 6 31
24440 379 1 0 8 5 19
352127 28 1 0 4 5 29
991091 29 1 1 6 6 21
819081 9 0 1 7 6 22
499599 26 1 1 2 6 14
642946 148 1 0 6 6 14
503688 58 1 0 9 6 18
671640 23 1 1 4 6 37
970648 29 0 1 8 6 22
917399 37 1 0 9 6 16
753552 23 1 0 2 6 14
1392521 2 1 0 8 5 9
642964 84 1 1 6 6 21
1392520 1 1 1 6 5 17
1408907 3 1 0 4 5 38
315302 175 1 0 8 6 16
1114035 14 1 0 4 6 14
593838 9 0 1 6 5 17
1023912 12 0 0 4 6 20
282540 66 0 0 6 6 16
446382 9 1 0 2 6 19
741282 26 1 0 6 6 18
163753 108 1 0 2 6 14
593829 65 1 1 6 6 20
1019810 24 1 0 8 6 13
782244 19 1 0 5 6 12
352170 36 1 1 2 6 29
1052578 5 1 0 2 5 29
389053 143 0 1 8 6 37
241592 563 1 0 6 6 22
167874 47 1 0 4 6 29
122819 186 1 0 9 6 17
786377 42 1 0 2 6 19
147396 93 1 0 4 6 29
643015 38 1 1 6 6 15
819138 67 1 0 8 6 22
729051 17 1 0 6 6 17
184274 42 1 0 2 6 20
729050 47 1 0 6 6 19
1093569 10 1 0 5 6 28
729049 19 1 1 6 6 26
376790 102 0 1 4 5 22
1466306 1 1 0 2 5 19
1466307 1 1 0 8 5 1
352211 61 1 0 4 6 23
352210 73 1 0 4 5 16
774098 46 1 0 4 6 29
319453 131 1 0 6 6 26
315357 18 0 1 6 6 15
987094 13 1 0 4 5 13
774096 20 1 0 4 5 29
507868 38 1 0 5 6 22
315353 41 1 1 8 6 18
774101 30 1 0 4 6 29
1269745 7 1 0 6 6 9
774127 60 1 1 4 6 26
1028075 38 1 0 6 6 14
479202 117 1 1 6 6 1
1191927 11 1 0 2 6 14
962536 29 1 0 7 6 12
774125 16 1 0 4 5 27
786402 85 1 0 8 6 21
1040356 26 1 0 6 6 20
1019875 12 1 1 4 5 25
282612 150 0 0 6 6 19
1191906 6 1 1 6 6 14
323574 346 1 1 6 6 18
516081 22 1 1 6 6 17
1191909 2 1 0 2 6 29
352251 19 1 0 4 5 22
72358 791004
393538 470633
1032936 657819
748801 152621
977611 777899
1019770 1068416
811443 730677
166504 1031004
348252 1036782
264684 769500
932768 932769
351264 646135
1030308 1033040
1019254 945331
271963 161525
346019 593838
348252 674998
167396 724299
166504 1030992
393538 724299
699673 1017952
351264 779170
1017955 1458612
166504 42582
468171 821447
760090 1032828
1032935 179674
393538 733247
724333 733243
72358 886075
271963 1151340
356092 22827
271963 1033011
748801 534419
348252 1024852
393530 829552
1008023 932766
167396 612919
351264 750957
166504 885643
393538 652026
372947 686993
351264 647620
237395 1019254
372947 1019255
351264 774192
348252 147396
760090 1123563
724333 962362
506718 938949
166504 184145
932769 846559
351264 231983
674998 946979
468171 535209
791167 274726
166504 402977
348252 1123497
537781 1032947
1019448 1462754
351264 991242
506718 261472
1019448 571269
1033040 826618
686993 1041302
1008880 161525
724333 1186579
932769 1032807
1008880 779476
351264 352210
1032810 1250070
271963 732947
724333 1151393
791167 1032806
1030308 673034
72358 657100
1184084 282715
271963 313315
356092 826107
729050 1019810
760090 1032829
346019 377038
348252 162099
1017955 1032932
237395 724333
237395 1123271
348252 686993
468171 593838
748801 575726
166504 885422
811443 1017979
699673 1191966
1032936 1250089
1017955 1548290
1032991 468171
167396 535209
166504 567427
356092 746244
760090 779170
166504 1030740
724333 1019254
1017955 1032829
356092 1032931
506718 549903
760090 1458612
1030308 774127
837916 1032947
166504 920309
72358 825030
674998 1274752
523117 519989
674998 1267432
977611 1250074
356092 1274753
348252 1037288
506718 174505
330214 1151396
535209 407862
372947 760090
348259 885461
1008880 811443
348259 828899
791167 264684
1019448 161665
1019770 779170
811443 650282
927955 1017941
345835 763346
348252 330214
523117 188477
506718 350455
351264 1033031
537781 1032809
345835 931698
264684 371481
885859 1316490
1033040 1032947
927955 1289529
72358 354090
348252 885859
1032945 1305227
1033031 1305227
1183744 1068253
724333 511289
348252 430556
1032810 1264428
732787 846558
264684 156161
345835 1032472
351264 670522
1032933 1123271
393538 108206
1030308 1017979
72358 129760
1033031 826618
1030308 1032820
351264 1018431
72358 1071749
167396 1032821
1030308 773029
724333 1049060
826610 89052
837916 167396
932766 1008911
1032945 1192851
351264 1151393
1030308 1083901
885461 1032928
724333 1015550
791167 925164
724333 1191974
393538 1305042
351264 344784
330214 1250070
393538 812058
393530 686993
1032821 1305042
791167 1017979
509165 1279449
837916 1032946
724333 1151394
699673 1007130
346019 619569
523117 474190
351264 925781
372947 1018456
167396 1032992
271963 274726
330214 1018444
748801 346019
506718 259344
938949 1509880
237395 587154
791167 80789
1008907 1032810
1008880 836088
1030308 563997
760090 1249924
724333 1008891
506718 469210
724333 811443
1032991 748801
1032821 458879
348259 1019875
1032945 1032810
977611 1459144
393530 417589
506718 459497
271963 1191954
330214 1033040
348252 356092
523117 1018430
885461 208354
1030308 834690
1151388 1151355
237395 1019770
1030308 440236
1151354 351323
468171 372139
468171 1029801
351264 1191954
356092 511562
166504 567431
264684 811186
407820 1315508
351264 662735
348252 605512
271963 1191779
885859 1376697
72358 172510
348252 732787
1032933 1267350
811443 1183744
407820 1017952
932768 1267351
977611 506718
686993 204552
1008907 210114
167396 812058
345835 1018444
348252 1267433
351264 1270090
393530 1183744
729050 223892
348259 509165
932769 973241
351264 1269512
72358 1488902
1032935 1019770
846558 1068253
264684 1184207
1032866 729049
264684 1183801
264684 472719
1008907 72358
468171 356092
167396 523117
1019254 732787
1201763 330214
72358 1357086
699673 370666
1032991 1249766
351264 431904
351264 662700
506718 522867
166504 163336
166504 526151
509165 1376697
348252 372947
271963 724299
393538 1116729
811443 432177
1184084 1376697
166504 519267
72358 563929
237395 555623
699673 752611
348252 352127
271963 1007188
351264 584345
811443 786377
724299 1123497
393530 1017955
351264 404303
837916 1378610
348259 482349
264684 161525
686993 645362
733243 642908
468171 931413
1019770 1008880
760090 1191514
1032935 785179
1019448 824742
393538 1305227
348259 404040
932768 407820
729050 746244
237395 1151393
72358 271665
1032935 865065
264684 593829
166504 470135
1008880 699673
846558 94386
348252 646587
407820 1315348
166504 519359
1008880 594657
732787 989142
523117 1032990
1151354 926726
1017955 1116729
686993 821705
652026 1354348
932768 1123497
927955 1024036
1017955 699673
237395 932768
1032945 932768
372947 665683
932768 1274752
271963 470633
1018444 264684
351264 729051
393538 55895
506718 178704
932766 1007188
271963 1033009
237395 596658
217464 1017979
72358 748547
791167 642964
237395 72358
264684 1110169
977611 1138713
237395 962362
1008907 505159
748801 338179
166504 323574
330214 1018462
351264 774125
346019 559245
1201763 523117
393530 271963
686993 337269
348252 1034766
885859 1387618
760090 1482955
356092 729050
652026 1352468
351264 556551
271963 1191983
237395 1078023
932768 777899
72358 818608
1194334 560256
351264 513585
523117 310664
351264 161525
1151388 1258069
237395 393530
393530 372947
977611 1031222
468171 1008880
264684 511562
1017955 1117267
1123497 596900
506718 53587
885859 791843
932768 585966
356092 729049
372947 1031222
791167 563997
346019 333740
506718 39507
166504 333830
724333 1032414
885859 1548332
1017955 791167
330214 1249949
1017955 1305206
167396 1032866
686993 431904
356092 729051
724333 594657
372947 372981
271963 728301
346019 1191966
166504 271411
699673 1373256
1201763 280531
729050 846559
351264 1033040
1008880 504648
348252 348259
977611 162099
348259 164199
407820 28969
393538 948599
748801 791157
348252 1249653
356092 1032808
166504 376790
509165 1184084
351264 433888
407820 750313
977611 142542
1032935 1008880
345835 732787
1032935 932766
686993 829552
1194334 1042317
72358 571919
506718 345846
167396 932768
351264 565296
1123572 217464
837916 345835
812058 1067052
686993 1023657
393538 748801
1032935 1191514
1032945 505803
264684 1184206
760090 885859
167396 333740
346019 1184190
348252 505987
1032935 348259
393538 785179
167396 264684
674998 674926
1008880 1123497
938949 509165
932766 1468263
811443 481327
348252 1032936
330214 1249653
1151341 1052967
264684 271589
1030308 346019
351264 1183744
791167 826610
468171 513112
509165 1019448
506718 728713
732787 1468134
72358 1037708
348252 151825
468171 1034660
811443 348500
760090 1032991
271963 1052686
348252 642908
393538 780623
351264 932769
699673 997370
1032935 780739
846558 545754
812058 269016
977611 827513
1316501 1032821
748801 507868
237395 171657
351264 130822
724333 1463763
346019 1032946
811443 781428
977611 402702
1032991 642908
407820 777899
264684 1032990
686993 560466
468171 1018444
346019 732857
760090 1250070
1029801 938949
509165 1008911
166504 369792
348252 1019770
346019 505285
468171 596900
506718 509192
468171 1033040
724333 585966
407820 885859
686993 61848
351264 1032810
407820 1123271
1184084 923023
167396 563997
393538 470799
732787 1267088
217464 1123497
535209 176327
1151388 846559
506718 165495
167396 1032807
348252 925781
166504 692687
1018444 826610
885859 1031222
1019254 774098
724333 1315330
237395 927955
407820 312076
837916 1032945
760090 223699
237395 504648
1068253 883721
166504 751417
811443 745977
351264 695294
264684 210952
1030308 330214
271963 642908
407820 1123497
237395 146675
372947 346019
1017955 1032810
351264 48376
932769 1032933
773029 1486654
468171 505250
237395 1151388
1316501 897365
732787 1032943
468171 465587
1032991 351264
166504 943271
1008880 1191909
351264 641072
351264 1032809
1032821 511562
372947 1158488
237395 506718
1008880 1017943
166504 332309
932768 1065781
393530 393538
356092 1274752
1032991 724299
167396 686993
237395 372947
1032945 1249624
346019 1188235
348252 1267351
1032935 282453
167396 840333
351264 551679
724333 407820
1017955 393538
407820 997370
1184084 1274752
217464 655583
724299 1151388
724333 1007188
372947 1032945
1184084 1191955
1032810 791167
812058 617270
72358 757131
348252 407820
393530 351264
724333 801251
724333 1078023
932768 932766
724333 351264
1032821 513373
932769 1376697
1030308 811443
167396 729050
264684 341162
724333 1032930
1030308 885461
504648 699673
348252 390080
932769 651646
393538 595780
932766 1249653
167396 1032810
393538 1032810
264684 747305
748801 312933
1008907 316599
1032936 1029801
1201763 1018406
760090 356092
1019770 1024036
837916 763346
724333 724299
1008880 459527
846558 1183744
393530 348252
330214 555623
885461 1150511
811443 1345109
330214 834931
351264 751453
351264 927955
826616 1018444
523117 1032945
330214 785179
348252 351320
330214 348259
166504 943138
729050 827513
468171 537781
407820 762977
811443 807511
330214 773029
729049 312933
167396 511562
348252 149046
504648 675593
348252 1116729
932768 217464
72358 1151393
1033031 846558
468171 346019
927955 1032829
351264 164191
1030308 313317
166504 122819
811443 430638
1032991 1019254
407820 784786
791167 1032933
348252 830456
351264 1219784
166504 890689
1123497 1267351
724333 523874
348252 1032933
846558 1151394
348252 1032819
271963 1191962
1008023 224852
237395 782244
1008880 271416
885859 1057480
535209 1345109
237395 644413
724333 1478822
217464 1123563
166504 772646
407820 1250070
760090 1366487
72358 777899
393530 1032945
346019 371353
791167 592815
393530 431904
748801 166505
724333 962536
773029 1032946
760090 535209
1032991 393538
72358 1378294
1032933 1249653
348259 168760
468171 1032947
348252 1267361
393538 264684
166504 993117
346019 769500
348259 344818
393538 320687
1123497 1482955
724299 1151394
1030308 1019770
348252 351408
724299 1410916
237395 167396
348259 352510
1032945 596900
351264 646790
1019448 1151394
348252 695714
1017955 330142
351264 417996
1032945 1374336
271963 511781
348252 1267432
167396 1032829
372947 787386
1184084 1123575
652026 312933
372947 657100
686993 416469
237395 770512
506718 382027
1032933 1194261
330214 356092
348252 1194334
1032828 811443
271963 51730
166504 519422
468171 167396
393538 166879
932769 750313
348252 606380
724333 1462914
346019 259194
1032945 1032807
351264 533763
506718 355741
271963 750609
932768 264684
351264 834930
217464 1123575
1032414 989142
724333 1381650
348252 1024534
1030308 826616
167396 1033041
724299 1151395
724333 1426771
837916 619569
330214 1032829
1032810 407820
468171 1250089
1030308 686993
330214 1249573
468171 380331
927955 122660
1123572 1315513
351264 577027
885859 532568
348252 1032935
468171 555623
348252 859156
348259 348818
346019 470480
686993 277792
167396 351264
330214 1192001
356092 1032820
537781 256043
932769 1486654
407820 1191974
346019 312933
1032935 1497962
330214 1032414
348259 989142
1019770 846559
837916 826618
271963 1191966
535209 347121
932769 348454
674998 784427
506718 472919
729050 509165
791167 89052
760090 1194334
351264 1157820
699673 1457256
167396 977611
351264 662703
699673 1458662
1030308 756496
468171 1032829
407820 375582
348259 1158488
346019 1008709
1017955 1305227
393538 1032945
351264 586043
351264 87736
506718 108801
506718 487676
724333 1337204
760090 330204
932769 674998
1017955 1068416
330214 729051
504648 1032830
1151354 837790
407820 760752
166504 890395
1123572 1184206
345835 1032935
356092 1068416
748801 182558
351264 920098
724333 1151355
732787 1068253
264684 957628
72358 183985
885859 1007197
1151354 1292771
351264 404079
506718 476139
1008023 596900
166504 24865
1123572 1032819
1068253 663026
166504 682733
977611 1441346
1017955 505803
468171 1151396
506718 728853
686993 363526
351264 1034136
1017955 1258069
330214 371420
372947 1288182
1032935 1151354
724333 945331
760090 1032810
166504 519362
748801 507166
1017955 1032928
468171 1250074
351264 645658
686993 1019255
166504 823693
468171 165378
330214 686186
351264 1024534
237395 724299
348259 1019448
977611 932766
1032936 773029
1032945 535209
372947 773029
537781 749092
724333 820275
885461 1183744
468171 732787
372947 24440
724333 1024036
237395 752611
1019254 645739
264684 1007188
729050 560258
1033031 1032810
348252 162035
699673 1459144
932768 927955
330214 1135235
348259 351496
237395 1150511
348252 774151
351264 404164
271963 1032930
1017955 1231805
271963 1191706
812058 505803
506718 1040356
264684 1123575
468171 225331
1019770 1032821
732787 305647
351264 147396
468171 830282
264684 889396
351264 989542
1032935 640060
348252 1023332
760090 38002
166504 943342
345835 760090
72358 781186
1123497 1315508
1019770 1267361
791167 341162
509165 264681
760090 1033031
348252 779170
811443 1151388
348252 352460
506718 509303
1008880 1044089
72358 1114035
732787 1469410
724299 459527
537781 42577
407820 598550
264684 563997
504648 512962
1033040 1373867
1184084 883252
345835 95896
167396 924308
271963 1191906
72358 1033009
977611 811443
724333 827513
271963 766085
348252 348821
264684 377038
652026 841153
535209 416101
348259 1019255
167396 1032931
506718 39803
699673 1184084
760090 834931
791167 1019255
724333 885461
407820 1315464
724333 1478818
1032991 1032932
167396 846558
523117 72358
351264 791643
1151388 1151354
1032991 407820
393538 556772
932768 834930
1017955 1151395
724333 1462754
167396 811443
1019254 1019255
271963 512273
166504 154751
166504 749019
1017955 932769
699673 1052966
345835 40977
1030308 785179
760090 1151388
729050 523183
468171 506967
686993 1304570
724333 271963
351264 645855
1019254 1029801
237395 686993
351264 646418
72358 1151340
348259 162261
760090 1032807
271963 1191967
167396 1032806
724333 172922
1030308 699673
506718 749668
166504 182558
506718 509233
217464 312076
217464 1123574
1019770 606380
1032945 1032935
348259 22292
760090 954557
468171 161674
372947 1019448
348259 586084
237395 779476
1018444 1032943
407820 642946
932769 1052966
1008880 752611
271963 176624
537781 160152
351264 662995
346019 378521
166504 107824
351264 646891
535209 533496
938949 846559
791167 1019448
504648 175320
393530 724333
330214 1008880
356092 1033040
1032945 1033031
1008880 217464
348252 166589
351264 1017940
885859 1007172
468171 752611
351264 161671
1017955 1249624
468171 315357
977611 927955
351264 986598
372947 1031589
1019448 774098
1032945 1191966
351264 93557
1017955 932766
699673 1378610
351264 1249653
407820 773499
351264 344780
506718 213064
938949 382770
885859 1007183
1032945 1400023
348252 585158
724299 1123576
166504 163339
724333 1191966
1017955 1032866
237395 1031222
729050 1191514
506718 584347
372947 1086881
760090 1008880
351264 370666
837916 91426
1032933 1291705
885859 1007130
537781 674998
345835 1068416
760090 1019770
1032935 271963
264684 35322
837916 783158
506718 695247
811443 407862
1017955 188477
724333 1032991
791167 826608
468171 1032928
1019448 1184084
724333 506718
271963 1031201
1123572 1032809
1032935 1032828
166504 943136
330214 156161
393530 732787
348259 430556
506718 602153
932766 1267351
348252 72358
351264 1134433
1032414 763346
932766 652026
237395 264681
166504 890299
351264 642911
1030308 763346
791167 182558
72358 531438
1032945 724299
351264 417842
699673 1459832
351264 1032472
1184084 1032806
351264 732787
523117 1068253
1184084 322163
1033031 1304913
674998 280363
760090 506718
468171 371745
1032414 1551796
1032935 1019448
237395 732787
699673 1017940
166504 519237
166504 393416
732787 837853
1032933 1274752
811443 504648
351264 503557
330214 1250074
167396 1032929
1151341 1151388
885859 1007199
72358 509484
932768 1355858
264684 746244
393538 163753
760090 330214
523117 1007199
167396 559245
686993 264684
509165 752611
1030308 732787
509165 224852
271963 1032933
407820 1123572
535209 378925
167396 346019
346019 653853
167396 1032946
468171 686993
932766 1315513
1029801 1497962
167396 356092
393538 932768
346019 791157
468171 534419
1008880 729050
351264 779038
348259 1037288
652026 651429
372947 1151386
348252 977611
351264 678297
72358 772786
351264 1034747
932769 729051
523117 271963
699673 1007199
1032991 330214
932768 977611
351264 1052966
724333 1008023
760090 732857
1249766 1018431
773029 312901
509165 595680
1032991 1018433
1017955 1032807
351264 164199
652026 393228
724333 1123572
1017955 351264
1032945 1151354
346019 826635
1194334 1203643
977611 1019448
330214 1019770
506718 393785
407820 510006
1123497 1478805
1032935 1183744
351264 372287
506718 469660
1030308 774098
811443 1007172
167396 1029801
1032935 1123271
811443 313028
773029 256043
351264 769500
1008907 1008894
811443 271963
1032936 356092
932766 885859
1008880 1191974
1201763 779038
724299 927955
1032936 393538
1032414 504648
237395 1151386
351264 351497
271963 1007190
733243 1465472
724333 1151386
724333 643015
372947 1017979
1033031 407820
837916 748801
166504 519264
345835 1033040
166504 519363
271963 628673
1019448 751718
167396 566394
72358 312933
1032810 1068253
271963 1192000
1017955 1007063
1151388 1546050
166504 332273
348252 586084
535209 169555
166504 1031005
356092 1032928
1032991 1032936
535209 72008
1017955 1019254
167396 1032828
351264 175465
348252 1002814
237395 513112
674998 773499
468171 1032810
72358 791313
1032936 1201763
1019254 348259
760090 732787
330214 1032807
72358 735639
264684 1184038
351264 686993
811443 1373327
348259 191618
1032945 1032414
812058 154740
407820 698989
811443 509322
356092 1191955
393538 1032829
348259 992282
1008907 897365
1008880 1546050
1304913 826618
535209 470425
932766 370666
348252 352510
372947 732787
506718 509927
724333 271416
506718 88775
1032810 1249653
393538 778887
166504 166230
271963 1032414
932768 1033031
468171 785179
537781 1032946
167396 826618
837916 468171
372947 282540
1032933 1250070
760090 608067
699673 1007198
686993 393244
506718 261323
393538 172860
264684 1032946
393538 231975
351264 1158107
1008023 217464
346019 879383
1030308 1344656
166504 375548
166504 512413
166504 519268
348252 1017955
724333 729050
1030308 821543
724299 594657
348252 1068416
348252 352170
811443 560073
732787 1267350
506718 564911
348259 1002814
348259 1027093
348252 161665
977611 732787
166504 323751
846558 1123565
407820 1151393
652026 341162
72358 172509
356092 1274754
1032991 330142
1032810 927955
237395 1151354
927955 1032823
351264 350693
348252 403781
72358 750794
166504 890506
674998 243480
393538 89530
330214 1032810
166504 946786
407820 143824
348252 791167
506718 930374
1184084 674998
1019770 724299
330214 72358
1032991 72358
1032810 1019770
791167 161525
1030308 635552
1032933 1032807
264684 414120
393538 1191956
351264 1240785
351264 351721
1030308 372947
271963 1191927
1032945 826618
167396 1032928
166504 963516
686993 533604
393538 1305206
237395 1151387
372947 1287981
348252 242809
1032936 330214
504648 1151388
237395 397931
1019770 348259
348252 1135235
837916 826635
724333 927955
330214 1033031
1008907 1030308
166504 993045
351264 1059726
271963 523053
977611 932769
537781 175398
1018444 1032990
535209 42384
699673 1458612
506718 1043424
1030308 1008023
938949 271416
1033031 1007172
393530 984108
1032945 504648
72358 1344234
393530 824699
686993 554403
732787 1264428
724333 1032945
351264 1018729
393538 791167
166504 503688
846558 1033040
1008880 750313
885859 156161
345835 985115
348252 351498
237395 1151394
72358 791240
468171 780739
348259 1024832
846558 1249624
351264 348818
1019448 1052966
351264 1002814
348252 846559
167396 758885
1201763 375865
1184084 513112
351264 118054
1033031 1191514
1032945 1007172
330214 699673
826610 593829
724333 1415970
699673 1202142
652026 184753
977611 945331
932769 509165
166504 943156
812058 1498100
166504 943088
1030308 791157
167396 1032942
167396 885461
885859 1032819
1008023 1123563
652026 1065157
1008880 406910
773029 346019
1018404 1500637
760090 829305
1030308 348259
791167 504356
699673 957369
166504 163333
167396 1019255
1194334 554367
506718 509122
167396 672968
351264 242861
724333 752611
1008880 348259
760090 606380
846558 1018444
791167 791157
348252 547148
271963 1192002
652026 1117267
348252 565296
393538 977611
506718 718861
348252 38002
351264 1032821
1019254 506718
348252 641144
72358 1441346
166504 948681
773029 1151356
345835 729050
1032945 763346
773029 1052966
1032935 1032414
932766 1184084
811443 539705
652026 1116729
1249766 977611
1032935 851099
674998 1392480
372947 1068253
1032991 167396
506718 749193
1008907 1042319
468171 1017955
1194334 679288
468171 1033011
724333 345522
167396 1032932
166504 534815
166504 174892
167396 819966
760090 1032933
351264 1269815
271963 1123572
1018444 780623
348252 1232200
932768 1267350
348252 678348
1151354 1078023
72358 1357183
351264 773029
1030308 760090
468171 1032935
506718 521562
72358 382636
351264 646409
468171 264684
1032933 1032806
1032810 1249924
1032991 932769
468171 792685
846558 1017980
1017955 927955
729050 519157
330214 1183744
938949 1052967
699673 1123572
271963 1183744
393530 27121
760090 465757
509165 39729
1033031 1032866
1150511 430638
167396 1032934
748801 535209
509165 674998
537781 779529
1032935 1249766
348252 1151355
271963 407820
348259 563997
724333 859156
1032936 346019
977611 846558
393538 465338
356092 1065157
1008880 1032928
674998 1032806
372947 458917
1017955 1032819
72358 400102
1032945 1305206
791167 1548405
468171 78964
346019 60686
652026 226875
271963 733243
271963 846558
729050 1032826
760090 891994
977611 779476
393530 1304913
760090 203861
167396 1032820
1032933 750313
1304913 1032944
468171 393538
346019 264684
1008880 826616
1184084 1469188
330214 748891
348259 48382
535209 347870
166504 86407
351264 695442
1032935 509322
1032991 938949
1032991 927955
167396 729049
167396 1032947
724299 1462129
811443 105513
407820 227216
537781 902777
1030308 319931
1008023 459527
348259 885859
885859 1184206
271963 932766
812058 459527
1030308 939133
351264 242811
372947 989142
1008880 1093569
1032991 1032829
345835 346019
699673 747305
372947 924308
537781 1032928
724333 1150511
535209 1392520
729050 535209
674998 155098
348252 646729
509165 1065157
535209 524047
1033031 504648
1008907 516722
468171 1191514
348259 646891
271963 1052967
506718 752681
348259 348821
166504 166514
72358 1264291
506718 348399
468171 35419
1250075 1123563
732787 791167
237395 820160
217464 1123271
760090 1468134
468171 376634
348259 563529
348252 760090
468171 696551
348252 1267363
1030308 167396
724333 372947
468171 72358
523117 511562
724333 1123563
351264 645849
537781 351559
724333 1191976
724333 1052967
348259 837790
348252 828899
271963 1191961
732787 1267264
724333 1123576
372947 389729
271963 92220
351264 774361
345835 468171
217464 107533
1008880 1151355
1008880 1464632
1194334 1061746
372947 459524
351264 1250070
724333 1478804
345835 700220
407820 1315528
812058 85725
674998 1123271
1008880 1379976
351264 774196
1032866 1304913
372947 1110273
724299 773029
166504 253646
1032810 1032829
351264 407820
166504 519238
846558 834930
1019254 1459144
372947 1032947
773029 489422
166504 130733
468171 1027093
1008880 1410916
167396 1033040
166504 271589
724333 1019448
1032935 177434
699673 1019448
1008023 1315508
1008907 1019770
1032935 811443
1019448 752611
812058 256043
1008880 231012
348252 831901
271963 451974
167396 1032811
217464 1123565
72358 784427
1030308 72358
393530 371033
729049 537781
791167 87575
837916 1249766
811443 783281
837916 1191966
264684 14329
264684 513636
1032936 1249624
932768 516617
72358 172415
686993 1031222
348252 48382
932768 1184084
977611 1068253
351264 1269942
72358 172835
264684 1008911
237395 11978
356092 182558
724333 1123497
167396 1032819
760090 846559
1008880 470633
351264 1007131
468171 1347196
885859 1457256
348252 162261
1019770 499338
271963 1191957
407820 1122992
724333 337677
330214 846559
1032935 1008023
885859 1007131
351264 162258
748801 920494
237395 402702
348252 932769
1008907 1452901
760090 393538
932768 1139558
724333 757966
393538 272426
846559 1264428
351264 646228
927955 932766
729050 658002
729050 673068
1032821 1032947
468171 351264
271963 1379976
166504 1031097
393538 180919
351264 586084
1032991 1019770
351264 347103
1018444 826608
509165 269016
468171 1352002
372947 402702
1032991 1007199
724333 167396
506718 209114
1032821 1052966
1032935 769505
1008023 509165
674998 648344
724333 1083262
167396 1033031
1018444 1498100
977611 920997
506718 194024
351264 1008880
348252 168760
1030308 837790
729050 513112
724299 1453936
506718 390146
264684 504356
977611 348259
167396 1032944
264684 374208
686993 521306
1032942 1068253
346019 897365
393538 523183
372947 122118
811443 758828
264684 1118027
356092 264684
977611 565296
732787 748801
346019 538526
271963 348259
699673 846559
674998 282453
837916 729049
166504 815355
372947 917399
760090 1249653
167396 729051
504648 1373256
748801 1249624
348252 351496
977611 393856
760090 1019255
345835 256043
506718 1190405
1017955 511289
167396 371353
271963 374133
748801 1028811
351264 646133
932768 1032933
977611 585966
1033031 1019770
1008907 1546050
1032945 1017952
1029801 1068416
1032933 917345
346019 587394
1030308 1068416
393538 1117267
686993 1183744
1008880 1269989
166504 319931
468171 371481
811443 296978
1032933 1032808
330214 1017941
1008880 827513
166504 332799
732787 1467037
1032821 699673
237395 330214
348252 352508
348252 298078
351264 374661
468171 312933
1008023 1123565
348252 1029801
885859 1191954
351264 646587
264684 785428
393530 1032942
237395 523874
348259 1036782
699673 1458581
348259 1267131
1019448 891769
1033040 729049
271963 1032808
393538 1191966
932766 1065781
348259 161877
1029801 748801
1032933 1019448
271963 1191960
393538 330214
1123572 1024036
724333 565049
724333 932768
346019 161674
1030308 523117
271963 516081
407820 217464
468171 593829
724333 1151395
732787 69366
167396 1017980
927955 356092
724333 938949
345835 1033031
468171 44027
166504 993076
724333 1302607
1030308 348252
271963 1191953
346019 1017979
724333 1191514
351264 161665
1032945 885461
351264 1270089
351264 647664
1032414 348259
237395 696532
330214 519989
1032414 885461
271963 1032942
264684 1007144
1008880 1123575
166504 1028075
166504 753142
166504 371411
166504 519312
330214 1123576
271963 1017954
699673 1032809
351264 1019770
166504 193262
1032936 686993
932766 517812
1008880 644009
346019 1033040
1032935 1019255
393538 521625
977611 1267350
1032991 1201763
1017955 1032945
506718 728694
1008880 1123572
346019 1068253
537781 471579
348259 161988
468171 156161
932766 516617
348259 517334
348252 349177
1017955 167396
351264 1027455
1008023 773029
271963 556772
506718 750313
699673 932766
1032935 1151395
166504 213432
724333 1151340
468171 413984
1032935 320851
345835 92458
1123497 1065781
356092 346019
351264 733243
72358 779562
468171 827639
166504 512368
1184084 777899
271963 918525
724299 729050
393530 475797
72358 1408907
237395 635552
237395 1151395
271963 1191959
724333 1478805
348252 344780
506718 323060
167396 1018444
407820 781428
330214 977611
351264 699673
846559 509165
217464 1123576
346019 786402
264684 866232
1032945 993736
1123497 1122992
506718 750793
760090 1250074
166504 1022175
1008880 1028761
837916 166504
1008880 407820
1030308 323755
264684 700936
938949 827513
724333 727220
724333 1287175
348252 565358
271963 1191958
72358 1307280
346019 596900
393538 1017980
351264 761095
351264 1052967
1032935 1032821
356092 674998
1184084 1032807
1033031 1017952
351264 647694
356092 1184084
1032935 330959
760090 351264
1017955 729050
885461 780739
72358 443749
468171 1316482
537781 751718
372947 271963
733243 1032830
724333 1029801
351264 671640
407820 161525
264684 732857
504648 1007188
372947 55895
166504 707486
686993 481934
674998 1007131
264684 965641
1194334 523183
1033040 587999
724333 590594
351264 746865
885859 674998
724333 1033031
237395 729050
393530 366388
351264 1032414
167396 1032472
348259 1151388
506718 261284
393530 651637
166504 1029547
407820 932766
1030308 1032990
348259 348771
167396 1007172
1123572 1184084
826616 89052
351264 332175
348252 648059
72358 1380551
1032936 1033040
393530 1304914
1068253 1032946
237395 348252
346019 991091
351264 1032819
351264 1034748
217464 1116952
760090 1070220
351264 646603
346019 1264838
1008907 1019254
351264 597176
811443 702549
351264 345036
1019770 1264428
724333 846559
509165 784427
674998 59997
393538 217464
351264 1036895
724299 590594
345835 748801
345835 513481
372947 519807
167396 1033007
1032935 750313
351264 1270064
468171 1068253
724299 67689
523117 1385645
1008907 554367
468171 1032414
885859 1017954
72358 754988
356092 1052967
348252 1267088
356092 256043
729050 1032822
504648 733243
351264 346156
351264 646616
724333 1231805
393538 431450
535209 312933
348252 938834
1017955 750313
351264 672429
468171 820320
773029 459527
1123497 1031222
166504 993017
699673 885859
724333 1464493
351264 988010
351264 172836
356092 1269815
1029801 1548405
652026 293543
264684 1116922
1008880 748801
1032991 1202142
1032991 1250075
166504 375547
72358 823874
977611 1032810
264684 1184208
393538 286201
506718 728850
167396 256043
760090 1459832
1019448 932766
348259 344780
167396 330214
811443 1032990
885859 644413
407820 535209
407820 1292771
1151388 430638
1032821 1269815
686993 167176
356092 1032946
264684 1032806
724333 1240785
932769 1032806
1068253 1027093
351264 312964
699673 1007063
932768 1250070
346019 826618
1019254 1151355
932769 1032990
1017955 729049
652026 281670
1032935 957369
167396 1031201
345835 305497
264684 89052
237395 846559
1030308 1202794
932769 834930
535209 313315
166504 993075
393538 511781
535209 1032990
348252 169105
506718 824744
674998 334877
724333 1462129
535209 108898
652026 819980
237395 348259
166504 797845
468171 375247
166504 1030884
1032935 885461
72358 1007213
393538 72298
729049 729050
264684 826610
166504 336895
166504 372779
330214 1250075
1008907 1387618
351264 646738
932766 1274752
1305206 826618
372947 1032936
1032936 841184
811443 1151395
72358 539541
351264 1024833
504648 1123572
217464 651646
346019 984108
271963 1191909
330214 1249624
167396 213284
1032945 1008880
885859 1018405
506718 511059
1123572 1018404
1008880 724299
724333 565358
760090 1017952
166504 72737
1008880 598550
237395 479202
271963 504516
351264 334238
504648 921447
351264 404373
1008880 1191514
167396 7556
167396 1032943
72358 168983
166504 512323
1304570 535209
748801 72564
1123497 1123565
393530 1304927
351264 179594
346019 593829
166504 885451
1030308 393530
348252 1024036
504648 122660
351264 645711
1032933 674998
760090 977611
166504 1030990
699673 1269815
346019 27121
166504 601721
760090 1017941
674998 282414
1008907 347313
348252 1267247
468171 1192001
72358 932768
166504 1031089
264684 182558
1008880 1151354
1030308 1123271
523117 584106
166504 671439
167396 908314
372947 167396
72358 1047481
346019 511056
1032810 1467756
724333 1478801
1032935 729050
837916 846558
351264 344458
1008907 837916
724333 509793
271963 1151393
348252 280472
535209 749887
724333 571269
351264 501042
811443 667090
1032935 1027093
732787 133289
1030308 1068465
932768 1123271
351264 550416
348252 45667
356092 348259
1250075 1123564
1032945 1231805
468171 970648
506718 505995
356092 1116922
72358 688140
509165 268797
523117 819081
1123572 1017952
1194334 1032811
932768 773029
1008880 938949
348259 1267264
1008023 1441346
932766 1033009
760090 1032945
1030308 927955
271963 558553
760090 791167
393530 1032935
72358 256985
351264 163440
351264 1025538
393538 1123572
1030308 535209
760090 242809
351264 379029
977611 1032414
927955 1250074
1029801 1032829
271963 14326
1032945 1019254
468171 791167
1017955 465757
699673 1007131
977611 1017941
811443 126483
811443 508221
356092 791157
724333 459527
393538 1305186
977611 163002
846558 1478804
1008880 1315513
1304913 408130
927955 1482955
1008907 674997
264684 619569
1032935 1032930
166504 1028594
932768 1019254
372947 1033040
724333 779476
535209 1392521
724333 513112
686993 357138
724299 1151393
348259 1267247
372947 345835
1032933 1123575
166504 784274
506718 475570
393538 826616
927955 1031222
686993 556772
72358 563002
977611 801251
271963 447553
348252 348771
271963 1191965
504648 1023912
686993 885461
468171 1249573
166504 271600
271963 1031222
348252 743581
330214 1028761
330214 1151388
167396 592670
348252 1117742
748801 1018444
760090 74333
237395 615102
1019770 769722
535209 1183744
72358 238140
1032945 1018404
724333 348252
932768 1486654
393538 829552
348252 992282
699673 217464
237395 1008907
351264 63003
468171 112624
167396 555890
346019 283617
1017955 826616
264684 1033009
167396 699673
393538 1007172
348259 1024852
1017955 1274753
346019 240176
351264 774098
1033031 1191966
351264 528172
271963 593829
237395 1032414
1032935 1032806
724333 1032829
932768 781149
1068253 1467037
523117 1018444
1032933 1184084
1032935 537781
72358 1033031
724333 1464639
535209 557988
885859 1274752
1019770 271963
535209 838019
1030308 954880
760090 750313
1030308 537781
237395 1151363
372947 819752
393538 700936
760090 1267432
72358 724299
351264 1023452
1151341 779476
348259 352170
748801 1151388
166504 1030993
351264 646584
885859 1305042
504648 885859
1032810 1008880
351264 1034194
1008880 1052967
351264 208354
837916 674998
271963 476141
686993 1023391
729050 1151393
393538 846558
372947 1032821
1032991 1316490
773029 511562
393538 777899
932768 1529034
271963 368384
509165 166598
348259 645739
351264 560335
773029 77511
1151341 1008880
1032932 752611
885859 1316454
977611 724299
271963 799283
724333 383229
351264 162257
506718 406357
535209 593838
977611 1123564
724299 1017941
1032936 167396
724299 1184084
348252 351264
351264 167874
1032935 1032809
1008907 1018406
166504 942357
346019 883638
393530 938949
938949 126687
217464 995534
351264 535209
1032810 932766
811443 264684
724333 612152
535209 596684
760090 246533
652026 593829
72358 376569
468171 1249624
724333 85725
351264 645705
1008880 1546195
724333 1269915
811443 783598
372947 880978
977611 1151386
372947 635552
674998 258568
1008880 1191964
1032935 506029
237395 1008023
264684 504512
372947 834931
1030308 1032810
72358 186387
351264 1151394
217464 564692
468171 371420
167396 785179
346019 295441
1032810 1019254
1032935 1032933
1032936 1017980
166504 885441
393538 1249653
264684 1183744
748801 357138
506718 554952
535209 783166
724299 1464493
348259 352210
348252 1032828
811443 962364
1008907 1203643
977611 665683
773029 753979
351264 641148
348259 151825
351264 957760
166504 554546
927955 504648
1017955 161525
523117 1033031
264684 947357
1008880 777899
237395 1151356
351264 695714
1032936 1183744
271963 1191963
348252 1150511
686993 469285
348252 1019448
1008907 760090
1008907 1381559
1033040 1116131
264684 777899
1068253 777899
167396 372139
166504 319453
393538 1194334
348252 1267350
271963 1191566
393538 1184207
330214 1249924
393538 408130
166504 80783
348259 298078
1030308 305497
1030308 1032935
348252 1267264
166504 504479
1008880 1032807
724333 1305227
166504 567366
506718 751509
348252 161671
166504 7556
345835 748302
729049 1032946
72358 418781
837916 812058
1030308 345835
674998 156161
330214 732787
1018444 1191955
1019254 665683
1030308 166230
1008880 1018444
1033031 763346
791167 1032932
348259 647664
372947 749869
351264 312033
468171 924308
724333 1333436
271963 1191977
760090 784786
330214 1068253
1008880 932766
724333 773580
351264 161988
1030308 933415
674998 779235
348252 271963
791167 593829
506718 765489
351264 271963
724333 1464632
1017955 747305
166504 814213
351264 615041
1008880 224852
729049 1032928
348259 1023452
837916 1017955
166504 152641
348252 1019255
837916 1184084
811443 432952
351264 349177
351264 1018444
1151388 644413
346019 414120
1030308 393538
393530 468171
167396 1017940
724333 468171
237395 1032829
674998 556772
932768 1032472
724333 1466196
724333 1031222
348252 1017952
330214 752611
345835 1151388
271963 537781
166504 213230
1019254 565358
271963 267404
348252 693754
1017955 1250074
729050 729051
1008880 1467181
811443 890509
393538 313270
1151354 404370
1030308 468171
1017955 1249573
506718 506032
351264 1123576
1029801 773029
837916 393538
393530 1029801
506718 315470
393530 323753
760090 1032935
686993 565049
760090 72358
699673 1123565
271963 1151388
407820 1123575
773029 729049
348252 1032991
351264 46403
826616 1032947
348252 773029
1008907 161525
1249766 1032829
506718 903495
348252 352466
1032935 593829
724333 1191983
393538 1019254
271963 754645
760090 1065781
932766 1123576
72358 781150
167396 1018462
217464 510006
237395 811443
1032935 834931
1249766 1007188
724333 1032807
1030308 1032414
1032991 1018405
271963 686993
938949 146675
72358 475194
407820 1291705
72358 828312
509165 312933
724299 188477
760090 397758
166504 526721
345835 1017955
1018444 791167
348259 562480
724333 67689
760090 468171
1017955 264684
652026 651637
237395 827513
348252 1032414
351264 320616
506718 193207
932766 1031222
72358 780473
1032935 513112
271963 1044089
523117 1316501
1017955 330214
271963 561506
345835 837556
348259 1267224
351264 347120
1008880 1032828
166504 1030323
72358 513958
345835 1017980
729050 432948
237395 430638
748801 964626
791167 1068253
351264 774151
811443 748826
351264 348251
407820 470633
346019 78952
351264 1037288
885461 431009
167396 1032945
393538 180580
1030308 724333
264684 556772
468171 512223
506718 39504
506718 315302
72358 184634
1030308 1183744
932768 351264
1032810 732787
393538 305497
1030308 166504
523117 563997
811443 107533
811443 418102
699673 1123575
167396 791157
271963 1018462
348259 585158
732787 1019255
351264 404504
166504 519229
760090 720578
393538 563997
1032991 1018404
351264 642940
760090 1018444
1018444 1151396
407820 269066
506718 791472
1123497 315876
1008880 1267361
1017955 1033031
393538 1032866
1123497 1562077
407820 329833
977611 1151354
811443 83907
468171 1017941
1201763 1018433
330214 553296
346019 1117000
264684 351261
167396 1032823
351264 827578
1032991 846558
977611 774098
1032935 724299
724333 1051050
348252 647664
348259 774151
1033040 1032946
1123497 1441346
506718 72737
760090 1123497
166504 827774
699673 883252
166504 890396
393530 448632
724333 184711
932768 1031222
506718 980241
271963 330142
1032414 1031201
1017955 1123572
72358 571688
468171 465757
393538 1017952
1032935 926305
1250075 1029801
729050 885461
351264 575786
509165 1184206
346019 563997
1019448 537781
217464 1123577
1030308 312933
351264 774101
811443 978549
506718 360871
351264 348771
724333 1347394
72358 846559
1030308 1033031
1032810 750313
506718 756409
1151354 644413
264684 1019448
346019 1024583
167396 60686
166504 1030988
748801 298432
351264 926305
537781 523447
724333 1144036
351264 506369
351264 1029801
167396 1018456
885859 1441089
885859 161525
356092 1123572
811443 537086
1194334 724299
393538 1019770
506718 756799
351264 430551
674998 449425
72358 172538
927955 1123576
348259 349177
674998 375866
1030308 1151354
348252 927955
264684 193767
167396 1033012
1032414 729050
773029 932769
351264 801219
1008023 740700
748801 830282
72358 570776
932769 769500
932768 1032807
811443 729050
351264 882298
351264 1158305
1184084 883239
1151341 237395
237395 1151340
509165 1033041
652026 78485
264684 274728
264684 824475
686993 596900
351264 1032806
811443 1249624
351264 671174
351264 1024832
1032932 188477
351264 1123572
237395 351264
1017955 846558
1008880 1305042
407820 1065781
348252 505900
393538 1017941
506718 475682
348252 1134086
351264 774096
1033031 1150511
1030308 729051
1032991 827513
791167 371748
811443 281727
732787 283468
72358 605800
748801 732318
166504 1030984
506718 272335
837916 1032807
348252 161976
1017955 1017980
351264 482349
724333 224852
1008880 1249653
1032932 1027093
724333 1017955
733243 1191906
1019254 525792
1151354 645628
1033031 1032829
271963 752611
506718 748345
1008880 1315508
523117 531438
1032991 811443
166504 291576
407820 279571
468171 748891
760090 1249573
1008907 1546238
166504 1023554
1201763 1385955
724333 616567
468171 826610
1123572 1458612
733243 511781
348252 1065781
351264 992282
372947 333809
166504 1028528
348259 678348
1032933 1123572
811443 107601
509165 345522
506718 459249
1008907 674999
468171 773029
699673 1032819
932768 1019448
393538 559245
330214 44027
346019 376634
791167 1032990
748801 341162
977611 686993
237395 658145
166504 402873
724333 1151354
348259 505987
351264 668840
932769 1017952
166504 1030739
674998 1111394
1123497 1463763
72358 1046641
351264 585114
351264 1017952
932766 729051
166504 374541
468171 1032828
351264 446382
811443 556890
932768 1032414
1032810 1018444
346019 44027
271963 1191964
1033031 1151354
1019254 1017941
345835 1032945
348252 1023452
330214 407820
1032945 389053
351264 1034700
1032810 1459144
393538 271322
506718 507053
1032866 1249624
674998 63003
1017955 977611
729050 102426
330214 846558
724333 1231024
729050 78309
348252 662490
811443 533005
932766 1032819
351264 352251
166504 31284
927955 1315508
729050 540239
351264 59452
345835 167396
72358 883252
724333 1453936
1019770 699673
977611 1151338
407820 1315330
686993 827718
1151354 1007198
1032936 1032821
686993 1068416
346019 821543
356092 513112
393538 1019448
271963 1191955
1019254 402702
1019448 769500
271963 748801
330214 1068416
72358 698418
760090 323754
330214 372139
1008023 1545810
932768 1151394
1194334 595852
811443 256043
351264 351503
348252 161877
724333 315848
724333 320290
1033040 845762
348252 22292
348252 1151394
1017955 1249766
351264 646686
166504 775836
686993 1019254
699673 867415
372947 820160
166504 441786
1008880 1258069
356092 1184206
264684 665765
167396 465757
506718 462598
729050 537781
535209 459417
1019448 834930
237395 1008880
837916 400601
407820 514927
393530 1151395
166504 900754
1250075 1478804
264684 79423
166504 943124
351264 509165
523117 729049
348252 344776
932768 1032935
932766 1191955
351264 1008023
166504 993044
733243 963102
330214 371745
407820 1191976
1032933 537781
1033040 931600
351264 585238
167396 791167
748801 1032821
166504 963381
724333 1047150
811443 1032414
346019 791167
330214 811443
932768 1068253
724333 1019770
166504 402940
1030308 732857
837916 280531
351264 585966
166504 519368
72358 792203
407820 1315513
393538 683484
407820 271322
724333 760090
504648 173396
506718 605993
372947 1029801
166504 943099
271963 1191974
348259 646582
932768 356092
1151341 393530
1017955 1017943
812058 1305206
1249766 846558
846558 773029
537781 108198
732787 166398
271963 1191514
773029 821854
372947 272082
1008023 1123497
1032945 748801
846558 1123563
372947 520628
760090 938949
885859 1378610
217464 1123564
932768 1032810
932768 1123575
1030308 1551276
393530 747305
724333 643614
760090 1019254
351264 859016
372947 1151355
1032414 1250070
330214 521512
346019 1032947
932768 1008023
351264 1068253
1032810 1068416
1008880 360924
348252 517334
72358 745554
330214 509165
837916 811443
1032935 1249624
1008907 348252
724333 1042316
271963 746244
351264 167151
1018444 729049
760090 1264428
72358 828591
811443 1078023
523117 1007172
724299 1464632
748801 829552
1008907 313546
393538 733285
72358 516106
504648 1304913
264684 826635
1201763 811443
811443 366208
773029 834930
72358 1225741
1030308 791167
1032935 1050084
348252 563529
1184084 1497409
1008907 468171
72358 781149
1123497 1123575
837916 393530
1032933 1551774
811443 905696
748801 1027093
351264 648059
686993 711379
748801 820320
348252 1123271
724333 1376697
351264 646411
523117 1385927
1017955 748801
351264 885859
724333 393538
1019770 1191977
166504 31289
167396 1032824
393530 346019
330214 513112
1305227 85725
351264 166858
1033031 1378610
345835 1264465
760090 932769
535209 66967
264684 1184190
372947 525775
733243 1017940
356092 1027093
977611 1029801
166504 993005
1151341 724333
356092 537781
724299 407820
977611 938949
977611 1151355
732787 826608
1019254 585966
166504 1031026
346019 510048
346019 79423
372947 150021
166504 254169
393530 699673
932769 1450230
1008880 535209
1018444 504648
72358 345522
468171 374612
330214 224594
167396 763346
1032945 382770
393530 89052
393538 506479
686993 426917
760090 724299
356092 1274751
932768 1029801
977611 1019255
724333 1466306
811443 748801
826616 1304913
760090 217464
1183744 1191341
393538 334979
509165 188477
1032945 729049
348252 583665
166504 402979
72358 605455
1032991 1017954
1017955 1019770
1018444 932769
264684 274726
537781 932766
1123572 1191955
166504 885452
345835 1264428
1017955 1032935
1008907 652026
167396 306082
407820 699673
351264 168053
1032810 535209
346019 925957
506718 506683
811443 595680
760090 1135235
729050 1032930
1032945 1551920
724333 977611
166504 28341
393530 702135
348259 1267261
1019770 1032933
167396 72358
72358 523649
932769 1184084
724333 1032928
724333 1466307
348259 882298
166504 386032
885859 1018404
1184084 1007128
351264 349301
1019770 686993
348252 1151356
351264 1269990
351264 169104
1008880 810230
686993 160464
166504 282663
468171 526285
1184084 885859
1030308 451060
1008880 323272
166504 973062
1032810 356092
724333 1323798
1017955 459497
351264 1032933
724333 1052578
1032945 1123497
729050 280531
1030308 271963
724333 1032935
506718 305422
724299 724086
506718 248903
351264 590781
372947 393538
826616 389053
1032828 264684
346019 1018456
932766 1123575
72358 539397
977611 811626
504648 1373279
351264 641026
1017955 341162
348252 164199
72358 1041997
506718 749137
372947 312933
72358 509165
468171 521512
932768 1008880
348252 774098
1008023 729050
506718 667090
1008907 1184084
348252 168857
345835 1264420
1151354 517334
811443 1093569
237395 1151396
1033031 1151363
167396 1032808
1018444 1548405
977611 750313
166504 567432
351264 1151395
1019254 827513
407820 201348
351264 556555
468171 938949
348252 22290
760090 932768
166504 171147
652026 1008891
724333 1255240
1019770 341162
166504 538242
1008907 1019448
468171 224594
351264 345522
264684 1184084
407820 565358
407820 208354
393538 729050
932769 1191955
846559 94386
506718 222486
393538 1078023
351264 1269989
393538 42780
348259 1117742
1008880 271963
468171 932768
372947 1052068
760090 407820
351264 1036425
330214 60686
523117 584851
348252 351603
468171 504356
72358 1277578
351264 585158
1008023 1478804
1032821 1258069
846558 1029801
760090 565358
271963 802172
393538 1305159
1305227 683230
885461 834931
811443 134361
393530 1033040
1008023 1123564
348252 673043
330214 1032935
748801 1033040
1008907 1497409
356092 942425
811443 174892
837916 346019
760090 927955
72358 1373898
72358 822489
351264 1171833
724299 330142
217464 1024036
760090 763346
724333 1051253
1008880 1007172
748801 746244
166504 517634
674998 1184207
468171 1151386
652026 879342
351264 584791
346019 1202794
791167 1007188
1008880 383229
1019770 482095
1194334 1008891
724333 1008880
748801 1250089
72358 449425
166504 127877
237395 1030308
724299 146675
885859 1017952
724299 511289
1032945 1191514
72358 764176
1032991 977611
346019 747305
811443 286871
1032945 977611
535209 396862
535209 738885
348259 1032933
523117 711162
351264 1019155
748801 1352002
1033040 746244
1032945 1184207
699673 305217
1183744 1065781
760090 743581
348252 1267131
811443 779037
351264 168042
1123497 1123563
346019 521658
699673 1376697
1030308 1151388
271963 827513
1032991 885859
1032945 72358
724333 724086
509165 1008891
837916 1030308
1032935 938949
271963 1191976
686993 821543
330214 1250089
393538 780739
166504 214251
1304570 1027093
1032933 1184206
1017955 1032936
686993 75946
1184084 1191954
167396 393538
346019 1033041
932766 1441089
264684 378521
372947 793053
1033031 826616
271963 515646
1032945 811443
72358 429321
523117 748801
407820 1315443
760090 1151395
330214 732857
1008880 1017952
1068253 1231805
523117 62164
348259 147508
811443 792998
811443 535209
811443 439628
504648 264681
760090 194495
773029 1032947
166504 1031095
977611 1539411
264684 674998
271963 957369
348259 48347
72358 563636
166504 993189
271963 1497962
348259 22290
346019 504417
927955 846558
468171 519989
72358 1190432
271963 407100
1008880 885859
271963 217464
1032935 509424
932766 777899
791167 1376697
1017955 1008880
927955 596900
1032935 846559
1032414 644413
407820 356092
811443 1123576
348252 938949
506718 354090
348252 1019875
237395 351603
1008907 977611
699673 1316490
351264 646582
351264 959290
811443 1056447
72358 1419240
729050 557696
674998 683076
346019 628629
506718 271322
237395 977611
72358 987094
330214 351264
1008023 156391
791167 1032946
977611 1151394
348259 168764
167396 537781
1032945 537781
351264 504356
237395 885461
166504 567430
330214 686993
348259 842371
932769 1032826
330214 271963
932769 1267351
167396 1032930
217464 1122992
351264 774413
760090 1151386
1033040 333740
1030308 1032823
932769 699673
791167 819138
351264 217464
811443 1032823
1018444 1267088
760090 1249766
1017955 407820
1032935 360924
237395 826635
166504 635024
264684 984108
348252 1032810
393538 784786
407820 337746
1032991 1007172
393538 1033031
535209 149734
351264 1269745
1032991 1385645
468171 1117536
1018444 753736
167396 596900
393538 459416
504648 789303
356092 1017941
1305227 269016
506718 122673
885859 1032464
724333 938834
372947 278381
346019 448632
330214 932766
932766 781149
729050 1033041
791167 1231805
724333 603494
1018444 780739
345835 851782
468171 1032936
724299 271416
1068253 826608
351264 1258069
977611 1065781
1030308 1032945
351264 291760
748801 465757
1032991 523183
1019770 1151388
732787 264684
1029801 1032866
348252 932766
393538 459457
932766 271322
932769 1465472
932766 1123572
1008880 1264428
468171 1351978
348252 585966
1033040 763346
724333 166598
345835 746244
837916 826616
1017955 504648
166504 375597
1033031 1018404
724299 1462754
1033031 1249624
506718 280590
166504 512754
760090 1183744
724333 1048929
346019 89052
372947 497022
791167 1018431
217464 785470
72358 1036573
506718 728849
932769 1032823
732787 1304570
811443 72298
811443 1018444
811443 537781
237395 665683
1008880 1008023
686993 405927
748801 280531
812058 1007172
699673 1151354
166504 1031007
977611 525792
167396 312933
535209 64128
748801 152522
977611 356092
346019 330142
393538 27121
1032935 674998
351264 1023332
1018404 1017943
345835 1263810
1184084 751718
468171 330214
348252 1008880
724333 885859
699673 161525
1032991 175398
1032821 175398
674998 441173
348252 834930
724333 732062
72358 1341416
348252 1031224
938949 752611
166504 519231
977611 645739
1151354 674998
166504 519230
724333 1345818
348252 517178
837916 1032943
1184084 883238
1008880 780739
1032936 1032945
523117 478848
1032935 523152
1184084 781149
372947 1144821
724333 269016
773029 312933
699673 1032464
724333 1315464
523117 150330
1017955 313242
773029 213291
724333 1033041
346019 1265068
345835 356092
760090 674998
348259 1008023
271963 885461
356092 826700
348252 646582
351264 1269941
674998 825297
167396 1032990
166504 538378
351264 778784
1032414 1078023
932766 740092
652026 544990
351264 352211
1184084 1052966
537781 417589
393530 382696
1033031 1351920
535209 1007172
237395 834931
724333 72358
1030308 1032947
351264 348767
348252 352210
72358 1279219
537781 211007
330214 1029801
1008880 509322
264684 264681
348252 834931
1032930 537781
351264 1065781
927955 217464
1201763 1017940
748801 87735
393538 346019
791167 504346
348252 1024832
351264 811443
1030308 780739
72358 351264
686993 26434
674998 313546
271963 1192001
732787 1032942
468171 1033031
1019448 989142
885461 763346
1017955 217464
1017955 274726
271963 443537
729049 256043
1033040 1151356
345835 1264430
217464 1065781
846558 356092
1032414 1151354
732787 1231805
699673 1184206
166504 171462
330214 1249766
1201763 1316501
1008880 337677
699673 1017943
537781 506029
1008023 224331
748801 1450230
724333 642908
724333 1123565
330214 1032826
468171 977611
351264 646132
724333 146675
1123572 885859
348252 885461
1032945 732787
393538 1123271
732787 1068416
729050 1467181
264684 932769
1019254 162099
509165 1191955
166504 87859
1017955 1250070
348259 162099
468171 1304570
348259 151835
977611 1123497
1030308 1551091
348252 1019254
885461 1151354
811443 282612
271963 1151395
760090 499599
811443 729051
351264 646729
760090 830456
346019 1249624
167396 746244
372947 835913
72358 750293
166504 973115
166504 519234
1032821 264855
167396 1032826
166504 1031068
1184084 571269
932768 1123576
1032935 1467181
811443 769500
351264 1185341
506718 1063163
271963 1191758
1033031 885461
330214 927955
699673 1123564
1032945 509165
351264 645706
237395 267348
468171 758885
932768 674998
271963 408130
1030308 1551139
351264 344776
1019770 1151354
167396 1032822
1194334 750313
523117 40977
237395 1151397
271963 1191956
938949 1530437
724333 1184084
506718 1151355
724333 747305
393530 826610
407820 938949
509165 383229
1019254 846558
760090 1250075
346019 931413
348259 774361
760090 1017955
523117 1032821
407820 271283
686993 782642
1019448 777899
812058 393782
348252 585972
811443 1215909
1151388 1031222
748801 1032946
729050 253646
1017955 1374336
760090 583665
773029 85725
1123497 1024036
1017955 773029
699673 1316454
885859 107914
167396 1033009
351264 793744
1304913 559245
506718 331257
393530 834930
72358 571269
330214 1151386
393530 1304570
760090 791884
348252 699673
1019770 162251
1032935 1032928
1032933 1267363
237395 760090
167396 1032935
506718 627978
166504 1013767
348252 345036
237395 256043
791167 932769
1008907 556772
271963 1191975
932769 537781
837916 504648
348252 645739
407820 1249653
348252 645849
885859 1007201
504648 512263
1032991 1032821
1019770 470633
348252 482349
760090 1018319
504648 1373327
1151354 885859
724333 1441346
506718 419231
652026 813729
351264 977611
1123497 1191706
729050 938949
977611 1123565
1030308 406413
506718 487656
724333 1379976
537781 389574
72358 515546
468171 374168
346019 190135
166504 381762
348252 345835
811443 346019
348252 1158488
72358 572105
504648 926563
348252 646891
1008880 928367
167396 1032830
504648 1123576
1030308 1032826
535209 1386925
1032945 1467756
468171 518690
237395 1151338
351264 780739
724333 504648
932766 1123497
1032930 1078023
1030308 356092
724299 337677
535209 223282
166504 332276
271963 1017940
729049 1032821
372947 241592
1032933 777899
167396 1032933
330214 841184
1008880 509165
732787 326941
791167 1027093
167396 1017979
237395 733243
733243 1032931
932769 556772
348259 641148
1017955 72358
468171 1351920
468171 164067
932769 277878
1032821 1385645
1030308 1194334
652026 85772
1032935 989142
674998 595680
837916 523117
1032945 812058
264684 312933
351264 334849
351264 312998
506718 540472
506718 728851
1017955 1017941
393530 1008023
167396 826616
1008907 1201763
167396 773029
407820 184274
393538 888019
504648 815341
760090 565296
393538 752611
72358 271322
1032821 1458581
330214 1017980
1032945 1078023
351264 404165
348252 348711
468171 866510
72358 1192851
348259 1034766
1032829 1250074
166504 108898
729049 729051
699673 1292771
237395 1032935
1032933 1376697
1008880 926305
348252 827578
264684 505285
372947 932769
1032935 1032810
393538 394141
468171 724299
846558 1008023
393530 826608
72358 208949
1008880 846559
372947 932768
506718 185384
1032828 537781
760090 1032936
348259 147396
837916 264684
729050 1442683
237395 1151355
166504 885423
760090 167396
1184084 1145033
932768 686993
166504 505370
537781 672245
372947 1269989
393538 927955
977611 1123271
330214 1019254
348252 393538
1030308 803161
348259 699673
271963 523183
166504 993116
271963 888879
1032933 1191954
351264 1123497
348252 1267261
72358 1019770
351264 1034039
885859 1458662
348252 349266
167396 1032809
372947 405842
72358 1316482
1032945 330214
506718 381812
523117 512268
773029 1019448
372947 1174311
1017955 1194334
346019 1265060
72358 1008023
977611 1019254
1032942 429605
468171 539103
351264 404162
351264 641144
1008880 1151393
506718 824732
468171 271963
885461 107533
166504 40088
271963 733247
348252 1249949
167396 1033011
356092 1080928
468171 506557
773029 620550
1032933 1191955
1030308 1018444
1032991 509165
351264 162035
1032991 729049
932769 885859
732787 821543
167396 1032414
724333 1151388
811443 290052
885461 1019255
724333 217464
271963 1018430
535209 932769
846559 1032933
932768 1123572
351264 585189
348252 312964
393538 523117
724333 616094
724333 348259
932768 1032806
773029 1033040
927955 1008023
1032991 1017940
1008880 1191976
748801 395672
1068253 182558
1008907 1032933
264684 1065157
724333 791167
504648 1305186
271963 1008023
348252 577027
167396 732787
885859 929030
167396 1019770
791167 1351920
733243 1192002
166504 519266
1032945 1123565
1019254 1151394
724299 513112
724333 1478803
351264 180822
356092 1032942
1032991 1017955
523117 504648
1249766 1250075
468171 587394
932768 583665
729050 1032928
837916 408130
271963 407770
346019 525888
351264 774454
356092 791167
351264 1024831
1008880 1191966
166504 993118
1183744 1151395
237395 938949
812058 731145
686993 724638
846558 1032829
393538 1291705
72358 1210150
271963 1032932
407820 1315317
932766 1151393
686993 410378
468171 746244
724333 469519
1184084 769500
1032933 1546050
724333 509165
372947 599441
1017955 812058
356092 1032823
724333 811162
1032414 1019254
348259 563820
1032935 741282
686993 501042
791167 642908
1017955 932768
1019770 608067
468171 1017979
348259 352127
166504 519364
166504 1031088
1008880 1546165
523117 1017940
330214 535209
1018444 513112
271963 1134108
927955 1250075
885859 1017940
674998 1184206
348252 932768
271963 1480705
506718 165299
1017955 763346
264684 1151395
351264 837790
271963 1582218
1123572 1032806
237395 519353
351264 678348
1017955 523117
523117 652026
1032935 351264
351264 1040571
1018444 1495337
509165 675246
346019 763346
732787 435753
1030308 1032991
932768 271963
167396 942425
1249766 1033031
271963 504648
166504 197178
393530 925541
372947 834930
393538 193398
699673 1316481
351264 305647
1123497 1289529
166504 550483
760090 509165
330214 932768
686993 753552
732787 1249924
732787 1467756
393538 534454
811443 791157
72358 883238
271963 932769
686993 845996
1194334 274726
1032933 1197717
1032945 1304913
237395 1029801
1030308 504648
699673 1007172
237395 1019255
167396 593829
1018444 506479
1030308 1017955
1032945 1378610
1123497 585966
72358 349268
166504 768754
977611 954557
351264 167965
167396 519989
1008907 1007201
372947 108206
506718 68366
393538 383104
724299 945331
237395 673539
72358 271963
724299 1032819
264684 1032933
652026 1052140
724333 846558
506718 271416
652026 315353
504648 286081
724333 420969
724333 1410916
1033031 1305206
393538 1304570
72358 597441
1032991 1316501
1032821 1551808
1032945 351264
748801 845698
1184084 1441346
348252 162251
393538 565358
1008880 282453
