569 821
5 0
1191954 8 1 1 6 6 14
1191955 12 1 1 4 6 14
334849 459 1 1 8 5 19
991242 35 1 0 8 6 17
641026 44 1 0 4 6 29
774151 13 1 1 4 5 28
168979 102 1 1 8 6 20
1183744 18 1 1 6 6 4
992282 19 1 1 4 5 28
859156 67 1 1 6 6 15
1027093 30 1 1 6 6 19
404504 15 1 0 4 5 26
167965 87 1 0 4 6 26
820268 28 1 0 4 6 16
314404 228 1 0 6 6 9
371748 162 1 1 6 6 21
351270 86 1 0 4 6 17
1269815 11 1 1 6 6 19
351264 298 1 0 1 6 14
346156 141 1 0 4 6 19
482349 23 0 0 4 6 22
505900 26 0 1 4 6 25
1024036 30 1 1 6 6 15
733243 14 1 0 6 5 15
986174 16 1 1 4 6 28
417842 154 1 0 7 6 16
616511 93 1 0 8 6 9
147508 96 1 1 4 6 18
1031224 52 1 1 6 6 14
565296 56 1 1 2 6 19
641072 38 1 0 4 6 29
1031222 33 1 0 6 6 13
774192 13 1 1 2 6 21
1548332 4 1 0 6 5 14
59452 81 1 1 6 6 16
517178 16 1 0 6 6 19
774196 8 1 0 4 5 23
532568 92 1 1 4 6 20
351319 68 1 0 6 6 10
351318 90 1 0 4 6 13
791642 27 1 0 2 6 23
161877 47 1 1 4 5 23
349266 81 1 0 4 6 16
791643 20 1 0 2 6 14
348252 181 1 0 6 6 13
348255 112 1 0 1 6 10
351327 21 1 0 8 6 15
298078 33 1 1 8 6 18
925781 27 1 1 4 6 28
1017940 66 1 1 4 6 14
914513 32 1 0 8 6 15
351320 116 1 0 2 6 7
646228 18 1 0 4 5 29
351323 221 1 0 0 6 11
348251 18 0 0 4 6 29
584791 24 1 0 2 6 20
348261 119 1 0 4 6 29
1548405 4 1 0 6 5 15
351328 45 1 0 4 6 15
348259 91 1 0 6 6 13
565358 9 1 0 9 6 15
168042 42 1 0 4 6 28
1017955 83 1 0 6 6 15
320616 116 1 0 6 6 18
751718 147 1 0 6 6 17
1017954 9 1 0 6 5 15
885859 52 0 0 6 6 14
1017952 25 1 0 6 6 16
349301 9 1 0 4 5 29
641144 42 1 1 4 6 29
168051 51 1 0 4 6 17
38002 129 1 1 2 6 19
1017979 11 1 0 1 6 16
641148 44 0 0 4 6 33
168053 197 1 0 4 6 29
1387618 14 1 0 6 6 25
242811 235 1 1 5 6 29
242809 170 1 0 2 6 29
601207 24 1 1 4 5 28
1457256 8 1 1 6 6 14
242812 67 1 0 4 6 26
191618 168 1 1 8 6 19
473220 53 1 1 2 6 19
505987 56 1 1 4 6 25
1036425 34 1 0 4 6 13
379029 30 0 0 4 6 30
1025182 21 1 0 4 6 26
169104 21 0 0 4 6 23
837790 14 1 1 6 6 22
169105 27 0 1 4 6 20
743581 85 1 1 2 6 19
695442 15 1 0 4 6 29
793744 7 0 1 4 6 22
668840 23 1 1 2 5 11
606380 34 1 1 2 6 15
662703 26 1 0 4 6 29
1269942 12 1 0 4 6 28
662700 15 1 0 4 6 30
1269941 6 1 0 1 6 20
351404 18 1 0 6 6 9
1030308 90 1 1 1 6 18
242861 498 1 0 6 6 17
341162 76 1 0 6 6 16
351413 249 1 0 6 6 13
1158305 11 1 0 4 6 23
597176 48 1 0 2 6 17
525498 35 1 0 0 6 13
1040571 29 1 0 2 5 16
351409 258 1 0 5 6 14
351408 24 1 1 4 5 29
827578 8 0 1 4 6 28
1123497 32 1 0 6 6 14
161976 108 1 0 4 6 29
674998 47 1 1 8 6 17
537781 38 1 1 6 6 19
586934 13 1 0 4 6 29
662735 33 1 0 4 6 29
161988 30 1 0 4 6 26
456897 78 1 0 9 6 17
560335 51 1 1 6 6 20
352460 45 1 1 4 5 16
417996 87 1 1 2 6 16
468171 120 1 0 6 6 15
1068253 23 1 0 6 6 14
517334 23 1 0 6 6 19
1032414 27 1 1 6 6 17
774361 40 1 0 2 6 21
372947 77 1 0 6 6 17
1108166 14 1 0 4 6 26
352466 90 1 1 4 6 28
1219784 7 1 1 6 6 17
784593 6 1 0 2 6 29
48347 107 1 0 4 6 26
345305 133 1 0 6 5 13
927955 33 1 0 6 6 13
1351920 5 1 1 6 6 17
1123572 26 1 0 6 6 18
585966 24 1 0 6 6 15
1123575 12 1 0 8 6 14
1123576 19 1 0 6 6 17
509165 39 1 1 6 6 15
386286 128 1 1 5 5 16
167151 55 0 0 2 6 20
48366 62 1 0 4 6 26
941311 20 1 0 2 6 29
162035 128 0 0 4 6 26
1269990 9 0 1 2 6 18
1269989 7 1 0 6 6 2
48376 18 1 0 4 6 26
352508 10 0 1 4 6 26
352510 32 1 1 4 6 25
585972 28 0 0 4 6 26
826608 8 1 0 6 6 14
48382 67 0 1 4 6 25
826610 7 1 0 9 5 19
1008880 96 1 1 6 6 16
646409 69 1 0 6 5 10
646411 26 1 0 4 6 29
1008907 39 1 1 6 5 16
774413 26 1 1 4 6 32
1194261 2 0 0 6 6 19
929030 20 1 1 6 6 48
407820 72 1 1 6 6 15
351503 18 0 0 4 6 26
533763 19 1 0 6 6 17
351497 105 1 0 4 6 26
761095 77 0 1 4 6 28
351496 137 1 0 4 6 26
351498 41 0 1 4 6 25
760090 104 1 0 2 6 16
699673 64 1 0 6 6 13
151825 47 1 1 4 6 22
586014 22 1 1 6 6 19
1032472 7 1 1 6 6 14
673043 42 1 1 4 6 23
151835 41 0 1 4 6 70
646418 18 1 0 2 6 20
182558 673 1 1 6 6 15
1019155 19 1 1 4 6 28
1032464 5 1 0 1 6 15
274726 110 1 1 6 6 17
575786 22 1 1 8 6 42
1270064 9 1 0 2 6 14
118054 93 1 0 4 6 30
1378610 6 1 0 6 6 16
791843 79 1 0 6 6 13
62768 379 1 0 6 6 18
7473 126 1 0 6 5 16
162099 96 1 1 4 6 28
1002814 14 1 0 4 5 32
1270050 3 1 0 4 6 30
586043 62 1 0 4 6 29
644413 18 1 0 1 6 13
501042 39 1 0 2 6 16
1052966 16 1 1 6 6 26
1052967 19 1 0 6 6 29
562480 18 1 0 4 6 27
393530 49 1 1 6 6 19
774454 22 1 0 4 6 29
1487191 3 1 0 6 5 18
563529 27 1 0 4 5 29
605512 10 1 1 4 5 29
403781 5 1 0 8 6 17
46403 449 1 1 1 6 29
393538 110 1 1 6 6 17
547148 48 1 1 2 6 11
1184084 41 1 1 6 6 14
1158488 29 1 0 4 6 27
1194334 18 1 0 6 5 15
957760 20 0 1 4 5 14
1441089 6 1 0 6 5 17
1270090 1 1 0 2 5 33
1232200 3 1 1 4 5 29
1270089 18 1 1 2 6 14
164191 47 1 0 4 6 22
586093 37 1 1 4 6 23
164199 20 1 1 4 6 19
724333 176 1 0 6 6 15
1249653 14 1 0 6 6 16
750957 55 1 1 6 6 16
1171833 6 1 0 8 6 12
989542 24 0 0 5 6 32
1151355 13 1 0 6 6 12
1023332 23 1 1 9 6 17
175465 70 1 0 2 6 20
1151354 25 1 1 2 6 15
586084 22 1 1 4 6 29
1151356 4 1 0 6 5 14
1027455 40 1 1 4 6 17
93557 119 1 0 8 6 26
351603 66 1 1 4 6 25
1019255 22 1 0 6 6 15
1019254 35 1 0 6 6 13
746865 32 1 1 2 6 14
79226 670 1 0 8 6 11
217464 35 1 1 6 6 14
1022324 4 1 0 4 6 19
834930 14 1 1 6 6 15
834931 9 1 0 6 6 16
787855 37 1 0 8 6 15
1267088 3 1 1 6 5 14
872840 13 1 0 2 6 9
179594 54 1 0 4 6 21
1551774 1 1 1 2 5 22
526721 70 1 0 6 6 14
332175 33 1 1 3 6 16
107914 308 1 0 6 6 19
1151388 22 1 1 6 6 18
344458 100 1 0 4 6 20
1068416 15 1 0 1 6 14
831901 39 1 0 2 6 20
585114 55 1 0 4 6 29
678297 8 1 0 4 5 29
1008023 32 1 1 6 6 12
334238 45 1 1 4 6 21
695714 19 1 1 4 5 28
1267131 2 1 1 6 6 14
824742 29 1 1 2 5 17
1291705 20 0 0 6 6 14
1376697 8 1 1 6 6 14
1151393 17 1 0 6 6 15
646584 44 1 0 4 6 29
646587 23 1 0 4 6 23
1151395 18 1 1 6 6 4
1151394 14 1 1 6 6 18
345522 56 1 0 4 6 11
646582 52 1 0 2 6 22
811443 92 1 1 6 6 17
1305042 7 1 0 6 5 17
646603 44 1 0 4 6 26
1034700 42 1 1 4 6 28
678348 85 1 1 4 6 28
780739 155 1 0 6 6 16
162251 224 1 1 4 6 22
671174 58 1 1 2 5 16
647620 46 1 0 4 6 29
585158 34 0 0 4 6 29
801219 27 1 1 6 6 16
162258 30 1 0 4 5 21
430551 8 0 0 4 6 26
646616 12 0 0 4 6 33
585178 29 1 1 4 6 28
1023452 16 1 1 4 6 19
162257 33 1 0 4 5 27
769500 29 0 0 6 6 19
162261 86 1 0 4 6 26
662995 17 1 0 4 5 26
430556 10 0 1 4 6 28
1184206 9 1 1 6 6 14
350693 79 1 1 2 6 22
1036782 7 0 0 4 6 26
208354 212 1 0 6 6 15
925164 65 1 1 4 6 38
330214 87 1 0 6 6 13
167396 122 1 0 6 6 17
264684 88 1 0 6 6 18
986598 10 1 0 4 6 30
305647 319 0 0 6 6 19
213487 139 1 1 8 6 19
351721 19 1 0 2 5 19
585189 90 1 1 4 6 28
828899 15 1 0 4 6 29
693754 15 0 1 4 6 28
1458662 4 1 0 1 6 14
1034748 5 1 0 4 6 19
1462754 12 1 1 6 6 18
1034747 5 1 0 4 6 26
1355234 7 1 1 6 6 15
647664 35 1 0 4 5 35
601609 31 1 0 3 6 16
1034766 11 0 0 4 6 26
556555 196 1 1 6 6 17
156161 203 1 1 8 6 16
506369 22 0 0 2 6 16
647694 32 1 0 4 5 29
577027 66 1 0 4 6 23
1267224 1 1 0 2 5 34
1025538 47 1 0 4 6 22
556551 47 1 1 6 6 17
146960 155 1 0 6 6 21
645658 24 0 0 4 6 22
1007131 8 1 0 6 6 19
1007130 7 1 0 2 6 14
87575 97 1 1 8 6 18
1134086 21 1 1 6 6 14
646686 41 1 0 2 6 29
550416 42 1 0 4 5 30
1024534 20 1 1 4 6 29
63003 458 1 0 8 6 20
504346 47 1 1 4 6 23
585238 32 1 1 4 5 28
348711 27 0 1 4 5 25
504356 33 1 1 6 6 18
1116729 9 1 1 6 5 15
1018405 11 1 0 6 6 13
778784 92 1 0 6 6 16
1018404 7 1 0 6 5 18
231983 112 1 0 4 6 17
920098 29 1 1 6 6 17
1267261 8 1 0 4 6 29
1185341 8 1 1 2 6 15
1018431 25 1 0 2 6 15
149046 51 0 1 4 6 18
513585 87 1 0 2 5 16
1019448 32 1 0 6 6 15
372287 70 1 1 1 6 17
1267247 3 1 1 4 6 21
1150511 6 1 0 2 5 16
1117742 10 0 1 4 5 28
646729 31 1 0 4 6 36
645705 36 1 0 4 6 23
1007183 13 1 0 1 6 16
1018444 34 1 1 6 6 16
645706 21 1 0 4 6 22
645711 25 1 0 4 6 22
1258069 13 1 0 6 6 13
1007172 19 1 0 1 6 21
404040 50 1 0 8 6 17
1036895 28 1 1 4 6 29
1007199 14 1 0 6 5 17
1007197 10 1 0 6 6 21
1267264 4 1 0 1 6 14
180822 82 1 1 2 5 26
348767 58 1 0 4 6 30
783953 5 1 0 8 5 11
1007188 61 1 0 6 6 14
646738 20 1 0 4 6 23
271963 136 1 0 6 6 15
645739 5 1 0 2 6 14
45667 200 1 1 9 6 17
808559 31 1 0 8 5 18
1527412 6 1 1 4 6 83
563820 20 1 0 4 5 27
1032810 36 1 1 6 6 17
348771 59 0 0 4 6 30
1032809 20 1 1 5 6 18
1032808 5 1 0 6 6 13
1032807 17 1 1 6 6 14
1032806 14 1 1 6 6 15
404079 20 1 1 4 6 25
1007201 7 1 0 6 5 24
926305 69 0 0 2 6 20
163440 76 1 0 2 6 16
1316454 4 1 0 6 6 18
791167 51 0 0 6 6 15
1032828 9 1 0 6 5 13
882298 13 1 1 0 6 30
732787 46 1 1 1 6 16
791157 101 1 1 8 6 13
1032821 25 1 0 1 6 18
147064 570 1 0 4 6 18
1032819 14 1 0 6 6 18
312964 114 0 1 4 5 25
147074 24 1 0 2 5 15
147072 197 1 0 3 6 26
1267351 6 1 1 6 6 14
507523 78 1 0 2 6 23
1267350 13 1 0 1 6 14
1197717 12 1 0 6 6 17
615041 85 0 1 6 6 10
36491 56 1 0 0 6 14
1249949 5 1 1 2 6 15
646790 4 1 0 2 6 22
842371 11 0 1 4 6 25
348821 31 1 0 4 6 30
584344 61 1 0 4 6 27
584345 6 0 0 4 5 27
1135235 12 1 1 6 6 14
348818 46 0 0 4 6 30
1316490 7 1 0 6 5 15
777899 39 1 0 6 6 17
535209 50 1 1 6 6 14
312998 52 0 0 4 6 29
1029801 23 0 1 6 6 29
72358 132 0 1 4 6 16
672429 46 1 1 2 6 33
1157820 20 1 1 4 6 27
1267363 2 1 1 6 5 16
1267361 3 1 1 1 5 14
87736 132 1 0 4 5 41
676532 49 1 0 6 6 10
676533 56 1 0 6 5 10
166589 118 1 0 4 6 23
404164 14 1 0 4 5 26
404165 91 1 0 4 6 29
1240785 5 1 1 6 6 26
404162 70 1 0 4 6 29
977611 72 1 0 1 6 17
344780 65 1 0 4 6 26
344776 81 1 0 4 6 29
645849 27 1 0 4 6 26
846559 18 1 0 6 6 15
344784 40 1 0 4 6 29
645855 30 0 0 4 6 29
885461 24 1 1 6 6 16
1057480 5 1 1 1 6 13
284389 154 1 0 3 6 26
646891 74 1 0 4 6 26
750313 21 1 0 4 6 14
312033 36 1 0 4 6 29
433888 101 0 0 2 6 23
1032936 24 1 0 7 5 14
1032935 74 1 1 6 6 26
1032933 41 1 1 2 6 15
1032932 8 1 0 6 5 15
345835 41 1 0 6 5 15
785125 7 1 0 7 6 15
161525 53 1 0 6 6 15
551679 23 1 0 4 6 30
344818 32 1 0 4 6 27
356092 57 1 0 6 6 14
1267433 1 1 0 2 6 40
1267432 17 1 1 4 6 18
1111789 26 1 1 4 6 19
1032946 19 1 0 6 6 15
1032945 63 1 0 1 6 20
503557 137 1 0 2 6 11
1250070 13 1 0 6 6 14
130822 157 1 0 2 6 18
1032991 48 1 0 6 5 17
1032990 17 1 0 2 6 17
22290 38 1 1 4 5 25
353041 140 1 0 8 5 15
22292 146 1 1 1 6 21
563997 127 1 0 6 6 17
779038 40 1 1 6 6 14
1269512 10 1 0 4 5 29
528172 23 1 0 4 6 18
1065781 17 1 1 6 6 12
172836 199 1 1 6 6 20
431904 40 1 0 6 5 15
670522 27 1 0 4 6 26
1024831 51 1 1 4 6 19
959290 15 1 0 4 5 31
1034039 19 1 1 4 6 19
168760 34 1 1 4 5 28
168764 15 0 0 6 5 29
58183 146 1 0 7 6 10
1033031 40 1 0 1 6 20
404303 61 1 0 4 6 29
1024833 12 1 0 4 6 19
1024832 13 1 1 4 6 19
504648 40 1 1 6 6 14
237395 87 1 0 6 6 15
431958 16 1 0 4 6 16
642908 120 1 1 6 6 12
1546050 4 1 0 6 5 16
642911 48 1 1 6 6 15
751453 111 1 1 6 6 20
1024852 16 1 1 4 6 29
938834 75 1 1 6 6 11
1033040 27 1 0 6 6 16
988010 9 1 1 4 6 35
1018729 54 1 1 4 6 28
917345 3 1 1 2 5 38
1134433 5 1 0 6 6 12
648059 36 1 0 4 6 29
891769 53 1 1 6 6 16
1019770 41 1 0 1 6 14
642940 19 1 0 6 6 14
352127 28 1 0 4 5 29
1033072 18 1 0 4 6 37
374661 148 1 1 6 6 16
161665 41 0 0 4 6 30
161671 77 1 0 6 6 16
859016 9 0 1 3 6 23
571269 156 1 0 4 6 16
932766 44 1 1 6 6 12
671640 23 1 1 4 6 37
1274752 9 1 1 6 6 14
404373 41 1 1 4 6 28
80789 270 1 1 4 6 15
1034136 6 1 0 4 6 13
168857 29 1 0 4 5 29
686993 61 1 1 2 6 16
280472 45 1 0 6 6 29
642964 84 1 1 6 6 21
1059726 20 1 0 4 6 27
346019 87 1 0 6 6 15
592815 15 1 1 6 6 17
352173 32 1 0 4 6 17
446382 9 1 0 2 6 19
779170 18 1 0 6 6 21
593829 65 1 1 6 6 20
773029 37 1 1 6 6 20
932768 62 1 1 6 6 14
647079 6 1 0 4 6 25
352170 36 1 1 2 6 29
932769 44 1 1 6 6 14
1231805 9 1 0 6 6 22
291760 43 1 0 4 6 40
590781 18 0 0 4 6 29
167874 47 1 0 4 6 29
390080 14 1 1 4 5 28
147396 93 1 0 4 6 29
166858 68 1 0 4 6 33
345036 90 1 1 4 5 28
1158107 25 1 0 4 6 28
938949 25 1 0 1 6 15
819138 67 1 0 8 6 22
662490 62 1 1 4 6 28
729051 17 1 0 6 6 17
1123271 20 1 0 2 6 14
352211 61 1 0 4 6 23
352210 73 1 0 4 5 16
774098 46 1 0 4 6 29
989142 18 1 1 6 6 13
347103 20 1 0 4 5 29
774096 20 1 0 4 5 29
351198 76 1 0 4 6 13
89052 85 1 1 6 6 15
1034194 11 1 0 4 6 12
774101 30 1 0 4 6 29
1269745 7 1 0 6 6 9
774125 16 1 0 4 5 27
1037288 10 0 0 4 6 29
752611 58 1 1 6 6 17
113642 225 1 1 6 6 17
1019875 12 1 1 4 5 25
370666 21 0 1 2 6 17
830456 132 1 1 6 6 15
695294 3 1 1 8 6 16
347120 70 1 0 4 6 26
583665 23 1 1 2 6 14
349177 65 1 1 4 6 23
646133 28 1 0 4 6 29
646132 26 1 0 4 6 29
352251 19 1 0 4 5 22
646135 57 1 0 4 6 19
1032933 777899
351264 513585
351264 504356
585158 351409
348252 1267131
791167 1032806
351264 641072
351264 556555
351264 1249653
348259 348771
791167 791157
482349 783953
348259 563997
351264 1171833
351264 501042
348252 22290
348259 344818
348252 482349
791167 356092
1032933 1032935
351264 320616
161665 525498
348252 348711
348252 645739
348252 1267433
351264 1032821
351264 760090
351264 372287
351264 837790
885859 1017940
351264 347120
351264 1018431
482349 352210
585158 147064
1019448 791167
791167 264684
351264 645711
351264 237395
351264 641144
351264 330214
351264 642911
351264 433888
885859 674998
161665 914513
351264 1032806
482349 784593
1032933 1008907
1019448 769500
1032933 351264
885859 699673
351264 332175
1032933 750313
348252 1024534
348252 393530
351264 1017952
791167 1017955
1032933 1032808
585158 1022324
585158 646582
791167 1032946
348252 932769
161665 348255
351264 351503
351264 1269989
1032933 1291705
1032933 1019770
351264 1158107
351264 1034700
348252 774151
351264 774125
1019448 509165
791167 371748
351264 1032810
1019448 1008907
351264 1151393
348252 1017952
348252 1019875
1032933 1191954
351264 646738
351264 312998
348259 1027093
348252 925781
885859 1007131
348259 1267261
885859 1007197
161665 284389
348252 72358
348259 586084
351264 305647
351264 482349
351264 1018729
348259 724333
351264 167396
348252 312964
351264 164191
351264 431904
351264 1024534
351264 1052966
348252 352510
885859 1008880
351264 535209
348252 1267350
348252 168857
348252 1029801
348252 693754
348252 1024852
351264 167965
351264 344784
351264 167151
482349 785125
885859 348259
348252 647664
791167 826610
585158 473220
351264 1250070
348252 349266
351264 161988
348252 352127
351264 769500
348252 351496
885859 1018404
351264 774151
348252 1267261
348252 162099
885859 1032464
885859 532568
351264 1123576
351264 780739
885859 1441089
348252 641144
1032933 1546050
351264 87736
348259 1008880
351264 773029
348259 162099
348252 1036782
791167 1548405
348259 349177
351264 646411
351264 506369
348252 992282
348252 1123271
351264 646584
348259 563820
348252 1151355
348252 403781
348259 1032414
1019448 1052966
348252 1024832
351264 1034039
348252 563529
348252 505987
348252 1267264
351264 1023332
351264 1034194
351264 1183744
351264 733243
1032933 1249653
351264 641026
348252 351264
348252 348771
348252 686993
351264 1151394
348259 48382
351264 407820
351264 670522
351264 926305
791167 819138
351264 1019155
351264 774096
791167 593829
161665 1487191
348252 585158
351264 231983
161665 7473
348252 352460
348252 1008880
885859 1184206
351264 1019770
791167 80789
351264 957760
1032933 846559
1032933 1194261
351264 48376
348259 1036782
351264 827578
791167 1032933
351264 585966
348252 1032933
585158 507523
348259 647664
348252 1267361
885859 1458662
348259 147396
585158 585178
885859 791843
351264 793744
348252 662490
348252 1032936
161665 62768
791167 1376697
161665 986174
348252 932768
791167 1027093
351264 686993
348252 161671
351264 166858
348259 161877
351264 344458
348259 351496
348259 1030308
161665 820268
348259 646891
351264 349177
348259 828899
348252 271963
348252 1008907
351264 550416
351264 646603
351264 404162
348252 885859
348252 22292
351264 1032472
351264 351497
482349 586014
348252 1068416
348252 162251
348252 237395
348252 1002814
348252 162035
348259 1024852
1019448 348259
885859 1017952
348259 1267131
351264 503557
1019448 834930
791167 760090
351264 147396
348252 351320
1019448 932768
585158 791642
348252 646891
348259 147508
348252 605512
351264 1002814
348252 352210
351264 46403
1019448 1462754
161665 676532
351264 370666
885859 1457256
348252 1116729
351264 646228
161665 585189
348252 732787
351264 646133
351264 645658
1019448 372947
351264 1032819
351264 164199
1032933 1123575
351264 699673
885859 1387618
348252 166589
885859 1316454
348252 164199
348252 351498
351264 345036
1032933 1123572
351264 646132
348259 430556
348252 1151356
351264 63003
348259 992282
351264 774454
482349 314404
351264 348767
351264 345522
161665 372287
351264 167874
585158 242812
348252 1032414
161665 601207
351264 647620
351264 1258069
348252 859156
791167 732787
351264 1008023
161665 58183
161665 676533
1019448 571269
351264 882298
348252 1150511
161665 662490
348252 344780
351264 774413
791167 1351920
348259 237395
348259 298078
348252 1194334
351264 312964
351264 560335
348259 1019770
585158 351404
585158 348255
348259 348818
348252 372947
885859 504648
348259 352170
351264 349301
351264 647694
348252 646587
351264 162258
1032933 917345
348252 48382
348252 161976
585158 872840
348252 352508
1032933 1197717
348259 1151388
348252 349177
348252 390080
351264 678348
351264 1033040
351264 161671
1019448 932766
791167 932769
351264 585158
791167 1068253
585158 1355234
348259 585158
348252 1024036
161665 147072
791167 393538
1032933 348259
348252 779170
351264 1029801
351264 509165
348252 1158488
351264 774361
1032933 1184084
351264 1269815
791167 1032810
351264 163440
351264 556551
885859 929030
791167 167396
348252 646582
348252 834930
885859 1151354
348259 1032935
351264 992282
348252 760090
585158 1527412
1032933 932768
348259 977611
585158 925781
351264 834930
585158 168051
1032933 1267363
351264 989542
1032933 1267350
351264 1270089
348259 168764
348252 674998
348252 547148
351264 1269990
351264 925781
351264 668840
351264 1269942
348252 1037288
885859 1017954
351264 1032945
482349 584344
351264 242811
351264 646686
348259 168760
348259 404040
348252 648059
791167 642964
348259 1117742
348252 695714
585158 351270
351264 162035
1019448 393538
348252 927955
791167 468171
348252 834931
351264 590781
351264 746865
348252 38002
482349 601609
351264 1027455
348259 1034766
351264 585189
791167 1018444
161665 456897
348252 828899
885859 760090
351264 646891
348259 641148
348252 1232200
348252 1065781
348259 352210
885859 1548332
351264 1065781
348259 989142
348259 505987
348252 938834
585158 48366
1019448 751718
348252 565358
348252 1030308
348252 345036
351264 646409
482349 431958
351264 565296
791167 826608
585158 351318
348259 699673
348252 242809
1032933 537781
161665 353041
348259 22292
791167 925164
348259 1158488
348259 678348
351264 1191954
348252 774098
351264 695714
351264 774192
351264 1037288
161665 352173
351264 1185341
351264 1032414
351264 1034747
351264 779170
348252 1135235
351264 1040571
348259 842371
351264 1052967
351264 161525
351264 647664
351264 646790
348259 1008023
348259 1019254
482349 1108166
351264 168053
161665 386286
585158 168979
351264 1269941
161665 586093
348252 678348
791167 1030308
1019448 1032933
1032933 1376697
791167 504346
351264 175465
791167 87575
348259 1037288
348252 831901
791167 642908
1019448 699673
791167 1032932
351264 1024831
348252 162261
351264 417996
1019448 989142
348252 352170
351264 348771
348259 885461
351264 351721
1032933 1274752
1019448 1032935
348252 743581
351264 528172
351264 585114
348252 1019255
1032933 264684
348252 1267363
351264 585238
1019448 773029
348252 773029
348252 724333
1019448 891769
348252 699673
791167 89052
351264 729051
1032933 1250070
348252 169105
885859 644413
351264 1157820
351264 1018444
351264 859016
351264 645706
1019448 537781
351264 1036895
348259 161988
351264 584345
885859 1007183
351264 1034136
348259 517334
351264 932768
351264 1034748
348259 348821
351264 678297
351264 695442
1019448 977611
348259 1023452
348252 1032828
348252 393538
351264 291760
351264 885859
351264 1032809
351264 334849
351264 586084
348252 1034766
351264 662703
348259 151825
351264 645849
351264 551679
351264 646616
348259 646582
348252 298078
161665 351327
348252 642908
351264 801219
351264 648059
348252 791167
351264 404164
885859 1057480
1019448 752611
351264 577027
351264 1036425
348252 348259
351264 1270090
348252 1267088
348252 585966
348259 352510
348259 356092
885859 1316490
351264 348251
885859 1007201
348252 1032991
348259 162261
482349 348259
351264 468171
351264 1059726
885859 724333
585158 585114
348252 932766
482349 58183
348252 827578
791167 592815
1032933 932769
885859 1123572
585158 1033072
348259 882298
351264 344776
348259 509165
348252 1267351
351264 774098
348252 606380
351264 242861
348252 1151394
585158 348261
348259 1019255
885859 1378610
585158 242861
348252 149046
351264 751453
161665 351496
348252 885461
1032933 167396
161665 113642
885859 161525
1019448 161665
348252 151825
351264 208354
348252 407820
351264 646582
1019448 824742
351264 586043
348252 1267247
791167 1231805
348259 164199
351264 1017955
585158 647079
1032933 271963
161665 351264
348252 1019770
1019448 774098
351264 393530
348259 48347
885859 1018405
348252 1267432
348252 1134086
585158 147396
885859 1376697
1019448 724333
351264 446382
348252 673043
351264 646418
885859 932769
348252 585972
1019448 1184084
351264 662995
351264 1023452
348259 645739
351264 646135
348252 356092
351264 774101
791167 1032990
161665 351328
348252 430556
351264 1007131
351264 404303
885859 1184084
585158 1270050
348252 977611
351264 779038
351264 130822
351264 1151395
585158 505987
351264 1008880
348259 352127
791167 563997
482349 404373
348252 45667
351264 404504
348259 837790
351264 374661
351264 1269745
348252 846559
348252 348821
482349 79226
351264 645705
348259 1267264
348252 1032935
351264 1158305
482349 345305
348252 586084
161665 146960
161665 213487
1032933 1032806
348252 517178
351264 1123497
348252 161877
348252 1017955
351264 312033
351264 430551
1032933 1184206
1032933 760090
348259 151835
351264 404373
585158 351198
351264 179594
348259 1002814
348252 1032819
1032933 674998
351264 379029
351264 59452
348259 1267247
791167 1017979
351264 1219784
885859 1305042
348259 563529
348252 646729
791167 274726
482349 351319
348252 1023452
885859 1274752
351264 1270064
791167 1019255
351264 1068253
791167 346019
351264 334238
348252 1123497
885859 932766
351264 1123572
1032933 1191955
351264 671640
351264 672429
351264 597176
885859 407820
161665 79226
585158 1025182
348252 168760
885859 107914
885859 1032991
791167 182558
351264 217464
351264 168042
351264 1134433
1032933 1123271
351264 662735
885859 1031222
351264 1017940
351264 778784
351264 72358
351264 695294
161665 787855
348252 577027
351264 404165
351264 646587
348252 505900
351264 271963
348252 352466
351264 344780
161665 242809
351264 927955
351264 347103
348259 344780
348252 830456
885859 1032819
351264 811443
351264 959290
351264 1269512
1032933 1551774
351264 352251
348259 330214
351264 1024833
482349 808559
161665 351323
351264 350693
351264 1033031
348252 583665
885859 1007130
351264 1024832
1032933 1032807
348252 1023332
351264 404079
348252 147396
348252 517334
161665 616511
348259 774151
351264 118054
351264 1025538
351264 750957
351264 169104
351264 761095
351264 920098
351264 346156
351264 932769
351264 774196
351264 1032935
1019448 264684
161665 348252
351264 584791
348259 1267224
351264 348818
351264 93557
351264 533763
348259 774361
351264 615041
348259 22290
351264 417842
348252 1249653
348259 1019875
791167 161525
348259 562480
351264 642940
351264 646729
351264 791643
1019448 777899
1019448 1151394
351264 977611
885859 1191954
348252 351603
348252 1249949
348259 191618
348252 645849
791167 1018431
348252 330214
351264 991242
351264 1032991
351264 645855
351264 988010
885859 156161
351264 162257
348252 280472
482349 352251
348252 1032810
791167 724333
351264 172836
348259 271963
348252 345835
161665 1111789
348252 344776
348252 938949
348252 1031224
161665 941311
348252 565296
351264 671174
348252 1117742
161665 162251
351264 180822
585158 586934
482349 36491
351264 662700
348252 1019254
791167 1007188
348252 351408
351264 724333
351264 1240785
161665 162099
791167 341162
348259 1024832
351264 986598
351264 575786
161665 351413
351264 352211
351264 732787
482349 147074
482349 526721
791167 504356
351264 352210
351264 641148
1019448 348252
885859 1007199
885859 1007172
