2008 2030
5 0
602123 45 0 0 8 6 19
1302544 6 1 1 2 6 34
364547 38 1 1 2 6 26
102411 87 0 1 4 6 25
225289 31 1 0 8 6 17
778265 4 1 0 2 5 16
815131 16 1 0 8 6 17
987155 7 1 0 1 5 18
356377 15 0 1 2 6 23
815120 25 1 0 8 6 17
32801 94 1 1 1 6 18
274470 138 1 0 2 6 19
1212464 6 0 0 2 6 36
155686 69 1 0 2 6 28
901163 27 1 1 6 6 33
131108 58 1 0 1 5 17
962598 6 1 0 9 6 28
815140 30 1 0 8 6 17
32813 104 1 0 3 6 22
815138 20 1 0 8 6 19
1548344 3 1 0 2 5 37
1171492 9 0 0 8 6 30
1134628 7 1 0 2 6 25
397363 57 1 0 3 6 21
90167 46 1 0 2 6 33
716848 12 0 0 2 6 35
1548373 1 1 0 2 6 36
1323091 1 1 0 5 6 29
266317 60 1 0 6 6 22
118865 89 1 0 3 6 20
1454148 2 1 0 1 6 39
970845 9 1 0 1 5 17
512084 45 1 1 8 6 20
868441 13 1 0 2 6 24
458834 19 1 0 2 6 18
49238 71 1 0 1 6 39
319571 6 1 0 1 6 17
69718 26 1 0 3 6 22
1548365 1 0 0 2 6 37
1601607 3 1 1 2 6 33
262244 7 1 0 6 6 25
237667 41 0 0 3 6 20
1302640 2 1 0 2 6 36
426085 105 1 0 8 6 16
237670 22 0 0 3 6 20
835690 33 1 1 8 6 16
782434 9 1 0 1 6 37
815200 70 1 0 8 6 15
303209 68 0 0 3 6 23
364648 35 1 0 2 6 24
4206 69 0 0 0 6 22
147565 23 0 0 4 6 16
176246 44 0 0 3 6 26
1118311 16 1 1 4 6 30
385138 8 1 0 2 6 21
753778 39 1 0 8 6 19
1548397 1 1 0 2 6 37
1314926 2 1 1 2 5 17
1548393 2 1 0 2 5 37
299140 67 1 0 2 6 23
258178 47 1 0 1 6 16
1290385 11 1 0 8 6 15
671874 22 0 0 8 6 19
467086 67 1 0 1 6 30
1142936 6 1 0 4 6 33
831623 36 1 0 2 6 15
364680 96 1 0 3 6 25
1302686 9 1 1 2 6 33
106639 73 1 0 7 6 21
589959 4 1 0 1 6 27
725124 25 0 0 2 6 36
176269 75 1 1 5 6 40
1208449 5 1 1 5 6 23
1548419 1 1 0 2 6 37
184471 26 0 0 2 6 18
458897 11 1 0 1 6 18
602281 21 1 1 3 6 22
258209 67 1 0 3 6 23
209056 71 1 0 8 6 29
368803 78 1 1 8 6 18
385197 57 1 0 2 5 18
868517 1 0 0 2 6 37
917670 26 0 1 6 6 24
1548475 3 1 0 2 6 37
49325 245 1 0 2 6 19
1298621 10 1 0 2 6 37
512169 19 1 0 8 6 21
1286332 12 1 0 1 5 44
20656 61 1 1 2 6 30
110768 83 1 0 3 6 18
1302688 5 1 1 2 6 38
889017 4 1 0 1 5 18
1523875 2 0 0 2 6 37
254135 493 1 1 4 6 16
1142949 36 1 1 8 6 13
561342 30 1 0 2 6 25
1548501 1 0 0 2 6 36
209094 11 0 1 6 6 16
573645 11 1 1 2 6 30
1024199 2 0 0 2 5 36
1548511 1 1 0 2 5 37
1548510 1 1 0 2 6 37
1548509 1 1 0 2 6 37
934085 26 1 1 5 6 31
1302748 6 1 1 2 6 37
270539 30 1 1 6 5 18
893145 3 1 0 1 5 17
331987 27 1 0 2 5 21
344287 23 1 0 1 6 48
786647 35 0 0 6 6 22
123098 17 0 0 3 6 29
127194 43 1 0 3 6 24
1437902 5 0 0 2 6 40
1315023 2 1 0 1 5 28
843984 10 0 1 1 6 41
827602 3 1 0 1 6 21
1126607 4 1 0 2 6 36
291035 34 0 0 9 6 18
123105 63 0 1 3 6 23
520422 46 0 1 4 6 31
1102066 95 1 0 2 5 22
1315063 2 0 0 6 6 19
688366 12 0 0 2 6 36
626925 35 1 1 8 6 18
213222 83 1 1 6 6 30
1548528 1 0 0 2 6 37
147688 30 1 0 2 5 19
1548540 1 0 0 2 6 37
164073 78 0 0 8 6 18
651490 7 1 0 8 6 18
1548539 4 1 0 2 6 37
483560 34 0 0 3 6 21
512232 64 1 0 8 6 17
1548519 1 1 0 2 5 37
1548518 1 1 0 2 5 37
1548517 1 1 0 2 5 37
311543 28 1 0 2 6 18
602362 20 1 1 1 6 17
1548515 1 1 0 2 5 37
1548514 1 1 0 2 5 36
159988 106 1 0 8 6 19
573694 14 0 1 1 6 29
1548513 1 1 0 2 5 37
930041 24 1 0 1 6 49
1548512 1 1 0 2 5 36
1548527 3 1 0 2 5 37
1548526 2 0 0 2 6 41
1548525 1 1 0 2 5 37
463100 94 1 1 5 6 29
1548524 1 1 0 2 5 37
155903 81 1 1 3 6 31
1548522 1 1 0 2 5 37
1548521 1 1 0 2 5 37
1548520 1 1 0 2 5 37
495879 16 0 1 2 6 24
139520 46 1 0 5 6 25
934156 15 1 1 2 6 25
835855 4 0 1 1 6 42
700675 32 1 0 1 6 16
991515 23 1 0 3 6 21
241947 41 0 0 1 6 16
626967 83 1 0 2 6 17
872722 7 1 0 2 6 37
897325 5 1 0 2 6 16
987438 4 1 0 1 5 15
631082 53 1 1 5 6 26
573739 55 1 1 1 6 41
225575 18 0 0 0 6 38
524589 51 1 1 8 6 22
1143094 26 1 0 5 6 29
925990 26 1 0 4 6 14
487724 68 0 1 8 6 22
512300 23 1 0 8 6 19
188722 33 0 0 2 6 29
1302817 4 1 1 2 6 38
53556 82 0 0 4 6 23
1302821 6 1 1 2 6 33
753980 21 1 0 2 6 18
123197 60 1 0 0 6 20
389432 28 1 0 1 6 16
987462 4 1 0 1 6 19
37193 381 1 1 8 6 19
385354 47 0 1 2 6 30
434519 17 0 0 2 6 29
360791 6 0 0 9 6 21
356694 38 0 0 3 6 22
598365 15 1 0 1 6 37
987480 3 1 0 1 5 19
987479 4 1 0 1 5 18
1491278 4 0 0 8 6 30
487769 8 1 0 1 5 17
123231 115 0 0 8 6 22
377189 15 0 0 3 6 23
205165 31 1 0 2 6 37
57711 40 1 0 2 6 21
459126 18 1 0 8 6 16
471408 14 1 0 1 6 19
459132 157 1 1 8 6 13
729462 47 1 0 2 6 20
819569 6 1 1 1 6 25
819570 2 1 1 7 6 26
868723 6 0 0 2 6 36
819571 33 0 1 2 6 37
82309 29 0 1 1 6 22
364929 51 0 0 6 6 22
197003 29 0 1 2 6 31
819590 11 0 1 8 6 26
655745 20 0 1 1 6 29
688539 8 1 0 1 5 17
819614 6 0 1 4 6 31
987547 5 1 0 1 5 17
987546 3 1 0 1 5 18
856474 31 1 0 2 6 30
754065 94 1 0 8 6 16
520604 72 1 1 6 6 25
520603 57 1 1 6 6 20
319897 38 0 0 2 6 32
512409 30 1 1 8 6 16
557462 114 1 0 8 6 15
197027 24 0 1 2 6 28
758191 32 1 0 2 6 16
766382 40 1 0 2 6 24
1515966 5 1 0 2 6 24
57769 26 1 0 1 6 45
364975 187 1 0 1 5 19
41387 69 0 0 3 6 23
819616 2 0 1 2 6 26
819617 17 0 0 2 6 22
254381 14 1 0 4 6 17
287147 38 1 0 7 6 19
987583 10 1 0 1 6 18
569785 33 0 0 1 6 18
459188 53 1 0 8 6 15
799160 2 0 1 6 5 26
1335713 10 1 1 6 6 34
688573 10 1 0 2 6 33
324028 53 1 1 6 6 27
119225 12 0 0 0 6 38
4537 547 1 1 1 6 26
831927 29 1 1 1 6 18
459194 15 1 1 4 6 15
508365 150 1 1 8 6 18
1212892 5 0 1 6 6 34
311754 31 1 0 2 6 19
102865 45 1 0 2 6 18
954846 6 1 0 2 5 19
61904 74 0 1 2 6 32
192977 42 1 0 3 6 21
328147 101 0 1 2 6 21
246228 58 1 0 2 6 17
766419 29 0 0 6 6 26
463325 5 0 0 2 5 19
438749 70 1 0 6 6 24
496090 33 0 0 6 6 27
29151 44 0 0 4 6 16
803308 6 1 0 2 6 37
188897 44 1 0 3 6 22
430560 22 1 0 2 6 17
471521 16 1 0 1 5 18
1466865 2 1 0 2 6 37
979430 91 1 0 2 5 22
139754 41 1 0 2 6 26
373228 24 1 0 4 6 32
467437 37 0 0 7 6 30
299502 134 1 0 8 6 17
459255 44 1 0 8 6 15
987646 5 0 0 1 6 18
1360358 5 1 0 1 5 37
483826 26 0 0 7 6 18
881144 10 0 0 2 6 36
512497 17 0 1 1 6 35
45562 36 0 1 2 6 32
344569 23 0 0 3 6 21
557556 2 1 0 2 5 37
221695 64 1 1 0 6 25
459257 30 1 1 8 5 17
610806 9 1 0 2 6 37
524808 20 1 0 2 5 16
938502 10 1 0 2 5 15
295439 96 1 0 4 6 27
262664 61 1 0 2 6 32
262665 15 1 0 2 6 37
758276 31 1 0 2 5 19
1425925 10 1 0 1 6 33
786969 19 0 0 6 6 25
598544 17 0 1 2 6 33
672278 15 1 0 1 6 19
1221134 5 1 0 8 6 17
1352201 3 1 0 2 5 37
1131060 18 1 0 6 6 28
934438 42 1 0 7 6 21
57896 191 1 1 2 6 20
1090106 83 1 0 2 5 22
643621 11 1 0 3 5 27
1249854 6 1 0 5 6 40
33325 114 1 1 6 6 35
225842 14 0 0 8 6 34
344631 28 1 0 2 6 20
90677 102 0 0 7 6 20
324144 51 0 0 6 6 26
938555 4 1 0 2 5 15
283186 8 0 0 0 6 17
41528 474 1 1 6 6 22
668211 5 1 0 1 5 18
729673 20 1 0 1 6 28
90692 142 1 0 1 6 17
614991 11 0 1 1 6 27
111177 290 1 1 2 6 25
299597 222 1 0 8 6 19
361032 52 1 0 3 6 23
1090143 6 0 0 2 6 37
459336 110 1 0 2 6 14
705115 13 1 0 1 5 19
549467 78 1 0 8 5 18
311888 80 0 0 1 6 23
868955 5 0 0 2 6 37
299602 113 1 0 8 6 17
893523 17 0 0 8 5 16
205404 93 0 0 3 6 19
430695 53 1 1 3 6 25
733802 26 0 1 3 6 44
434788 17 0 0 3 6 24
123497 86 1 0 2 6 18
938593 13 0 1 1 6 29
254583 45 1 0 2 6 22
1000058 17 1 1 2 6 28
877169 5 0 1 2 6 25
1024626 4 1 0 1 5 19
82558 87 1 0 0 6 18
246411 52 1 1 2 6 23
823943 40 1 0 1 6 40
62092 149 1 1 3 6 28
180878 22 0 1 2 6 35
930434 22 1 1 1 6 29
885405 29 0 1 2 6 39
570012 51 1 1 5 6 33
631441 44 1 1 4 6 23
762516 22 1 0 2 6 22
184992 35 0 0 6 6 20
94884 12 0 0 4 6 21
1594046 14 1 0 1 6 17
1188532 12 1 1 0 6 37
144042 76 0 0 2 6 45
807590 30 1 0 2 6 37
78509 26 1 1 8 6 29
729767 39 1 1 2 6 16
770745 7 0 0 2 5 18
37559 16 0 1 6 6 17
1413805 6 1 0 2 6 37
955060 36 1 0 2 6 10
377529 36 0 0 7 6 25
328389 22 0 0 3 6 24
869069 1 1 0 2 6 37
66240 27 0 0 0 6 17
864972 13 1 0 1 6 15
623311 8 0 1 2 6 29
553678 111 1 1 6 6 26
410318 28 1 1 4 6 112
1102554 7 0 0 6 6 35
49867 7 0 1 2 6 33
316105 92 1 0 1 6 21
1557190 3 0 0 2 6 32
709340 9 0 0 6 6 25
594654 15 1 0 2 6 33
226011 32 1 1 8 6 27
352989 157 1 0 8 6 15
287453 8 1 0 6 6 17
869076 1 0 0 2 6 36
406234 39 1 1 8 6 20
828113 11 1 1 5 6 9
287451 25 0 0 4 6 16
1532663 3 1 0 2 6 36
58082 72 0 0 6 6 24
328422 56 1 1 2 6 25
115429 53 0 1 2 6 25
189156 51 0 0 3 6 21
1229562 4 1 0 2 6 24
82666 63 0 0 3 6 20
459499 151 1 0 2 6 15
443115 18 1 0 1 6 18
193260 15 1 0 2 6 17
385781 18 0 0 2 5 15
353011 116 1 0 8 6 16
94968 182 1 0 0 6 26
353020 9 0 1 5 6 34
1397486 6 0 0 2 6 37
406269 33 1 0 8 6 17
66301 116 1 1 9 6 21
62204 64 1 1 2 6 22
869107 8 0 0 2 6 37
1172207 9 0 1 1 6 33
385786 29 1 0 8 5 17
705269 47 1 0 4 5 25
299780 93 1 0 6 6 24
422662 24 1 1 6 6 22
353031 73 1 0 8 5 18
869134 4 1 0 2 6 34
353025 152 1 0 8 6 15
828169 12 0 1 2 6 31
910087 8 1 0 1 5 18
1585939 4 1 1 3 6 37
271112 96 0 0 9 6 37
373513 95 1 1 3 6 28
647940 14 1 0 4 6 15
205584 53 1 0 3 6 20
13076 70 1 1 3 6 19
475923 26 1 1 1 6 19
353040 53 1 0 8 6 16
639775 35 1 0 8 6 30
561950 27 1 1 1 6 25
1323778 3 1 0 1 6 32
353042 152 1 0 8 5 16
95003 377 1 1 5 6 17
869143 13 1 0 2 6 37
1069835 89 1 0 2 5 22
946965 88 1 0 2 6 22
37660 75 1 1 7 6 31
574229 9 1 1 5 6 27
152351 18 1 0 5 6 37
242460 127 1 1 2 6 23
889644 21 1 0 2 6 24
979759 25 1 0 2 6 28
385831 33 1 0 2 5 22
582444 56 1 0 7 6 44
279329 75 1 1 2 6 27
852779 3 1 0 4 6 17
299810 62 1 0 7 6 42
385836 12 1 0 9 5 20
406319 31 1 0 8 6 16
533282 131 1 0 3 6 19
1012517 23 0 0 2 6 37
959269 17 1 1 8 6 26
385833 41 1 0 1 5 16
353067 78 1 0 8 6 14
353066 263 1 0 8 6 16
1327907 5 0 0 2 5 29
217922 4 0 0 2 6 31
586572 17 0 0 6 6 44
1557330 1 1 0 8 6 51
828234 4 0 0 1 6 18
852810 33 1 1 2 6 25
885573 14 0 0 2 6 36
353102 148 1 0 8 6 15
426826 21 0 0 3 6 20
4942 15 0 1 0 6 22
123726 140 1 0 2 6 18
1164099 11 1 0 2 6 33
713567 10 0 0 1 6 17
529247 6 1 0 1 5 18
213844 23 1 0 2 6 25
951127 42 0 0 4 6 41
1602370 3 1 0 2 6 29
1004373 17 1 1 8 6 16
598870 6 1 0 2 5 35
90976 36 0 1 5 6 35
1110901 1 1 1 1 6 12
1000297 10 1 0 1 6 19
734049 12 1 1 2 6 40
725857 10 0 0 1 6 18
316266 47 1 1 2 6 22
1311588 5 1 0 2 6 37
480116 39 0 1 7 6 22
869241 11 0 0 2 6 34
312178 13 1 0 1 6 17
107385 19 0 0 2 6 17
66424 28 1 1 1 6 16
590708 9 0 0 6 6 27
947059 50 1 0 8 6 17
582528 30 0 1 3 6 29
811905 19 0 1 6 6 35
250764 123 1 0 1 6 18
349079 15 1 0 4 6 16
586650 21 1 0 2 5 19
549786 13 0 0 3 6 20
385942 7 0 0 9 5 18
340881 37 0 1 6 6 26
385936 25 1 0 7 5 20
820121 58 1 0 1 6 16
385938 15 0 0 1 5 17
385949 8 1 0 2 5 18
385950 15 1 0 9 5 18
590740 13 1 1 6 5 36
385946 9 1 0 3 5 18
58273 101 1 0 7 6 22
385958 7 0 0 9 5 17
50083 164 1 0 4 6 32
1287088 2 1 0 2 6 35
324519 109 1 0 3 6 21
730024 39 0 1 1 6 27
820137 39 1 1 8 6 16
463785 27 0 0 8 6 25
615334 49 1 0 2 6 32
480168 15 0 0 7 6 28
721852 9 1 1 2 6 24
529331 10 1 0 1 6 18
156606 67 1 0 5 6 17
1065936 6 1 1 5 6 32
119749 164 1 1 0 6 23
218054 21 0 1 2 6 35
226244 34 1 1 1 6 35
1111001 6 1 1 1 5 16
521165 65 1 1 2 6 25
1111002 3 0 1 9 6 20
1111004 3 1 1 1 6 24
1065949 14 1 1 1 6 17
541638 68 0 1 6 6 23
1164225 4 0 0 2 6 39
648145 69 1 1 1 6 33
1098699 7 1 0 2 6 36
578516 25 1 0 2 6 37
357345 48 1 0 3 6 23
1340402 11 1 0 1 5 32
369645 26 0 0 2 6 30
41964 47 0 0 3 6 19
119792 47 0 0 0 6 32
562171 18 0 1 1 6 17
594941 11 1 0 2 6 22
246772 25 0 0 1 6 16
832507 12 0 1 2 5 30
41982 175 1 0 4 6 21
70654 20 1 1 0 6 26
984075 8 1 1 2 5 32
488463 164 1 1 1 6 15
164872 9 0 0 2 6 37
619526 78 1 0 8 6 34
119825 173 1 0 2 6 20
1106950 11 1 1 6 6 32
320530 152 1 0 8 6 17
783381 27 0 0 4 6 18
447513 46 1 0 1 5 16
975889 19 1 0 2 6 31
787501 23 1 0 4 6 15
218145 3 0 0 2 6 37
820264 9 1 0 1 5 18
783404 46 1 0 8 6 19
427054 101 1 1 3 6 23
992295 8 0 0 3 6 24
980006 18 1 1 6 6 28
181288 31 1 0 1 6 25
1213503 7 1 1 1 6 22
398379 66 1 1 4 6 19
447542 23 0 0 2 6 24
783422 37 1 0 8 5 14
193588 30 1 0 2 6 21
820273 13 0 0 2 6 23
386107 22 1 0 6 5 23
635959 73 1 0 8 6 16
197699 25 0 0 2 6 17
988239 60 1 0 8 5 14
386113 17 0 0 7 5 16
877641 21 0 1 2 6 32
328769 35 1 1 6 6 24
631872 22 1 0 2 6 22
185422 164 1 0 4 6 18
418902 83 1 1 2 6 36
1107011 1 0 0 4 6 15
1446978 15 1 0 1 6 52
87124 23 0 0 0 6 22
1021010 6 1 0 5 6 56
398437 42 1 0 1 6 16
574573 15 1 1 5 6 36
386164 43 1 0 1 5 17
783485 7 1 0 6 6 18
148596 51 0 0 8 6 22
386169 33 1 0 4 6 17
1229969 5 0 0 2 6 31
263296 38 1 0 3 6 24
353420 229 1 0 8 5 18
730247 8 0 1 3 6 33
562328 8 1 0 2 6 18
447639 11 1 0 1 6 17
275605 27 0 0 0 6 23
627867 53 1 0 8 6 18
447637 7 1 0 1 6 18
447635 14 1 0 1 6 17
656540 17 1 0 2 6 33
349340 46 1 0 1 6 24
218266 8 1 0 2 6 37
1041558 8 1 0 1 6 17
365727 73 1 0 2 5 18
62623 217 1 0 3 6 20
1119374 5 1 1 2 6 33
386214 36 0 0 9 6 18
222368 9 1 0 2 6 37
50340 215 1 0 7 6 17
263329 130 1 0 3 6 22
124073 31 0 0 2 6 37
894112 7 1 0 2 6 34
152748 9 0 0 2 6 37
74926 188 0 1 8 6 23
402615 18 1 1 2 6 22
713916 14 1 0 0 6 31
509119 213 1 1 8 6 17
1483948 7 1 0 2 6 37
992435 8 0 0 3 6 22
623796 46 0 0 6 6 27
1144017 5 0 0 1 6 25
820428 12 1 1 2 6 32
521415 16 0 1 6 6 33
996558 5 1 0 1 6 38
713929 33 1 0 6 6 27
1152210 5 1 0 2 6 32
251078 53 1 1 4 6 29
1078489 6 0 1 0 6 42
791750 14 0 1 8 6 27
414924 52 0 1 7 6 31
1017025 20 0 0 2 5 40
308426 23 1 0 5 6 14
210124 28 1 0 1 6 17
459976 71 1 0 8 6 18
1250497 4 0 1 4 6 39
263379 62 0 0 3 6 20
910548 7 0 0 2 6 37
386270 8 1 0 3 6 23
251107 32 1 1 3 6 23
263396 178 1 0 3 5 21
1168625 38 1 0 3 6 23
349412 18 0 0 2 6 37
222433 72 1 0 9 6 19
906479 12 0 0 2 6 32
251109 96 0 1 3 6 22
222443 200 1 0 9 6 18
447727 9 1 0 1 5 17
447722 19 1 0 1 6 17
447723 10 0 0 1 5 18
1168636 2 1 0 2 5 31
222445 20 0 0 9 5 20
931040 17 1 0 2 6 20
587004 40 1 0 2 6 29
488689 7 1 0 2 5 16
709874 19 1 0 1 5 25
120059 60 0 1 2 6 24
124156 74 1 0 3 6 19
505081 105 1 1 8 6 20
165122 63 0 1 1 6 23
1119507 1 1 0 1 5 16
263430 66 1 0 7 6 18
177409 18 1 1 8 5 12
566541 41 0 0 2 6 37
468224 23 1 0 1 6 36
230666 36 0 0 1 6 21
83210 99 1 0 0 6 25
124170 60 1 0 1 6 17
1266975 2 1 1 5 6 31
935168 3 1 1 1 6 27
1058079 4 0 0 4 6 36
128273 42 0 0 0 6 29
591131 26 0 1 7 6 28
251153 31 0 0 3 6 20
1336583 35 1 1 2 6 46
152849 22 0 0 2 5 19
42259 160 1 0 3 6 24
369942 47 1 1 1 6 19
58644 73 0 0 8 6 18
251158 59 0 0 3 6 19
54552 38 0 0 5 6 35
222490 19 0 0 4 5 15
251162 58 1 0 3 6 20
337180 40 0 1 6 6 25
472347 47 1 0 1 6 17
1139981 4 1 1 1 5 33
251166 158 1 1 3 6 18
251171 59 0 1 3 6 19
841007 18 0 1 6 6 27
251173 50 0 1 3 5 21
1418547 3 0 0 1 6 37
865575 7 0 0 8 6 26
390446 48 1 0 2 6 32
542009 22 0 0 2 6 17
677180 20 1 0 1 6 33
275763 31 0 0 2 6 19
533808 22 0 1 1 6 27
779570 10 0 0 1 6 18
378177 65 1 1 3 6 21
845130 22 1 0 2 6 18
1242453 3 0 0 2 6 37
464202 41 1 0 3 6 22
869725 8 1 0 2 6 29
124243 25 0 0 4 6 20
169297 103 0 0 8 6 18
562513 20 0 0 3 6 29
615760 42 0 1 1 6 24
988500 9 1 0 2 6 18
251224 74 0 1 3 6 20
288089 162 1 0 1 6 35
251229 66 1 1 3 6 21
443736 30 0 0 1 6 15
58720 236 0 0 8 6 18
292196 33 0 0 1 6 16
390501 125 1 1 7 6 18
619881 38 1 1 1 6 17
828781 8 1 0 2 6 37
1086834 5 1 1 8 5 18
1119602 1 1 0 2 5 18
324962 93 0 1 1 6 26
374125 118 1 1 8 6 21
386409 19 0 0 6 6 19
1058172 7 1 0 8 6 34
882016 34 1 0 8 6 14
386411 26 1 0 1 5 19
386420 10 1 0 2 5 20
54641 82 1 0 1 6 45
767351 4 1 0 4 6 16
968048 10 1 0 7 6 21
79232 9 1 0 2 6 19
787855 37 1 0 8 6 15
1553810 3 1 0 2 5 36
218501 39 1 0 1 6 17
456065 18 1 0 1 6 17
251275 31 0 1 3 6 23
451983 39 0 0 2 6 36
374159 145 1 1 8 6 17
1172893 7 1 1 3 5 36
1058205 25 1 1 8 6 36
251282 150 1 1 3 6 24
58770 30 0 0 2 6 37
439698 71 1 0 3 6 22
738718 7 1 0 2 6 32
279954 88 1 1 3 6 28
374168 249 1 1 6 5 18
1168783 22 1 0 3 6 38
1254796 4 0 0 8 6 32
431527 97 1 0 3 6 17
144803 27 1 0 1 6 25
152995 46 1 0 2 6 25
206246 15 0 1 7 6 30
279970 105 0 0 8 6 23
505261 143 1 1 8 6 29
1443256 5 1 0 2 6 37
587197 150 1 1 1 6 24
923065 17 1 1 8 5 11
1066408 6 0 0 2 6 37
1160621 19 1 0 8 6 15
259523 58 1 0 4 6 20
517575 49 1 1 3 6 27
251334 46 1 1 3 6 23
218565 17 0 0 2 6 18
406976 55 1 0 8 6 17
308675 25 1 0 2 6 24
251332 45 0 0 3 6 20
173514 12 1 0 1 6 19
1045956 10 0 0 2 6 36
1082844 21 1 0 2 6 28
226765 63 1 0 3 6 25
673220 27 1 1 4 6 29
558553 40 1 1 6 6 15
206298 79 1 0 3 6 23
488924 15 0 0 2 5 18
468442 12 1 0 1 6 18
1168844 15 0 0 3 6 27
751084 14 1 0 1 5 16
771555 14 0 1 2 6 35
583138 52 0 0 1 6 16
476657 8 1 0 1 5 17
615921 5 0 1 6 6 26
665074 31 1 0 1 6 16
427516 15 1 0 1 6 17
873969 13 0 0 2 6 36
194050 21 1 0 1 5 16
222722 222 1 1 1 6 33
202240 57 0 0 8 6 28
546317 47 1 1 1 6 29
275969 27 1 0 2 6 20
628236 47 1 1 4 6 31
452110 26 0 0 7 6 26
247304 82 1 0 3 6 20
1324575 3 0 0 7 6 40
435723 126 1 0 8 5 16
177677 18 0 0 6 6 28
984576 8 0 1 0 6 39
120339 52 1 1 1 6 19
407058 176 1 1 8 6 17
443934 64 1 1 6 6 16
1283594 12 1 0 6 5 29
1603075 2 1 0 2 6 33
611861 30 1 1 2 6 30
1119758 1 0 0 1 5 16
587306 36 1 1 2 6 13
423461 74 1 0 1 6 15
538156 274 1 1 2 6 21
362017 90 1 1 5 6 15
132650 257 1 0 8 6 16
1115706 14 0 0 2 6 36
202291 50 1 0 3 6 23
407093 67 1 0 8 6 18
443954 36 1 0 4 6 22
1119783 3 1 0 2 5 16
1603119 1 1 1 2 6 40
1119785 6 1 0 1 5 17
1119784 1 1 0 2 5 17
341567 64 1 0 5 6 42
914993 13 0 0 0 6 31
325177 29 1 0 9 6 20
1119788 2 1 0 1 5 18
685620 34 1 0 3 6 22
79423 149 1 1 8 6 17
1119790 2 0 0 1 5 17
472632 57 1 0 4 6 17
1119825 1 1 0 6 5 16
226882 26 1 0 1 6 16
681548 32 1 0 1 6 15
1119837 1 0 0 1 5 17
1603156 5 1 0 2 6 33
779866 29 1 0 8 6 17
452179 44 1 1 3 4 27
296531 23 1 0 1 6 17
1119819 6 1 0 1 5 17
1119818 1 1 0 1 5 16
1504845 2 0 0 2 6 37
1119820 8 1 0 1 6 15
464473 55 1 0 8 6 18
1005136 12 1 0 2 6 30
1042028 17 1 0 2 6 18
120420 6 1 1 2 6 33
1287803 3 0 0 5 6 35
1119867 3 0 0 1 5 18
1119866 13 1 0 2 6 18
1119869 1 1 0 2 6 19
1119868 3 1 0 1 6 17
910944 12 1 0 2 6 36
435816 24 1 1 7 6 15
169580 8 1 0 6 6 22
1119870 5 1 0 1 6 18
1291873 2 0 0 0 6 37
124534 31 1 0 1 6 18
169589 100 1 0 8 6 21
1320555 4 0 0 2 6 37
910962 20 0 0 2 6 30
1119889 3 1 0 1 6 19
1119888 5 1 0 1 6 15
759434 59 1 0 3 6 20
1119891 4 1 0 1 5 18
1119890 1 1 0 1 5 18
206471 12 0 0 2 6 36
1119897 1 1 0 1 6 17
1119896 23 1 0 6 6 15
153224 25 0 0 2 6 25
1119898 7 1 0 1 5 18
452235 66 1 0 6 6 21
87696 16 0 0 4 6 15
964255 14 0 0 2 6 37
9874 128 0 0 2 6 19
280209 18 1 0 4 6 16
177812 20 1 1 5 6 24
419473 17 1 1 2 5 10
231067 8 0 0 2 6 17
194202 48 1 0 2 6 25
1029783 18 1 0 8 6 30
378525 29 1 1 2 6 39
509596 254 1 1 8 6 19
1119887 2 1 0 1 5 17
812691 22 1 0 1 6 27
562859 51 1 1 0 6 27
1119925 2 1 0 2 5 18
1119924 1 0 0 2 5 18
112297 62 1 0 3 6 34
423599 99 1 0 3 6 20
718496 6 0 0 1 5 19
1119905 3 0 0 2 5 18
1119904 3 1 0 1 5 18
1119907 1 0 0 1 6 17
46770 570 1 1 2 6 37
1001149 18 1 1 2 6 31
1119906 8 1 0 2 5 17
169654 42 1 0 6 6 22
1500835 5 1 1 2 6 31
255673 18 0 1 2 6 27
341694 47 1 1 3 6 19
648885 5 0 0 2 5 18
743092 18 1 0 2 6 36
79552 194 1 1 2 6 24
730826 17 0 1 2 6 32
1025742 10 0 0 8 6 31
976589 4 1 0 2 5 37
214725 349 1 1 1 6 25
1083095 4 1 0 2 5 19
1119961 6 1 0 1 5 16
1148632 16 1 0 8 6 9
214728 398 1 0 1 6 16
353998 14 1 0 1 6 18
988868 16 1 0 2 6 31
272079 50 1 1 2 6 32
1570523 3 0 0 2 6 34
587462 8 1 0 2 6 36
517846 53 1 1 1 6 17
317142 14 1 0 6 6 20
79571 33 1 0 0 6 23
1119942 12 1 0 1 6 16
1751 30 0 0 4 6 28
366303 47 0 0 8 6 22
595666 32 1 0 2 6 36
1119948 10 1 0 1 6 19
440039 13 0 1 1 6 34
726764 28 0 1 2 6 31
624366 45 0 1 1 6 32
9960 229 1 1 2 6 18
14057 84 0 0 7 6 22
620256 11 1 0 2 6 32
849637 25 1 0 9 6 21
947938 25 0 0 2 6 40
268022 9 1 0 2 5 17
63222 79 0 1 2 6 25
681725 3 0 0 2 6 37
1119977 11 1 0 1 6 15
79610 16 1 0 2 6 29
1119982 5 1 0 1 5 16
997104 34 1 0 2 6 31
1120017 2 0 0 1 5 18
235265 70 1 0 3 6 21
108293 2 0 0 0 6 37
943882 9 0 0 2 6 37
616207 54 0 1 1 6 31
1017606 3 1 0 1 6 18
79626 35 0 0 0 6 23
759556 48 1 0 2 6 29
337692 27 0 1 0 6 18
141086 312 1 0 9 6 19
284442 49 1 0 3 6 21
489240 47 0 0 6 6 20
1189682 11 1 0 8 6 17
141089 34 1 1 0 6 33
87845 80 1 0 2 6 22
870181 7 1 0 1 5 40
911142 21 1 1 2 6 39
407338 65 0 1 2 6 21
1034016 19 0 0 6 6 33
563001 13 0 1 2 6 24
423732 80 1 1 3 6 21
653118 76 1 1 6 6 17
26424 63 0 0 1 6 18
493375 64 1 0 3 6 23
153407 5 0 0 4 6 20
173884 106 1 1 2 6 20
268090 15 1 0 2 5 30
1029966 37 1 1 8 6 20
255809 32 0 1 2 6 29
14149 8 1 1 2 6 28
1271644 19 1 1 8 6 8
530264 12 1 0 5 6 17
632666 18 1 1 2 5 34
374608 350 1 1 8 6 19
1083208 2 1 0 2 6 15
362335 16 1 0 1 6 34
161624 13 1 0 2 6 37
1083211 4 1 0 1 6 15
730960 15 0 0 2 6 37
313177 38 1 0 2 6 15
1013584 20 0 1 1 6 43
866157 6 1 0 1 6 18
190304 435 1 0 5 6 20
599914 5 1 1 6 6 36
427875 17 0 1 2 6 26
210789 31 0 0 2 6 32
784225 67 1 0 8 6 19
427882 16 1 0 3 6 39
157548 56 0 0 6 6 22
87921 48 0 0 8 6 21
1496934 4 1 0 2 6 37
493428 34 1 1 3 6 30
845684 75 1 0 8 6 16
87931 30 1 0 1 6 19
210815 88 1 1 2 6 21
104318 32 1 0 5 6 11
800649 48 1 1 1 6 16
276367 200 1 0 8 6 19
116622 116 1 1 2 6 25
124819 68 1 1 2 6 40
468884 20 0 0 2 6 17
726936 15 1 0 1 6 17
1173384 21 1 0 1 6 25
309150 57 1 0 3 6 21
800685 23 1 0 0 6 43
63395 566 1 0 2 6 18
976810 3 1 0 2 6 37
923562 4 1 0 2 6 37
51110 75 1 0 2 6 30
759725 18 1 0 2 6 20
79784 58 0 1 2 6 29
505773 30 1 1 8 6 17
563107 35 1 0 2 5 17
337834 79 0 0 3 6 18
79793 54 1 0 3 6 22
432052 53 1 0 8 6 19
42937 125 1 1 7 6 22
964558 24 1 1 6 6 30
743374 38 1 0 2 6 11
22470 650 1 1 1 6 21
1021895 9 0 0 4 6 18
1230809 19 1 0 1 6 30
100303 48 0 0 1 6 20
1218496 31 1 0 8 6 15
149457 79 1 1 3 6 24
387025 234 1 0 8 6 15
464849 79 1 0 3 6 24
427998 23 1 1 4 6 20
157657 33 1 0 6 6 23
190428 36 1 0 2 6 37
440280 44 1 0 8 6 17
378842 48 1 0 5 6 19
71646 41 0 1 8 6 23
1513416 3 0 0 2 6 37
952303 14 1 1 8 5 19
1226736 2 1 0 8 5 17
169953 162 1 0 7 6 18
108519 68 0 1 2 6 20
518113 73 1 1 8 6 20
428000 81 1 1 2 6 33
1083386 5 1 0 2 5 16
903143 86 1 0 2 6 22
186345 31 0 0 0 6 26
940005 5 1 0 2 6 37
1312760 12 1 0 2 6 32
38895 103 0 1 7 6 23
514035 240 1 1 2 6 20
1083365 4 1 0 1 6 15
415729 82 1 0 3 6 22
645118 56 1 0 4 6 15
251899 32 1 1 2 6 33
317439 150 1 1 1 6 40
718833 24 0 1 6 6 24
1271789 5 1 1 3 6 17
538633 20 1 1 2 5 20
489477 46 1 0 2 6 15
206848 17 0 0 2 6 37
514063 180 1 1 6 6 24
280590 37 1 0 9 6 18
501772 64 1 0 3 6 18
907285 17 0 1 2 6 28
477213 55 1 1 0 6 28
55323 10 0 0 5 6 22
428057 9 0 0 4 6 36
239648 105 0 1 1 6 29
370720 77 1 1 4 6 19
596014 38 1 1 5 6 26
63530 30 1 0 2 6 24
849958 10 1 1 2 6 19
370731 11 1 0 1 6 18
714809 14 1 1 4 5 29
804921 35 1 1 2 6 26
251957 27 1 1 7 6 23
886842 24 1 1 6 6 28
108602 94 1 0 0 6 20
108607 83 1 0 2 6 38
75839 22 0 1 3 6 29
706633 14 1 0 5 5 9
1013836 24 1 0 8 6 14
280641 6 1 0 1 6 16
1517649 6 0 0 2 6 38
1181781 47 1 0 1 6 43
731207 47 1 1 5 6 30
1419355 1 0 0 4 6 40
108622 69 1 0 2 6 22
886878 30 1 0 3 6 43
1206344 5 1 1 1 6 31
534612 133 1 1 7 6 30
387160 38 0 0 6 6 19
1128560 8 1 0 2 6 37
1341559 2 1 0 1 5 30
223333 85 0 1 2 6 19
350317 242 1 1 3 6 22
976994 6 0 0 2 6 41
407659 77 0 1 8 6 18
231533 62 0 0 6 6 13
583783 7 0 0 2 6 27
407668 125 0 0 8 6 19
186487 27 1 0 2 5 17
1022073 3 1 0 1 5 17
1419363 3 0 0 0 6 39
206969 47 1 1 2 6 32
329848 15 0 0 2 6 24
260221 42 1 0 1 6 17
26751 264 1 0 2 6 20
219266 13 1 0 2 6 25
374925 43 1 0 2 6 19
129164 61 1 1 4 6 19
391307 18 1 0 2 6 17
641177 30 1 0 4 5 29
899230 11 0 0 2 6 25
297104 31 1 0 4 6 29
1267847 7 1 0 2 6 25
256148 295 1 1 2 6 25
387225 14 0 0 1 5 15
923792 12 1 0 2 6 37
903341 9 1 0 1 6 17
219302 7 0 0 1 6 31
10406 37 1 0 1 5 18
1022120 5 1 0 2 5 16
993443 7 0 0 2 6 34
1022143 10 1 0 2 6 16
788664 44 1 1 2 6 43
30901 45 0 0 3 6 25
342195 59 1 1 2 6 20
432305 70 1 0 3 6 20
391359 77 1 0 1 6 17
297151 52 1 0 2 6 19
1337512 2 0 0 2 6 36
26812 56 0 0 4 6 22
1181869 8 1 1 4 6 28
973002 20 1 0 8 6 28
772291 39 1 0 8 6 14
1181915 1 1 1 2 6 36
1554649 3 1 1 1 6 30
354507 21 0 1 4 6 29
125139 30 0 1 2 6 36
387286 47 1 0 2 5 18
338134 33 1 0 2 6 27
706777 90 1 0 8 6 15
714974 22 1 0 3 5 19
256214 61 1 0 3 6 22
1083589 6 1 0 1 6 44
1124551 92 1 0 2 5 22
747730 11 1 0 1 6 17
473309 17 0 0 1 6 17
88282 8 1 0 1 6 17
354521 10 1 0 1 6 17
1243342 12 1 0 2 6 36
88284 29 1 0 2 5 16
284889 4 0 0 4 5 16
22749 171 0 1 2 6 33
841966 6 1 1 2 6 32
375015 42 1 1 8 6 16
88290 89 1 0 4 6 19
329953 50 0 0 3 6 20
231653 82 1 1 2 6 19
567535 24 0 1 1 6 38
465134 51 1 1 2 6 16
162024 25 1 0 2 6 18
207087 58 1 0 3 6 23
518379 123 1 0 8 6 15
518377 97 1 0 8 6 17
157938 24 1 1 1 6 59
837885 3 0 0 1 5 16
219383 23 0 0 2 6 35
162037 420 1 1 2 6 21
1517792 1 1 0 2 5 39
461040 25 0 1 7 6 23
305412 51 1 0 1 6 18
1181971 1 1 1 2 6 36
1341717 3 0 1 4 6 30
194816 62 1 0 2 6 19
706824 55 1 1 2 6 32
1267984 3 0 0 1 6 28
334081 94 1 1 4 6 16
1181972 3 1 0 2 6 33
1345820 3 1 0 7 6 22
231690 188 1 1 2 6 27
407821 72 1 0 8 6 13
227599 139 1 0 5 6 20
1435928 6 1 0 1 6 41
1181983 4 1 1 2 5 30
964865 10 1 0 8 5 36
907522 14 0 0 4 6 32
588056 83 1 1 8 6 20
370964 50 1 1 1 6 20
1280257 10 1 0 3 6 24
1153285 26 0 0 8 6 16
387344 13 0 1 7 6 23
715036 4 0 0 1 5 16
809238 14 1 0 2 6 37
370974 5 0 0 2 6 41
63774 35 0 0 2 6 37
280868 48 0 0 5 6 22
637227 11 1 0 1 5 18
1022253 36 0 1 7 6 32
370978 4 0 0 3 6 27
1018152 15 1 1 2 6 32
170277 21 1 1 1 6 25
698658 90 1 1 2 6 15
117033 76 0 0 2 6 20
276782 25 1 0 1 6 19
182575 42 1 0 7 6 14
506152 32 1 1 0 6 31
784676 104 1 0 8 6 15
170288 143 1 1 1 6 29
477493 9 1 0 1 6 18
846136 7 1 0 2 5 16
170294 36 0 0 2 6 37
502065 19 0 1 4 6 25
313651 49 1 0 8 6 16
1517868 1 1 0 2 5 31
829751 65 1 1 8 5 18
1341737 2 1 0 2 6 36
158012 37 1 0 4 6 17
235847 81 1 1 2 6 26
268610 123 0 1 2 6 34
1517918 2 0 0 2 5 35
407880 16 0 0 2 6 37
624967 175 1 1 2 6 27
67918 24 1 1 0 5 25
379220 29 1 0 2 6 37
518485 252 0 0 8 6 17
125269 139 1 0 2 6 18
96596 152 1 0 5 6 21
1182021 5 1 1 2 5 32
100701 161 1 1 3 6 18
1517898 2 1 0 1 5 38
330072 4 1 0 2 6 37
174429 43 0 1 3 6 30
1055088 3 1 0 2 5 31
891243 46 1 1 2 6 27
248164 6 1 0 3 6 20
309612 16 0 1 2 6 26
538979 31 1 1 1 6 27
280943 12 0 1 2 6 28
457067 90 1 1 7 6 33
362858 60 1 1 8 6 15
432501 20 0 1 2 6 32
1345900 2 1 0 2 5 26
420222 260 0 1 1 6 31
1153384 11 1 1 8 5 14
14716 133 1 0 2 6 23
1272173 14 0 1 8 6 22
31103 46 0 0 3 6 24
698741 19 0 0 2 6 31
829834 7 0 0 4 6 37
731522 25 1 1 8 5 18
47500 26 1 1 3 6 25
641434 24 1 1 2 6 33
207255 38 1 1 6 6 32
207253 28 0 0 6 6 23
506270 6 0 0 2 6 36
678289 7 1 1 9 6 16
207256 40 0 1 6 6 32
67997 91 1 1 5 6 25
207262 57 1 0 6 6 25
1280398 15 1 1 1 6 32
1517960 1 1 0 1 6 37
1345972 5 0 0 4 5 30
207264 15 1 1 8 6 26
1345970 1 1 0 1 6 21
22950 105 0 0 4 6 22
1345971 1 0 0 2 5 27
1128889 4 0 0 2 6 35
739745 26 1 0 2 6 34
354729 71 0 0 4 6 22
1386938 5 1 0 2 5 37
207283 70 0 0 1 6 29
1034685 3 1 0 2 5 16
1517985 2 0 0 2 6 37
207285 49 1 1 6 6 30
358844 121 0 1 2 6 21
154047 25 0 0 2 6 37
113089 31 0 0 4 6 20
510405 25 1 0 8 6 16
1538526 2 1 0 5 6 35
469463 27 1 0 3 6 23
334293 90 1 1 2 6 24
305623 178 1 1 8 5 20
39380 60 0 1 2 6 20
149974 38 1 0 1 6 16
223706 135 1 1 8 6 15
1046994 3 1 1 1 6 34
76259 214 1 0 8 6 17
342497 372 1 1 7 6 23
616929 25 1 1 2 6 24
252394 6 1 0 1 6 17
1133051 7 1 0 2 6 35
522733 41 1 0 8 6 7
416237 80 0 0 1 6 22
367080 28 0 0 7 6 29
1030626 3 0 1 2 6 32
166390 58 0 0 8 6 18
330237 26 1 0 2 6 19
27129 46 0 0 0 6 23
1378796 1 1 0 8 6 33
88570 253 1 0 7 6 22
432633 8 1 0 2 6 22
256515 29 1 0 2 5 15
334340 72 1 0 2 6 18
809486 16 1 0 1 6 19
43524 99 1 0 0 6 19
469506 75 1 0 8 6 17
1100312 28 1 0 2 5 28
535046 101 1 0 8 6 16
330261 32 1 0 4 6 26
858653 15 1 0 0 6 46
371220 12 0 0 2 6 17
719387 4 1 1 1 6 37
1137152 28 1 0 1 6 30
367126 40 1 1 6 6 15
211485 17 0 0 4 6 22
1481225 4 1 0 2 6 39
338470 36 1 0 1 6 19
1088052 10 0 1 4 6 31
195111 5 1 0 2 5 18
219686 16 0 0 2 6 29
584238 58 1 0 8 6 16
195114 6 1 0 2 5 19
1301048 3 1 0 2 6 36
137775 21 0 1 6 6 9
256557 9 0 0 2 6 14
215602 258 1 1 1 6 40
178740 49 1 1 7 6 20
47672 131 0 0 7 6 19
19002 26 1 0 1 6 16
375358 68 1 0 8 6 13
47676 40 1 0 6 6 17
817712 9 1 0 1 5 19
137790 14 0 1 6 6 13
1153583 13 0 0 3 6 26
940593 5 0 0 8 6 32
1428055 5 0 0 1 5 32
1440343 3 1 1 3 6 32
162368 23 1 1 2 6 21
727630 10 1 0 1 6 15
961095 10 0 0 2 6 31
182862 36 1 0 2 6 19
383561 30 0 0 4 6 26
670279 144 1 1 7 6 39
72268 492 1 1 9 6 27
399945 34 1 1 1 6 25
805465 115 1 0 2 6 15
944729 10 1 0 2 6 19
940627 14 0 0 2 6 34
232028 22 0 0 5 6 18
248419 61 0 1 0 6 18
715370 10 1 0 1 6 17
309862 35 0 0 6 6 25
1084018 38 1 0 2 6 36
514658 136 1 0 8 6 17
293475 21 1 0 1 6 14
322156 99 1 0 7 6 17
711270 54 1 0 8 6 22
473719 2 1 0 1 5 16
1124970 3 0 0 2 6 37
592503 33 1 0 0 6 39
531080 55 1 0 3 6 19
19076 52 0 1 2 6 30
727692 49 1 1 3 6 25
256649 35 1 0 2 6 15
322184 90 1 0 7 6 21
813727 10 1 1 8 5 17
862873 15 1 0 1 6 16
55958 54 0 0 2 6 22
113315 168 1 0 2 6 21
449184 105 1 1 6 6 19
826026 21 1 0 5 6 15
400042 10 1 0 1 6 17
1018559 92 1 0 2 5 22
195255 68 0 0 2 6 20
23223 13 0 0 0 6 37
576177 8 0 0 3 6 25
1411755 3 1 0 2 6 31
334522 13 0 0 7 6 25
1411754 1 0 0 2 6 30
514757 87 1 0 8 6 17
191175 37 1 0 3 6 22
68295 34 0 1 2 6 26
953028 7 1 0 1 6 18
875202 6 1 0 2 6 31
355028 79 1 0 1 6 16
563929 214 1 0 4 6 16
617181 69 1 1 9 6 23
584413 125 1 0 6 6 22
47831 75 0 0 8 6 19
162517 46 1 1 8 6 16
277217 8 0 0 1 6 22
318190 8 0 0 2 6 35
195304 99 0 0 6 6 19
219885 62 0 0 8 6 33
1022717 5 0 0 2 6 31
822015 15 1 0 1 6 30
43769 6 0 0 3 6 16
514814 100 1 0 8 6 17
1059561 15 1 0 2 6 29
43771 11 0 0 1 6 16
363258 52 0 0 3 6 22
486148 40 0 0 5 6 44
125703 51 0 0 4 6 19
248588 24 0 0 6 6 23
215825 2 0 0 2 6 36
1018653 14 1 0 2 6 36
285456 38 0 0 8 6 20
31508 57 1 0 2 6 24
1223431 33 1 0 6 6 25
695069 48 1 0 3 6 21
776979 21 1 0 2 6 17
969495 10 1 0 1 6 17
285470 24 1 0 2 6 38
928533 4 0 0 2 5 19
236323 71 1 1 3 6 23
969517 5 1 0 1 5 16
31526 24 0 0 1 6 17
850724 24 1 1 2 6 24
867111 17 0 1 4 6 26
117547 70 1 0 2 6 27
543523 46 1 0 1 6 38
400168 74 1 1 1 6 23
1026849 11 1 0 5 6 32
236332 167 1 1 3 6 22
863033 38 1 1 6 6 30
445247 92 1 1 8 6 20
469820 13 1 0 1 6 18
670518 51 1 1 8 6 17
977740 7 1 0 1 5 17
625485 37 1 0 6 6 27
1506131 3 1 1 1 6 29
1047367 16 0 0 4 6 35
1502017 3 0 0 2 6 36
535391 178 1 0 8 6 16
187227 17 1 1 0 6 36
1514318 4 1 0 2 6 32
727894 15 1 1 5 6 25
207709 15 0 1 2 6 32
469849 154 1 0 8 5 17
899949 95 1 0 2 5 22
953198 16 1 1 8 6 18
359271 21 1 1 7 6 25
1481598 8 1 0 2 6 37
576353 35 0 1 6 6 18
310125 69 1 1 2 6 25
457583 15 1 1 8 6 10
162670 20 1 1 2 6 31
47984 85 0 1 2 6 33
166768 24 0 1 6 6 25
121719 33 0 0 1 6 18
150395 23 1 0 2 6 19
1244011 11 1 1 6 5 28
1350511 6 0 0 8 6 33
39804 132 1 0 3 6 20
928624 17 1 0 2 6 31
568203 25 0 0 2 6 39
412547 24 0 0 3 6 24
1567647 4 1 0 1 5 32
48009 97 1 1 2 6 33
506765 3 1 0 2 6 37
940931 16 0 0 6 6 28
711579 75 1 1 8 6 14
535451 9 1 0 1 6 18
883608 7 0 1 2 6 29
1203076 28 1 0 8 6 15
433050 49 0 0 3 6 20
699286 75 1 0 8 6 15
375717 60 1 0 8 6 17
510885 72 1 1 8 6 17
318374 52 1 0 2 6 25
371617 251 1 0 9 6 31
748463 6 0 0 2 6 41
1223606 14 1 1 4 6 31
1506235 1 0 1 5 6 30
293812 34 0 0 3 6 18
1022910 20 1 1 2 6 33
158646 295 1 1 4 6 29
43958 367 0 1 2 6 34
654270 234 1 0 4 6 13
555956 15 0 1 7 6 32
850867 75 1 1 2 6 19
138179 20 0 0 2 6 30
359366 118 1 1 1 6 29
203718 137 0 0 4 6 24
818122 13 1 1 2 6 32
1346525 27 1 0 6 6 38
949189 19 1 0 2 6 37
424906 57 1 0 3 6 21
752581 16 0 0 4 6 18
355285 23 1 0 4 5 17
1289155 11 1 0 8 5 11
256977 24 1 0 2 5 15
277462 104 1 0 4 6 22
277463 59 1 0 4 5 21
842719 52 1 0 1 5 29
1534915 7 1 0 2 6 39
887760 19 1 1 2 6 33
875500 16 1 1 2 6 31
510949 39 1 1 8 6 10
510948 28 1 1 9 6 27
166886 57 1 0 1 6 19
39909 204 0 0 3 6 20
584685 14 0 0 7 6 25
691183 13 1 1 5 6 27
453600 30 0 0 6 6 21
314339 321 1 0 8 6 17
236526 5 0 1 2 6 37
236531 234 1 1 2 6 28
105457 29 0 1 2 6 56
236530 41 1 1 2 6 33
11250 158 1 1 0 6 24
601085 24 1 0 2 6 26
650237 66 0 1 8 6 19
68596 508 1 0 4 6 21
68601 272 1 0 2 6 19
35833 355 0 1 0 6 39
347134 55 1 1 8 6 19
314361 48 1 0 3 6 16
220158 38 1 0 1 6 17
289798 152 1 1 1 6 30
351233 17 1 0 7 6 18
1244182 19 1 0 6 6 27
650254 8 0 1 8 6 32
179210 43 0 0 1 6 23
355336 91 1 0 7 6 18
715783 13 1 0 2 6 29
568325 32 1 0 1 6 19
539675 42 1 1 2 6 34
367632 136 1 0 2 6 31
400400 45 0 1 4 6 30
318483 7 0 0 2 6 29
171029 110 1 1 6 6 28
654355 58 1 1 8 5 9
1068045 23 1 1 7 6 11
658472 20 1 1 6 6 37
797732 34 1 1 3 6 35
498733 20 1 1 2 6 30
445485 35 1 1 0 6 12
1031227 14 1 1 8 6 23
248885 43 1 0 1 6 17
810036 4 0 0 2 5 17
244795 28 1 1 2 6 32
236601 39 0 0 3 6 23
343103 24 0 0 3 6 19
425027 15 1 0 2 5 16
367683 61 0 0 7 6 15
1215578 20 1 0 1 6 44
945223 11 0 0 2 6 36
1133656 2 1 1 2 5 17
1113178 3 0 0 2 5 32
666689 22 0 0 6 6 22
392270 66 1 0 3 6 20
109642 877 1 1 7 6 27
728133 73 0 0 6 6 19
339019 71 1 0 8 6 22
777284 13 1 0 2 5 16
52304 44 1 1 1 6 20
101459 96 1 0 3 6 22
101458 55 0 0 3 6 20
1244230 20 1 1 6 6 27
1244231 14 0 0 6 6 26
1244228 6 1 1 6 5 22
1244229 7 1 1 6 6 26
1010776 20 1 1 3 6 26
769106 6 0 0 2 6 37
867408 9 1 0 5 6 22
941165 16 1 0 1 6 47
363616 32 1 0 1 6 22
1002599 7 1 1 1 5 16
793702 22 1 0 2 6 16
212073 50 1 0 3 6 21
322665 28 0 0 1 6 19
887907 6 1 0 0 6 43
367733 38 1 0 9 5 15
887932 7 0 0 0 6 41
1244257 2 0 0 6 6 34
212086 331 1 1 8 6 18
101495 40 1 1 5 6 23
232570 46 0 0 8 6 20
887923 8 1 0 2 6 37
265350 18 0 1 0 6 20
1006729 17 1 0 8 5 17
695450 29 0 0 2 6 15
355476 59 1 0 3 6 16
715934 18 0 0 2 6 37
777374 52 1 0 1 6 27
76954 68 1 0 8 6 20
933008 4 1 1 1 6 19
1006737 42 1 0 8 5 16
703637 19 0 0 6 6 23
367776 15 0 0 9 6 22
1563824 1 1 0 2 6 37
617646 42 1 0 2 6 20
646305 20 1 0 1 6 18
113834 80 0 0 3 6 19
97452 32 0 0 2 6 24
162988 59 1 1 7 6 26
310452 111 1 0 4 6 18
40116 40 0 0 1 6 23
543934 28 0 1 6 6 29
375987 34 1 1 8 6 19
462000 60 1 0 3 6 21
163002 116 1 1 1 6 18
126141 86 1 0 5 6 22
1121491 2 0 0 4 6 29
343238 84 1 0 3 6 24
1563858 1 1 0 2 6 37
1563856 13 1 0 2 6 37
265420 116 1 0 4 6 24
978119 1 1 1 5 6 33
93387 9 1 0 5 6 39
179405 8 0 0 2 6 37
1375428 4 0 0 2 6 37
416983 78 1 1 2 6 34
236753 6 1 1 2 6 27
580827 21 1 1 5 6 30
773341 24 1 0 2 6 16
1203397 42 1 0 8 6 16
494815 231 1 0 4 6 18
408807 173 1 1 1 6 29
290016 35 1 0 1 6 15
290028 8 0 0 1 6 21
179435 13 1 1 2 6 18
371959 84 1 1 8 6 19
1563873 1 0 0 2 6 37
1318125 13 1 1 6 6 23
1563885 1 1 0 2 5 37
142585 80 1 1 3 6 23
179454 24 0 0 2 6 39
1563882 1 1 0 2 6 36
1367275 25 1 1 0 6 31
863501 9 1 0 2 6 37
224514 148 1 1 2 6 20
1563924 2 0 0 2 6 37
224512 53 1 1 2 6 17
441602 2 0 0 1 6 18
912651 4 0 0 2 6 33
1563935 1 1 0 2 5 37
1563933 1 1 0 2 6 37
68874 60 1 1 4 6 26
1203481 7 1 0 8 5 16
1563929 2 1 0 2 6 36
1563928 1 1 0 2 6 36
1105152 5 1 1 0 6 31
617756 13 0 0 2 6 39
72982 104 1 0 5 6 18
1563919 1 1 0 2 6 37
511263 51 1 0 8 6 16
511260 46 1 1 3 5 16
1289480 8 1 1 8 6 13
511259 59 1 0 8 6 19
277785 60 1 0 2 6 35
1563914 1 1 0 2 5 36
1019183 38 1 1 2 6 43
367918 14 0 0 4 5 21
1072446 8 1 0 2 6 33
228652 79 0 0 6 6 19
322859 53 1 1 8 6 17
1563942 1 1 0 2 5 37
1563941 1 1 0 2 5 37
703801 2 0 0 2 5 16
1563940 4 1 0 2 5 36
867641 9 1 0 2 5 15
1563937 1 1 0 2 5 37
621872 14 0 0 6 6 27
1023285 6 1 0 2 6 16
68923 8 1 0 1 5 33
1563948 2 0 0 2 6 37
228671 48 1 0 6 5 27
523578 87 1 1 6 6 19
564533 61 0 0 4 6 21
1203539 10 1 1 0 6 32
1563989 1 0 0 2 6 36
318791 38 1 1 2 6 37
1289557 2 1 1 8 5 15
949574 14 0 0 8 6 32
449871 83 1 0 3 6 20
68939 88 1 0 1 5 19
1457501 1 1 0 2 6 35
1563995 5 1 0 2 6 36
32081 94 1 1 2 6 29
1563972 2 1 0 2 6 37
974170 7 0 0 1 5 16
212311 3 1 0 2 6 15
1563970 4 1 0 2 6 36
281948 215 0 0 5 6 24
179551 75 1 1 8 6 20
1563978 1 0 0 2 6 37
900435 34 1 0 2 6 31
7519 689 1 1 1 6 32
466272 51 1 0 1 6 17
1068407 5 1 0 2 6 34
351598 42 1 0 2 6 28
433526 23 0 1 5 6 31
613755 33 1 0 1 6 28
986492 12 1 0 1 5 17
576892 20 1 1 1 5 23
306544 15 1 0 2 6 28
1080677 6 1 1 2 6 40
703869 5 1 0 5 5 31
1031543 17 0 1 2 6 34
490877 18 1 0 2 6 37
40317 81 1 0 0 6 21
589197 43 0 1 1 6 37
413068 46 0 0 1 6 18
695686 9 1 1 2 6 36
785799 36 1 0 1 6 22
277897 28 0 0 1 6 22
826754 8 1 0 1 5 16
888221 27 1 1 1 6 38
888220 3 1 1 2 6 18
888223 9 0 1 2 6 40
888222 11 1 1 2 6 30
765336 43 1 1 5 6 31
626077 72 0 0 8 6 24
449939 115 1 0 3 6 19
888219 6 1 1 2 6 24
1015192 19 0 0 4 6 37
531857 20 1 0 1 6 19
1273225 13 1 0 2 6 37
716182 4 0 0 1 6 35
343448 56 1 0 8 5 16
888233 5 1 1 8 6 30
888232 11 0 1 7 6 24
28071 22 0 0 2 6 18
44467 23 1 1 0 6 21
888249 3 1 1 2 6 21
888251 7 1 1 2 6 29
822715 11 1 1 6 6 31
888250 1 1 1 2 6 22
888245 14 0 0 2 6 32
695731 30 1 0 1 6 17
699827 50 1 0 6 6 24
724402 45 1 0 8 5 17
568754 15 0 0 2 6 18
245180 87 1 1 2 6 28
318917 120 1 1 1 6 29
355782 85 1 0 1 6 18
531919 11 0 0 6 6 36
888260 10 1 1 1 6 25
748994 50 1 0 8 6 14
445900 8 1 1 7 6 26
593346 16 0 1 4 6 34
155086 72 1 1 8 6 15
318933 30 0 1 8 6 26
822750 45 1 0 2 6 31
155094 43 1 1 8 6 20
495058 6 1 0 2 6 37
36312 115 1 1 1 6 26
540141 137 1 0 6 6 22
450028 12 1 0 8 6 34
605671 15 0 1 2 6 40
605670 38 0 1 2 6 32
622069 15 0 0 3 6 30
474631 8 1 0 4 6 17
597514 53 1 0 2 5 18
200198 54 1 0 7 6 15
822794 18 1 1 2 6 36
146954 276 1 0 6 6 20
142866 29 1 0 2 6 18
1502726 7 1 0 1 6 47
126480 79 0 0 8 6 18
531994 145 1 0 8 6 17
376343 97 1 1 7 6 28
376338 76 0 1 1 6 25
36376 59 0 1 3 6 31
835093 12 0 0 1 6 17
454175 115 1 0 8 6 17
953875 32 1 1 2 6 31
101923 48 0 0 2 6 23
552493 30 1 0 6 6 26
941604 9 0 0 2 6 37
32299 18 1 0 1 6 17
249394 24 1 0 4 6 17
499252 74 1 0 3 6 23
306736 4 1 0 2 5 27
822836 9 1 0 2 6 26
384575 15 0 0 8 5 18
958004 23 1 0 1 6 28
1056301 7 1 0 2 6 37
1056303 4 0 0 2 6 42
814643 72 1 1 8 6 16
384576 35 1 0 2 5 22
1048138 5 1 0 1 5 16
384579 15 1 1 4 6 15
937542 4 1 1 2 6 32
966212 28 1 1 1 6 22
28236 30 0 0 0 6 20
126541 49 0 0 3 6 19
462410 11 1 0 1 5 17
331336 8 0 0 2 6 29
810561 32 1 1 1 6 35
577094 56 1 1 0 6 17
409161 13 0 1 1 5 35
126546 139 1 0 3 6 21
851551 9 0 0 2 6 42
1449536 1 1 0 2 6 42
577106 26 1 1 2 5 30
48731 111 1 0 7 6 19
7772 64 0 0 1 6 22
249439 39 1 0 3 6 21
998993 3 1 0 7 6 21
728661 23 1 0 6 5 22
187997 25 0 1 0 6 24
216668 27 0 0 2 6 27
151137 32 1 0 2 6 15
306784 54 0 1 2 6 33
585324 11 1 0 0 6 14
687725 40 1 1 1 6 22
61034 495 1 0 0 5 23
396908 8 1 1 6 6 26
376430 20 1 1 1 6 16
491115 15 0 0 5 6 37
1109601 10 1 0 2 6 39
134768 520 1 1 6 6 32
900729 10 1 1 2 6 40
163447 564 1 0 2 6 18
945787 12 0 0 2 6 37
429680 18 0 0 3 6 21
568945 119 1 0 8 6 19
261753 63 1 1 2 6 27
728688 3 1 0 2 6 24
48763 74 1 0 6 6 22
732789 25 0 0 2 6 37
450183 52 1 0 6 6 24
413317 64 1 1 3 6 31
286350 23 1 1 6 6 28
147081 48 1 0 4 5 20
106122 105 1 0 2 6 20
532101 4 0 0 6 6 35
482953 66 1 1 8 6 19
794243 39 1 0 3 6 24
28304 316 1 0 8 6 18
478868 48 1 1 0 6 19
1166978 8 0 1 4 6 25
1252999 8 0 0 8 6 42
89756 111 1 0 7 6 14
290458 42 0 0 6 6 20
482977 65 1 1 8 6 17
7848 74 0 0 0 6 20
843431 5 1 0 2 5 18
163503 34 1 0 2 6 37
339627 81 1 0 2 6 24
261805 25 1 1 0 6 16
761508 14 1 0 2 6 37
237232 9 0 0 3 6 23
48819 39 1 0 1 6 38
1359523 9 1 0 2 6 37
548529 71 1 0 8 5 14
839350 25 1 1 6 5 18
974512 12 1 0 1 5 16
368315 360 1 1 4 6 18
151229 66 0 1 7 6 25
646857 31 1 0 1 6 17
179906 14 1 0 2 6 23
1130193 33 0 0 8 5 16
876233 6 1 0 8 6 27
241351 152 1 1 3 6 23
302786 37 1 0 8 6 19
212676 40 1 1 2 6 33
3784 558 1 1 5 6 19
397006 14 0 0 8 6 17
556737 34 1 0 1 6 25
319182 44 0 0 3 6 19
282325 45 1 0 8 6 16
1543875 3 0 0 2 6 37
282323 72 1 0 3 6 17
384733 12 0 0 5 6 21
384735 38 0 0 5 6 21
171736 37 0 1 2 6 22
364255 269 1 0 1 6 42
384731 35 1 0 4 6 17
384730 31 1 0 4 6 18
294619 44 0 0 3 6 23
229095 45 0 0 3 6 24
1081076 5 0 0 2 6 31
831208 17 1 0 2 5 18
384736 42 1 1 6 6 22
282337 174 1 0 8 6 18
265954 72 1 0 3 6 20
48872 246 0 0 6 6 19
1269497 3 0 0 5 6 37
331497 15 1 0 9 6 21
384757 7 0 0 4 6 19
773883 6 1 0 1 5 17
384756 1 0 1 4 6 20
876287 21 1 0 8 6 25
364279 74 1 1 5 6 29
392951 165 1 1 4 6 17
384758 23 0 0 4 6 15
1236705 9 0 0 1 6 29
384755 34 0 0 4 6 21
700147 41 1 1 2 6 20
986865 5 1 0 1 5 19
1081104 12 0 0 2 6 37
1093393 30 1 1 6 6 28
249606 36 0 0 7 6 25
413443 32 1 0 8 5 18
1384211 18 1 0 1 6 31
1490715 3 0 0 2 6 26
990978 33 1 0 8 6 40
724741 14 1 0 1 6 15
900892 11 0 0 6 5 32
544540 21 1 1 2 6 26
1019674 2 1 0 1 6 24
347933 54 1 0 1 6 19
986903 6 0 0 2 5 17
663315 6 0 1 2 6 30
442143 50 1 0 1 6 17
384799 4 0 0 4 5 15
1068811 19 1 0 2 6 26
487196 13 1 0 5 6 49
331546 31 1 0 9 6 15
384807 19 1 0 4 6 20
499490 21 1 1 4 6 33
1040167 16 0 0 6 6 25
180011 97 1 1 2 6 32
184107 250 0 1 8 6 25
1298232 4 1 1 5 6 21
778022 4 1 0 2 6 17
950051 5 0 1 7 6 23
581434 25 0 0 2 6 19
913214 5 0 0 2 5 28
778047 2 0 0 2 5 17
847673 6 1 1 1 6 34
130870 138 0 1 8 6 31
1314606 3 1 1 1 6 15
384836 79 0 0 2 6 20
384839 63 1 0 9 6 17
384838 17 1 0 2 5 19
384835 6 0 0 9 6 19
384834 26 1 0 9 5 19
1249115 20 1 0 4 6 43
384841 13 0 0 4 5 15
384840 32 1 0 2 5 20
364360 24 0 0 3 6 36
388939 15 1 0 1 6 17
974656 3 1 1 2 6 31
352084 20 1 0 2 6 18
1331010 3 1 1 2 6 33
180057 44 1 1 9 6 18
1191794 1 1 0 2 5 21
384868 8 0 0 1 5 18
1154928 12 0 0 1 6 37
1269617 16 1 0 2 6 35
1191792 11 0 0 6 6 36
384867 20 1 0 2 5 19
241513 88 1 1 2 6 29
778080 7 1 0 2 5 16
1191801 1 0 0 2 6 30
384873 12 0 0 4 6 17
384872 14 0 0 4 5 20
319337 36 1 0 3 6 26
614265 89 1 1 2 6 18
61298 182 0 0 1 6 15
323446 125 1 0 8 6 16
384886 26 1 0 6 6 16
778110 9 1 0 2 5 18
376690 43 1 1 6 6 24
888698 41 1 1 2 6 36
327548 66 1 0 3 6 17
352127 28 1 0 4 5 29
1191790 5 0 0 8 6 31
384888 13 1 0 8 5 25
1105773 9 1 0 1 6 38
110463 92 0 0 3 6 21
483207 19 0 0 1 6 37
860044 7 1 0 2 5 18
147335 64 1 0 1 6 17
868232 5 0 0 2 6 37
270211 83 0 1 6 6 30
778113 27 1 0 2 5 15
921476 2 0 0 3 5 16
102283 86 1 1 1 6 14
143241 76 0 1 8 6 26
987039 6 1 0 1 5 18
1191814 8 0 0 0 6 31
815000 13 1 0 8 6 15
1191815 2 0 0 2 5 35
499601 164 1 1 2 6 19
1208197 4 1 0 1 6 22
778140 22 0 0 7 6 23
143253 8 1 1 2 6 25
171931 56 1 0 2 6 36
1191816 3 0 0 8 6 31
982930 10 1 0 2 5 12
786350 3 1 0 1 6 15
614319 21 0 0 2 6 29
323502 74 1 0 4 6 19
1314750 6 0 0 6 6 28
671655 42 1 1 9 6 29
331702 103 1 1 5 6 28
1548195 1 1 0 2 6 37
757693 65 1 1 4 6 61
1511343 5 1 0 2 6 37
384958 13 0 0 4 6 20
331704 54 1 1 5 6 23
1003442 20 1 0 8 5 15
364475 17 1 0 1 5 18
384965 9 0 0 4 6 18
516036 36 1 0 3 6 22
384960 9 1 0 2 5 19
802761 21 0 0 6 6 27
409548 55 1 1 7 6 23
843719 93 1 0 5 6 22
655301 26 1 0 8 6 17
49104 177 0 0 3 6 25
1048541 18 1 1 2 6 29
159696 26 1 1 2 6 22
888799 6 0 0 2 6 37
671704 14 1 0 9 6 19
364496 16 0 0 4 6 20
999386 8 1 0 7 6 16
1122246 38 1 0 7 6 42
1523659 3 0 0 2 6 37
786391 142 1 0 2 6 33
671702 14 1 1 8 5 12
671700 16 1 1 8 5 16
1019856 9 1 0 2 5 18
724971 52 1 0 8 6 16
1548278 2 0 0 2 6 37
450531 62 0 1 1 6 23
385005 14 1 0 4 6 19
1548287 1 0 0 2 6 37
167913 440 1 1 6 6 26
1548282 2 1 0 2 6 37
385013 20 0 0 1 5 17
331765 31 0 0 3 6 22
49136 12 1 0 0 6 33
385014 21 0 0 4 6 22
196593 43 1 0 2 6 36
389105 32 1 0 1 6 16
86004 11 0 0 5 6 21
307185 19 0 0 3 5 30
516082 48 1 0 4 6 18
1019896 5 0 1 0 6 48
1150950 6 1 0 2 6 37
671729 65 1 0 9 5 13
184316 80 0 0 2 6 18
671732 25 1 1 8 5 15
933873 5 0 0 2 6 37
282619 248 1 0 8 6 17
262664 377529
432501 179906
214728 903341
432501 617646
390446 275605
390446 818122
272079 891243
457067 184992
1336583 349412
162368 517575
407058 432052
214728 542009
1058205 285470
162368 1018152
108622 698658
214728 10406
251282 363258
210124 1002599
910962 120420
457067 176246
390446 1105152
407058 514757
272079 762516
214728 695731
280868 867408
592503 337692
407058 754065
1090106 943882
810561 1019674
87845 242460
214728 214725
214728 597514
407058 535046
457067 55958
390446 869241
390446 1164225
324028 1244231
251282 142585
407058 7848
108622 888233
251282 1010776
214728 88282
457067 646305
214728 1119867
210124 602362
214728 1119897
390446 1030626
262664 1181971
457067 126480
407058 724971
407058 76259
888698 1312760
214728 232028
87845 62204
1090106 1563942
214728 866157
251282 100303
1517898 843984
214728 893145
1018559 1548518
214728 363616
605670 975889
214728 779570
583783 1601607
280868 177812
214728 969517
87845 74926
1336583 739745
272079 1082844
619881 370964
1018559 1548510
162368 445247
842719 616207
108622 518113
512232 270539
324028 786647
810561 621872
214728 703801
214728 124534
108622 487724
214728 389432
619881 665074
910962 221695
512232 406234
162368 387344
1090106 1543875
1018559 1548521
214728 986865
457067 1345971
810561 1102554
583783 162670
214728 1119891
214728 386113
251282 118865
251282 991515
272079 90167
214728 173514
214728 256977
251282 377189
280868 331702
984075 1059561
214728 1119888
810561 589959
457067 157548
1019674 162368
272079 778140
1058205 1058172
210124 261805
214728 1119602
810561 619526
214728 297151
1336583 1056303
589197 886878
407058 28304
214728 1083365
577106 1100312
457067 124243
605670 1269617
272079 57711
457067 232570
214728 569785
491115 596014
1058205 227599
214728 447639
214728 384888
214728 1119783
214728 1119925
432501 759725
1090106 732789
888698 219686
407058 195304
1341559 491115
251282 32813
407058 670518
214728 19002
214728 384840
1336583 369645
910962 251899
214728 331546
1018559 1548419
888698 1418547
324028 625485
251282 174429
324028 786969
512232 510885
407058 787501
214728 563107
407058 510405
87845 383561
251282 192977
512232 524589
251282 69718
842719 1172207
450183 980006
280868 1298232
619881 700675
87845 427875
491115 1021010
407058 398379
1602370 432501
251282 469463
842719 1506131
324028 666689
251282 258209
810561 1269497
214728 466272
87845 523578
577106 1411754
457067 1034016
143253 182575
1090106 1563970
407058 1271644
450183 438749
214728 387160
214728 472347
87845 819571
1018559 1548520
512232 347134
214728 488924
842719 632666
407058 200198
280868 706633
1090106 1212464
214728 447635
108622 159696
592503 129164
214728 367776
842719 1166978
214728 568754
605670 1229562
108622 521165
450183 711270
910962 364547
1018559 1548515
324028 463785
450183 811905
450183 37660
457067 370978
214728 322665
214728 384886
108622 495879
407058 815140
450183 1223606
457067 94968
407058 459126
87845 102411
605670 194202
87845 57896
1090106 1563882
1018559 1413805
324028 703637
888698 688573
214728 1119866
214728 147565
450183 48763
214728 354521
619881 376430
214728 387286
251282 235265
1058205 97452
605670 1181972
605670 306736
262664 20656
589197 930041
842719 799160
214728 826754
457067 322156
251282 415729
1018559 1483948
1018559 1548282
1018559 1548397
210124 573739
251282 251224
491115 1538526
1336583 698741
214728 463325
87845 721852
214728 150395
214728 246772
1481225 1250497
214728 386214
262664 1088052
589197 68923
842719 631441
324028 340881
407058 518485
214728 1107011
450183 79571
251282 324519
251282 549786
1018559 1548525
214728 231533
251282 412547
407058 1013836
262664 534612
407058 516082
214728 291035
1090106 407880
210124 367126
592503 858653
210124 831927
450183 169654
87845 488463
272079 587004
1336583 1570523
457067 1287803
407058 353420
512232 512300
407058 785799
214728 254381
407058 805465
108622 4537
407058 406976
491115 1585939
407058 651490
407058 123497
251282 7772
214728 469820
577106 1068811
214728 287451
214728 387225
214728 277217
262664 988868
888698 1490715
210124 251078
390446 1080677
1058205 177409
619881 715370
214728 31526
162368 9874
407058 353011
457067 179210
262664 318791
512232 505081
214728 776979
214728 1034685
583783 903143
251282 251229
450183 324144
214728 384756
214728 1000297
619881 389105
214728 147335
450183 79626
251282 251109
87845 71646
262664 385354
512232 671655
390446 1302688
407058 522733
457067 998993
512232 375987
214728 385005
512232 564533
214728 32299
324028 396908
280868 1139981
407058 1221134
843984 1249854
407058 671732
272079 802761
450183 886842
407058 375015
251282 237667
214728 280590
143253 594941
407058 1289480
407058 724402
407058 813727
214728 349079
214728 1119942
214728 974512
457067 777374
251282 343103
214728 1021895
512232 517846
324028 940931
974656 143253
272079 205584
407058 510885
87845 819590
592503 299810
214728 222443
842719 570012
1602370 1331010
589197 941165
324028 37559
888698 1191815
407058 518377
984075 279954
108622 706824
888698 1517960
1090106 1563941
888698 1105773
214728 147688
619881 773883
407058 628236
214728 230666
214728 50340
888698 1517898
214728 488689
1018559 1548540
214728 222490
262664 1001149
1090106 206471
214728 312178
214728 837885
1018559 1443256
407058 815200
272079 1128889
214728 1119890
162368 125139
450183 553678
457067 277897
1336583 318483
1181972 262664
214728 355782
1058205 602123
512232 1189682
512232 548529
214728 1083208
214728 256649
407058 406319
589197 1230809
1266975 842719
432501 299140
214728 276782
272079 1191801
512232 512169
1336583 851551
450183 1106950
407058 1160621
251282 733802
214728 325177
214728 360791
214728 107385
457067 299780
280868 1554649
210124 32801
272079 210789
214728 831623
450183 541638
407058 387025
1336583 1242453
450183 489240
87845 68874
1018559 1548513
390446 656540
214728 713567
214728 862873
214728 385786
605670 1602370
592503 800685
1018559 1548514
214728 524808
272079 614319
1090106 1341737
324028 900892
1336583 1115706
888698 716182
214728 982930
108622 734049
214728 817712
214728 1083211
162368 7519
251282 110463
214728 648885
87845 334293
1119788 619881
214728 384835
214728 385942
251282 212073
1018559 873969
450183 169580
214728 385014
1336583 976994
214728 928533
512232 508365
407058 783422
87845 316266
407058 729767
888698 1337512
910962 116622
619881 443736
1090106 807590
512232 568325
214728 371220
280868 1065936
108622 849958
390446 1302544
577106 1229969
1018559 1548287
407058 923065
605670 108622
407058 1203481
842719 353020
214728 468442
251282 155903
810561 228671
162368 1019183
1323778 984075
1168636 251282
592503 478868
214728 1119868
251282 263379
407058 584238
1341737 450183
512232 1086834
162368 788664
214728 384841
214728 758276
251282 714974
214728 384958
512232 132650
1603075 1336583
1018559 1548511
214728 43769
214728 386164
214728 385946
280868 78509
457067 334522
1090106 868723
324028 496090
214728 256515
407058 459257
251282 13076
605670 1563929
251282 582528
1018559 910548
87845 614991
214728 786350
407058 164073
251282 101458
589197 582444
251282 378842
272079 461040
810561 1314750
251282 329953
390446 1302817
390446 319897
407058 671729
214728 386409
272079 330237
1018559 163503
214728 63395
214728 384579
457067 999386
407058 1153285
108622 888251
457067 285456
810561 1252999
1058205 1350511
589197 54641
87845 719387
1058205 108293
1336583 179454
407058 1004373
251282 423732
214728 290016
214728 867641
251282 251166
407058 653118
251282 759434
108622 574229
450183 207256
280868 331704
810561 1428055
589197 556737
324028 841007
432501 139754
1090106 869143
214728 195114
407058 699286
605670 1603075
214728 487769
210124 561950
262664 207709
390446 820273
619881 124170
432501 766382
577106 46770
214728 1042028
87845 433526
457067 1345972
1090106 1056301
251282 483560
577106 153224
589197 1384211
214728 1119785
214728 209056
251282 1168783
108622 819570
214728 222433
910962 206969
214728 384873
87845 819569
214728 125703
214728 1119818
432501 117547
407058 645118
214728 385938
214728 58720
842719 52304
888698 695686
592503 23223
272079 27129
407058 1006729
87845 399945
910962 822794
280868 43524
214728 280209
1018559 161624
457067 106639
619881 220158
87845 450531
214728 121719
108293 592503
1058205 949574
910962 946965
457067 4206
512232 1142949
87845 171736
1090106 1563824
214728 141086
1090106 1563995
214728 400042
214728 852779
407058 494815
280868 67997
1018559 1548539
214728 586650
407058 374168
457067 319571
390446 280943
1058205 1557330
214728 385138
210124 705115
214728 102865
842719 1172893
491115 574573
1336583 1243342
1090106 218266
407058 549467
1090106 578516
512232 538633
512232 406269
324028 452235
214728 987462
577106 822015
390446 937542
592503 119225
262664 197003
1133656 224512
810561 699827
272079 137775
450183 248588
605670 1134628
87845 75839
280868 1567647
162368 356377
1018559 761508
1090106 1291873
619881 1041558
251282 256214
262664 35833
457067 290028
407058 655301
108622 179435
251282 350317
605670 219266
108622 213222
407058 407821
324028 366303
1517918 1018559
214728 458834
210124 1111001
214728 1119887
108622 36312
214728 1119905
457067 331497
214728 465134
324028 139520
251282 251275
390446 1025742
407058 459194
1090106 1090143
450183 207283
272079 216668
619881 442143
280868 40317
214728 297104
272079 1142936
162368 342195
450183 202240
1411755 1069835
407058 725857
512232 626925
214728 384799
324028 1244182
214728 385831
457067 288089
910962 1500835
108622 867111
1018559 803308
432501 1068407
214728 538156
1018559 940005
974656 39380
1018559 923792
251282 237670
1018559 215825
214728 1120017
280868 180011
162368 407338
457067 153407
1018559 923562
210124 163002
108622 358844
512232 511263
251282 100701
1336583 617756
407058 362858
1090106 869107
407058 282325
262664 899949
407058 1271789
214728 385833
214728 752581
262664 226011
450183 207264
512232 482953
251282 433050
214728 1119907
1018559 1548526
214728 576353
324028 713929
1181972 1124551
251282 493375
1090106 1563924
1287088 371617
214728 195111
619881 391359
407058 459499
214728 156606
251282 41982
214728 26424
214728 274470
214728 1119825
1058205 189156
432501 31508
457067 1144017
214728 88284
457067 330261
592503 887907
251282 263329
605670 1109601
577106 310125
450183 171029
1058205 964865
1336583 748463
407058 353040
214728 425027
262664 22950
589197 467086
1336583 1411755
390446 188722
457067 76954
390446 338134
619881 477493
214728 476657
251282 241351
214728 61298
457067 148596
214728 384868
251282 112297
1191815 272079
842719 408807
512232 509596
324028 207253
605670 1243342
251282 392270
589197 1502726
512232 459976
842719 1506235
1336583 1557190
1090106 1311588
491115 37660
888698 1457501
262664 22749
888698 1154928
214728 828234
214728 194050
280868 463100
843984 1435928
214728 365727
1018559 222368
457067 87931
1336583 940627
162368 364279
324028 1131060
280868 953875
214728 1024626
262664 611861
1090106 1563978
1336583 434519
251282 327548
108622 888250
842719 714809
888698 615334
457067 90677
512232 512409
407058 368315
214728 323502
280868 584413
108622 888219
407058 459132
251282 992295
390446 934156
214728 462410
1018559 164872
1090106 1563935
108622 888222
214728 384755
214728 158012
214728 954846
108622 378177
1018559 1532663
589197 990978
214728 391307
1018559 1548509
457067 108607
262664 1182021
407058 169297
512232 753778
214728 897325
589197 344287
512232 509119
512232 627867
407058 459255
1563929 1090106
280868 260221
251282 464202
87845 544540
251282 968048
819616 210124
1018559 1548501
1018559 595666
842719 289798
407058 1003442
390446 190428
1018559 1504845
592503 1015192
1018559 945223
108622 591131
251282 357345
214728 384838
512232 299597
214728 681548
843984 1360358
407058 1006737
87845 236323
1315023 407058
108622 888232
1090106 868232
214728 441602
589197 362335
272079 1191790
272079 631872
450183 251957
512232 839350
407058 1029966
450183 207262
1018559 1548344
619881 715036
108622 850724
87845 819614
1018559 557556
87845 819616
272079 184316
1018559 872722
214728 1119904
407058 512409
87845 533808
512232 212086
251282 110768
108622 390501
324028 270211
324028 279970
1018559 1548528
251282 62623
1336583 875202
272079 410318
512232 368803
214728 668211
214728 1119837
888698 1517792
214728 1119784
214728 974170
592503 187227
589197 729673
210124 95003
272079 480168
1018559 330072
87845 197027
407058 831208
605670 928624
810561 962598
214728 1022073
214728 231067
214728 384730
272079 82558
457067 1244257
589197 958004
984075 101923
214728 1119870
262664 598544
1018559 809238
214728 1119924
214728 166886
214728 1119977
512232 512084
491115 843719
251282 202291
407058 469849
272079 1034016
842719 359366
888698 1437902
605670 308675
457067 54552
280868 445485
1018559 506765
1336583 1603119
605670 1515966
214728 190304
512232 820137
1090106 349412
457067 47672
108622 111177
251282 113834
1018559 933873
407058 407668
407058 505773
605670 1481225
214728 969495
214728 430560
1018559 1548373
214728 258178
214728 370731
251282 426826
512232 829751
512232 374125
214728 1023285
432501 275969
272079 322184
390446 1031543
605670 63530
87845 67918
262664 623311
214728 1119961
407058 374925
407058 1153384
214728 28071
280868 973002
407058 654270
592503 1419363
251282 797732
87845 687725
457067 14057
87845 376338
432501 152995
810561 1324575
251282 429680
888698 370974
251282 251162
407058 223706
842719 440039
888698 1055088
810561 486148
407058 459976
407058 511260
214728 647940
87845 235847
1090106 769106
457067 530264
324028 1223431
810561 703869
407058 102283
605670 339627
87845 151229
251282 236332
1018559 730960
407058 440280
251282 265420
1090106 1386938
619881 751084
810561 119825
1018559 610806
214728 384834
407058 925990
214728 305412
605670 620256
108622 108519
251282 41964
262664 245180
1090106 587462
450183 959269
407058 1289155
1058205 157657
432501 931040
1058205 1029783
390446 911142
491115 1266975
407058 407093
214728 296531
272079 281948
108622 888249
1090106 379220
390446 1188532
619881 250764
162368 248419
407058 299602
214728 449184
407058 820121
214728 770745
214728 1119790
251282 284442
592503 984576
214728 311543
432501 123726
87845 223333
214728 447723
843984 341567
280868 62092
214728 384576
324028 266317
984075 1152210
214728 162037
407058 225289
810561 812691
1336583 716848
1090106 976810
108622 877169
324028 137790
214728 398437
842719 170277
592503 506152
214728 778265
324028 452110
842719 835855
214728 688539
1090106 1298621
810561 586572
457067 287453
262664 573645
1018559 681725
87845 63222
214728 194816
407058 1283594
214728 726936
87845 673220
810561 483207
888698 1072446
457067 49104
457067 480116
1018559 1058079
214728 29151
842719 930434
251282 126541
280868 538979
407058 1203397
272079 367080
262664 841966
457067 211485
87845 70654
888698 144042
842719 1118311
407058 1130193
592503 907522
214728 810036
457067 413068
910962 318374
143253 955060
262664 1181915
1018559 206848
1090106 179405
842719 239648
457067 271112
1018559 63774
390446 832507
251282 310452
577106 869725
407058 459188
214728 777284
251282 30901
108622 520604
87845 804921
272079 72982
214728 252394
390446 493428
87845 120059
810561 613755
842719 413317
512232 302786
251282 309150
214728 367683
214728 970845
619881 474631
262664 180011
272079 14716
214728 1119896
87845 655745
272079 94884
87845 593346
810561 709340
407058 535391
214728 317439
214728 384807
162368 847673
589197 1286332
407058 1314606
108622 44467
589197 364255
324028 552493
843984 93387
407058 815131
1018559 152748
214728 1119982
605670 1133051
214728 672278
457067 416237
1018559 205165
457067 483826
162368 439698
619881 290016
251282 82666
108622 11250
251282 31103
214728 938555
214728 68601
214728 1119898
512232 1378796
214728 447513
619881 293475
512232 155094
842719 409161
512232 426085
1336583 869134
407058 1314926
842719 36376
214728 827602
280868 157938
214728 386270
577106 219302
262664 1022910
407058 784676
214728 184471
457067 48731
108622 822715
214728 987547
592503 123197
214728 953028
108622 206246
842719 935168
512232 510948
214728 385781
1018559 1548517
1090106 1359523
214728 43771
619881 149974
407058 518379
1090106 1563972
108622 38895
87845 819617
491115 1280398
210124 475923
214728 427516
512232 953198
162368 1019896
888698 738718
1090106 1563856
280868 400168
210124 9960
619881 369942
450183 167913
512232 1133656
280868 162988
87845 158646
592503 49136
251282 533282
251282 124156
619881 1315023
407058 166390
450183 1040167
1058205 914993
888698 598870
407058 435723
619881 131108
280868 126141
605670 1164099
577106 993443
407058 454175
251282 424906
262664 218054
272079 26812
407058 1272173
108622 279329
592503 108602
214728 355336
251282 127194
842719 950051
87845 617181
1018559 1466865
214728 284889
1090106 1066408
407058 893523
512232 313651
214728 447637
214728 1119507
1090106 910944
407058 826026
512232 558553
280868 1280257
251282 53556
810561 467437
214728 778080
108622 700147
214728 1048541
214728 352084
214728 347933
262664 616929
272079 865575
910962 378525
162368 169953
272079 888245
390446 1113178
214728 277462
450183 318933
512232 184107
1090106 1563940
280868 1208449
87845 115429
108622 402615
577106 79610
324028 1212892
1018559 170294
87845 42937
491115 691183
251282 251107
280868 42259
214728 384758
214728 987646
407058 320530
87845 581434
214728 1022120
210124 562171
143253 900435
512232 779866
592503 1047367
214728 845130
251282 319337
577106 331336
457067 185422
450183 718833
457067 1208197
262664 262665
272079 1751
1090106 1302640
251282 361032
1018559 1548195
214728 364496
583783 48009
251282 562513
214728 142866
589197 181288
432501 254583
214728 384575
810561 307185
272079 1191814
407058 353031
432501 344631
577106 913214
577106 1081076
1018559 1511343
619881 727630
108622 179551
842719 648145
214728 987438
589197 709874
450183 207285
214728 331987
251282 251173
888698 1327907
512232 731522
324028 262244
390446 1302748
214728 778022
605670 1168636
407058 482977
280868 631082
619881 120339
214728 753980
1090106 506270
214728 250764
214728 384733
888698 568203
577106 416983
1090106 1563989
842719 1046994
619881 1065949
262664 79784
390446 180878
842719 573694
214728 614265
491115 828113
214728 910087
214728 987039
214728 1017606
842719 1013584
251282 685620
324028 1244229
577106 1005136
214728 458897
1336583 1056301
1336583 566541
407058 1290385
214728 583138
251282 251153
251282 101459
262664 45562
842719 170288
324028 1244011
214728 384867
407058 748994
1018559 1548519
214728 843431
390446 1302821
1018559 1548524
214728 800649
1058205 876287
272079 123231
214728 275763
210124 68596
512232 162517
251282 251334
888698 1481225
619881 933008
214728 1119906
1090106 1563948
1018559 1517649
842719 512497
619881 61298
457067 28236
491115 882016
251282 430695
843984 468224
1018559 881144
450183 917670
1018559 171931
87845 765336
1058205 626077
214728 388939
457067 248164
450183 521415
619881 385833
512232 254135
457067 87124
214728 386107
280868 104318
842719 546317
407058 282337
1090106 1352201
457067 47831
407058 643621
450183 852810
214728 277463
87845 187997
592503 1078489
407058 706777
251282 531080
251282 149457
272079 835690
251282 794243
214728 88290
214728 334340
214728 113089
1336583 822836
214728 384839
407058 353067
605670 728688
1018559 1548278
214728 353998
214728 226882
457067 55323
407058 58644
1018559 218145
210124 328147
214728 471408
842719 400400
512232 511259
214728 218501
457067 876233
842719 328769
407058 352989
457067 532101
108622 41528
214728 1083386
1018559 828781
450183 33325
214728 977740
1018559 212311
1090106 1375428
87845 427998
251282 249439
214728 280641
432501 193588
280868 587197
843984 152351
1314926 512232
214728 489477
251282 462000
1090106 154047
162368 105457
583783 1203539
407058 1148632
842719 615921
1018559 863501
108622 888221
1454148 589197
592503 119792
441602 457067
407058 626967
214728 1119948
214728 203718
214728 1119758
251282 1168844
390446 1367275
214728 447727
1090106 1523659
262664 90976
1090106 715934
450183 286350
262664 418902
589197 677180
210124 602281
390446 730247
1557190 1058205
214728 385950
214728 773341
1090106 885573
605670 889644
888698 451983
1018559 1012517
210124 678289
1601607 1323778
1345900 605670
577106 364648
324028 940593
251282 265954
87845 409548
589197 427882
251282 293812
214728 529247
1323778 1236705
1058205 1346525
251282 499252
390446 730826
450183 169589
589197 1173384
251282 314361
251282 66301
251282 328389
407058 353102
457067 39909
324028 58082
87845 268610
842719 445900
87845 318917
214728 384836
407058 787855
592503 180057
214728 921476
407058 711579
87845 119749
1058205 639775
214728 355285
589197 48819
214728 987155
843984 782434
589197 487196
324028 339019
108622 134768
1090106 1397486
214728 1048138
214728 778113
888698 996558
1090106 490877
810561 1143094
1336583 961095
407058 514814
251282 364680
407058 155086
407058 353025
214728 443115
589197 373228
214728 159988
1331010 432633
457067 186345
162368 900729
262664 641434
262664 61904
280868 727894
592503 887932
1018559 1548475
1090106 1563937
407058 654355
457067 263430
577106 138179
87845 615760
262664 875500
251282 576177
1090106 1502017
605670 715783
1058205 650254
251282 449871
407058 947059
1336583 856474
324028 1244230
407058 343448
251282 1168625
214728 987480
605670 601085
272079 849637
214728 987479
108622 850867
390446 786391
251282 263396
214728 384872
272079 1191792
450183 1318125
407058 650237
888698 875202
272079 49867
1331010 583783
87845 143241
842719 1213503
324028 225842
108622 820428
262664 505261
450183 964558
589197 1446978
108622 79552
810561 249606
87845 255673
577106 759556
457067 1345900
87845 791750
1090106 1150950
251282 341694
1055088 176269
1090106 1563873
1018559 887923
214728 1068045
214728 718496
407058 635959
262664 72268
512232 282323
262664 47984
210124 1110901
457067 311888
1090106 1563858
214728 209094
214728 385836
1244257 324028
214728 529331
214728 468884
1601607 910962
910962 979759
87845 37193
251282 251158
262664 241513
87845 246411
87845 3784
407058 322859
1018559 1496934
108622 373513
251282 449939
251282 343238
162368 324962
390446 498733
251282 992435
214728 447722
799160 83210
214728 313177
589197 870181
589197 543523
589197 1340402
589197 1425925
214728 778047
407058 305623
87845 658472
262664 428000
214728 197699
214728 778110
1018559 1548512
1058205 450028
162368 359271
262664 1181983
251282 423599
280868 413443
1336583 1517985
214728 385197
324028 370720
262664 499490
450183 1341559
108622 236753
984075 1119374
108622 563001
108622 210815
324028 1171492
108622 265350
251282 432305
1018559 1523875
280868 1440343
108622 342497
888698 725124
984075 1514318
87845 255809
324028 50083
251282 464849
842719 420222
888698 947938
251282 40116
87845 261753
87845 141089
450183 422662
214728 809486
512232 407659
214728 987583
214728 724741
272079 435816
589197 1026849
214728 637227
87845 82309
251282 695069
214728 758191
589197 57769
577106 217922
1090106 1563933
214728 820264
605670 1287088
407058 531994
1557190 1102066
214728 352127
210124 1594046
407058 671874
888698 1517918
619881 864972
251282 434788
457067 48872
214728 987546
1090106 1124970
1090106 1301048
432501 155686
214728 385013
457067 228652
457067 292196
407058 511263
407058 988239
1018559 949189
842719 354507
984075 883608
214728 68939
214728 384965
280868 580827
214728 384960
407058 392951
214728 646857
910962 306544
272079 1191816
407058 375358
1090106 1273225
450183 907285
1018559 1548522
214728 287147
251282 79793
407058 514658
108622 514063
1121491 215602
1018559 1548527
457067 622069
214728 47676
108622 231653
1090106 1128560
810561 144803
1058205 130870
810561 623796
1538526 974656
589197 1122246
251282 123105
251282 319182
324028 309862
1018559 945787
407058 783404
407058 1226736
214728 113315
251282 502065
272079 728661
577106 351598
214728 364475
577106 43958
592503 713916
407058 512232
605670 51110
1090106 1563914
390446 219383
457067 728133
262664 901163
619881 423461
457067 259523
1302640 390446
1018559 1548393
512232 952303
457067 1345820
1337512 810561
262664 231690
910962 757693
251282 397363
407058 815138
214728 193260
589197 1181781
888698 822750
262664 117033
1090106 1513416
324028 61034
457067 87845
251282 206298
214728 68596
407058 671704
108622 218565
1090106 1563928
214728 317142
214728 384735
251282 331765
251282 337834
262664 236530
251282 126546
214728 464473
251282 263296
810561 641177
108622 888223
1090106 1553810
390446 899230
888698 108607
214728 386169
108622 885405
619881 241947
262664 1181869
214728 938502
251282 207087
1336583 912651
619881 472632
251282 344569
214728 384757
214728 1119869
819570 87845
1090106 1320555
214728 514035
843984 1454148
210124 1111002
1018559 124073
280868 101495
251282 247304
214728 268022
324028 543934
810561 705269
87845 236526
214728 385958
592503 219885
210124 22470
214728 846136
888698 318190
1090106 1481598
407058 469506
1018559 941604
214728 364975
842719 624366
214728 562328
450183 364929
214728 835093
262664 1022253
1018559 1098699
214728 860044
1090106 868955
214728 186487
589197 1215578
214728 79232
589197 1137152
262664 590740
251282 251171
251282 188897
512232 314339
214728 587306
262664 771555
251282 1153583
407058 772291
457067 1121491
214728 384736
842719 520422
214728 147081
910962 244795
910962 124819
592503 1419355
450183 540141
457067 934438
1090106 495058
214728 355476
390446 447542
1090106 196593
450183 109642
324028 766419
577106 329848
390446 1302686
143253 419473
1018559 1126607
842719 934085
512232 374608
605670 868441
251282 226765
214728 386420
280868 1000058
280868 308426
407058 282619
108622 499601
1090106 869069
605670 894112
87845 562859
214728 747730
262664 452179
214728 256557
251282 431527
457067 58273
108622 729462
87845 32081
407058 815000
214728 385949
390446 594654
280868 443934
457067 568945
108622 520603
407058 1203076
842719 567535
1481225 605671
87845 4942
214728 163447
810561 1267984
214728 367918
1018559 688366
214728 276367
214728 1119889
87845 730024
407058 397006
214728 986492
87845 178740
450183 166768
1018559 1449536
251282 251332
457067 88570
214728 1119819
214728 456065
214728 889017
457067 66240
214728 1019856
1018559 1548365
214728 783381
272079 997104
1336583 1109601
407058 89756
407058 784225
390446 877641
262664 306784
272079 125269
251282 237232
1090106 1081104
888698 823943
407058 334081
842719 222722
450183 1341717
262664 539675
87845 173884
272079 311754
407058 79423
251282 236601
589197 1249115
280868 236531
512232 371959
512232 1148632
407058 845684
262664 730826
214728 793702
108622 376690
1055088 280868
407058 557462
87845 224514
214728 695450
1336583 1022717
1090106 1563919
280868 47500
432501 106122
280868 966212
214728 473309
1058205 1254796
214728 986903
407058 1218496
457067 351233
262664 14149
407058 353066
214728 151137
214728 283186
251282 41387
251282 205404
1090106 964255
108622 427054
324028 177677
1090106 869076
1018559 1024199
407058 510949
512232 814643
251282 191175
842719 576892
390446 887760
324028 1093393
324028 364360
407058 459336
1058205 128273
457067 87921
262664 152849
214728 367733
214728 355028
605670 213844
251282 303209
210124 1111004
214728 385936
1090106 888799
324028 1244228
108622 726764
214728 988500
842719 938593
251282 294619
251282 39804
407058 323446
450183 207255
583783 328422
262664 195255
450183 1335713
280868 295439
407058 815120
407058 375717
214728 384731
407058 563929
1411755 577106
457067 86004
592503 428057
214728 222445
619881 66424
589197 1083589
888698 367632
450183 599914
407058 299502
605670 1534915
280868 457583
324028 531919
1336583 1603156
214728 1119788
324028 590708
888698 1084018
592503 828169
605670 277785
324028 863033
108622 68295
214728 182862
407058 671700
457067 290458
592503 951127
589197 49238
1090106 976589
214728 1022143
457067 229095
457067 354729
457067 96596
491115 1323091
1018559 743092
214728 531857
1090106 868517
251282 501772
592503 584685
910962 212676
251282 356694
407058 353042
272079 1191794
457067 1345970
214728 87696
214728 146954
592503 225575
491115 727692
407058 588056
810561 1491278
214728 349340
214728 535451
407058 374159
1090106 829834
512232 1031227
910962 376343
214728 783485
457067 767351
605670 561342
888698 1517868
390446 19076
390446 26751
473719 362017
87845 337180
214728 1083095
87845 256148
577106 268090
1018559 1018653
888698 1017025
390446 906479
1090106 1563885
432501 1267847
407058 671702
589197 598365
842719 1206344
842719 165122
214728 316105
214728 249394
214728 386411
214728 246228
589197 90692
210124 585324
214728 471521
619881 944729
1336583 1045956
1018559 58770
143253 978119
214728 1119820
407058 1289557
210124 248885
910962 477213
214728 338470
1517985 888698
390446 555956
108622 670279
214728 162024
390446 663315
143253 743374
251282 516036
592503 577094
605670 443954
280868 731207
457067 49325
324028 453600
108622 888220
450183 624967
108622 888260
619881 473719
407058 1315063
262664 414924
842719 226244
251282 123098
262664 309612
390446 979430
