694 906
5 0
949262 42 1 1 8 6 30
752649 72 1 1 6 6 19
482307 42 1 1 6 6 17
43012 31 1 0 8 6 19
334849 459 1 1 8 5 19
549900 50 0 1 4 6 21
757772 56 1 0 4 6 17
514063 180 1 1 6 6 24
544770 57 1 1 4 6 31
370696 32 1 1 8 6 21
1382424 5 1 0 9 6 37
91153 7 1 1 1 6 15
680985 17 1 0 8 6 11
926749 43 1 1 8 6 25
867353 63 1 1 8 6 26
279571 514 1 0 6 6 15
371741 28 1 1 8 6 18
432159 68 1 0 8 6 17
924691 21 1 1 4 6 22
949264 9 1 0 8 6 62
614422 19 0 1 8 6 38
515110 69 0 1 4 6 19
90149 67 1 0 4 6 20
432162 37 1 0 8 6 19
437280 100 1 1 8 5 20
328739 97 1 1 8 6 19
372781 49 1 1 8 6 19
276526 64 1 0 0 6 20
372777 161 1 0 8 6 21
506922 82 1 1 6 5 23
398379 66 1 1 4 6 19
456747 49 0 1 8 6 20
372779 229 1 0 8 6 17
932897 63 1 1 6 6 21
356394 104 1 0 8 6 16
510006 167 1 1 6 6 19
41009 53 1 0 9 6 20
679998 41 1 0 8 6 18
369724 111 1 0 8 6 17
319549 203 1 1 6 6 19
59452 81 1 1 6 6 16
92220 289 0 1 4 6 23
369720 40 1 0 8 6 16
1374292 12 1 0 8 5 18
965709 57 1 1 6 6 32
402501 96 1 1 8 6 17
883784 115 1 0 6 6 26
369728 90 1 0 8 6 17
435267 56 0 1 8 6 27
30791 44 1 0 8 6 17
683075 27 1 1 8 5 11
224329 73 1 0 6 6 15
496712 94 1 1 4 6 23
683077 79 1 0 8 6 27
149586 213 1 0 8 6 44
785503 25 1 0 8 5 17
1037401 24 1 0 6 6 39
371805 90 0 0 8 6 17
301151 192 0 0 4 6 16
933970 95 1 1 8 6 29
828499 19 1 0 8 6 32
89184 301 1 0 8 6 16
14433 59 1 1 0 6 16
869481 36 0 0 4 6 43
1057909 18 1 0 9 6 32
564333 105 1 1 8 6 32
1267835 17 1 1 6 6 27
340079 63 1 0 8 5 17
699489 21 1 1 6 6 18
1025124 33 1 0 8 6 20
751739 25 0 0 6 6 30
827519 30 1 1 6 6 7
917624 50 1 0 1 6 21
395390 80 1 1 2 6 16
520318 17 1 1 6 5 20
926839 45 1 1 4 6 16
379004 54 1 0 6 5 16
382079 140 1 0 8 6 19
586868 30 1 0 6 5 16
219263 190 1 1 4 6 19
603252 107 1 1 4 6 20
550006 74 1 0 4 6 21
369796 103 1 0 8 6 23
516226 26 1 0 9 6 19
599182 29 1 0 6 6 38
779404 21 1 0 8 6 18
473231 29 1 1 1 6 21
348300 144 1 0 4 6 16
823430 19 1 0 8 6 30
355470 88 1 1 8 6 18
1201308 50 0 0 6 6 24
540807 77 1 0 8 6 15
648345 33 0 0 8 6 17
514199 147 1 1 6 6 21
648344 65 1 0 8 6 16
840861 21 1 0 8 6 18
78992 225 1 1 6 6 16
85143 29 1 1 5 6 16
1078406 33 1 0 8 6 31
354450 194 1 1 8 6 111
521375 116 1 0 4 6 51
59544 174 1 1 0 6 18
513181 45 1 1 8 6 20
521373 86 1 1 8 6 16
684176 27 1 0 8 5 13
319646 206 1 1 8 6 19
825491 9 1 0 8 6 27
271515 223 1 0 4 6 21
470180 153 1 0 8 6 18
202919 39 1 1 8 6 33
368803 78 1 1 8 6 18
1219765 14 1 1 8 6 3
487595 88 0 0 4 6 15
782522 43 1 0 4 6 19
825534 47 1 0 8 6 17
615610 71 1 0 2 6 14
1025209 40 0 0 8 6 49
144570 180 1 1 8 6 14
1220776 13 1 0 4 6 20
372921 198 1 0 8 6 20
684234 16 1 1 8 6 19
355525 106 1 0 4 6 26
682187 96 1 0 3 6 20
723149 38 1 1 4 5 23
929993 21 0 1 6 6 23
768198 54 1 1 4 6 22
371912 194 1 0 8 6 26
768197 63 0 1 6 6 36
369876 112 1 1 8 6 16
1219779 18 1 1 8 5 23
971999 35 1 1 8 6 34
1219776 4 1 1 2 5 23
1219777 2 1 1 8 6 11
129234 86 1 1 2 6 24
372945 30 0 1 8 6 17
1219782 3 1 1 5 5 16
369872 171 0 0 8 6 17
407760 196 1 1 8 6 19
1219780 1 1 1 2 5 20
36055 133 0 1 6 6 42
1219781 2 1 1 2 5 20
743634 50 1 0 8 6 34
1219784 7 1 1 6 6 17
642258 164 1 1 6 6 17
521436 114 0 0 4 6 18
680145 67 1 0 8 6 16
242909 82 1 0 8 6 11
323802 120 1 0 4 6 17
81118 36 1 1 8 6 17
517336 113 1 1 6 6 17
507111 101 1 1 6 6 31
384229 100 0 0 8 6 19
164067 192 1 1 8 6 20
366817 85 1 0 8 6 18
785646 35 1 0 4 6 7
532717 19 1 0 0 6 20
414947 14 1 1 4 6 37
580847 110 1 0 6 6 40
266476 66 1 0 1 6 17
348397 62 0 0 4 6 17
372974 51 1 0 8 5 19
164073 78 0 0 8 6 18
298223 107 1 0 8 6 18
125167 142 1 0 8 5 16
379115 67 1 0 2 6 19
379114 48 1 0 6 5 17
512232 64 1 0 8 6 17
972031 7 1 0 8 6 15
550137 60 1 1 4 6 16
992507 12 1 0 8 6 15
1253606 5 1 0 8 6 10
518399 44 1 1 6 6 32
369917 17 1 0 6 5 18
43260 147 1 0 8 6 19
369925 75 1 0 8 6 16
923917 27 1 1 6 6 25
1432849 2 1 1 6 6 19
369920 71 1 0 8 6 17
369923 36 0 1 8 5 16
532750 26 1 1 8 6 20
532751 42 1 1 8 6 19
259340 441 1 0 8 6 16
683288 36 1 0 8 6 10
363799 153 1 1 4 6 17
793882 62 1 1 4 6 39
373011 88 1 1 6 5 18
603423 9 1 0 8 5 23
532752 63 1 1 8 6 19
24857 9 1 0 9 6 23
369951 49 1 1 4 6 22
750864 72 1 0 8 6 19
972050 61 1 0 8 6 30
435480 93 1 0 2 6 22
461095 94 0 0 4 6 20
512291 61 1 1 8 6 16
402722 108 1 1 4 6 14
398626 14 1 1 2 6 35
275745 126 1 0 4 6 22
972075 21 1 0 8 6 23
347427 23 1 1 6 6 21
659757 13 1 0 6 6 18
560417 10 1 1 1 6 24
484653 66 1 1 6 6 15
1043749 68 1 1 5 6 13
536867 82 1 1 4 6 18
361771 20 0 0 0 6 23
694564 50 1 0 8 6 14
521512 67 1 1 6 6 18
470312 44 1 0 8 6 30
538936 116 0 1 6 6 19
374068 422 1 1 6 6 20
335159 183 1 1 4 6 19
261425 244 1 1 4 6 21
832830 2 1 0 2 5 12
821556 118 1 1 6 6 19
1201448 47 1 0 6 6 13
148798 45 1 0 8 6 19
298297 149 1 0 4 5 19
54589 61 0 1 7 6 20
1062190 25 1 0 6 6 19
1027377 12 1 1 4 5 21
933198 20 1 1 6 6 22
46403 449 1 1 1 6 29
374086 29 1 1 8 6 24
369985 27 1 0 8 6 16
496962 92 1 0 8 6 28
463181 155 1 1 8 6 24
432460 54 1 0 9 6 17
873793 54 1 1 4 6 16
1117504 60 1 0 8 6 30
454996 52 0 0 5 6 15
435541 25 1 0 8 6 21
435539 87 1 0 4 6 14
699731 73 1 1 4 6 21
643408 51 1 0 8 5 20
733521 33 1 1 6 6 21
1132877 16 1 0 6 6 16
557417 50 1 1 4 6 35
753000 94 1 1 4 6 16
1284464 5 1 0 8 6 18
400738 18 1 1 8 6 23
819560 83 1 1 6 6 35
448878 83 1 0 8 6 40
544096 11 1 0 8 6 16
353645 273 0 0 8 6 19
1059194 9 1 1 2 6 18
534883 78 1 1 6 6 21
1132927 69 1 1 4 6 20
352618 303 1 0 8 6 15
576871 156 1 0 8 6 17
1246562 16 1 1 6 6 32
397687 352 1 1 8 6 15
370039 148 0 0 4 6 21
20851 453 1 0 9 6 24
370033 157 1 0 8 5 16
544124 33 1 1 1 6 22
544126 41 1 1 8 6 15
506225 71 1 0 8 6 29
1024377 9 1 0 4 6 18
375154 120 1 0 4 6 22
684403 116 1 0 8 6 27
336255 67 1 1 6 6 31
459133 140 1 1 6 6 15
822646 30 1 0 8 6 15
86394 9 1 1 6 5 13
79226 670 1 0 8 6 11
60796 335 1 0 8 6 19
1050991 36 1 1 2 6 28
239996 164 1 1 8 6 20
475526 120 1 0 4 5 16
1254801 16 1 0 6 5 13
679309 62 1 0 9 5 17
66952 59 1 0 6 6 11
544129 5 1 0 8 6 17
544130 14 1 1 8 6 18
404876 4 0 1 8 6 14
792966 12 1 1 2 6 20
322959 82 1 0 6 6 37
733575 24 1 1 8 6 22
1185181 3 1 0 8 5 17
851357 45 0 1 3 6 25
426391 28 1 0 8 6 18
1029532 15 1 0 6 6 15
1289606 11 1 0 9 5 29
276892 114 1 1 6 6 19
532880 88 1 0 8 6 16
1132936 39 1 0 6 6 32
212378 219 1 1 6 6 14
1062282 11 1 1 4 6 34
520603 57 1 1 6 6 20
89500 99 0 0 3 6 16
81311 17 1 1 8 6 17
426393 48 1 0 8 6 19
372133 233 1 1 4 6 20
649643 238 1 1 6 6 13
931245 56 1 1 6 6 27
320940 231 1 0 9 6 18
156075 127 0 1 8 6 18
809381 34 1 0 8 6 18
347561 122 0 1 6 6 37
156078 109 1 1 4 6 14
372137 167 1 1 8 5 15
223665 120 1 1 6 6 23
827838 70 1 0 6 6 27
353713 50 0 0 8 6 17
385456 177 1 0 6 6 15
73145 306 1 1 6 6 16
35259 319 1 1 7 6 17
803249 16 1 1 6 6 37
1064366 54 1 1 6 6 25
651721 48 1 0 8 5 12
393671 274 1 1 8 5 26
374215 96 0 0 8 6 25
168384 77 1 0 6 6 18
373190 17 0 1 6 6 36
968141 17 1 1 6 6 23
509380 10 1 1 8 6 33
715215 31 1 0 8 6 25
374208 98 1 1 8 6 18
508365 150 1 1 8 6 18
968128 25 0 1 1 6 24
155085 60 1 1 8 6 17
223698 325 1 1 8 6 24
948700 11 1 1 8 6 36
532957 108 1 1 8 6 18
507359 4 1 1 9 6 18
515550 77 1 1 6 6 19
1025492 36 1 1 6 6 13
1025491 39 1 0 2 6 19
89564 36 1 0 9 6 23
700905 141 0 0 6 6 13
55781 61 1 1 6 6 13
1201655 11 1 1 6 6 24
467425 32 1 0 6 6 20
172522 35 1 0 2 6 13
511479 68 1 1 6 5 23
564728 136 1 0 8 6 21
801277 42 1 1 6 6 28
512501 43 1 1 6 6 13
733689 17 1 1 6 6 39
212465 95 1 1 4 6 20
240117 114 0 1 8 6 19
930294 29 1 1 6 6 36
399871 55 1 1 8 5 19
620019 81 1 0 4 6 15
835063 62 1 1 6 6 17
286201 291 1 0 6 6 17
831985 3 1 0 4 6 38
510456 63 1 0 8 6 8
1284588 6 1 0 9 6 20
507399 39 0 1 6 6 26
446982 8 1 0 7 6 16
556555 196 1 1 6 6 17
50692 32 1 0 4 6 16
556557 77 1 1 4 6 21
514561 81 1 1 6 6 19
507405 141 0 1 6 6 23
544260 13 1 0 8 6 16
591364 12 1 1 9 5 23
954880 73 1 1 6 6 21
279050 252 1 1 8 6 17
525848 86 1 0 8 6 20
408087 59 1 0 8 6 20
354833 131 1 0 8 6 26
86548 117 1 1 4 6 16
792084 92 1 0 8 6 17
582161 15 1 0 2 6 12
1075723 17 0 1 0 6 34
443930 151 1 0 6 6 15
792080 2 1 1 8 6 15
1284623 1 1 0 8 5 20
209438 351 1 0 8 6 19
497191 40 1 1 6 6 27
517668 51 1 0 8 5 19
1253943 2 1 0 8 5 20
356896 48 1 0 6 6 19
91687 146 1 1 8 6 16
435744 8 1 1 8 5 26
1116727 2 1 1 9 5 30
933415 17 1 0 2 5 19
299566 72 1 0 4 6 17
778784 92 1 0 6 6 16
543269 32 1 1 6 6 29
556601 17 1 1 6 6 28
785978 36 0 0 8 6 15
1195558 24 1 0 8 6 42
430642 106 1 0 8 6 16
31289 706 1 1 6 6 17
1284648 30 1 0 8 6 12
1419817 4 1 0 9 6 9
517689 68 1 0 8 6 32
408133 156 1 1 4 6 19
599628 73 1 0 6 6 35
168519 122 1 1 8 6 15
1156697 16 1 1 8 6 22
978503 15 1 1 8 6 19
602693 62 1 1 8 6 13
602694 18 1 0 4 6 15
1455686 1 0 0 4 6 29
1046109 68 1 0 6 6 23
305746 167 1 0 6 6 16
42582 233 0 0 8 5 19
729693 48 1 0 6 6 19
544336 86 1 0 8 6 18
783955 37 1 1 2 6 20
638544 23 1 0 8 6 32
381528 120 1 1 2 6 39
271961 128 0 1 4 6 20
754262 44 0 1 1 6 26
239196 59 1 1 8 6 18
331364 64 1 0 9 6 22
123491 125 1 1 6 6 31
399972 16 1 1 8 6 17
91749 52 1 1 2 6 17
331373 16 0 0 6 6 25
637539 23 1 0 6 6 8
470637 45 1 0 8 6 16
255593 91 1 1 8 6 19
794214 25 1 0 8 6 17
552551 99 1 1 8 6 24
822904 19 1 0 4 6 19
638588 36 1 0 8 5 19
399998 73 1 1 4 6 15
795253 69 1 1 6 6 21
230008 77 1 1 8 5 15
399997 344 1 1 4 6 20
435832 52 1 1 8 6 23
521863 18 1 1 4 6 25
79495 53 0 1 8 6 21
509568 63 1 0 8 6 19
841349 74 1 0 8 6 39
518797 150 0 0 8 6 18
545410 20 1 1 1 6 21
633474 35 1 0 8 6 17
739995 75 1 0 8 6 27
335508 100 1 1 6 6 45
1231491 6 1 0 4 6 19
1057410 4 1 0 8 5 16
609946 47 1 0 0 6 32
1286791 10 1 1 6 6 31
525981 129 1 0 6 6 21
462492 144 1 0 9 6 15
434842 33 1 0 6 6 28
211612 17 0 1 4 6 28
323236 114 0 0 4 6 25
509602 29 1 1 6 6 21
807590 30 1 0 2 6 37
255656 140 1 0 8 6 18
813728 26 1 1 9 6 19
700090 17 1 1 2 5 29
326326 153 1 0 6 6 47
434868 23 1 0 4 6 24
434869 58 1 0 8 6 19
234160 71 1 0 8 6 18
434866 23 1 0 8 6 18
582333 101 1 0 2 6 38
1108646 10 1 1 1 5 11
491184 59 1 0 2 5 18
335538 77 0 0 4 6 16
544434 33 1 0 8 6 16
633522 51 1 1 8 6 19
544435 31 1 1 8 5 19
920242 16 1 1 4 5 23
544436 83 1 1 4 6 20
426692 126 1 1 8 6 19
1379025 20 1 1 4 6 35
88775 200 1 1 4 6 17
560847 38 1 0 8 6 16
400079 164 1 1 8 6 17
255699 184 1 1 8 6 20
1185475 2 1 1 8 6 21
188119 62 1 0 4 6 20
1379011 8 1 1 6 5 13
1185476 7 1 0 8 6 30
1185477 26 1 0 8 6 23
371420 169 1 1 6 6 19
669398 48 1 1 6 6 14
61149 175 0 0 8 6 18
931537 64 1 1 6 6 25
162525 69 1 1 2 6 29
649960 56 1 1 6 6 34
374500 43 1 1 4 6 19
544489 20 1 0 8 6 16
544490 52 1 1 8 6 22
1254128 1 1 0 8 5 9
93927 116 1 1 2 6 18
765676 14 1 1 6 5 18
356066 232 1 0 8 6 16
1245946 32 1 1 6 6 44
382703 329 1 0 4 6 19
335598 190 1 1 8 6 18
283375 118 1 0 6 6 17
1178364 6 1 1 8 6 11
526072 39 1 1 4 6 19
711422 84 1 1 8 6 22
595696 66 1 1 6 6 19
374521 113 0 1 6 6 21
544520 23 1 0 8 6 20
638728 16 1 0 8 6 18
938760 21 1 0 6 6 27
1353500 25 1 0 6 5 41
371468 9 0 0 8 6 18
752385 14 1 0 6 6 17
679680 18 1 0 8 6 19
777991 64 1 1 7 6 18
544517 28 1 0 8 6 17
39694 274 1 0 6 6 17
503575 25 1 1 2 6 18
164627 126 1 0 8 5 17
702232 36 1 1 0 6 21
295696 131 1 0 8 6 21
302865 52 1 0 8 6 18
1002265 5 1 1 0 6 20
592670 153 1 1 6 6 17
617246 23 1 1 8 6 29
526096 172 0 1 6 6 25
172826 187 0 0 4 6 16
1353486 6 0 1 6 5 28
756496 74 1 1 6 6 18
949010 12 1 0 8 6 35
126749 51 0 1 0 6 19
371481 64 0 1 4 6 20
371480 132 1 0 8 6 20
828179 16 1 1 8 5 14
568104 58 1 1 8 6 53
406308 202 1 1 8 6 18
1284921 7 1 0 4 6 15
754465 50 1 0 8 6 23
282414 113 1 0 8 6 17
459562 57 1 1 8 6 23
750374 34 1 0 9 6 19
1505080 1 0 1 7 6 43
715556 47 0 1 6 6 29
507703 33 1 1 8 6 18
732987 22 1 1 8 6 17
252722 156 1 1 4 6 29
466739 63 1 0 8 5 18
336690 49 0 1 6 6 25
756540 144 1 0 6 5 15
459568 43 0 0 8 6 40
1219370 1 0 1 3 5 13
714545 59 1 0 4 6 38
949045 18 1 0 8 6 4
753462 31 1 0 8 6 15
321337 161 1 0 8 5 19
990002 15 1 0 8 6 18
753461 14 1 1 8 6 14
172860 245 0 0 4 6 17
1113903 29 1 0 9 6 28
1117008 26 1 0 9 6 34
381767 80 1 1 6 6 16
640845 75 1 1 6 6 19
640846 208 1 0 6 6 19
969545 32 1 0 6 6 32
72518 55 1 1 4 6 18
1221466 11 1 1 8 6 14
370508 51 1 0 8 5 19
732992 24 1 1 8 6 22
353102 148 1 0 8 6 15
756550 64 1 1 6 6 21
371528 25 1 0 8 6 15
316244 95 1 0 9 6 16
432981 140 1 0 8 6 17
520019 121 0 1 9 6 16
1178437 2 1 1 8 5 16
31572 155 1 0 8 6 24
642911 48 1 1 6 6 15
466783 67 0 0 2 6 19
17243 148 1 1 0 6 19
734058 48 1 0 8 6 23
369508 18 0 0 8 6 19
113506 86 1 1 0 6 27
1178485 9 1 0 8 6 16
470895 80 1 1 8 6 19
429934 20 1 0 8 6 16
429935 77 1 1 6 6 20
160619 102 1 0 1 6 18
483180 200 1 0 8 6 16
323439 109 1 0 9 6 20
282475 139 1 1 8 6 16
518007 121 1 0 6 6 29
568184 142 1 1 6 6 33
556920 84 0 0 4 6 28
429943 26 1 0 8 6 16
505718 139 1 1 6 6 20
821117 53 1 0 4 6 35
175987 94 1 0 8 6 26
431991 73 1 0 8 6 18
778105 41 1 1 6 6 18
435060 35 1 1 8 5 21
43892 124 1 0 9 6 18
504690 37 1 1 1 6 26
79735 47 1 1 8 6 18
234356 71 1 0 2 6 20
24440 379 1 0 8 5 19
175995 51 1 0 4 6 29
753522 51 1 0 4 6 19
284542 73 1 0 8 6 30
212857 182 0 1 8 6 21
212856 55 1 1 4 6 19
39803 267 1 0 4 6 19
505723 136 1 1 4 6 18
88956 173 1 1 8 6 15
684919 6 0 0 8 6 17
1275794 3 1 1 2 6 17
371596 209 1 1 8 6 18
337807 23 0 1 6 6 22
1254301 16 1 1 9 6 24
272276 52 1 0 4 6 20
642968 138 1 1 6 6 39
371607 60 1 0 6 6 16
352151 155 1 1 8 6 20
577435 57 0 1 6 6 30
548766 24 1 0 8 6 19
35734 230 1 0 3 6 17
332690 232 1 1 8 6 16
1269641 4 1 0 2 5 18
642965 175 1 0 6 6 24
371609 15 0 0 8 6 18
282521 276 1 0 6 6 19
526229 55 1 1 4 6 29
968593 15 1 1 4 6 20
645034 110 1 1 1 6 22
1054644 64 1 1 4 6 39
470946 70 1 0 6 6 22
470945 33 1 0 8 6 24
837547 9 1 1 4 5 15
255915 72 0 0 8 6 22
714659 32 1 0 4 5 38
1173434 12 1 0 8 6 25
163758 100 1 1 2 5 16
321449 286 1 0 8 6 20
1254333 2 1 1 2 6 18
673700 32 1 1 6 6 18
802746 44 1 1 6 6 13
225205 181 1 0 8 6 18
1078182 10 1 0 8 5 16
241588 145 1 0 4 6 20
334770 33 1 1 8 6 34
385980 57 1 0 4 6 17
79803 290 0 1 8 6 19
1024947 17 1 0 8 6 39
581576 43 0 0 6 6 38
511942 24 1 0 8 6 16
1254354 1 1 1 2 5 27
278471 109 1 0 1 6 24
1254352 7 1 1 8 6 11
523202 36 1 1 8 6 21
280524 145 1 0 6 6 23
1268699 19 1 1 6 6 20
1254363 10 1 1 8 6 24
1254362 8 1 1 8 5 50
753601 3 1 1 8 6 19
792513 63 1 1 6 6 13
282569 68 1 0 8 6 23
643015 38 1 1 6 6 15
466889 77 0 0 4 6 21
505800 95 1 1 6 6 20
1003456 20 1 1 8 6 31
462806 134 1 1 8 6 18
1113025 4 0 0 8 6 18
577498 26 1 0 9 6 25
277463 59 1 0 4 5 21
433107 128 1 0 4 6 16
353232 167 1 1 8 6 17
514001 62 1 1 8 6 19
430046 188 1 1 8 6 15
398300 60 1 1 8 6 17
89051 146 1 1 8 6 18
334814 188 1 1 8 6 20
1254351 4 1 1 4 6 32
432091 22 1 0 8 6 14
889810 55 1 0 6 6 21
1385461 15 1 1 6 6 13
621546 68 1 0 4 6 14
107494 112 0 0 4 6 28
1055736 71 1 1 6 6 27
529376 15 1 0 8 6 19
515052 118 1 1 4 6 17
372713 117 1 1 8 6 19
659428 105 1 1 4 6 17
381941 79 1 0 9 6 14
818168 18 1 0 6 5 50
55287 190 1 1 8 6 20
751603 76 1 1 6 6 17
1035254 56 1 1 8 6 28
533490 54 1 0 6 6 25
649203 124 1 1 6 6 12
521212 34 1 0 4 6 16
577523 25 1 0 6 5 16
837616 32 1 0 8 6 18
1055725 3 1 1 2 6 29
1055726 34 1 0 4 6 42
288763 124 0 0 8 5 19
369724 633522
298297 532751
298297 521373
334814 679680
369724 266476
266476 505723
334814 1253606
369724 484653
298297 785503
298297 556557
368803 369925
334814 369917
369724 400079
368803 792084
334814 382703
368803 335598
298297 509568
642968 434842
266476 673700
334814 369796
642968 795253
369724 371468
369724 835063
298297 356896
642968 175995
642968 640846
642968 933415
369724 335598
684403 1219765
684403 504690
298297 406308
684403 648344
334814 90149
298297 371481
684403 949010
368803 582161
334814 544490
837616 482307
369724 369872
298297 1185476
298297 301151
298297 792966
298297 363799
298297 873793
298297 491184
368803 1284623
266476 363799
642968 347427
684403 1117504
266476 435480
368803 794214
369724 753601
837616 371596
369724 544126
368803 1284648
298297 366817
369724 544490
683288 680985
642968 768197
684403 933970
369724 433107
369724 828179
266476 514199
334814 754465
334814 750374
369724 509568
683288 90149
373190 659757
298297 397687
368803 462492
298297 35259
369724 777991
368803 328739
368803 81118
642968 1201655
684403 543269
837616 301151
369724 371480
684403 1185477
837616 765676
368803 316244
683288 398300
683288 638544
266476 50692
369724 1113025
684403 211612
266476 785503
298297 355470
334814 517668
642968 1385461
334814 42582
334814 544434
334814 61149
373190 642968
642968 506922
334814 400079
298297 335159
334814 1254354
298297 507703
684403 949262
334814 432981
298297 230008
642968 577435
334814 949262
298297 156078
298297 483180
684403 1003456
368803 259340
642968 752385
334814 89500
298297 544435
369724 298297
642968 533490
683288 785978
642968 1055736
683288 785646
298297 239996
298297 369920
298297 212857
334814 1253943
368803 822646
368803 1178364
642968 969545
369724 426393
334814 680145
368803 370033
642968 649203
298297 125167
266476 369917
642968 714659
684403 514063
642968 699489
334814 148798
684403 544124
369724 282475
642968 515550
334814 164627
368803 1284464
266476 577498
368803 283375
684403 591364
266476 432091
334814 255699
642968 932897
298297 43012
298297 79803
334814 487595
684403 517689
334814 335538
683288 1419817
369724 532717
334814 370033
298297 1219782
298297 532717
683288 334814
369724 72518
684403 79226
334814 382079
369724 91153
642968 778784
334814 521212
837616 837547
683288 683075
684403 1455686
642968 827519
642968 802746
369724 288763
684403 972050
368803 43260
368803 340079
684403 463181
369724 1275794
298297 783955
642968 649643
642968 642258
642968 1055726
368803 319646
334814 282521
266476 369508
298297 456747
684403 355525
266476 545410
684403 715215
369724 407760
266476 433107
684403 949264
684403 520603
369724 374086
642968 400738
642968 920242
334814 1254352
334814 1254363
298297 295696
837616 1284921
642968 733689
683288 381528
334814 209438
684403 971999
369724 352618
684403 753522
369724 684403
369724 1231491
298297 55287
334814 525981
684403 633474
369724 509380
298297 684403
683288 1185477
334814 949010
334814 684176
334814 431991
369724 331373
334814 266476
334814 299566
334814 733575
334814 30791
684403 603423
642968 1025492
683288 1219777
373190 24857
369724 529376
642968 348300
683288 66952
369724 470637
684403 385980
642968 509602
298297 212465
334814 323802
266476 371481
298297 369872
334814 370039
334814 518797
642968 337807
334814 430046
298297 372133
334814 435267
642968 556555
683288 382703
298297 544436
334814 1156697
684403 149586
298297 430046
642968 1379025
642968 443930
684403 1116727
298297 381767
368803 753461
369724 43260
642968 518007
642968 538936
683288 369724
266476 1117008
642968 512501
266476 371596
334814 517336
837616 92220
334814 125167
334814 544126
298297 515052
837616 592670
369724 398379
298297 89051
642968 649960
837616 684403
334814 752649
642968 968141
334814 302865
642968 931245
684403 828499
642968 733521
298297 50692
837616 1178364
642968 335508
298297 404876
334814 255915
266476 509568
369724 46403
298297 1219780
642968 212856
642968 1132877
298297 1219777
298297 1043749
837616 113506
684403 1195558
298297 164627
369724 1002265
684403 434868
334814 255656
642968 521512
334814 234160
642968 520318
642968 700905
298297 369923
369724 867353
298297 1219776
334814 372777
369724 91687
298297 78992
334814 466783
684403 564728
368803 544096
298297 371596
298297 370033
642968 86394
298297 234356
334814 577523
683288 949045
642968 280524
684403 240117
266476 353232
368803 371528
642968 1374292
266476 381941
369724 395390
684403 869481
334814 1254351
266476 319549
837616 1505080
642968 336255
837616 361771
684403 683075
266476 374208
369724 89051
642968 335159
642968 599628
684403 564333
369724 523202
334814 353713
334814 363799
369724 163758
298297 352618
298297 560417
334814 514561
334814 679309
334814 617246
334814 369951
642968 756540
368803 1178485
334814 371596
298297 372137
684403 255699
642968 965709
298297 155085
369724 699731
642968 497191
642968 511479
266476 602694
334814 753461
642968 751739
369724 1269641
334814 532957
642968 642965
642968 756550
684403 382703
684403 1382424
298297 91749
837616 683288
369724 429943
298297 683075
266476 144570
369724 513181
334814 782522
334814 398300
683288 651721
334814 978503
266476 473231
373190 379114
369724 371596
369724 540807
642968 1220776
684403 1108646
298297 532750
369724 126749
684403 557417
334814 972075
266476 24440
369724 1059194
368803 430642
369724 507359
298297 156075
298297 549900
334814 31572
369724 368803
642968 954880
642968 1286791
334814 175987
334814 521436
684403 823430
642968 1132936
334814 822904
369724 732992
334814 461095
334814 753522
684403 638544
334814 556920
298297 24440
684403 809381
298297 17243
368803 470945
334814 352618
266476 369872
642968 1054644
642968 819560
368803 470180
266476 93927
266476 702232
684403 700090
684403 354833
368803 456747
369724 24440
334814 144570
684403 1254301
368803 729693
298297 319549
684403 164067
334814 352151
334814 372713
642968 1025491
369724 374521
334814 532880
642968 1062190
334814 638728
298297 129234
837616 298297
642968 1432849
369724 371607
642968 1353486
298297 753000
684403 470312
642968 467425
368803 792080
684403 1078406
334814 525848
298297 684176
369724 456747
642968 123491
642968 1254801
334814 24440
684403 223698
334814 426692
369724 168519
369724 30791
334814 371741
266476 430046
334814 271515
266476 414947
368803 278471
334814 466739
334814 372779
683288 241588
334814 544489
837616 369796
642968 851357
683288 948700
642968 615610
298297 1219781
368803 684919
298297 602693
369724 426391
334814 648344
334814 432460
642968 550006
369724 544130
642968 59452
334814 275745
369724 429935
334814 540807
334814 432162
368803 355470
334814 1057410
642968 1201448
684403 400079
684403 544770
368803 224329
642968 55781
368803 353102
684403 1113903
368803 81311
684403 582333
369724 88956
368803 225205
334814 435541
368803 266476
266476 30791
298297 91687
684403 242909
684403 212378
334814 475526
334814 511942
266476 125167
368803 917624
298297 259340
642968 107494
334814 576871
368803 432159
642968 223665
266476 683075
642968 1055725
369724 470895
837616 825491
298297 42582
369724 371609
298297 271961
369724 354450
266476 544436
334814 526072
642968 1268699
369724 374500
837616 368803
266476 14433
369724 508365
684403 1025209
642968 518399
298297 462806
837616 753461
642968 715556
298297 371607
266476 379115
334814 454996
298297 399871
298297 31289
266476 813728
837616 828179
642968 1132927
298297 544096
298297 680985
683288 496712
369724 532957
369724 332690
298297 684234
837616 372974
642968 1201308
642968 1064366
837616 645034
642968 1062282
369724 356394
334814 1003456
684403 459562
369724 1284921
642968 536867
368803 1284588
368803 323439
684403 949045
684403 680985
298297 1185181
266476 526229
837616 353713
368803 164073
334814 331364
298297 643408
334814 43892
368803 24440
334814 372921
684403 739995
368803 89564
334814 369985
684403 382079
684403 398300
837616 733575
334814 515550
683288 1178364
642968 778105
298297 334849
684403 683077
684403 1173434
298297 369720
298297 733575
683288 1253606
684403 323236
334814 321337
298297 1219370
298297 544517
684403 162525
334814 429943
642968 568184
373190 1024947
266476 59544
642968 933198
684403 614422
684403 266476
642968 1245946
298297 432159
334814 172826
837616 370508
298297 643015
368803 160619
642968 640845
368803 491184
369724 259340
642968 923917
334814 371912
334814 372133
334814 239196
298297 371528
334814 89184
683288 1221466
334814 335598
368803 544520
298297 505800
368803 276526
334814 20851
334814 711422
334814 1219779
683288 60796
368803 510456
642968 1246562
369724 374068
369724 753462
334814 172860
334814 768198
334814 435832
298297 369876
334814 372781
369724 305746
684403 521375
642968 931537
298297 320940
266476 398626
369724 91749
334814 620019
334814 514001
334814 255593
334814 603252
642968 507399
684403 496962
642968 54589
642968 1379011
369724 532752
373190 286201
368803 1025124
334814 1254128
642968 507405
298297 282475
642968 792513
684403 60796
837616 548766
298297 732987
369724 271961
369724 520019
334814 348397
684403 948700
334814 750864
369724 534883
373190 807590
683288 637539
837616 373190
334814 1024377
298297 426393
334814 277463
334814 156078
369724 334814
369724 85143
334814 550137
334814 240117
837616 369724
298297 505718
642968 1046109
298297 1219784
334814 39803
642968 924691
837616 1075723
684403 334814
684403 972075
334814 429934
298297 1219779
642968 756496
334814 1078182
266476 371420
684403 521863
266476 332690
369724 512291
373190 1057909
642968 793882
684403 831985
298297 434866
334814 188119
334814 779404
683288 298297
684403 581576
298297 88956
368803 321449
334814 683075
684403 926749
334814 370696
369724 373011
368803 682187
642968 470946
334814 1254362
298297 448878
334814 435539
298297 408133
368803 399972
266476 429943
642968 1353500
642968 642911
368803 512232
298297 1059194
334814 544436
683288 1219765
368803 334814
368803 544336
642968 929993
266476 426391
373190 322959
373190 580847
369724 782522
642968 803249
368803 282414
642968 510006
683288 400079
298297 352151
298297 470895
369724 1075723
266476 1003456
369724 564728
334814 323236
298297 437280
334814 638588
298297 275745
334814 466889
683288 1029532
369724 544336
298297 426391
298297 73145
334814 544336
369724 435744
334814 968593
368803 356066
334814 225205
334814 375154
642968 968128
266476 91749
369724 369876
368803 560847
683288 648345
266476 990002
334814 212857
368803 470637
369724 462806
368803 279571
266476 1185476
369724 370696
334814 867353
298297 368803
369724 81118
334814 35734
368803 282569
369724 1178485
684403 372133
684403 374215
298297 777991
368803 1178437
373190 39694
334814 757772
642968 526096
368803 972031
334814 172522
369724 369720
298297 288763
266476 371607
298297 255593
368803 298223
369724 840861
684403 334770
334814 164067
266476 1185181
684403 930294
684403 568104
298297 79495
684403 393671
642968 336690
642968 883784
298297 433107
684403 90149
642968 801277
298297 334814
642968 751603
298297 369917
373190 609946
684403 723149
298297 371480
334814 369728
642968 1267835
334814 168384
266476 370696
684403 617246
684403 754262
368803 379004
298297 43260
298297 402722
334814 369720
334814 1185476
684403 1035254
368803 825534
373190 841349
298297 372945
684403 1289606
642968 889810
334814 41009
684403 1027377
369724 821556
683288 648344
298297 429943
642968 507111
642968 818168
642968 326326
334814 434868
298297 88775
334814 1254301
684403 1037401
684403 496712
334814 1185477
298297 261425
684403 506225
684403 684176
266476 301151
266476 470895
298297 370696
684403 743634
684403 552551
684403 1253606
373190 649643
298297 659428
334814 544260
298297 371609
298297 86548
298297 544129
334814 435060
334814 1254333
298297 782522
334814 272276
298297 459133
369724 212465
266476 252722
334814 515110
369724 363799
334814 374208
266476 1185477
298297 926839
684403 202919
684403 599182
837616 434869
837616 1050991
684403 754465
266476 733575
334814 212465
642968 714545
369724 219263
334814 353645
642968 938760
369724 448878
642968 586868
684403 821117
684403 1254351
298297 1219765
684403 785646
368803 992507
266476 371609
298297 144570
266476 156078
642968 556601
368803 679998
683288 949264
369724 384229
298297 266476
334814 355525
642968 621546
642968 399998
642968 595696
683288 284542
266476 1185475
683288 949010
642968 347561
642968 827838
684403 368803
369724 50692
373190 408087
334814 948700
298297 279050
334814 734058
368803 503575
684403 276892
683288 446982
369724 432091
642968 669398
334814 1219765
684403 435539
368803 369872
373190 385456
369724 369925
334814 516226
684403 768198
298297 602694
266476 435541
642968 36055
298297 402501
684403 459568
368803 532880
368803 694564
369724 371805
266476 255593
298297 399997
298297 832830
837616 91749
334814 79735
334814 43260
