1104 1103
5 0
776203 17 1 0 1 6 16
432134 3 0 1 4 6 18
432135 3 1 1 1 6 22
432132 4 0 1 1 6 18
22531 62 1 1 0 6 21
432133 2 1 1 9 6 20
432130 2 1 1 2 6 21
194567 84 1 0 8 6 15
432128 3 1 1 2 6 21
776204 6 1 0 1 6 16
51207 66 1 1 0 6 22
432129 2 1 1 1 6 23
331784 51 0 1 8 6 22
454679 5 0 0 3 6 16
393236 11 1 1 0 6 21
28695 95 1 0 1 6 23
337948 74 0 1 4 6 20
294938 46 1 1 3 6 19
161827 69 1 0 1 6 15
360484 45 1 0 0 6 15
469029 17 1 0 1 6 16
34850 75 1 1 4 6 20
40995 163 1 1 2 6 20
16424 73 0 1 0 6 19
645155 12 0 0 1 6 15
73771 25 0 1 0 6 19
776230 2 0 1 4 6 25
217134 102 1 1 0 6 18
360488 26 1 1 0 6 26
188467 67 0 0 6 6 17
208944 120 0 1 2 6 25
530480 12 0 0 1 6 15
38968 59 0 1 2 6 19
340029 80 1 1 7 6 23
432190 14 1 1 9 6 22
432191 7 1 1 2 6 21
165945 39 0 1 9 6 20
432198 25 1 1 1 6 20
432199 23 1 1 0 6 22
432196 6 0 1 4 6 24
432197 8 0 1 4 6 18
145478 98 1 1 7 6 18
432194 4 0 1 6 6 22
340032 31 0 1 8 6 17
432195 2 0 1 2 6 18
432192 6 0 1 8 6 21
432193 5 1 1 6 6 20
432202 3 1 1 1 6 21
432203 9 1 1 4 6 18
432200 6 0 1 1 6 22
385098 44 0 0 0 6 16
354390 3 0 0 4 6 18
383057 11 0 1 6 6 23
8287 55 1 1 0 6 20
20579 34 0 1 4 6 19
32870 26 0 1 3 6 17
75881 46 1 1 0 6 17
430189 1 1 1 2 6 21
299124 28 1 0 1 6 15
211063 55 0 0 7 6 18
467059 49 1 0 1 6 17
383088 54 0 1 9 6 20
69753 78 1 1 8 6 18
219263 190 1 1 4 6 19
223366 16 1 0 6 6 16
233606 77 0 1 3 6 20
39046 16 0 1 0 6 22
393359 65 1 1 5 6 21
456840 49 1 1 8 6 21
391306 56 0 0 4 6 14
16530 23 1 1 0 6 24
168080 128 1 1 9 6 23
215184 67 1 1 1 6 19
467089 64 1 0 1 6 21
434334 8 0 1 1 6 22
747666 15 1 0 4 6 19
434335 21 0 1 3 6 18
483484 15 1 0 5 6 14
610450 50 1 0 1 6 16
434342 28 1 1 2 6 19
530601 17 0 0 8 6 17
22690 79 1 1 0 6 20
434340 79 1 1 7 6 16
434341 11 1 1 0 6 21
434338 70 1 1 5 6 19
434339 19 1 1 1 6 26
434337 69 1 1 2 6 19
434346 21 1 1 9 6 25
434347 31 1 1 1 6 29
342195 59 1 1 2 6 20
434366 24 0 1 4 6 18
450747 44 0 0 6 6 14
721097 15 1 0 6 6 14
55494 96 0 0 2 6 17
432334 10 0 1 6 6 20
432335 2 0 1 8 6 19
100555 24 1 1 5 6 21
432332 5 1 1 6 6 22
432333 4 0 1 2 6 21
266443 192 1 1 9 6 18
176339 145 1 0 2 6 17
432343 16 1 1 1 6 22
258256 21 1 0 7 6 15
432341 7 1 1 6 6 23
432338 9 0 1 6 6 24
84183 30 0 1 8 6 19
432336 1 0 1 2 6 19
432337 2 1 1 2 6 19
155866 81 1 0 4 6 16
432350 4 1 1 9 6 21
67803 7 1 1 9 6 21
432348 7 1 1 1 6 22
432346 48 1 1 6 6 22
465114 15 1 0 1 6 15
432347 5 0 1 2 6 18
432344 3 1 1 1 6 20
432345 5 1 1 3 6 20
188644 78 1 0 1 6 14
395489 32 1 1 1 6 22
119019 104 1 1 1 6 25
260334 24 0 0 1 6 17
467178 58 1 0 1 6 15
129260 149 1 1 2 6 22
344309 16 1 0 1 6 16
295156 46 1 1 6 6 26
565488 7 1 0 1 6 20
403710 52 0 1 3 6 19
432382 4 1 1 7 6 25
295166 41 1 0 0 6 15
432390 5 1 1 2 6 18
432391 4 1 1 1 6 32
311558 24 1 1 2 6 25
432388 26 1 1 6 6 19
289024 150 1 1 1 6 18
432386 44 1 1 1 6 19
114948 27 1 1 0 6 27
432387 15 0 1 2 6 22
432384 9 1 1 1 6 29
336130 9 1 0 4 6 16
432385 1 1 1 7 6 19
157960 59 0 1 9 6 20
444682 17 0 0 1 6 17
432394 3 0 1 0 6 42
454923 76 1 0 7 6 17
61710 136 1 0 4 5 13
432392 19 1 1 9 6 22
432393 7 1 1 4 6 22
28945 47 0 0 0 6 19
14611 50 0 1 8 6 17
370966 6 0 1 3 6 19
284945 32 0 0 8 6 16
383251 74 0 1 1 6 25
266521 22 0 1 3 6 22
383256 21 1 1 9 6 20
106783 90 1 1 2 6 18
747817 33 0 0 1 6 17
432430 9 1 1 9 6 20
432428 1 0 1 6 6 20
28971 45 1 1 1 6 25
114986 68 0 1 9 6 20
432429 19 1 1 7 6 24
432427 1 1 1 2 6 23
178476 112 1 0 4 6 14
246061 94 1 1 1 6 18
432438 48 1 1 1 6 20
432439 13 1 1 6 6 22
432436 8 1 1 0 6 19
432437 17 0 1 8 6 20
313648 23 1 0 2 6 16
432434 15 1 1 6 6 19
432435 1 1 1 4 6 20
434483 11 0 1 1 6 29
432432 20 1 1 9 6 20
432433 32 0 1 6 6 20
434494 35 0 1 6 6 18
12601 158 1 1 0 6 19
776497 8 1 0 8 5 19
166200 40 1 1 6 6 23
432444 36 1 1 1 6 39
434492 211 1 1 6 6 20
776496 3 0 0 4 6 17
469307 29 0 0 1 6 16
432442 16 1 1 6 6 21
434490 22 0 1 1 6 22
432443 18 1 1 5 6 17
18750 56 0 0 0 6 16
432441 16 1 1 9 6 21
258371 16 1 0 1 6 16
776521 23 0 0 1 6 16
323904 98 0 0 1 6 14
434496 47 0 1 7 6 19
26953 34 1 0 4 6 16
340300 28 0 1 4 6 22
389455 16 1 0 1 6 16
235849 64 1 1 2 6 21
98636 6 1 0 2 6 15
477527 38 1 0 1 6 17
481620 35 1 0 2 6 18
559451 12 0 1 8 6 31
416094 28 1 1 6 6 18
180569 66 1 1 6 6 22
35165 9 1 1 1 6 17
565608 6 1 0 2 6 20
432486 9 1 1 9 6 21
432487 9 0 1 2 6 19
432484 11 1 1 7 6 20
432485 9 0 1 1 6 24
252261 22 0 1 1 6 24
237924 11 0 1 1 6 17
252266 88 1 0 1 6 18
432492 25 1 1 3 6 20
463212 9 1 0 4 5 16
432493 4 1 1 1 6 35
432490 35 1 1 4 6 22
371048 29 1 1 1 6 19
432491 32 1 1 1 6 27
713060 10 0 1 8 6 17
432488 7 1 1 9 6 19
432489 34 0 1 1 6 26
434550 25 0 1 6 6 17
434549 35 1 1 0 6 19
776575 30 0 0 6 6 13
776572 4 0 0 1 6 18
158069 37 1 1 6 6 18
88441 21 1 1 0 6 20
227704 83 1 0 1 6 15
371078 61 1 1 1 6 20
371073 74 1 1 1 6 19
776577 6 0 0 1 6 17
358792 13 1 0 1 6 15
90511 128 1 0 1 6 15
756100 8 1 0 3 6 16
244115 65 1 0 1 6 14
373140 57 1 1 8 6 28
723359 42 0 0 1 6 13
561567 71 1 0 4 6 15
776619 4 1 0 1 6 17
80293 53 0 1 0 6 24
776620 6 1 0 1 5 15
434606 24 0 1 9 6 21
434604 4 1 1 1 6 18
434605 50 1 1 9 6 21
176558 27 0 1 1 6 21
176566 64 0 1 0 6 19
434609 16 1 1 0 6 26
70074 24 0 1 7 6 24
594357 37 1 0 2 6 19
465349 40 0 0 1 6 16
8643 216 1 1 0 6 23
340417 21 0 1 7 6 19
776642 13 1 0 2 6 15
614851 13 0 0 1 6 17
227784 4 0 0 7 6 17
98766 40 1 1 3 6 20
229842 40 1 1 9 6 24
147926 42 0 1 0 6 20
776659 2 1 0 1 6 17
653776 35 1 0 1 5 16
776658 2 1 0 1 6 16
776657 1 1 0 2 6 15
326111 18 0 1 3 6 19
96733 60 1 1 7 6 22
776662 4 1 0 5 6 15
432603 66 1 1 0 6 30
776661 3 0 0 1 6 16
61919 133 0 0 8 6 15
776660 3 1 0 9 6 17
776683 5 1 0 7 6 15
776682 4 1 0 1 6 15
129509 58 1 1 7 6 20
33253 88 1 0 4 6 17
760301 6 1 0 9 6 17
776684 5 1 0 1 6 16
76264 14 0 1 6 6 20
387561 21 1 0 4 6 17
410101 3 1 1 1 5 18
358907 55 1 1 8 6 20
776713 3 0 0 4 6 16
35333 18 1 1 1 6 17
84484 71 1 1 3 6 19
215557 24 0 1 4 6 23
68105 22 0 1 2 6 18
8716 46 1 0 2 6 16
270870 57 1 1 8 6 18
446992 39 0 0 4 6 17
150042 117 1 1 8 6 26
434719 20 0 1 1 6 25
150040 196 1 1 8 6 20
776720 21 1 0 1 6 14
506392 58 1 0 8 6 20
432678 6 1 1 6 6 24
432679 12 1 1 9 6 23
432676 5 1 1 4 6 27
434724 33 0 1 3 6 18
432677 7 1 1 3 6 29
432674 54 1 1 1 6 20
434722 66 0 1 9 6 21
88612 145 1 0 8 6 17
432675 12 1 1 6 6 19
434723 34 1 1 7 6 17
434720 6 1 1 9 6 20
156197 34 0 1 2 6 18
432687 5 1 1 9 6 19
444972 15 1 0 4 6 17
432684 6 1 1 7 6 26
432685 14 1 1 7 6 18
289320 46 0 1 7 6 30
432682 11 1 1 3 6 21
49709 49 0 1 0 6 23
432683 3 1 1 2 6 21
410152 74 0 1 6 6 35
432680 5 0 1 8 6 23
383541 6 0 1 5 6 20
432693 3 1 1 4 6 22
113205 41 1 0 1 6 17
432690 18 1 1 1 6 20
432691 24 1 1 1 6 31
432688 60 1 1 0 6 21
432689 21 1 1 6 6 23
266815 65 1 0 6 6 15
776779 1 1 0 1 5 18
776782 4 1 0 1 6 17
285250 46 0 1 3 6 20
307786 55 0 1 0 6 21
776794 12 1 0 2 6 17
717401 64 1 0 1 6 22
340566 22 0 1 1 6 22
326224 12 1 1 0 6 19
227931 21 1 1 9 6 18
432734 8 1 1 7 6 18
78424 56 0 1 5 6 26
432735 3 1 1 9 6 22
432732 74 1 1 6 6 19
629330 27 0 0 1 6 19
776784 7 1 0 1 5 16
432733 14 1 1 4 6 20
432730 6 1 1 7 6 21
432731 39 0 1 6 6 19
432728 11 1 1 2 6 21
774763 6 1 0 1 5 16
432742 38 0 1 6 6 20
172643 68 0 0 8 6 17
432740 1 0 1 2 5 20
391777 22 0 1 8 6 18
49764 72 1 1 2 6 18
389729 192 1 1 9 6 20
432738 5 1 1 9 5 19
432739 55 0 1 3 6 29
334435 32 0 1 9 6 21
432737 7 1 1 6 6 26
434798 81 1 1 8 6 18
432748 4 1 1 7 5 23
434796 14 0 1 1 6 20
434797 38 0 1 1 6 20
434794 8 1 1 9 6 20
432747 7 1 1 1 6 18
434795 47 1 1 3 6 19
227949 15 1 0 7 6 14
432744 4 1 1 0 6 19
432745 8 1 1 2 6 21
164466 33 0 1 2 6 25
473718 58 1 0 1 6 16
455295 26 1 0 1 6 16
399997 344 1 1 4 6 20
258685 68 0 1 1 6 23
176770 29 0 1 1 6 27
199298 47 0 0 2 6 16
318086 29 0 1 2 6 19
168577 41 1 1 8 6 15
193158 24 1 0 2 6 15
6790 65 1 1 7 6 19
156293 21 0 1 7 6 18
176773 53 0 1 2 6 19
84617 31 1 1 9 6 20
434831 30 0 1 0 6 18
336520 95 1 0 4 6 17
107150 70 1 0 8 6 15
434836 24 0 1 1 6 22
385681 19 0 0 6 6 15
434834 100 1 1 4 6 20
434835 20 0 1 5 6 19
434832 33 1 1 8 6 18
166549 49 1 1 0 6 26
434833 1 0 1 9 6 21
78491 15 0 1 5 6 26
311967 12 0 1 0 6 23
463513 31 1 0 2 6 15
336539 110 1 1 6 6 18
277157 112 0 1 4 6 22
457380 26 0 0 8 6 14
58021 81 1 0 1 6 21
338604 44 1 1 5 6 25
338609 35 1 1 3 6 20
338608 52 1 1 4 6 21
445104 21 1 0 1 6 18
484031 11 0 0 4 6 17
160440 97 0 1 1 6 20
180931 302 1 1 1 6 18
225984 61 0 1 7 6 23
31428 769 1 1 9 6 42
88773 76 1 1 8 6 21
86730 14 1 1 1 6 19
410317 102 1 1 6 6 20
307914 42 1 1 2 6 20
29393 46 0 0 1 6 17
604892 43 1 0 9 5 17
133847 22 1 1 6 5 18
193239 71 1 1 0 6 18
88792 33 0 0 8 6 17
139992 66 1 1 8 6 18
381662 9 0 1 6 6 25
774869 22 0 0 1 6 14
76515 80 1 1 2 6 23
381664 39 1 1 5 6 26
381666 27 0 1 1 6 18
441069 21 1 0 2 6 22
338670 12 1 1 4 6 28
170734 37 1 1 0 6 18
762598 46 1 0 1 6 15
191213 21 1 0 2 6 13
193267 147 1 0 1 6 16
156403 44 0 1 2 6 21
256753 69 1 1 5 6 20
51958 52 1 0 2 6 18
381693 42 1 1 7 6 18
97019 67 1 1 9 6 19
66301 116 1 1 9 6 21
776948 4 0 0 1 5 16
320251 61 0 1 3 6 20
68352 34 0 1 0 6 20
33540 103 1 1 0 6 23
428815 92 1 1 9 6 21
430858 35 1 1 5 6 21
776966 34 1 0 1 6 18
348948 7 1 1 0 6 20
144144 7 0 0 2 6 15
776984 2 0 1 1 6 20
348944 33 0 1 1 6 18
379677 49 1 0 8 6 17
381720 23 1 1 1 6 18
326437 9 0 1 0 6 26
152353 46 0 1 5 6 21
31526 24 0 0 1 6 17
78635 35 0 1 2 6 18
62251 46 1 0 6 6 13
291624 78 1 0 4 6 17
457515 49 1 1 8 6 18
13102 142 1 0 1 6 19
467752 18 1 0 4 6 15
62257 36 0 1 9 6 18
471860 20 0 0 6 6 15
312112 33 1 1 0 6 22
336688 31 1 1 4 6 21
359228 113 1 1 3 6 19
469821 6 1 0 1 6 17
109371 47 1 1 5 6 25
43844 51 1 1 0 6 20
348992 5 1 1 7 6 19
432974 10 0 1 7 6 20
432975 3 0 1 2 6 20
326479 48 1 1 9 6 20
432973 8 1 1 1 6 25
432982 5 1 1 6 6 20
326480 64 1 1 0 6 19
432979 31 1 1 1 6 22
381779 10 0 1 9 6 19
432977 28 1 1 6 6 23
676691 10 1 0 6 6 15
432988 139 1 1 6 6 19
326495 36 0 1 6 6 23
432989 22 1 1 2 6 19
432986 1 1 1 0 5 25
432987 50 1 1 6 5 22
432984 23 1 1 2 6 20
254823 17 1 1 5 6 18
432994 49 0 1 9 6 21
607084 1 0 0 1 5 18
338793 9 0 1 1 6 27
35693 104 1 1 0 6 20
11123 210 1 1 7 6 18
471922 25 1 0 6 6 16
433022 8 0 1 4 6 18
168827 108 1 0 6 6 14
433023 31 1 1 1 6 23
41852 13 0 1 0 6 17
336760 58 0 1 1 6 20
154492 79 0 1 3 6 24
433030 19 0 1 0 6 25
72578 103 0 1 6 6 21
433029 45 0 1 2 6 19
127877 16 1 0 2 5 19
433026 24 0 1 1 6 22
467842 23 0 0 1 6 16
68484 26 0 1 9 6 22
191365 119 1 0 6 6 15
136076 87 1 0 3 6 14
433032 7 0 1 8 6 36
11153 40 0 1 0 6 19
430996 13 1 1 6 5 25
430994 3 0 1 1 6 20
430993 6 1 1 3 6 26
326557 25 0 1 3 6 26
338844 22 1 1 1 6 26
465820 130 1 0 1 6 16
238494 25 1 1 0 6 28
398235 23 0 1 4 6 26
238493 13 1 1 0 6 28
136096 51 1 0 1 5 15
211879 22 0 1 1 6 19
52133 70 0 0 1 6 16
166824 59 1 1 3 6 18
271284 71 1 1 6 6 26
431030 25 1 1 1 6 19
191411 53 0 0 1 6 15
431031 31 1 1 7 6 20
431028 14 1 1 6 6 21
431029 9 1 1 3 6 22
381872 19 1 1 1 6 23
433075 68 1 1 9 6 20
109495 178 1 1 2 6 21
433072 31 0 1 7 6 19
433073 131 1 1 3 6 19
5048 182 0 1 0 6 20
353212 36 1 0 1 6 19
5054 270 1 1 5 6 20
431032 2 1 1 2 6 20
211904 111 1 0 1 6 15
426949 44 0 1 7 6 25
121797 74 1 1 7 6 20
121801 186 1 1 2 6 19
287693 6 0 0 0 6 16
111573 24 0 0 0 6 17
355292 101 1 0 1 6 16
261084 48 0 1 7 6 20
431078 9 1 1 1 6 26
224226 23 1 1 1 6 25
431079 5 0 1 7 6 25
431076 31 0 1 9 6 21
431077 7 0 1 2 6 23
218087 46 1 1 8 6 23
431075 5 0 1 1 6 18
431086 6 0 1 0 6 22
431087 7 0 1 7 5 21
431084 11 0 1 6 6 20
431085 36 1 1 4 6 19
650213 6 0 0 1 6 16
431082 3 0 1 0 6 21
431083 13 1 1 3 6 19
431080 12 1 1 2 6 18
431081 4 0 1 4 6 19
732153 8 1 0 1 5 16
291831 56 1 1 4 6 26
340978 23 1 1 3 6 22
611313 31 1 0 1 6 14
117756 53 1 0 1 6 13
220158 38 1 0 1 6 17
623627 8 0 0 2 6 17
140289 75 1 0 1 6 16
285703 351 1 0 8 6 19
250884 47 1 1 0 6 30
433167 8 0 1 1 6 20
433165 32 0 1 5 6 22
775175 15 1 1 8 5 16
164877 20 1 0 0 5 13
433173 11 1 1 1 6 18
283666 66 1 0 5 6 16
433182 95 1 1 6 6 19
431135 9 0 1 7 6 19
326686 23 0 1 0 6 31
338975 31 0 1 3 6 22
433176 57 0 1 8 6 18
381988 14 1 1 2 6 20
39972 176 1 0 8 6 14
326689 9 0 1 0 6 23
277538 72 1 1 2 6 20
31791 134 0 1 6 6 18
302128 79 1 1 2 6 20
164917 76 1 1 5 6 21
3128 104 1 0 2 6 16
433214 43 1 1 6 6 20
93240 96 1 1 2 6 19
433215 10 0 1 6 6 22
404541 20 1 1 9 6 19
453690 35 1 0 1 5 15
205887 122 1 1 8 6 18
31807 223 1 1 9 6 21
767051 12 1 0 8 6 17
433217 5 0 1 7 6 25
502863 22 0 0 2 6 16
246860 83 1 0 1 6 16
19540 33 0 1 4 6 23
91222 31 1 1 5 6 20
359506 28 0 1 1 6 20
433247 8 0 1 8 6 21
326750 59 1 1 0 6 23
433244 27 0 1 2 6 17
433245 50 1 1 3 6 20
326744 54 1 1 8 6 20
492634 67 0 0 1 6 16
33886 73 0 1 0 6 20
433252 33 0 1 5 6 28
412773 33 1 1 7 6 17
433253 59 1 1 7 6 20
433250 80 1 1 8 6 19
433251 28 0 1 7 6 19
70759 84 1 1 2 6 18
433249 5 0 1 7 6 24
343145 63 1 0 1 6 15
760956 9 0 0 4 6 15
248948 70 1 1 3 6 20
359549 74 1 1 9 6 19
35961 23 1 0 1 6 13
87165 93 1 0 8 6 18
433286 25 1 1 1 6 20
433287 3 0 1 4 6 26
386183 20 0 0 1 6 19
433285 60 1 1 6 6 20
64644 45 0 1 0 6 19
228487 56 1 1 1 6 20
433282 36 1 1 6 6 18
433283 33 1 1 9 6 20
697484 20 0 1 8 6 17
433281 44 0 1 6 6 25
416911 41 1 1 7 6 19
447627 16 1 0 1 6 15
433288 13 1 1 1 6 25
208025 62 1 1 2 6 19
330913 6 1 0 1 5 15
431264 8 1 1 2 6 26
273580 47 1 0 1 6 19
91308 79 0 0 2 6 17
431284 30 1 1 8 6 19
433333 29 0 1 8 6 20
433331 3 0 1 5 6 20
11446 129 0 0 3 6 15
609460 27 1 0 1 6 13
408763 33 0 1 1 6 18
38079 21 1 0 4 6 19
373946 79 1 1 9 6 18
191685 21 1 1 6 6 20
269516 79 1 0 1 6 16
87240 41 0 0 8 5 16
33994 56 1 1 1 6 19
431318 1 1 1 1 6 20
373972 18 1 1 9 6 17
99541 51 1 1 2 6 19
470224 119 1 0 1 6 16
1239 82 1 1 0 6 19
431326 17 1 1 3 6 22
431327 12 0 1 7 6 18
431324 32 1 1 1 6 17
666833 102 1 0 1 6 16
191705 18 0 1 1 6 20
373977 76 1 1 9 6 18
431322 29 0 1 9 6 19
431323 48 0 1 6 6 29
468184 7 0 0 1 6 16
431321 9 0 1 0 6 23
228578 30 0 0 8 6 15
294117 78 0 0 1 6 15
97506 151 1 1 9 6 21
431328 35 1 1 1 6 20
367850 51 1 1 3 6 19
433398 21 0 1 3 6 27
433396 46 0 1 6 6 19
386294 51 1 0 1 6 16
337142 32 1 1 1 6 22
433395 37 0 1 9 6 27
66806 53 1 1 8 6 18
27897 8 0 1 0 6 20
337150 65 1 1 2 6 18
5373 91 1 1 0 6 18
111874 26 1 1 6 6 19
210181 8 0 0 5 5 18
384258 40 1 1 9 6 20
279823 109 1 0 8 6 11
91406 94 1 1 3 6 20
300309 89 1 0 6 6 17
414997 60 1 0 1 6 16
89365 98 1 0 2 6 16
230679 42 0 0 4 6 16
1300 76 1 1 0 6 19
120085 74 0 1 5 6 19
36119 49 1 1 0 6 19
406801 68 0 1 6 6 20
433438 34 1 1 7 6 21
433436 14 0 1 1 6 27
433437 47 1 1 1 6 28
433434 38 0 1 1 6 20
433435 118 1 1 3 6 23
433433 23 1 1 6 6 20
433446 19 1 1 1 6 24
429351 109 1 1 1 6 21
433447 55 0 1 8 6 18
357671 40 1 1 9 6 23
433445 42 0 1 3 6 24
431406 33 1 1 0 6 22
306475 11 1 1 0 6 28
384298 50 1 1 2 6 30
337204 23 0 1 6 6 20
431415 4 0 1 0 6 21
431413 74 1 1 7 6 26
431410 36 1 1 1 6 21
431411 36 0 1 6 6 20
431420 25 1 1 9 6 19
337214 11 0 1 1 6 19
232767 97 1 1 7 6 21
431419 9 0 1 1 6 24
279867 156 1 0 1 6 14
431417 16 0 1 0 6 20
333121 45 0 1 8 6 19
351555 58 1 0 1 6 15
337218 23 1 1 7 6 20
384332 102 0 0 8 6 17
410957 38 0 0 8 6 19
79178 22 0 1 7 6 19
296265 24 1 1 5 6 18
79185 32 0 0 0 6 16
433494 13 0 1 6 6 21
433493 89 1 1 6 6 18
357713 86 1 0 1 6 17
433491 40 0 1 7 6 19
431454 21 1 1 9 6 21
339292 103 0 1 8 6 19
331103 5 0 1 1 5 18
433500 12 1 1 8 6 27
722261 50 1 0 1 6 17
433496 61 1 1 9 6 20
433497 21 1 1 1 6 25
292196 33 0 0 1 6 16
431462 22 1 1 7 6 22
431463 3 1 1 6 6 18
431460 16 0 1 2 6 23
91490 142 1 1 5 6 21
437602 16 1 0 8 6 14
347488 70 1 1 9 6 18
431459 31 1 1 2 6 18
431457 24 0 1 6 6 20
468332 36 0 0 1 6 15
431469 41 0 1 2 6 19
431466 34 0 1 0 6 24
370024 32 0 1 2 6 20
431467 17 1 1 9 5 20
431464 1 0 1 7 6 20
431465 16 1 1 7 6 19
230768 12 0 0 4 6 19
324977 28 0 0 1 6 17
433534 53 1 1 5 6 19
62841 50 0 0 7 6 16
130427 58 0 0 1 6 17
155001 34 1 0 1 6 15
214400 56 0 0 1 6 15
693641 55 1 0 8 6 17
433536 38 1 1 9 6 22
275850 120 1 0 0 6 14
138636 76 1 1 1 6 21
431510 7 1 1 2 6 27
431508 74 1 1 8 6 21
431509 36 1 1 6 6 16
431507 30 0 1 8 6 25
431504 12 1 1 5 6 34
431505 9 0 1 6 6 29
173466 146 1 0 9 6 18
431516 15 1 1 7 6 22
339353 118 1 0 8 6 15
431514 3 0 1 7 6 21
431515 1 1 1 1 6 24
431512 18 1 1 5 6 18
75168 52 0 1 4 6 19
243106 56 1 1 0 6 21
286117 21 0 1 5 6 19
331172 208 1 1 9 6 19
339364 22 0 1 2 6 24
331169 322 1 1 9 6 19
28069 248 1 0 1 6 15
222629 123 1 1 7 6 17
157102 143 1 1 8 6 19
62893 85 0 0 8 6 18
331178 319 1 1 9 6 19
433577 52 1 1 9 6 20
275892 23 0 0 4 6 15
91569 34 1 1 2 6 14
228791 66 0 0 7 6 13
36279 42 0 0 1 6 16
200116 108 1 0 2 6 18
122299 177 1 1 8 6 26
146873 107 1 1 6 6 20
665012 24 1 0 1 6 17
214467 35 0 1 1 6 22
413125 17 0 1 1 6 20
433615 71 0 1 8 6 19
433612 8 1 1 2 6 23
433611 43 0 1 7 6 18
77262 335 1 1 1 6 17
50641 58 1 0 8 6 15
323030 51 0 0 7 6 15
339414 34 1 1 5 6 20
433616 66 1 1 6 6 18
339410 19 1 1 2 6 25
374238 21 0 0 1 6 17
423392 27 1 0 1 6 15
108009 44 0 1 4 6 21
351724 42 0 1 1 6 21
134638 49 1 0 1 6 16
108016 64 1 1 0 6 23
169459 21 0 1 5 6 23
212465 95 1 1 4 6 20
40434 48 1 1 1 6 22
433650 15 1 1 2 6 19
433651 14 1 1 9 6 20
132596 55 1 0 3 6 16
400895 43 1 1 2 6 20
351742 54 0 0 1 6 15
40444 34 1 1 6 6 21
368121 147 1 1 8 6 19
167420 12 1 1 6 6 21
122369 140 1 1 0 6 22
433671 58 1 1 3 6 20
40451 95 1 1 9 6 18
431621 30 1 1 4 6 20
431618 22 1 1 1 6 22
431619 48 1 1 2 6 24
431617 12 1 1 9 6 21
222730 55 1 1 9 6 22
476685 95 1 0 8 6 15
433676 27 0 1 3 6 18
433674 8 0 1 5 6 28
433675 3 0 1 1 6 25
433672 52 1 1 7 6 21
433673 16 0 1 9 6 21
396822 14 0 0 4 6 18
120339 52 1 1 1 6 19
323094 13 0 1 0 6 20
357911 16 0 1 1 6 21
335379 21 1 1 8 6 19
122390 39 0 1 1 6 23
398879 21 1 1 0 6 20
63003 458 1 0 8 6 20
337438 26 0 1 9 5 23
228897 76 1 0 3 6 18
423461 74 1 0 1 6 15
212512 85 1 1 5 6 21
382496 28 0 1 1 6 20
433710 17 0 1 9 6 22
433708 19 1 1 5 6 20
273967 55 0 0 8 6 16
433709 45 1 1 6 6 24
347689 32 1 1 2 6 18
433706 14 1 1 3 6 28
382504 68 1 1 8 6 19
433707 13 1 1 1 6 26
163372 46 0 1 4 6 22
433705 27 1 1 1 6 26
431671 47 1 1 9 6 21
431669 13 1 1 9 6 25
474673 19 1 0 8 6 18
302652 61 1 1 1 6 20
20027 22 1 1 0 6 21
431674 13 0 1 7 6 22
48701 47 0 1 1 6 20
431673 31 1 1 7 6 23
312900 93 1 0 1 6 15
226882 26 1 0 1 6 16
448066 45 1 0 1 6 15
308803 30 0 0 7 6 15
142923 40 0 0 1 6 15
276046 19 1 0 1 6 16
75340 19 0 1 2 6 23
120402 79 0 1 0 6 19
335440 48 1 1 3 6 16
337498 59 1 1 4 6 21
300640 142 1 0 8 6 14
63078 62 0 1 0 6 21
296547 28 1 0 1 6 16
693869 16 1 0 2 6 16
431726 13 0 1 7 6 17
775778 2 1 0 1 6 15
431727 8 0 1 8 6 31
431724 35 0 1 5 6 21
431725 7 1 1 3 6 28
239213 108 0 1 6 6 24
382570 85 1 1 8 6 18
431732 32 0 1 6 6 18
431730 39 1 1 6 6 20
431731 38 1 1 7 6 16
310898 145 1 0 2 6 17
265842 131 1 1 5 6 18
431728 20 1 1 0 6 19
431729 5 1 1 1 6 26
337535 41 1 1 1 6 23
7803 37 0 0 8 6 16
161405 143 0 0 8 6 18
370298 69 1 1 2 5 18
466564 41 0 0 2 6 14
134789 14 0 1 1 6 18
382605 25 1 1 6 6 24
431759 15 1 1 2 6 22
398988 54 0 1 6 6 20
382606 26 0 1 1 6 28
321161 18 0 1 6 6 22
323210 75 0 0 6 6 15
431766 14 1 1 9 6 18
431767 1 0 1 1 6 28
431764 7 1 1 2 6 25
706201 17 1 0 2 6 14
310935 46 1 1 2 6 27
431765 41 0 1 6 6 21
431762 3 0 1 8 6 19
431763 7 0 1 1 6 21
382611 11 0 1 4 6 22
431760 4 0 1 1 6 24
431761 11 0 1 6 6 21
38556 41 1 1 0 6 25
212638 64 1 1 2 6 26
259742 41 0 1 5 6 21
128676 38 0 0 2 6 16
145060 37 0 1 0 6 20
337571 53 1 1 4 6 19
702112 5 0 0 6 6 16
298671 79 1 0 1 6 17
26287 55 1 1 0 6 18
374460 80 1 1 6 6 18
239288 13 0 1 1 6 20
339641 51 1 1 1 6 23
71361 146 1 1 9 6 23
50885 202 0 1 2 6 20
472769 67 1 0 6 6 16
36551 90 1 1 1 6 18
276172 132 1 0 0 6 4
304850 49 0 0 8 6 14
337619 16 1 1 8 6 27
110294 131 1 1 5 6 19
222932 99 1 1 3 6 20
388825 13 0 0 2 6 18
775915 22 1 0 1 6 13
431846 9 0 1 1 5 21
337636 22 1 1 3 6 19
431847 26 1 1 7 6 22
75495 319 1 1 9 6 19
341740 36 0 1 8 6 19
3818 178 1 1 0 6 20
159470 224 1 1 1 6 20
431850 7 0 1 7 6 20
431848 21 0 1 2 6 18
431849 88 1 1 7 6 17
233201 57 1 1 2 6 18
325360 12 1 1 1 6 18
765694 15 0 0 1 5 17
335602 143 0 1 6 6 20
335608 71 1 1 1 6 21
419577 91 1 1 8 6 20
374531 22 0 1 3 6 25
397069 71 1 0 1 6 15
304916 19 0 0 4 6 16
431894 18 0 1 9 6 19
775962 6 1 0 4 6 18
431895 3 1 1 9 6 19
775961 12 1 0 6 6 13
431892 6 0 1 7 6 25
417557 41 0 0 5 6 15
431893 6 1 1 5 6 23
69396 132 1 1 0 6 19
182043 60 1 0 3 6 14
775959 8 1 0 6 6 13
374553 33 0 1 8 6 20
431896 30 1 1 9 6 22
349978 36 0 0 4 6 17
431897 18 1 1 9 6 19
243497 82 1 0 1 6 16
130861 134 1 1 9 6 17
50993 27 0 1 0 6 20
376630 38 1 1 9 6 21
775987 3 1 0 1 6 15
341820 81 1 1 1 6 24
431935 1 1 1 0 6 23
53050 46 1 0 5 6 15
132921 44 1 1 0 6 21
431933 10 1 1 9 6 25
775990 6 0 0 1 6 16
775989 12 1 0 1 6 14
382779 32 0 1 3 6 22
775988 2 1 0 1 6 19
384826 67 1 1 6 6 18
776010 38 0 0 8 6 14
431943 3 1 1 1 6 27
431940 21 1 1 2 6 19
175937 118 0 0 1 6 15
776008 2 1 1 1 6 17
431941 1 0 1 0 6 21
431938 19 1 1 1 6 21
341824 30 0 1 8 6 26
431939 42 1 1 2 6 21
20294 121 1 0 0 6 19
431937 7 1 1 1 6 19
431950 3 0 1 8 6 20
431951 4 1 1 4 6 32
431948 14 0 1 0 6 24
431949 1 1 1 6 6 22
184142 26 1 1 7 6 18
431946 13 1 1 9 6 19
431947 51 1 1 2 6 18
337738 29 0 1 6 6 21
311120 21 1 0 9 6 16
161626 15 0 1 2 6 22
325469 67 1 0 4 6 18
212825 41 0 1 8 6 15
431964 17 1 1 0 6 21
32604 30 0 1 9 6 21
235361 74 0 1 3 6 20
20324 177 1 1 0 6 25
165734 110 1 1 6 6 24
286572 114 1 1 2 6 18
776034 2 1 0 2 6 15
28521 115 1 1 0 6 20
403311 46 1 1 9 6 22
30572 86 1 1 9 6 21
36718 97 1 0 7 6 17
337770 25 0 0 1 6 17
399223 168 1 1 5 6 19
61298 182 0 0 1 6 15
776063 17 1 0 1 6 15
388976 29 0 0 1 6 18
776062 7 0 0 1 6 16
431998 30 1 1 8 6 18
431999 102 1 1 4 6 18
431997 7 0 1 6 6 22
10109 87 0 1 0 6 19
300922 24 0 0 4 6 22
432006 6 0 1 0 6 22
432007 8 0 1 8 6 18
432004 5 0 1 4 6 21
432005 19 1 1 3 6 20
432002 14 1 1 0 6 22
432003 5 1 1 1 6 22
432000 7 1 1 1 6 21
432001 24 1 1 2 6 28
432014 37 1 1 1 6 27
337807 23 0 1 6 6 22
432012 23 1 1 1 6 19
769920 15 1 0 4 6 16
432010 23 1 1 1 6 18
432008 8 1 1 7 6 19
776068 18 0 0 1 6 16
161683 283 1 0 1 6 13
472978 32 1 0 1 6 15
73623 144 1 1 5 5 19
432016 1 1 1 0 6 25
432017 25 0 1 1 6 20
776081 4 1 0 9 5 15
255907 26 0 1 1 6 22
255905 63 1 1 5 6 25
382888 72 1 1 6 6 24
8110 47 0 1 0 6 19
397238 55 1 1 0 6 19
456626 30 0 0 8 6 16
227253 94 1 0 1 5 12
22455 56 1 1 0 6 19
432070 4 1 1 9 6 19
432071 1 1 1 9 6 18
432068 27 1 1 7 6 20
432069 6 1 1 7 6 18
432066 7 1 1 0 6 21
305091 20 1 1 9 6 21
432065 3 0 1 1 6 25
317391 32 0 0 3 6 16
432077 5 1 1 2 6 18
339912 30 0 1 1 6 28
432075 6 1 1 1 6 20
432072 1 1 1 3 6 23
432073 9 1 1 7 6 19
460759 31 0 0 8 6 15
432085 12 1 1 2 6 23
411603 85 1 1 8 6 18
131032 39 0 0 1 6 17
75736 43 1 1 2 6 19
366559 40 1 1 9 6 21
503771 84 1 0 3 6 17
71645 22 0 1 7 6 22
16351 88 0 1 0 6 18
397273 37 0 1 7 6 19
432096 6 0 0 6 5 15
233445 45 1 1 1 6 19
155624 25 0 1 0 6 19
53229 102 0 0 2 6 16
776166 13 1 1 8 6 17
776164 3 0 0 1 5 17
432119 2 0 1 1 6 24
370673 13 1 1 1 6 15
260086 59 1 0 7 6 19
172023 27 1 1 7 6 21
395249 23 1 0 9 6 15
311292 25 0 0 1 6 15
432126 10 0 1 6 6 23
432127 2 0 1 1 6 25
432124 3 1 1 7 6 21
382974 90 1 1 1 6 23
432125 9 0 1 6 6 20
460795 31 1 0 8 5 19
432122 2 1 1 1 6 21
432123 2 1 1 1 6 18
444408 46 1 0 1 6 15
432120 4 1 1 2 6 21
325627 69 0 1 1 6 19
432121 8 1 1 9 6 20
31428 434604
31428 434836
77262 776577
31428 100555
31428 97506
31428 431764
77262 559451
31428 432200
31428 433494
31428 432001
77262 775988
31428 138636
31428 111874
31428 339364
31428 431031
31428 432745
77262 760956
77262 7803
31428 367850
31428 431318
31428 338609
31428 432679
31428 96733
77262 188467
31428 432337
31428 433073
31428 431030
77262 300640
77262 693869
77262 776682
31428 434339
31428 48701
31428 432491
31428 433245
31428 432388
31428 432487
31428 433215
77262 150042
77262 258256
77262 337770
77262 611313
31428 326750
31428 225984
31428 75736
31428 258685
31428 433287
31428 382611
31428 68105
31428 310935
31428 357671
31428 431726
77262 39972
77262 665012
31428 156197
31428 38556
31428 145060
31428 49709
31428 146873
31428 91406
31428 374460
31428 432121
77262 173466
31428 326557
31428 432196
31428 368121
77262 776658
77262 35961
77262 776496
31428 374531
31428 49764
31428 433286
77262 776572
77262 460795
77262 295166
31428 307786
77262 775175
77262 776662
31428 432203
31428 431895
31428 431849
77262 776010
77262 444408
31428 432732
77262 128676
31428 72578
31428 340417
31428 5048
77262 776659
31428 338604
31428 335440
77262 388825
31428 233606
31428 433165
77262 28069
77262 697484
31428 326689
77262 61298
31428 337636
31428 432687
77262 453690
77262 456840
31428 432065
77262 776782
31428 167420
31428 433247
31428 432344
31428 43844
31428 431509
77262 423461
31428 381779
31428 431674
31428 382496
77262 117756
77262 193158
31428 431322
31428 433611
31428 40451
31428 433072
31428 432008
31428 93240
31428 311967
31428 432748
31428 431411
31428 433650
31428 31791
31428 433075
77262 228897
31428 431941
31428 27897
31428 432977
31428 434346
31428 91222
31428 323094
31428 337150
77262 287693
31428 382606
31428 108016
31428 432490
77262 594357
31428 433493
77262 226882
77262 465114
77262 374238
77262 463513
31428 32604
31428 63078
31428 30572
31428 432002
31428 370024
31428 371078
31428 433026
77262 8716
77262 351742
77262 767051
31428 431765
31428 339410
77262 266815
31428 20579
31428 432124
77262 276046
31428 228487
77262 273967
31428 382974
31428 434831
31428 235361
77262 565488
77262 212465
31428 432434
31428 383251
31428 373972
31428 432335
31428 337571
31428 432437
31428 432693
31428 248948
31428 432194
31428 399997
77262 336130
31428 6790
31428 432486
31428 12601
31428 431465
31428 229842
31428 416911
31428 433252
77262 469307
31428 432443
77262 776164
31428 432982
31428 431076
31428 161626
31428 432737
31428 98766
77262 446992
77262 472978
31428 432682
31428 164917
31428 434494
31428 431284
77262 481620
77262 298671
31428 431512
77262 62251
77262 463212
31428 333121
77262 311120
31428 433023
77262 304850
77262 565608
31428 432747
31428 432975
31428 320251
31428 335379
31428 338670
31428 222629
77262 776966
31428 134789
77262 269516
77262 258371
77262 360484
31428 337738
31428 410101
31428 432122
31428 84617
31428 191685
31428 432334
31428 271284
77262 762598
31428 432195
31428 312112
31428 232767
77262 723359
77262 182043
77262 323030
31428 432007
31428 432012
31428 432740
31428 36551
77262 87165
77262 279867
31428 434334
77262 448066
31428 393236
31428 433436
31428 318086
77262 614851
31428 285703
77262 776619
77262 776794
31428 8643
31428 433675
31428 431516
31428 255907
31428 432973
77262 776008
31428 122390
77262 467752
31428 431940
31428 431767
31428 431328
77262 607084
31428 403311
31428 410152
31428 431847
31428 381662
31428 433707
31428 252261
77262 354390
77262 468184
31428 432675
77262 88612
77262 776081
77262 176339
77262 441069
77262 775962
31428 433577
31428 211879
77262 200116
31428 28971
31428 413125
31428 432127
31428 51207
31428 431077
31428 431510
77262 172643
31428 431327
31428 70074
31428 431417
31428 433333
31428 434724
77262 227949
31428 432677
31428 433500
77262 450747
31428 109371
31428 432442
31428 431964
31428 165945
31428 78491
77262 423392
77262 188644
31428 326495
31428 71645
31428 360488
77262 471860
31428 432974
77262 212825
77262 227704
77262 447627
31428 432348
77262 211904
31428 432128
31428 433447
31428 431508
77262 18750
31428 382779
31428 431669
31428 97019
77262 51958
31428 434550
77262 760301
31428 19540
77262 270870
77262 53229
31428 431892
77262 351555
31428 410317
77262 325469
31428 296265
77262 279823
31428 8287
77262 79185
77262 164877
31428 75495
31428 400895
31428 432202
31428 434605
77262 471922
31428 159470
77262 155001
77262 385098
31428 157960
31428 152353
77262 20294
31428 326744
31428 28521
77262 776713
31428 215184
31428 433396
31428 432438
31428 399223
77262 220158
31428 397273
77262 218087
77262 275850
31428 64644
31428 433288
77262 776684
31428 157102
31428 431084
77262 483484
31428 11123
31428 431462
31428 239213
31428 348944
31428 433435
31428 68484
31428 66301
77262 142923
31428 31807
31428 431730
77262 466564
31428 434335
31428 432683
77262 161405
31428 434609
31428 170734
31428 432120
31428 432986
31428 339414
77262 417557
31428 432134
77262 756100
31428 302652
31428 432006
31428 432085
77262 87240
77262 168577
77262 28945
31428 261084
31428 432132
77262 477527
77262 161827
31428 432739
77262 243497
31428 238494
77262 776068
31428 430993
31428 432436
31428 430996
77262 502863
31428 41852
31428 433671
31428 114948
31428 431469
31428 431763
31428 431732
31428 431032
77262 292196
31428 373946
31428 433497
31428 431079
31428 70759
31428 176558
31428 432427
31428 432429
77262 5054
77262 344309
31428 22690
77262 776620
77262 191411
77262 211063
31428 432336
31428 431893
31428 433534
77262 284945
77262 776948
31428 431619
77262 260334
77262 294117
31428 433395
31428 208944
31428 331784
31428 20324
77262 53050
77262 774763
31428 121801
31428 432071
31428 433249
77262 776062
31428 431935
31428 431321
77262 460759
31428 431947
31428 432199
77262 91308
77262 702112
77262 776230
77262 388976
31428 326479
31428 99541
77262 492634
31428 434833
31428 433709
31428 238493
31428 431946
31428 432016
77262 776720
31428 340029
77262 775989
31428 26287
31428 110294
31428 432728
31428 432489
31428 381664
77262 650213
31428 432430
77262 343145
77262 397069
31428 384826
31428 431514
31428 295156
77262 386183
31428 431937
31428 433536
77262 776642
31428 431459
31428 431894
31428 256753
31428 431728
31428 1300
31428 291831
31428 432428
31428 1239
31428 341740
31428 430189
31428 432123
77262 357713
77262 310898
31428 340566
31428 432069
31428 432979
31428 432341
31428 266521
31428 184142
31428 340300
31428 434723
77262 469821
31428 382888
31428 432994
31428 331169
31428 433022
31428 359549
31428 432391
31428 432742
31428 38968
31428 166549
31428 429351
31428 432678
31428 431083
77262 353212
77262 747666
31428 431618
77262 379677
31428 431761
31428 22455
77262 26953
77262 432096
77262 706201
77262 410957
31428 130861
31428 222730
77262 191213
31428 366559
31428 433710
31428 326437
31428 433708
31428 431515
31428 122299
31428 432488
77262 775959
77262 150040
77262 391777
31428 376630
31428 169459
31428 431323
77262 503771
31428 433253
77262 470224
31428 431080
31428 432193
31428 403710
31428 434490
31428 432390
31428 432190
31428 337218
31428 431460
31428 431085
77262 444682
31428 431725
77262 31526
77262 312900
77262 465349
77262 244115
31428 160440
31428 359228
31428 114986
31428 433250
31428 433672
77262 765694
31428 432674
31428 432492
31428 433437
31428 431762
31428 434719
31428 431410
77262 227784
77262 776497
77262 140289
31428 406801
77262 769920
31428 433496
31428 431621
31428 431406
31428 338844
31428 431950
77262 387561
31428 433282
31428 214467
31428 434722
31428 235849
31428 336760
77262 139992
31428 338793
31428 326480
31428 335602
31428 246061
77262 476685
31428 337142
31428 431420
31428 434342
31428 337204
31428 432017
31428 432691
31428 432392
31428 20027
31428 172023
31428 432439
31428 168080
31428 431464
31428 431466
31428 432730
31428 432070
31428 370673
31428 33540
31428 432394
77262 144144
31428 431729
31428 340032
77262 155866
31428 432338
77262 358792
77262 775987
31428 432680
77262 61710
31428 5373
77262 713060
31428 34850
77262 623627
31428 432333
31428 431617
77262 396822
77262 732153
77262 29393
31428 432731
31428 432014
77262 775990
31428 325360
31428 432435
77262 214400
31428 88441
31428 432441
77262 58021
31428 432987
77262 276172
31428 433612
31428 69396
31428 432133
31428 431457
31428 73623
31428 3818
31428 432345
77262 61919
77262 385681
31428 106783
31428 121797
77262 455295
77262 776203
77262 609460
31428 122369
31428 433673
77262 36279
77262 386294
77262 384332
77262 52133
77262 382570
77262 629330
31428 431948
31428 217134
77262 776984
31428 432744
31428 434341
77262 227253
31428 433176
31428 373977
31428 337948
31428 311558
31428 259742
31428 155624
31428 432332
77262 28695
31428 336688
31428 432989
31428 433445
31428 433167
31428 416094
31428 433706
31428 120339
31428 381988
31428 334435
31428 431087
31428 277538
31428 335608
31428 431075
31428 208025
31428 212638
31428 433285
77262 55494
31428 431505
77262 467178
31428 432738
77262 296547
31428 40444
31428 432690
31428 265842
31428 326686
31428 50993
31428 129509
77262 469029
31428 176773
31428 411603
31428 156293
31428 109495
31428 166200
31428 432984
31428 434366
31428 431326
77262 228791
31428 432689
77262 132596
31428 432066
31428 434337
77262 336520
31428 254823
31428 176566
77262 389455
31428 78635
31428 384258
77262 33253
31428 120085
31428 336539
77262 252266
31428 341820
77262 530601
77262 323210
31428 431081
31428 431082
31428 398235
31428 434483
31428 68352
31428 382605
77262 468332
31428 426949
31428 433173
31428 348992
31428 91569
31428 337214
31428 374553
31428 431846
31428 432000
77262 437602
31428 342195
77262 391306
77262 722261
31428 434347
77262 776657
31428 384298
31428 431897
31428 431454
31428 62257
31428 431086
77262 604892
31428 233201
77262 330913
31428 39046
31428 432135
77262 484031
31428 431759
31428 433434
31428 431467
31428 398988
31428 431731
77262 194567
31428 224226
31428 433214
31428 432387
77262 136096
77262 419577
77262 776166
77262 89365
31428 371073
31428 432003
77262 11446
77262 199298
31428 35693
31428 433491
77262 299124
31428 164466
77262 50641
31428 129260
77262 561567
77262 776063
31428 428815
31428 307914
31428 432734
31428 433615
31428 431850
77262 776204
77262 130427
77262 456626
31428 433705
77262 36718
31428 431949
31428 76515
31428 434796
31428 408763
31428 383057
77262 610450
31428 434835
77262 474673
31428 431727
31428 398879
77262 31428
31428 91490
77262 355292
31428 163372
31428 381693
77262 323904
77262 62893
31428 180931
31428 321161
31428 431324
31428 158069
77262 291624
31428 431951
31428 432126
31428 233445
31428 433676
31428 432119
31428 432735
77262 776034
77262 134638
31428 433433
77262 300309
31428 302128
31428 80293
31428 389729
31428 431933
77262 445104
31428 243106
31428 16530
31428 434798
31428 337807
31428 431766
31428 305091
31428 431078
31428 432485
77262 721097
31428 358907
31428 434720
77262 191365
31428 432010
31428 84484
31428 431419
31428 75881
31428 339912
31428 432192
77262 414997
77262 260086
31428 347488
31428 154492
31428 431724
77262 467842
31428 338608
31428 348948
77262 3128
77262 324977
31428 432191
77262 90511
77262 111573
77262 776660
31428 433251
77262 304916
31428 337498
77262 210181
77262 454679
31428 40995
31428 432676
31428 88773
77262 776779
31428 432347
77262 776575
31428 412773
31428 84183
31428 431760
31428 35165
31428 431463
77262 467089
77262 776521
31428 76264
31428 10109
31428 432484
31428 431673
77262 775778
31428 431943
31428 434496
31428 338975
31428 397238
31428 431264
77262 349978
31428 432068
77262 666833
31428 433398
31428 432386
31428 351724
31428 434794
77262 457515
31428 432346
31428 395489
31428 434834
31428 340978
31428 432684
77262 775961
31428 337438
31428 432685
31428 432384
77262 693641
31428 431938
31428 50885
31428 432444
77262 473718
31428 381666
31428 337535
31428 433651
77262 776784
31428 193239
31428 205887
31428 132921
31428 433674
31428 373140
77262 88792
31428 431896
77262 223366
31428 370966
31428 383541
77262 653776
31428 36119
31428 432129
31428 32870
31428 337619
77262 776683
31428 180569
31428 383088
31428 432350
31428 306475
31428 239288
31428 433244
31428 11153
31428 212512
77262 168827
77262 313648
31428 433438
31428 79178
31428 165734
31428 434338
77262 300922
31428 40434
31428 434797
77262 283666
31428 63003
77262 113205
31428 277157
31428 67803
31428 431029
77262 395249
31428 383256
31428 432125
31428 255905
31428 286117
31428 339641
31428 8110
31428 75340
31428 431028
31428 431997
31428 326111
31428 370298
77262 131032
31428 434340
31428 71361
31428 331178
77262 317391
31428 381720
31428 325627
77262 776661
31428 432688
77262 457380
31428 78424
77262 193267
77262 308803
77262 161683
31428 431413
31428 16424
31428 432004
31428 326224
31428 222932
31428 431998
31428 33886
31428 227931
31428 266443
31428 432077
31428 432198
31428 434832
31428 66806
31428 285250
31428 237924
31428 331103
77262 13102
77262 127877
31428 120402
31428 431671
31428 432603
31428 69753
31428 432433
31428 16351
31428 108009
31428 433281
31428 431415
31428 432005
31428 133847
31428 404541
31428 86730
77262 506392
31428 432073
31428 433030
31428 431504
77262 645155
31428 431135
31428 432385
31428 147926
31428 166824
31428 250884
77262 38079
31428 433182
77262 62841
31428 286572
31428 432343
31428 393359
31428 433283
77262 275892
77262 530480
31428 430858
31428 432988
77262 339353
77262 775915
77262 230679
31428 294938
31428 331172
31428 156403
31428 289320
31428 371048
31428 432130
31428 434492
31428 432432
31428 433446
31428 22531
31428 432393
31428 432733
31428 433616
31428 432072
77262 228578
31428 357911
77262 467059
77262 747817
31428 33994
31428 430994
77262 246860
77262 178476
77262 230768
77262 444972
31428 432382
77262 465820
31428 433331
77262 175937
77262 311292
31428 191705
77262 472769
77262 107150
31428 431939
31428 433217
31428 35333
31428 431848
31428 341824
31428 176770
77262 454923
77262 774869
77262 273580
31428 431999
31428 215557
31428 339292
77262 98636
77262 676691
31428 431507
31428 289024
31428 433032
31428 119019
31428 434795
31428 432197
77262 136076
31428 75168
31428 219263
31428 347689
31428 359506
77262 717401
31428 432493
31428 433029
31428 432075
31428 434606
31428 73771
31428 145478
77262 14611
31428 382504
31428 381872
31428 434549
