110 109
5 0
145923 555 1 1 6 6 18
334849 459 1 1 8 5 19
7429 720 1 1 2 6 25
21001 666 1 0 3 6 17
91146 437 1 1 7 6 24
77069 803 1 1 8 6 21
146959 763 1 0 7 6 20
259340 441 1 0 8 6 16
124176 467 1 1 6 6 32
146963 453 1 0 4 6 15
194064 538 1 0 6 6 14
66067 502 1 1 3 6 28
35347 604 1 1 1 6 18
279571 514 1 0 6 6 15
63003 458 1 0 8 6 20
182558 673 1 1 6 6 15
67615 480 1 1 6 6 18
91426 632 1 0 4 6 20
86306 680 1 1 6 5 25
254246 509 1 1 8 6 16
8999 612 1 1 2 6 20
120873 605 1 1 9 6 16
327473 508 1 0 4 6 25
41528 474 1 1 6 6 22
41533 581 1 1 2 6 31
57918 1254 1 1 0 6 27
46403 449 1 1 1 6 29
38212 688 1 0 0 6 2
59973 824 1 1 1 6 37
109642 877 1 1 7 6 27
72268 492 1 1 9 6 27
51538 540 1 1 1 6 21
48979 558 1 0 4 6 26
73051 436 1 0 9 6 17
277343 627 1 1 8 6 21
61034 495 1 0 0 5 23
221807 567 1 0 3 6 19
224620 444 1 0 8 6 18
211826 582 1 1 6 6 28
146032 845 1 1 8 5 29
20851 453 1 0 9 6 24
165495 783 1 0 4 6 17
121716 733 1 0 1 6 20
163447 564 1 0 2 6 18
27511 520 0 0 3 6 21
39801 298 1 0 6 6 16
147064 570 1 0 4 6 18
79226 670 1 0 8 6 11
31099 490 1 0 2 6 20
471418 441 1 0 8 6 19
45696 495 1 0 3 6 18
130946 443 0 1 8 6 18
7556 885 1 1 8 6 17
46980 498 1 0 1 6 20
147079 640 1 0 4 6 17
49030 695 1 1 1 6 25
42120 534 1 1 0 6 16
38282 504 1 1 7 6 22
77721 623 1 1 4 6 17
109723 783 1 1 8 6 21
136089 498 1 1 8 6 20
3232 599 1 0 2 6 18
63395 566 1 0 2 6 18
256160 540 1 0 1 6 20
282535 439 1 1 2 6 20
15268 764 1 1 5 6 20
56485 495 0 1 7 6 37
261284 512 1 0 1 6 16
242861 498 1 0 6 6 17
77231 447 0 1 6 6 23
70318 524 1 1 2 6 37
108211 504 1 0 1 5 20
46770 570 1 1 2 6 37
76467 478 1 1 7 6 24
56499 700 1 0 2 6 13
254135 493 1 1 4 6 16
4537 547 1 1 1 6 26
241592 563 1 0 6 6 22
45499 533 1 0 4 6 18
512197 7 1 1 4 6 21
108483 491 1 0 2 6 27
472260 767 1 1 1 6 20
31428 769 1 1 9 6 42
3784 558 1 1 5 6 19
46794 496 1 1 6 6 20
266186 491 1 0 6 6 14
214732 644 1 0 4 6 16
88019 459 1 1 2 6 17
172758 496 1 0 8 6 20
88280 635 1 0 1 6 19
41689 457 1 1 0 6 15
8413 1695 1 0 0 6 3
223709 462 1 1 6 6 21
367844 562 1 0 2 6 19
45539 907 1 1 1 6 21
137956 577 1 1 6 6 16
2796 749 1 0 0 6 31
22255 731 1 1 7 5 22
34032 669 1 1 8 6 15
199665 786 1 0 6 6 25
165360 555 1 1 2 6 19
99315 445 1 1 7 6 16
68596 508 1 0 4 6 21
71414 529 1 1 6 6 19
48632 502 1 1 2 6 34
16890 565 1 1 8 6 22
35322 516 1 1 6 6 24
318462 542 1 1 6 6 38
100090 480 1 0 3 6 13
1022 643 1 1 0 6 21
165495 7556
79226 77721
48979 88019
91426 259340
88019 277343
282535 63003
199665 108211
20851 67615
45696 41689
91426 45696
21001 471418
79226 147064
2796 66067
182558 165495
88280 46980
165495 79226
88280 367844
223709 327473
45499 109642
27511 109723
20851 165360
145923 223709
88280 199665
39801 279571
121716 48632
261284 46403
91426 130946
67615 2796
48979 70318
472260 121716
172758 57918
79226 241592
79226 48979
88280 16890
147064 242861
3232 51538
39801 254135
241592 46794
88280 145923
214732 147079
8999 7429
34032 266186
88280 4537
172758 59973
121716 45539
41689 100090
88280 221807
41533 91426
146959 38282
318462 99315
3232 77231
79226 45499
77721 88280
16890 146963
77231 86306
48979 146959
318462 91146
88280 163447
165495 261284
88280 3784
145923 124176
279571 254246
63395 8999
51538 56499
100090 282535
46980 22255
472260 35347
146959 214732
56499 42120
211826 224620
88280 41528
63395 73051
88280 56485
45539 63395
91426 120873
51538 31099
241592 211826
27511 77069
21001 256160
199665 21001
88280 35322
88019 318462
224620 136089
51538 34032
91426 72268
165495 334849
88280 41533
48979 61034
88280 108483
45539 3232
145923 27511
73051 8413
79226 194064
3232 76467
77721 172758
63003 31428
27511 1022
108211 46770
108211 49030
72268 20851
224620 146032
48979 15268
39801 182558
88280 472260
108483 71414
512197 39801
39801 137956
88280 68596
8413 38212
