110 109
5 0
145923 555 1 1 6 6 18
334849 459 1 1 8 5 19
7429 720 1 1 2 6 25
21001 666 1 0 3 6 17
91146 437 1 1 7 6 24
77069 803 1 1 8 6 21
146959 763 1 0 7 6 20
259340 441 1 0 8 6 16
124176 467 1 1 6 6 32
146963 453 1 0 4 6 15
194064 538 1 0 6 6 14
66067 502 1 1 3 6 28
35347 604 1 1 1 6 18
279571 514 1 0 6 6 15
63003 458 1 0 8 6 20
182558 673 1 1 6 6 15
67615 480 1 1 6 6 18
91426 632 1 0 4 6 20
86306 680 1 1 6 5 25
254246 509 1 1 8 6 16
8999 612 1 1 2 6 20
120873 605 1 1 9 6 16
327473 508 1 0 4 6 25
41528 474 1 1 6 6 22
41533 581 1 1 2 6 31
57918 1254 1 1 0 6 27
46403 449 1 1 1 6 29
38212 688 1 0 0 6 2
59973 824 1 1 1 6 37
109642 877 1 1 7 6 27
72268 492 1 1 9 6 27
51538 540 1 1 1 6 21
48979 558 1 0 4 6 26
73051 436 1 0 9 6 17
277343 627 1 1 8 6 21
190304 435 1 0 5 6 20
61034 495 1 0 0 5 23
221807 567 1 0 3 6 19
224620 444 1 0 8 6 18
211826 582 1 1 6 6 28
146032 845 1 1 8 5 29
20851 453 1 0 9 6 24
121716 733 1 0 1 6 20
165495 783 1 0 4 6 17
163447 564 1 0 2 6 18
27511 520 0 0 3 6 21
147064 570 1 0 4 6 18
79226 670 1 0 8 6 11
31099 490 1 0 2 6 20
471418 441 1 0 8 6 19
45696 495 1 0 3 6 18
130946 443 0 1 8 6 18
7556 885 1 1 8 6 17
46980 498 1 0 1 6 20
147079 640 1 0 4 6 17
49030 695 1 1 1 6 25
42120 534 1 1 0 6 16
38282 504 1 1 7 6 22
77721 623 1 1 4 6 17
109723 783 1 1 8 6 21
136089 498 1 1 8 6 20
3232 599 1 0 2 6 18
282535 439 1 1 2 6 20
63395 566 1 0 2 6 18
256160 540 1 0 1 6 20
15268 764 1 1 5 6 20
56485 495 0 1 7 6 37
261284 512 1 0 1 6 16
242861 498 1 0 6 6 17
77231 447 0 1 6 6 23
70318 524 1 1 2 6 37
108211 504 1 0 1 5 20
46770 570 1 1 2 6 37
76467 478 1 1 7 6 24
56499 700 1 0 2 6 13
254135 493 1 1 4 6 16
4537 547 1 1 1 6 26
241592 563 1 0 6 6 22
45499 533 1 0 4 6 18
108483 491 1 0 2 6 27
472260 767 1 1 1 6 20
31428 769 1 1 9 6 42
3784 558 1 1 5 6 19
46794 496 1 1 6 6 20
59852 276 1 0 6 6 13
266186 491 1 0 6 6 14
214732 644 1 0 4 6 16
88019 459 1 1 2 6 17
172758 496 1 0 8 6 20
41689 457 1 1 0 6 15
88280 635 1 0 1 6 19
8413 1695 1 0 0 6 3
223709 462 1 1 6 6 21
367844 562 1 0 2 6 19
45539 907 1 1 1 6 21
137956 577 1 1 6 6 16
2796 749 1 0 0 6 31
22255 731 1 1 7 5 22
34032 669 1 1 8 6 15
199665 786 1 0 6 6 25
165360 555 1 1 2 6 19
99315 445 1 1 7 6 16
68596 508 1 0 4 6 21
71414 529 1 1 6 6 19
48632 502 1 1 2 6 34
16890 565 1 1 8 6 22
35322 516 1 1 6 6 24
318462 542 1 1 6 6 38
100090 480 1 0 3 6 13
1022 643 1 1 0 6 21
145923 27511
241592 46794
165495 334849
27511 77069
48979 61034
20851 67615
16890 146963
41533 221807
88280 68596
27511 1022
145923 223709
146959 214732
77231 86306
172758 59973
108211 49030
223709 327473
224620 136089
88280 163447
45499 137956
88280 472260
77721 79226
3232 76467
279571 254246
45499 109642
165495 182558
199665 16890
108211 46770
172758 57918
41533 108211
73051 8413
472260 121716
45696 3784
91426 41528
88019 277343
241592 211826
2796 66067
45696 91426
91426 145923
48979 15268
21001 471418
63003 31428
282535 100090
51538 56499
45696 190304
100090 41689
41533 48979
91426 35322
8999 7429
91426 130946
48979 88019
20851 165360
41533 46980
145923 124176
146959 38282
41533 88280
91426 279571
121716 48632
72268 20851
67615 2796
91426 72268
318462 91146
472260 35347
282535 63003
79226 45499
45539 3232
91426 120873
88280 56485
79226 241592
59852 282535
261284 46403
21001 199665
46980 22255
51538 31099
56499 42120
41533 108483
48979 146959
51538 34032
88280 77721
41689 45696
165495 7556
27511 109723
41533 172758
91426 41533
88019 318462
88280 4537
48979 70318
214732 147079
41533 256160
121716 45539
211826 224620
108483 71414
41533 21001
79226 194064
8413 38212
88280 367844
3232 77231
45499 254135
79226 165495
63395 8999
318462 99315
45539 63395
79226 261284
63395 73051
147064 242861
224620 146032
91426 259340
3232 51538
199665 147064
34032 266186
