2559 2626
5 0
782347 65 0 1 1 6 56
573449 61 1 1 0 5 21
1208344 10 0 1 1 6 27
618501 28 1 1 3 6 15
331784 51 0 1 8 6 22
757764 6 1 1 1 6 33
454679 5 0 0 3 6 16
176147 145 1 1 3 6 25
393236 11 1 1 0 6 21
266256 29 1 0 1 6 19
1302535 18 1 1 1 6 37
28695 95 1 0 1 6 23
1351692 4 1 1 7 6 34
294938 46 1 1 3 6 19
675860 33 1 1 4 6 30
311322 139 1 1 5 6 27
360484 45 1 0 0 6 15
1245233 8 1 1 2 6 24
40995 163 1 1 2 6 20
1265718 2 1 1 2 5 38
16424 73 0 1 0 6 19
430127 47 1 0 2 6 21
73771 25 0 1 0 6 19
528419 4 0 1 6 6 26
217134 102 1 1 0 6 18
360488 26 1 1 0 6 26
188467 67 0 0 6 6 17
520245 11 1 1 4 6 20
208944 120 0 1 2 6 25
327734 87 1 0 2 6 20
98359 122 1 0 2 6 22
340029 80 1 1 7 6 23
278591 56 1 0 2 6 17
286783 60 1 0 0 6 14
57406 26 0 0 5 6 27
1245228 15 1 1 8 6 27
569399 40 0 1 1 6 33
299076 95 1 0 2 6 13
1093714 23 0 0 7 6 39
340032 31 0 1 8 6 17
557133 53 1 1 2 6 24
585794 14 0 1 6 6 20
606274 42 1 1 6 6 21
385098 44 0 0 0 6 16
1327170 13 1 0 7 6 27
1069128 14 1 0 4 6 29
36953 219 1 1 5 6 26
8287 55 1 1 0 6 20
208994 27 1 1 2 6 26
20579 34 0 1 4 6 19
237664 48 1 1 3 5 23
32870 26 0 1 3 6 17
1245307 3 1 1 4 6 25
430189 1 1 1 2 6 21
712801 37 1 1 4 6 24
331886 62 1 1 0 6 39
1020002 9 0 1 4 6 21
299124 28 1 0 1 6 15
467059 49 1 0 1 6 17
69753 78 1 1 8 6 18
1556590 3 1 1 1 6 25
1081449 11 1 1 7 6 28
1351784 3 1 1 2 6 22
168066 90 1 1 6 6 37
233606 77 0 1 3 6 20
245892 98 1 1 3 6 26
491663 31 1 1 4 6 40
393359 65 1 1 5 6 21
1216667 12 1 1 0 6 23
725125 68 1 0 2 6 31
1286300 2 0 1 7 6 33
1011870 23 1 0 6 6 29
16530 23 1 1 0 6 24
168080 128 1 1 9 6 23
217238 43 1 1 4 6 29
467089 64 1 0 1 6 21
434334 8 0 1 1 6 22
434335 21 0 1 3 6 18
483484 15 1 0 5 6 14
610450 50 1 0 1 6 16
1167500 6 0 1 1 6 29
434342 28 1 1 2 6 19
278692 74 1 0 2 6 20
12449 148 1 1 0 6 16
434340 79 1 1 7 6 16
1556661 1 1 0 5 6 26
434341 11 1 1 0 6 21
434338 70 1 1 5 6 19
434339 19 1 1 1 6 26
610476 7 0 1 1 6 37
434337 69 1 1 2 6 19
434346 21 1 1 9 6 25
434347 31 1 1 1 6 29
1527994 12 1 1 4 6 23
28847 34 1 1 2 6 26
340148 40 1 0 4 6 18
1331366 6 1 1 4 6 26
1556642 9 1 1 1 6 28
1233063 15 1 1 5 6 38
204980 66 1 0 2 6 19
434366 24 0 1 4 6 18
725169 46 1 0 2 6 28
32954 21 1 0 0 6 14
8380 100 1 0 0 6 23
450747 44 0 0 6 6 14
1556648 2 1 1 1 6 34
1360085 8 1 1 1 6 31
721097 15 1 0 6 6 14
159942 56 1 1 2 6 21
1081557 11 0 0 2 6 44
889034 8 1 0 1 5 20
807104 39 1 1 8 6 18
266443 192 1 1 9 6 18
1556696 2 1 1 1 6 26
176339 145 1 0 2 6 17
258256 21 1 0 7 6 15
1360065 1 1 1 1 5 24
1360066 1 1 1 1 6 34
155866 81 1 0 4 6 16
680146 13 0 1 8 6 21
1360078 1 1 1 1 6 35
205020 126 1 0 0 6 14
979183 34 1 1 9 6 28
1020140 11 1 1 1 6 22
1339633 4 1 1 1 6 23
188644 78 1 0 1 6 14
577760 19 1 0 2 6 23
119019 104 1 1 1 6 25
467178 58 1 0 1 6 15
1028322 7 0 0 4 5 18
344309 16 1 0 1 6 16
295156 46 1 1 6 6 26
78067 173 1 1 2 6 21
1056999 60 0 1 1 6 35
340210 10 0 1 8 6 26
1163494 17 1 1 3 6 48
565488 7 1 0 1 6 20
295166 41 1 0 0 6 15
1212648 15 1 0 1 5 28
278776 103 1 0 2 6 19
598263 23 1 0 1 6 18
311558 24 1 1 2 6 25
1024268 11 0 1 1 6 42
114948 27 1 1 0 6 27
336130 9 1 0 4 6 16
942343 19 1 1 6 6 31
1487132 7 1 1 2 6 21
1458458 3 1 1 1 6 109
454923 76 1 0 7 6 17
1458459 9 1 1 3 6 39
61710 136 1 0 4 5 13
299274 92 1 0 2 6 18
1462553 1 1 1 0 5 11
28945 47 0 0 0 6 19
1487111 3 1 1 5 6 21
1073409 5 0 1 1 6 27
1024285 8 0 1 1 6 40
454933 72 1 1 3 6 22
315664 9 0 0 1 6 23
160020 68 1 1 6 6 26
1487119 3 1 1 5 6 35
1360141 5 1 1 7 6 47
1245449 5 0 1 4 6 22
1556748 1 0 1 5 6 25
1556747 1 1 1 4 6 31
266520 33 0 1 0 6 20
266521 22 0 1 3 6 22
106783 90 1 1 2 6 18
835859 8 1 1 8 6 22
241952 58 1 1 0 6 15
28971 45 1 1 1 6 25
114986 68 0 1 9 6 20
274728 228 1 1 6 6 18
246061 94 1 1 1 6 18
594232 175 1 1 8 6 26
434483 11 0 1 1 6 29
1556768 1 1 1 0 6 35
434494 35 0 1 6 6 18
12601 158 1 1 0 6 19
434492 211 1 1 6 6 20
434490 22 0 1 1 6 22
815408 71 1 1 4 6 40
37182 73 1 0 0 6 20
639286 13 1 1 1 6 44
258371 16 1 0 1 6 16
721227 7 1 0 7 6 10
323904 98 0 0 1 6 14
434496 47 0 1 7 6 19
340300 28 0 1 4 6 22
246090 32 0 1 0 6 33
389455 16 1 0 1 6 16
938306 11 1 0 1 6 36
98636 6 1 0 2 6 15
1540423 6 1 1 7 6 24
1544519 1 1 1 5 6 26
1384774 4 1 1 7 6 26
340304 59 1 1 1 6 23
684371 4 1 1 5 6 25
180569 66 1 1 6 6 22
381273 58 0 1 8 6 98
565608 6 1 0 2 6 20
1487222 2 1 1 4 5 27
1487220 8 1 1 1 6 29
1487221 2 1 1 7 5 24
237924 11 0 1 1 6 17
463212 9 1 0 4 5 16
713060 10 0 1 8 6 17
180588 29 1 1 2 6 21
434550 25 0 1 6 6 17
151922 4 0 0 4 6 17
418167 27 1 1 2 6 20
356727 64 1 0 1 6 17
131440 22 0 1 0 6 26
434549 35 1 1 0 6 19
508272 26 1 1 6 6 53
196984 54 1 0 2 6 18
516475 85 1 1 6 6 33
1364373 21 1 1 7 6 26
33153 23 1 0 0 6 12
176515 17 0 1 0 6 29
4483 62 1 0 0 6 24
467332 44 1 1 2 6 13
90511 128 1 0 1 6 15
373140 57 1 1 8 6 28
778655 86 1 0 1 6 22
561567 71 1 0 4 6 15
541087 10 1 1 6 6 28
1212809 9 1 1 0 6 33
565651 27 1 0 3 6 16
1556875 8 1 1 7 6 21
1073587 10 1 0 1 6 29
434606 24 0 1 9 6 21
831909 10 1 1 3 6 13
434604 4 1 1 1 6 18
864679 6 1 1 6 6 32
434605 50 1 1 9 6 21
176558 27 0 1 1 6 21
1339834 16 1 0 7 6 46
176566 64 0 1 0 6 19
434609 16 1 1 0 6 26
176571 67 1 1 2 6 27
70074 24 0 1 7 6 24
340414 80 1 0 5 6 20
594357 37 1 0 2 6 19
1266092 5 1 1 7 6 31
307643 31 1 1 3 6 26
328132 23 1 1 2 6 22
917964 19 1 1 1 6 25
209345 182 0 1 1 6 34
8643 216 1 1 0 6 23
209344 50 0 1 1 6 31
340417 21 0 1 7 6 19
328131 27 1 1 2 6 21
426447 42 1 1 3 6 27
614851 13 0 0 1 6 17
442827 23 1 0 0 6 26
98766 40 1 1 3 6 20
229842 40 1 1 9 6 24
147926 42 0 1 0 6 20
1266117 5 1 1 1 6 35
807380 20 1 1 2 6 20
1479118 8 1 1 3 6 41
360924 199 1 0 6 6 24
627156 20 0 0 7 6 37
1401291 17 1 1 2 6 48
61919 133 0 0 8 6 15
1282546 28 1 1 1 6 22
45538 163 1 1 8 6 19
45539 907 1 1 1 6 21
33253 88 1 0 4 6 17
111076 230 1 1 2 6 23
328175 43 1 0 2 6 19
524773 97 0 0 6 6 25
766459 17 1 1 6 6 20
1266145 9 1 1 1 6 32
410101 3 1 1 1 5 18
340470 17 1 0 8 6 22
1020411 8 0 1 2 6 36
864760 12 1 0 2 6 24
201211 333 0 1 1 6 23
610803 111 0 1 4 6 24
614899 96 1 1 6 6 28
1380841 3 1 1 0 6 25
516602 14 1 1 6 6 33
516601 43 1 1 2 6 29
1450473 12 1 1 1 6 26
1548821 10 1 1 1 6 23
479745 128 1 0 1 6 33
397838 29 1 1 6 6 24
21001 666 1 0 3 6 17
487948 19 0 0 4 6 23
8716 46 1 0 2 6 16
66063 43 1 1 3 6 33
127505 399 1 1 7 6 25
270870 57 1 1 8 6 18
446992 39 0 0 4 6 17
451102 84 1 0 1 6 17
434719 20 0 1 1 6 25
225820 74 1 1 5 6 24
528937 13 1 1 1 6 40
434724 33 0 1 3 6 18
815663 30 1 0 1 6 36
434722 66 0 1 9 6 21
434723 34 1 1 7 6 17
434720 6 1 1 9 6 20
156197 34 0 1 2 6 18
832037 48 1 1 5 6 19
49709 49 0 1 0 6 23
410152 74 0 1 6 6 35
471592 29 0 0 1 6 15
344631 28 1 0 2 6 20
234032 124 1 0 2 6 22
1184294 10 0 1 6 6 23
266815 65 1 0 6 6 15
975409 23 1 1 6 6 20
418374 65 1 0 2 6 20
430663 16 0 1 1 6 49
1057362 17 1 1 4 6 37
1266256 6 1 1 1 6 32
1266263 7 1 1 1 6 37
275010 48 1 1 2 6 23
585 360 1 0 0 6 21
729666 30 0 1 5 6 31
172616 11 1 1 0 6 33
307786 55 0 1 0 6 21
1598038 3 1 1 7 6 36
471639 48 1 1 6 6 29
938591 24 1 1 4 6 23
717401 64 1 0 1 6 22
340566 22 0 1 1 6 22
78424 56 0 1 5 6 26
500315 54 1 1 2 6 27
471643 3 0 1 2 6 53
774763 6 1 0 1 5 16
172643 68 0 0 8 6 17
49764 72 1 1 2 6 18
389729 192 1 1 9 6 20
328289 76 1 1 2 6 23
434798 81 1 1 8 6 18
434796 14 0 1 1 6 20
434797 38 0 1 1 6 20
434794 8 1 1 9 6 20
434795 47 1 1 3 6 19
418408 143 1 0 4 6 19
848483 39 1 0 3 6 43
164466 33 0 1 2 6 25
1393254 1 1 1 6 6 24
53875 260 0 0 1 6 18
1266279 7 1 1 1 6 32
569968 45 1 1 1 6 32
455295 26 1 0 1 6 16
258685 68 0 1 1 6 23
176770 29 0 1 1 6 27
168577 41 1 1 8 6 15
193158 24 1 0 2 6 15
156293 21 0 1 7 6 18
176773 53 0 1 2 6 19
434831 30 0 1 0 6 18
336520 95 1 0 4 6 17
705159 26 0 0 4 6 20
250509 330 1 1 6 6 21
107150 70 1 0 8 6 15
627353 4 1 1 8 6 18
434836 24 0 1 1 6 22
385681 19 0 0 6 6 15
434834 100 1 1 4 6 20
434835 20 0 1 5 6 19
594588 39 0 1 6 6 19
434832 33 1 1 8 6 18
434833 1 0 1 9 6 21
78491 15 0 1 5 6 26
762513 41 1 0 4 6 19
389791 114 1 0 1 6 20
459421 27 0 0 1 6 27
1184392 17 0 1 6 6 33
311967 12 0 1 0 6 23
463513 31 1 0 2 6 15
336539 110 1 1 6 6 18
627351 11 0 1 8 6 24
1594041 4 1 1 1 5 29
766633 11 1 1 2 6 19
58021 81 1 0 1 6 21
230061 85 1 1 4 6 24
869052 30 1 0 1 6 24
1172133 5 1 0 1 6 17
471729 63 1 1 1 6 20
484031 11 0 0 4 6 17
160440 97 0 1 1 6 20
778932 14 1 1 4 6 18
180931 302 1 1 1 6 18
225984 61 0 1 7 6 23
1336016 14 1 1 7 6 45
86730 14 1 1 1 6 19
410317 102 1 1 6 6 20
307914 42 1 1 2 6 20
29393 46 0 0 1 6 17
1008350 28 0 1 1 6 37
180950 369 0 1 5 6 37
172758 496 1 0 8 6 20
193239 71 1 1 0 6 18
537309 36 1 0 6 6 23
873173 18 1 1 2 6 21
139992 66 1 1 8 6 18
1045205 14 1 1 8 6 23
381662 9 0 1 6 6 25
774869 22 0 0 1 6 14
1131215 21 1 0 7 6 47
1249996 6 1 0 2 6 38
230115 136 1 1 6 6 23
1086193 22 0 1 1 6 31
1217267 1 0 1 1 6 36
381665 23 1 1 4 6 24
381664 39 1 1 5 6 26
1102581 8 1 1 1 6 38
381666 27 0 1 1 6 18
647905 24 1 1 1 6 31
746 153 1 0 0 6 20
353007 64 1 0 2 6 21
762598 46 1 0 1 6 15
1262334 6 1 1 5 6 20
193267 147 1 0 1 6 16
156403 44 0 1 2 6 21
1102561 111 1 1 5 6 26
1532645 1 0 1 8 6 26
381693 42 1 1 7 6 18
107257 32 0 0 1 6 16
234233 79 1 0 1 6 18
238329 40 1 0 0 6 37
516860 17 0 1 1 6 33
66301 116 1 1 9 6 21
1475306 4 1 1 1 6 29
1512170 7 1 0 8 6 22
320251 61 0 1 3 6 20
1139472 20 1 1 1 6 28
33540 103 1 1 0 6 23
1393427 3 0 1 8 6 40
967433 7 0 1 7 5 24
430858 35 1 1 5 6 21
324360 381 0 1 7 6 23
1598229 6 1 1 1 6 25
348948 7 1 1 0 6 20
144144 7 0 0 2 6 15
160528 139 1 1 0 5 63
1262343 20 1 1 1 6 25
434962 30 1 1 1 6 22
348944 33 0 1 1 6 18
1475328 3 0 1 1 6 28
1393423 2 1 1 6 6 24
381720 23 1 1 1 6 18
1245965 4 1 1 2 6 24
1106703 10 0 1 6 6 25
152353 46 0 1 5 6 21
291616 55 1 0 1 6 15
1106742 7 1 1 4 6 26
541473 30 1 1 2 6 21
78635 35 0 1 2 6 18
62251 46 1 0 6 6 13
291624 78 1 0 4 6 17
13102 142 1 0 1 6 19
467752 18 1 0 4 6 15
1307427 4 1 1 3 6 19
336693 35 1 1 6 6 23
62257 36 0 1 9 6 18
652088 283 1 0 7 6 11
1495847 6 0 1 1 6 54
471860 20 0 0 6 6 15
312112 33 1 1 0 6 22
336688 31 1 1 4 6 21
213813 34 1 1 2 6 22
1532716 2 1 1 9 6 17
1393448 4 1 0 6 6 23
406329 25 1 1 2 6 25
1020751 9 0 1 3 6 31
1368916 10 0 1 8 6 25
1332054 5 0 1 6 6 30
348992 5 1 1 7 6 19
185156 66 1 1 2 6 23
729922 6 1 1 5 6 22
1246047 46 1 1 7 6 24
185164 78 1 0 2 6 22
156492 64 1 1 0 6 11
836446 4 0 1 2 6 38
381779 10 0 1 9 6 19
1381187 1 1 1 1 6 19
398161 66 1 1 6 6 20
705373 23 1 0 4 6 30
676691 10 1 0 6 6 15
312166 70 1 1 8 6 33
1266544 2 0 1 3 6 33
254823 17 1 1 5 6 18
607084 1 0 0 1 5 18
1106805 90 1 0 1 6 21
1028963 15 1 0 6 5 35
770918 27 0 1 1 6 33
336757 150 0 1 9 6 44
33650 103 1 0 0 6 20
1418087 5 1 1 1 6 26
471922 25 1 0 6 6 16
418675 98 1 1 2 6 20
1409888 17 1 1 3 6 55
516991 3 0 1 8 5 20
168827 108 1 0 6 6 14
1028980 11 1 1 6 6 33
41852 13 0 1 0 6 17
336760 58 0 1 1 6 20
246653 16 1 1 2 6 27
1246098 52 1 1 2 6 45
127877 16 1 0 2 5 19
254855 24 1 1 5 5 19
680846 32 1 1 1 6 29
467842 23 0 0 1 6 16
570254 8 1 1 6 6 32
91015 72 1 1 2 6 28
553870 14 1 1 9 6 20
17293 23 1 0 0 5 24
136076 87 1 0 3 6 14
590744 50 1 0 4 5 21
1209219 17 1 1 1 6 33
430996 13 1 1 6 5 25
1196929 8 0 1 1 6 36
430994 3 0 1 1 6 20
430993 6 1 1 3 6 26
463760 2 1 0 2 6 32
1610624 1 1 1 3 6 35
705427 46 1 0 4 6 19
1610625 4 1 1 2 6 48
889750 89 1 1 5 6 36
336793 113 0 1 1 6 26
238494 25 1 1 0 6 28
398235 23 0 1 4 6 26
238493 13 1 1 0 6 28
336794 104 1 1 6 6 24
291748 95 1 1 7 6 22
1409972 11 1 1 1 6 53
136096 51 1 0 1 5 15
1246135 15 1 1 7 6 25
877477 8 1 0 2 6 19
394158 11 0 1 0 6 24
1102783 37 1 1 1 6 21
271284 71 1 1 6 6 26
431030 25 1 1 1 6 19
431031 31 1 1 7 6 20
431028 14 1 1 6 6 21
431029 9 1 1 3 6 22
1131426 18 1 1 6 6 23
95157 30 0 0 0 6 23
381872 19 1 1 1 6 23
160692 293 1 0 4 6 19
5048 182 0 1 0 6 20
353212 36 1 0 1 6 19
254911 78 1 0 2 6 29
1016754 43 1 1 2 6 36
5054 270 1 1 5 6 20
431032 2 1 1 2 6 20
41918 186 0 1 1 6 25
914380 11 1 1 2 6 21
426949 44 0 1 7 6 25
295879 27 0 1 3 6 19
1520596 8 1 1 0 6 20
472003 11 0 1 4 5 28
877512 66 1 0 8 6 29
287693 6 0 0 0 6 16
1389535 3 0 1 1 6 36
955331 11 1 1 6 6 28
598983 15 1 0 1 6 21
185296 81 1 0 2 6 18
111573 24 0 0 0 6 17
418768 19 1 1 3 6 26
246744 65 1 1 8 6 23
1614787 2 1 0 7 6 31
504792 58 1 1 1 6 20
930769 27 1 0 0 6 19
431078 9 1 1 1 6 26
1004527 14 0 1 4 6 20
431079 5 0 1 7 6 25
246754 164 1 1 2 6 41
431076 31 0 1 9 6 21
431077 7 0 1 2 6 23
218087 46 1 1 8 6 23
431075 5 0 1 1 6 18
431086 6 0 1 0 6 22
426990 18 1 1 3 6 21
431087 7 0 1 7 5 21
1614833 2 1 1 7 5 45
431084 11 0 1 6 6 20
431085 36 1 1 4 6 19
1451005 9 1 1 1 6 30
431082 3 0 1 0 6 21
914401 18 1 0 1 6 22
431083 13 1 1 3 6 19
431080 12 1 1 2 6 18
181228 60 1 0 2 6 21
431081 4 0 1 4 6 19
291831 56 1 1 4 6 26
627706 29 0 1 6 6 18
1094628 6 0 1 1 6 37
1577965 3 1 1 4 6 22
197622 46 1 0 2 6 21
340978 23 1 1 3 6 22
611313 31 1 0 1 6 14
672755 64 1 1 4 6 21
1000437 13 1 0 2 6 21
185337 86 1 0 2 6 20
422909 94 1 1 1 6 23
1102830 20 1 1 4 6 24
21505 114 1 1 0 6 22
623627 8 0 0 2 6 17
140289 75 1 0 1 6 16
672780 200 1 1 1 6 28
33798 67 0 1 0 6 23
250884 47 1 1 0 6 30
775175 15 1 1 8 5 16
50189 68 1 0 2 6 20
164877 20 1 0 0 5 13
1381402 2 1 0 6 6 16
783384 18 1 0 1 6 17
758815 36 1 0 0 6 45
1131525 16 1 1 7 6 37
283666 66 1 0 5 6 16
431135 9 0 1 7 6 19
1614852 1 1 0 6 6 22
1127439 23 1 1 4 6 22
1258508 10 0 1 7 6 23
381988 14 1 1 2 6 20
1004589 15 1 1 8 6 27
152609 68 1 0 2 6 20
1381439 2 1 1 6 6 36
1381434 8 1 1 6 6 19
369706 48 1 0 2 6 23
1381411 5 1 1 6 6 28
164917 76 1 1 5 6 21
156730 27 0 1 7 6 33
594992 41 1 1 6 6 19
205887 122 1 1 8 6 18
554037 9 1 1 6 6 40
767051 12 1 0 8 6 17
95303 16 1 0 3 6 17
1016905 12 1 1 1 6 29
181323 29 1 1 0 6 15
410701 9 1 0 0 6 15
570436 23 1 1 7 6 28
246860 83 1 0 1 6 16
99409 436 1 1 7 6 32
582745 9 1 1 0 6 27
1381446 6 1 1 4 6 17
1110 52 1 0 0 6 25
91222 31 1 1 5 6 20
1111 39 0 1 0 6 24
492634 67 0 0 1 6 16
730198 39 0 1 4 6 34
33886 73 0 1 0 6 20
1573959 12 1 1 7 6 26
70759 84 1 1 2 6 18
312429 74 1 0 7 6 16
357487 15 0 1 8 6 19
574563 9 1 1 0 6 38
275561 118 1 1 6 6 26
955514 24 1 0 5 6 41
337008 89 1 1 1 6 25
324733 48 1 0 2 6 21
1021044 2 0 1 3 5 27
87165 93 1 0 8 6 18
1021043 6 0 1 1 6 45
1082479 9 1 1 1 6 28
386183 20 0 0 1 6 19
1258641 1 0 1 4 6 46
46210 305 1 0 1 6 24
758921 7 1 1 1 6 24
144518 13 1 1 1 6 33
844936 6 1 0 7 6 33
697484 20 0 1 8 6 17
394369 7 1 0 0 5 12
1078426 16 1 1 5 6 29
840839 16 1 1 4 6 27
1197209 6 0 1 1 6 48
447627 16 1 0 1 6 15
668807 40 1 1 0 6 15
111758 21 0 0 0 6 26
693401 51 1 1 6 6 24
1258631 11 1 1 6 5 26
1225860 18 1 1 6 6 27
496785 58 1 1 7 6 25
533663 12 1 1 0 6 19
29848 114 1 0 2 6 19
279710 100 1 0 4 6 22
1442999 15 1 1 8 6 27
431264 8 1 1 2 6 26
574639 48 1 1 7 6 36
296109 297 1 0 4 6 21
91307 208 1 0 2 6 20
287918 81 1 0 7 6 22
361646 50 1 1 2 6 26
296111 25 0 0 6 6 22
91308 79 0 0 2 6 17
570534 3 1 1 6 6 35
431284 30 1 1 8 6 19
1004732 14 1 1 6 6 20
1197217 13 1 1 1 6 34
181428 67 1 0 2 6 17
697532 13 0 1 1 6 36
1160358 9 1 1 2 6 34
591026 20 0 1 1 6 42
38079 21 1 0 4 6 19
373946 79 1 1 9 6 18
1230038 22 1 1 7 6 33
509122 245 1 1 4 6 18
1258715 2 1 1 6 5 26
87240 41 0 0 8 5 16
33994 56 1 1 1 6 19
1066202 37 1 1 1 6 18
1258718 1 0 1 0 6 38
1258717 2 0 1 7 6 27
857282 4 1 1 2 5 25
1258716 5 1 1 4 6 27
431318 1 1 1 1 6 20
373972 18 1 1 9 6 17
99541 51 1 1 2 6 19
1246406 38 1 1 1 6 29
1239 82 1 1 0 6 19
345298 56 0 0 6 6 23
431326 17 1 1 3 6 22
431327 12 0 1 7 6 18
21721 216 1 1 1 6 25
845013 33 1 1 2 6 22
431324 32 1 1 1 6 17
373977 76 1 1 9 6 18
431322 29 0 1 9 6 19
431323 48 0 1 6 6 29
468184 7 0 0 1 6 16
431321 9 0 1 0 6 23
673000 27 1 1 7 6 35
431328 35 1 1 1 6 20
480495 97 1 1 1 6 36
533729 46 0 1 1 6 24
230637 25 0 0 1 6 16
337141 23 1 1 7 6 31
386294 51 1 0 1 6 16
337142 32 1 1 1 6 22
394480 33 1 1 1 6 33
66806 53 1 1 8 6 18
1209579 14 1 1 1 6 27
1258729 5 0 1 0 6 22
337150 65 1 1 2 6 18
66810 73 1 1 4 6 28
165118 61 1 1 5 6 40
5373 91 1 1 0 6 18
1004786 30 1 1 6 6 29
337147 42 1 1 1 6 21
111874 26 1 1 6 6 19
1336599 2 0 1 1 6 33
1008906 6 0 1 4 6 29
210181 8 0 0 5 5 18
279823 109 1 0 8 6 11
140558 16 0 1 1 6 30
1205532 6 1 1 1 6 34
91406 94 1 1 3 6 20
615686 34 0 1 1 6 27
300309 89 1 0 6 6 17
836893 239 1 1 6 6 61
537881 41 1 0 7 6 22
787741 5 1 1 5 6 22
1107202 6 1 0 7 6 27
414997 60 1 0 1 6 16
230679 42 0 0 4 6 16
1300 76 1 1 0 6 19
120085 74 0 1 5 6 19
25878 494 1 1 1 6 27
406801 68 0 1 6 6 20
1066253 12 1 1 1 6 25
505126 48 1 1 8 6 20
1332533 2 0 1 1 6 22
357671 40 1 1 9 6 23
378150 74 1 1 2 6 23
324899 74 1 1 2 6 22
1197365 3 1 1 1 6 32
431406 33 1 1 0 6 22
447790 46 1 0 2 6 13
173355 108 1 0 2 5 19
1267002 5 1 1 2 6 26
685344 64 1 1 3 6 23
271662 32 1 0 5 6 24
337204 23 0 1 6 6 20
431415 4 0 1 0 6 21
275765 29 1 0 4 6 22
431413 74 1 1 7 6 26
300343 69 0 1 6 6 15
431410 36 1 1 1 6 21
431411 36 0 1 6 6 20
410931 50 1 1 1 6 22
1410349 2 0 1 7 6 46
58680 62 1 0 5 6 21
824628 22 1 1 3 6 28
431420 25 1 1 9 6 19
337214 11 0 1 1 6 19
566580 11 1 1 3 6 34
431419 9 0 1 1 6 24
283961 24 1 0 7 6 22
279867 156 1 0 1 6 14
431417 16 0 1 0 6 20
1185069 31 1 0 6 6 23
308549 173 1 1 0 6 22
628042 92 1 1 6 6 19
333121 45 0 1 8 6 19
808266 26 0 1 5 6 29
337218 23 1 1 7 6 20
771404 17 1 1 2 6 19
410957 38 0 0 8 6 19
79178 22 0 1 7 6 19
1168730 16 1 0 6 6 19
296265 24 1 1 5 6 18
914754 35 0 0 0 6 35
79185 32 0 0 0 6 16
677210 8 0 1 4 6 23
46416 25 0 0 4 6 48
357713 86 1 0 1 6 17
771421 4 1 1 2 6 35
771420 14 1 1 4 6 32
882010 26 1 1 8 6 24
431454 21 1 1 9 6 21
1197384 4 0 0 8 6 28
722261 50 1 0 1 6 17
292196 33 0 0 1 6 16
431462 22 1 1 7 6 22
431463 3 1 1 6 6 18
431460 16 0 1 2 6 23
91490 142 1 1 5 6 21
431459 31 1 1 2 6 18
1111414 21 1 1 8 6 17
431457 24 0 1 6 6 20
468332 36 0 0 1 6 15
431469 41 0 1 2 6 19
431466 34 0 1 0 6 24
370024 32 0 1 2 6 20
431467 17 1 1 9 5 20
767334 19 1 1 2 6 16
431464 1 0 1 7 6 20
431465 16 1 1 7 6 19
1590632 7 1 1 4 6 31
230768 12 0 0 4 6 19
324977 28 0 0 1 6 17
619902 16 0 1 9 6 15
62841 50 0 0 7 6 16
411001 62 1 1 2 5 21
1226130 60 1 1 7 6 32
214400 56 0 0 1 6 15
693641 55 1 0 8 6 17
808331 43 1 1 1 6 36
382344 23 1 1 6 6 20
275850 120 1 0 0 6 14
570758 36 0 1 1 6 28
1373595 2 0 1 1 6 33
431510 7 1 1 2 6 27
1107328 13 1 1 7 6 21
431508 74 1 1 8 6 21
927132 7 1 1 0 6 29
431509 36 1 1 6 6 16
431507 30 0 1 8 6 25
1590669 2 1 1 3 6 29
431504 12 1 1 5 6 34
1127815 4 1 1 0 6 27
431505 9 0 1 6 6 29
173466 146 1 0 9 6 18
1246602 27 1 1 7 6 27
431516 15 1 1 7 6 22
1566092 1 1 1 7 6 23
431514 3 0 1 7 6 21
431515 1 1 1 1 6 24
431512 18 1 1 5 6 18
1529224 6 0 1 1 6 52
75168 52 0 1 4 6 19
243106 56 1 1 0 6 21
923050 10 1 1 7 6 13
251303 47 1 1 1 6 27
923051 19 1 1 7 6 13
222629 123 1 1 7 6 17
419233 24 0 0 0 6 41
488878 4 1 1 4 5 22
157102 143 1 1 8 6 19
1115581 17 1 1 5 6 27
62893 85 0 0 8 6 18
50607 22 1 0 0 6 15
275892 23 0 0 4 6 15
91569 34 1 1 2 6 14
1457 35 1 0 0 6 15
1458 100 1 1 0 6 13
1111462 26 1 0 2 6 16
1590688 1 1 1 0 5 28
841142 6 1 1 2 6 13
1066411 10 1 1 1 6 61
665012 24 1 0 1 6 17
214467 35 0 1 1 6 22
1422805 25 1 1 1 6 41
42433 140 1 1 7 6 21
5574 19 0 1 0 6 23
898500 6 1 1 7 6 31
923074 34 0 1 1 6 39
955843 19 0 1 5 6 22
1295811 13 1 1 2 6 32
50641 58 1 0 8 6 15
1005022 6 1 1 6 6 27
689624 7 0 1 1 6 35
128468 27 1 0 2 6 12
337373 17 0 1 6 6 24
374238 21 0 0 1 6 17
1005008 6 1 1 8 6 21
1504 51 1 1 0 6 30
374244 12 0 1 8 6 33
1507 42 0 0 0 6 11
423392 27 1 0 1 6 15
927209 13 1 1 4 6 27
108009 44 0 1 4 6 21
116202 188 1 0 2 6 18
181740 34 1 0 7 6 22
701925 68 1 1 2 6 20
108016 64 1 1 0 6 23
169459 21 0 1 5 6 23
976379 21 1 1 8 6 27
1549794 2 1 1 0 6 24
132596 55 1 0 3 6 16
554481 20 1 0 2 6 23
816624 16 0 1 1 6 22
67073 55 1 0 7 6 10
58880 139 1 0 2 6 23
431621 30 1 1 4 6 20
448005 28 1 0 1 6 19
1185297 13 0 1 1 6 25
431618 22 1 1 1 6 22
431619 48 1 1 2 6 24
431617 12 1 1 9 6 21
222730 55 1 1 9 6 22
1238555 9 0 1 1 6 40
476685 95 1 0 8 6 15
407052 51 1 1 2 6 24
1590806 2 0 1 0 5 29
763397 23 0 1 1 6 25
1086976 14 1 0 7 6 34
120339 52 1 1 1 6 19
357911 16 0 1 1 6 21
1259013 11 1 1 1 6 32
398879 21 1 1 0 6 20
63003 458 1 0 8 6 20
337438 26 0 1 9 5 23
1304077 6 1 0 9 6 13
1590791 1 1 1 1 6 34
316965 27 1 0 1 6 25
423461 74 1 0 1 6 15
1259063 6 0 1 1 6 35
382496 28 0 1 1 6 20
640558 85 0 1 6 6 23
382504 68 1 1 8 6 19
1504825 3 1 1 6 6 30
1156641 8 1 1 4 6 22
431671 47 1 1 9 6 21
431669 13 1 1 9 6 25
841279 31 1 1 7 6 29
300592 19 0 0 7 6 20
1590830 1 1 1 8 6 22
595518 24 1 1 7 6 22
808500 24 1 1 8 6 22
431674 13 0 1 7 6 22
431673 31 1 1 7 6 23
1259052 34 1 1 1 6 33
312900 93 1 0 1 6 15
226882 26 1 0 1 6 16
448066 45 1 0 1 6 15
599628 73 1 0 6 6 35
83524 21 1 1 0 6 15
308803 30 0 0 7 6 15
927302 6 0 1 7 6 36
276046 19 1 0 1 6 16
75340 19 0 1 2 6 23
230988 69 1 0 1 6 21
337492 47 1 1 2 6 17
120403 37 1 1 4 6 21
120402 79 0 1 0 6 19
9811 74 1 1 0 6 24
95829 190 1 0 0 6 15
120409 80 1 1 1 6 19
738896 34 0 1 4 6 60
1037905 8 1 1 6 6 31
337498 59 1 1 4 6 21
1152590 13 1 1 0 6 25
300640 142 1 0 8 6 14
1189495 15 1 1 3 6 23
63078 62 0 1 0 6 21
607855 3 0 1 1 6 25
296547 28 1 0 1 6 16
693869 16 1 0 2 6 16
431726 13 0 1 7 6 17
775778 2 1 0 1 6 15
431727 8 0 1 8 6 31
431724 35 0 1 5 6 21
431725 7 1 1 3 6 28
13932 25 1 1 0 6 16
448106 11 1 1 0 6 9
214638 28 1 1 0 6 24
239213 108 0 1 6 6 24
382570 85 1 1 8 6 18
624249 55 1 0 7 6 36
431732 32 0 1 6 6 18
431730 39 1 1 6 6 20
431731 38 1 1 7 6 16
431728 20 1 1 0 6 19
431729 5 1 1 1 6 26
337535 41 1 1 1 6 23
202361 100 1 0 2 6 20
161405 143 0 0 8 6 18
370298 69 1 1 2 5 18
611976 74 1 0 3 6 24
1590938 2 1 1 2 6 39
1590939 2 1 1 7 6 26
1590941 1 1 1 4 5 27
382605 25 1 1 6 6 24
431759 15 1 1 2 6 22
575105 37 1 1 2 5 17
1185435 25 1 1 7 5 24
398988 54 0 1 6 6 20
382606 26 0 1 1 6 28
321161 18 0 1 6 6 22
124559 42 0 0 7 6 34
431766 14 1 1 9 6 18
431767 1 0 1 1 6 28
1590921 1 1 1 5 6 18
431764 7 1 1 2 6 25
706201 17 1 0 2 6 14
431765 41 0 1 6 6 21
431762 3 0 1 8 6 19
571036 21 0 1 1 6 31
431763 7 0 1 1 6 21
382611 11 0 1 4 6 22
431760 4 0 1 1 6 24
431761 11 0 1 6 6 21
1582720 5 1 1 3 6 35
1123977 3 0 1 4 5 31
38556 41 1 1 0 6 25
1066636 32 1 1 7 6 47
259742 41 0 1 5 6 21
231070 8 1 0 1 6 17
116385 22 1 1 4 6 22
525996 16 1 0 4 5 19
128676 38 0 0 2 6 16
145060 37 0 1 0 6 20
337571 53 1 1 4 6 19
702112 5 0 0 6 6 16
26287 55 1 1 0 6 18
46770 570 1 1 2 6 37
374460 80 1 1 6 6 18
239288 13 0 1 1 6 20
812727 17 1 0 1 6 33
591540 11 1 1 6 6 27
206525 28 1 0 2 6 18
71361 146 1 1 9 6 23
1267411 15 1 1 2 6 34
530121 31 1 1 6 6 34
50885 202 0 1 2 6 20
472769 67 1 0 6 6 16
1222356 28 1 1 4 6 35
276172 132 1 0 0 6 4
337613 24 1 1 6 6 22
399055 27 1 1 6 6 37
382671 24 1 1 7 6 23
1144538 5 0 1 3 6 35
1259230 4 1 1 3 6 19
292555 70 1 1 2 6 21
34517 6 1 1 0 6 33
304850 49 0 0 8 6 14
337619 16 1 1 8 6 27
587486 19 0 1 6 6 28
1296069 27 1 1 7 6 23
222932 99 1 1 3 6 20
218846 145 1 1 8 6 23
775915 22 1 0 1 6 13
431846 9 0 1 1 5 21
337636 22 1 1 3 6 19
431847 26 1 1 7 6 22
75495 319 1 1 9 6 19
1226484 36 1 1 2 6 36
898789 21 1 1 4 6 27
341740 36 0 1 8 6 19
1259257 4 0 1 3 5 25
431850 7 0 1 7 6 20
431848 21 0 1 2 6 18
431849 88 1 1 7 6 17
30449 12 1 1 0 6 11
341751 7 1 1 8 6 28
30450 23 1 1 0 6 14
325360 12 1 1 1 6 18
677630 60 1 1 6 6 16
71414 529 1 1 6 6 19
325363 36 1 1 0 6 20
927476 14 1 1 8 6 19
530163 38 1 0 2 6 19
1091310 5 1 1 1 6 31
419577 91 1 1 8 6 20
1292051 8 1 1 1 6 27
284423 33 1 0 2 6 27
726792 82 1 1 3 6 21
374531 22 0 1 3 6 25
325379 31 1 1 0 6 24
382728 25 1 1 2 6 46
304916 19 0 0 4 6 16
431894 18 0 1 9 6 19
775962 6 1 0 4 6 18
431895 3 1 1 9 6 19
1447687 5 1 1 4 6 21
775961 12 1 0 6 6 13
431892 6 0 1 7 6 25
1214208 19 1 1 7 6 26
431893 6 1 1 5 6 23
182043 60 1 0 3 6 14
427807 46 1 1 3 6 27
775959 8 1 0 6 6 13
374553 33 0 1 8 6 20
96028 102 1 0 2 6 18
431896 30 1 1 9 6 22
349978 36 0 0 4 6 17
431897 18 1 1 9 6 19
1246988 3 0 1 1 6 40
243497 82 1 0 1 6 16
1259320 9 1 1 1 6 32
808743 30 1 0 1 6 37
517928 25 1 1 6 6 20
50993 27 0 1 0 6 20
38705 75 1 1 2 6 20
83763 48 0 1 6 6 22
534333 46 0 1 6 6 19
714556 11 1 1 2 6 29
124726 178 0 0 1 6 23
775987 3 1 0 1 6 15
624433 37 1 1 6 6 21
341820 81 1 1 1 6 24
431935 1 1 1 0 6 23
1144616 9 0 1 1 6 29
132921 44 1 1 0 6 21
431933 10 1 1 9 6 25
775990 6 0 0 1 6 16
775989 12 1 0 1 6 14
382779 32 0 1 3 6 22
775988 2 1 0 1 6 19
776010 38 0 0 8 6 14
431943 3 1 1 1 6 27
431940 21 1 1 2 6 19
776008 2 1 1 1 6 17
431941 1 0 1 0 6 21
431938 19 1 1 1 6 21
649037 14 1 1 6 6 30
341824 30 0 1 8 6 26
431939 42 1 1 2 6 21
431937 7 1 1 1 6 19
431950 3 0 1 8 6 20
431951 4 1 1 4 6 32
431948 14 0 1 0 6 24
431949 1 1 1 6 6 22
431946 13 1 1 9 6 19
431947 51 1 1 2 6 18
1259357 11 0 1 1 6 26
337738 29 0 1 6 6 21
42833 66 1 0 2 6 22
894809 13 0 0 5 6 34
161626 15 0 1 2 6 22
59224 19 1 0 0 6 17
325469 67 1 0 4 6 18
1496911 3 0 1 1 6 43
431964 17 1 1 0 6 21
825175 15 1 1 6 6 27
235361 74 0 1 3 6 20
1202032 8 0 1 1 6 33
235360 57 0 1 0 6 29
165734 110 1 1 6 6 24
759663 47 0 0 7 6 34
776034 2 1 0 2 6 15
403311 46 1 1 9 6 22
440175 73 1 0 1 6 23
10090 89 1 1 2 6 24
1611635 1 1 1 1 6 21
30572 86 1 1 9 6 21
1365880 5 1 0 6 6 29
10093 162 1 1 2 6 18
337770 25 0 0 1 6 17
1247100 10 0 1 3 6 23
399223 168 1 1 5 6 19
427892 20 1 1 2 6 39
776063 17 1 0 1 6 15
776062 7 0 0 1 6 16
1496928 5 1 1 5 6 26
431998 30 1 1 8 6 18
431999 102 1 1 4 6 18
431997 7 0 1 6 6 22
10109 87 0 1 0 6 19
300922 24 0 0 4 6 22
432006 6 0 1 0 6 22
1255315 25 1 1 1 6 36
432007 8 0 1 8 6 18
432004 5 0 1 4 6 21
432005 19 1 1 3 6 20
432002 14 1 1 0 6 22
706446 74 1 1 2 6 26
34692 12 1 0 0 5 13
432003 5 1 1 1 6 22
34693 12 1 0 0 5 14
432000 7 1 1 1 6 21
432001 24 1 1 2 6 28
34695 6 1 1 0 6 14
432014 37 1 1 1 6 27
34696 8 1 0 0 6 31
337807 23 0 1 6 6 22
432012 23 1 1 1 6 19
292751 102 1 0 8 6 16
120714 68 1 0 0 6 13
432010 23 1 1 1 6 18
751495 45 1 1 6 6 34
735110 176 1 1 6 6 26
432008 8 1 1 7 6 19
776068 18 0 0 1 6 16
161683 283 1 0 1 6 13
1247111 6 0 1 7 6 40
472978 32 1 0 1 6 15
993178 58 1 1 4 6 33
432016 1 1 1 0 6 25
432017 25 0 1 1 6 20
776081 4 1 0 9 5 15
116634 124 1 0 2 6 20
1513352 8 0 1 7 6 35
255907 26 0 1 1 6 22
399270 41 1 1 4 6 25
255905 63 1 1 5 6 25
989091 20 1 1 2 6 22
382888 72 1 1 6 6 24
34733 17 1 1 5 6 16
34735 23 1 1 0 6 10
1148832 11 0 1 2 6 26
34737 33 1 0 0 6 11
1329061 3 0 1 7 6 25
456626 30 0 0 8 6 16
657342 14 0 1 0 6 25
1066917 31 1 1 2 6 30
227253 94 1 0 1 5 12
780221 36 0 1 4 6 33
22455 56 1 1 0 6 19
317363 77 1 0 4 6 23
1464238 3 0 1 4 6 23
432070 4 1 1 9 6 19
432071 1 1 1 9 6 18
432068 27 1 1 7 6 20
305094 46 1 0 3 6 17
432069 6 1 1 7 6 18
432066 7 1 1 0 6 21
841672 26 1 1 4 6 31
305091 20 1 1 9 6 21
432065 3 0 1 1 6 25
780225 47 1 1 1 6 29
317391 32 0 0 3 6 16
432077 5 1 1 2 6 18
1497053 4 1 1 1 5 32
1259487 17 1 1 1 6 27
432075 6 1 1 1 6 20
432072 1 1 1 3 6 23
432073 9 1 1 7 6 19
460759 31 0 0 8 6 15
731097 48 1 1 1 6 27
432085 12 1 1 2 6 23
882654 16 1 1 0 6 27
411603 85 1 1 8 6 18
75736 43 1 1 2 6 19
366559 40 1 1 9 6 21
71645 22 0 1 7 6 22
673751 6 1 1 6 6 20
337895 15 1 1 8 6 26
1095669 76 1 1 7 6 22
432096 6 0 0 6 5 15
1497082 2 1 1 1 6 37
1005539 23 1 1 6 6 24
776166 13 1 1 8 6 17
1497083 1 1 1 1 5 49
1144828 14 1 1 5 6 32
776164 3 0 0 1 5 17
432119 2 0 1 1 6 24
468980 3 1 0 1 5 19
370673 13 1 1 1 6 15
673790 35 1 1 6 6 26
260086 59 1 0 7 6 19
395249 23 1 0 9 6 15
1107943 23 1 1 1 6 37
432126 10 0 1 6 6 23
432127 2 0 1 1 6 25
432124 3 1 1 7 6 21
1488876 4 1 1 3 6 21
382974 90 1 1 1 6 23
432125 9 0 1 6 6 20
460795 31 1 0 8 5 19
432122 2 1 1 1 6 21
432123 2 1 1 1 6 18
444408 46 1 0 1 6 15
432120 4 1 1 2 6 21
325627 69 0 1 1 6 19
432121 8 1 1 9 6 20
776203 17 1 0 1 6 16
432134 3 0 1 4 6 18
432135 3 1 1 1 6 22
432132 4 0 1 1 6 18
22531 62 1 1 0 6 21
432133 2 1 1 9 6 20
432130 2 1 1 2 6 21
215047 40 1 0 2 6 18
194567 84 1 0 8 6 15
432128 3 1 1 2 6 21
776204 6 1 0 1 6 16
51207 66 1 1 0 6 22
432129 2 1 1 1 6 23
1591313 2 1 1 4 5 29
366601 7 1 1 0 6 24
788481 38 1 1 3 6 14
194573 72 1 0 2 6 19
153618 75 1 0 2 6 20
337948 74 0 1 4 6 20
1484812 2 1 1 7 6 23
1148977 5 1 1 2 6 27
161827 69 1 0 1 6 15
882732 5 0 1 1 6 30
469029 17 1 0 1 6 16
34850 75 1 1 4 6 20
682024 188 1 1 1 6 32
22565 64 0 1 2 6 24
763948 43 1 1 3 6 49
1464382 2 1 1 5 5 24
698402 143 1 1 6 6 23
645155 12 0 0 1 6 15
776230 2 0 1 4 6 25
1177662 37 1 0 2 6 30
534584 35 1 1 6 6 25
518197 29 0 1 0 6 21
1005626 12 0 1 8 6 22
530480 12 0 0 1 6 15
38968 59 0 1 2 6 19
432190 14 1 1 9 6 22
895029 48 1 1 1 6 23
432191 7 1 1 2 6 21
358460 14 0 1 1 6 38
88123 23 1 0 2 6 23
165945 39 0 1 9 6 20
792624 20 1 1 5 6 31
989235 28 1 0 2 5 38
10301 306 1 0 2 6 24
432198 25 1 1 1 6 20
927822 2 1 1 7 5 24
432199 23 1 1 0 6 22
432196 6 0 1 4 6 24
522309 60 1 1 1 6 27
432197 8 0 1 4 6 18
145478 98 1 1 7 6 18
432194 4 0 1 6 6 22
432195 2 0 1 2 6 18
432192 6 0 1 8 6 21
432193 5 1 1 6 6 20
505932 15 1 1 2 6 18
432202 3 1 1 1 6 21
432203 9 1 1 4 6 18
440395 5 1 0 1 6 18
432200 6 0 1 1 6 22
665668 34 0 1 1 6 32
215123 30 0 1 8 6 27
354390 3 0 0 4 6 18
383057 11 0 1 6 6 23
292944 244 1 0 4 6 18
243797 157 0 1 1 6 42
997463 2 1 1 0 5 16
497759 40 0 1 1 6 31
1243211 14 1 1 6 6 18
280666 18 0 1 1 6 30
841811 5 1 1 1 6 24
1013866 12 1 0 6 6 15
1149044 4 1 1 3 6 25
75881 46 1 1 0 6 17
841831 34 1 1 1 6 29
329833 89 1 0 8 6 20
342121 59 1 0 2 6 22
669799 37 0 1 1 6 32
604282 34 1 0 7 6 47
211063 55 0 0 7 6 18
383088 54 0 1 9 6 20
1247334 7 1 1 1 6 39
280691 152 1 0 0 6 19
1026167 121 1 1 8 6 23
1460335 7 0 1 3 6 33
219263 190 1 1 4 6 19
1005682 2 0 1 1 6 21
1484905 3 1 1 3 6 27
1063058 7 1 1 6 6 23
223366 16 1 0 6 6 16
39046 16 0 1 0 6 22
620673 27 1 1 1 6 20
456840 49 1 1 8 6 21
391306 56 0 0 4 6 14
809118 7 1 0 1 6 18
1259649 11 1 1 1 6 29
215184 67 1 1 1 6 19
88212 100 1 0 2 6 21
747666 15 1 0 4 6 19
1054860 12 1 1 4 6 31
530601 17 0 0 8 6 17
927919 13 1 1 1 6 24
22690 79 1 1 0 6 20
1050803 5 1 1 6 6 31
440480 18 0 1 6 6 26
927912 14 0 1 7 6 23
600239 10 1 0 0 6 39
620708 69 1 1 1 6 20
1362084 4 1 1 6 6 26
440502 40 1 1 1 6 25
477365 8 1 0 4 6 15
342195 59 1 1 2 6 20
2232 44 0 1 0 6 27
1239208 28 1 1 3 6 23
334014 64 1 1 4 6 34
1484971 2 1 0 2 6 16
686261 46 0 1 6 6 23
1280211 8 1 0 7 6 28
768200 12 1 1 6 6 33
55494 96 0 0 2 6 17
1460433 10 1 1 1 6 35
796875 20 1 1 5 6 13
432334 10 0 1 6 6 20
432335 2 0 1 8 6 19
1280218 1 0 1 6 6 26
1259738 7 1 1 1 6 21
100555 24 1 1 5 6 21
432332 5 1 1 6 6 22
432333 4 0 1 2 6 21
1456349 9 1 1 4 5 21
768199 28 1 1 2 6 21
768197 63 0 1 6 6 36
1005791 5 0 1 4 6 24
432343 16 1 1 1 6 22
1296577 13 1 1 3 6 45
432341 7 1 1 6 6 23
1120450 37 1 1 4 6 31
792799 19 0 1 1 6 29
432338 9 0 1 6 6 24
194775 2 1 1 9 5 29
514258 45 0 1 1 6 103
84183 30 0 1 8 6 19
432336 1 0 1 2 6 19
432337 2 1 1 2 6 19
989400 11 1 1 2 6 43
432350 4 1 1 9 6 21
67803 7 1 1 9 6 21
432348 7 1 1 1 6 22
444636 82 1 1 2 6 20
432346 48 1 1 6 6 22
465114 15 1 0 1 6 15
432347 5 0 1 2 6 18
432344 3 1 1 1 6 20
432345 5 1 1 3 6 20
444633 47 1 0 2 6 16
1308915 1 1 1 6 6 22
1210609 8 1 1 6 6 22
268512 6 0 1 4 6 26
395489 32 1 1 1 6 22
260334 24 0 0 1 6 17
129260 149 1 1 2 6 22
379114 48 1 0 6 5 17
1394938 4 1 1 1 6 29
1054975 7 1 1 1 5 50
1394917 11 1 1 7 6 27
469234 25 1 0 1 6 17
403710 52 0 1 3 6 19
432382 4 1 1 7 6 25
215291 89 1 0 2 6 21
1247467 5 0 1 1 6 36
555250 62 1 1 6 6 25
51452 219 1 0 6 6 25
1120495 14 1 1 8 6 23
1456360 3 0 1 7 6 21
432390 5 1 1 2 6 18
432391 4 1 1 1 6 32
600328 25 1 0 4 6 21
624904 16 1 0 2 6 26
432388 26 1 1 6 6 19
289024 150 1 1 1 6 18
432386 44 1 1 1 6 19
51460 131 1 0 2 6 23
432387 15 0 1 2 6 22
432384 9 1 1 1 6 29
432385 1 1 1 7 6 19
588047 42 1 0 1 6 20
157960 59 0 1 9 6 20
444682 17 0 0 1 6 17
432394 3 0 1 0 6 42
432392 19 1 1 9 6 22
432393 7 1 1 4 6 22
198929 100 1 0 2 6 19
14611 50 0 1 8 6 17
370966 6 0 1 3 6 19
456978 25 1 0 6 6 22
284945 32 0 0 8 6 16
383251 74 0 1 1 6 25
723229 22 1 1 6 6 27
1087751 19 1 1 7 6 24
22809 131 0 1 2 6 21
383256 21 1 1 9 6 20
526613 20 1 0 3 6 15
538902 64 1 1 6 6 21
747817 33 0 0 1 6 17
481572 3 0 1 4 6 30
67877 20 1 1 7 6 21
432430 9 1 1 9 6 20
432428 1 0 1 6 6 20
432429 19 1 1 7 6 24
432427 1 1 1 2 6 23
178476 112 1 0 4 6 14
432438 48 1 1 1 6 20
297268 11 1 0 1 6 17
432439 13 1 1 6 6 22
432436 8 1 1 0 6 19
432437 17 0 1 8 6 20
313648 23 1 0 2 6 16
432434 15 1 1 6 6 19
432435 1 1 1 4 6 20
432432 20 1 1 9 6 20
432433 32 0 1 6 6 20
776497 8 1 0 8 5 19
166200 40 1 1 6 6 23
432444 36 1 1 1 6 39
559410 23 1 0 2 6 28
543026 6 0 1 0 6 24
776496 3 0 0 4 6 17
469307 29 0 0 1 6 16
432442 16 1 1 6 6 21
432443 18 1 1 5 6 17
18750 56 0 0 0 6 16
432441 16 1 1 9 6 21
1034544 18 1 1 6 6 37
776521 23 0 0 1 6 16
473413 53 1 1 1 6 21
1309008 3 1 1 6 6 23
1055063 13 1 0 7 6 36
26953 34 1 0 4 6 16
235849 64 1 1 2 6 21
534851 41 1 1 6 6 16
371019 41 1 0 2 5 25
477527 38 1 0 1 6 17
481620 35 1 0 2 6 18
559451 12 0 1 8 6 31
883033 27 1 1 2 6 24
6485 120 1 0 2 6 25
416094 28 1 1 6 6 18
1026391 33 1 1 6 6 27
1120584 11 1 1 1 6 30
510299 64 1 1 8 6 19
883025 7 1 0 6 5 16
35165 9 1 1 1 6 17
1247566 24 1 1 1 6 33
1485128 8 1 1 2 6 17
432486 9 1 1 9 6 21
764267 28 1 1 6 6 18
432487 9 0 1 2 6 19
432484 11 1 1 7 6 20
432485 9 0 1 1 6 24
252261 22 0 1 1 6 24
92518 79 1 1 5 6 19
252266 88 1 0 1 6 18
432492 25 1 1 3 6 20
432493 4 1 1 1 6 35
1055099 7 1 1 1 6 22
432490 35 1 1 4 6 22
371048 29 1 1 1 6 19
432491 32 1 1 1 6 27
1087869 2 1 1 7 6 25
432488 7 1 1 9 6 19
432489 34 0 1 1 6 26
776575 30 0 0 6 6 13
256375 56 1 0 2 6 16
776572 4 0 0 1 6 18
158069 37 1 1 6 6 18
88441 21 1 1 0 6 20
227704 83 1 0 1 6 15
235903 57 1 0 2 6 20
551306 58 1 1 4 6 24
371078 61 1 1 1 6 20
371073 74 1 1 1 6 19
22917 175 1 0 7 6 15
543117 62 1 0 0 6 15
170373 344 1 1 6 6 26
776577 6 0 0 1 6 17
1010051 11 1 1 5 6 23
108941 64 1 0 2 6 19
661894 16 0 1 3 6 28
358792 13 1 0 1 6 15
756100 8 1 0 3 6 16
244115 65 1 0 1 6 14
723359 42 0 0 1 6 13
1575308 2 1 1 1 6 23
1296773 8 1 1 4 6 36
88472 95 1 1 6 6 18
330142 339 0 1 6 6 16
747925 15 1 0 8 6 22
776619 4 1 0 1 6 17
825773 2 0 1 1 6 27
80293 53 0 1 0 6 24
776620 6 1 0 1 5 15
932262 7 0 1 4 6 31
330156 78 1 0 6 6 20
657831 29 1 1 6 6 21
76212 228 1 1 6 6 25
1509794 4 1 1 1 6 42
1370531 6 0 1 1 6 27
571831 25 1 0 2 6 16
465349 40 0 0 1 6 16
776642 13 1 0 2 6 15
227784 4 0 0 7 6 17
178642 20 0 1 0 6 27
776659 2 1 0 1 6 17
653776 35 1 0 1 5 16
776658 2 1 0 1 6 16
547281 13 1 0 2 6 21
1526222 2 1 1 6 6 31
1165768 11 1 1 1 6 25
776657 1 1 0 2 6 15
326111 18 0 1 3 6 19
1092043 15 1 0 1 6 27
96733 60 1 1 7 6 22
776662 4 1 0 5 6 15
432603 66 1 1 0 6 30
776661 3 0 0 1 6 16
543190 77 0 1 6 6 18
776660 3 1 0 9 6 17
776683 5 1 0 7 6 15
776682 4 1 0 1 6 15
129509 58 1 1 7 6 20
92645 69 1 0 2 5 13
760301 6 1 0 9 6 17
63974 48 1 1 0 6 23
776684 5 1 0 1 6 16
735724 15 0 1 4 6 24
76264 14 0 1 6 6 20
1346047 8 1 1 6 6 34
387561 21 1 0 4 6 17
145903 88 1 0 2 6 15
920033 22 0 1 4 6 19
190957 83 1 0 2 6 21
543226 109 1 1 6 6 25
1051106 7 1 1 1 6 34
166385 30 0 1 4 6 30
1116644 13 1 1 2 6 28
653823 24 0 1 1 6 25
1559018 12 1 1 7 6 40
358907 55 1 1 8 6 20
1559062 4 1 1 0 6 46
776713 3 0 0 4 6 16
43522 163 1 0 2 6 20
2562 52 1 1 0 6 25
305670 43 1 1 2 6 25
731656 10 0 1 1 6 35
1100308 8 0 1 8 6 28
35333 18 1 1 1 6 17
84484 71 1 1 3 6 19
1309206 4 1 1 6 6 23
215557 24 0 1 4 6 23
117254 59 1 0 2 6 18
68105 22 0 1 2 6 18
1399326 9 0 1 1 6 32
1530395 3 1 1 1 6 33
457239 32 1 0 2 6 17
1010201 14 1 0 5 6 37
150042 117 1 1 8 6 26
150040 196 1 1 8 6 20
596499 64 1 1 5 6 41
776720 21 1 0 1 6 14
317977 73 1 0 1 6 22
698903 48 1 0 8 6 23
506392 58 1 0 8 6 20
432678 6 1 1 6 6 24
432679 12 1 1 9 6 23
432676 5 1 1 4 6 27
432677 7 1 1 3 6 29
432674 54 1 1 1 6 20
88612 145 1 0 8 6 17
432675 12 1 1 6 6 19
432687 5 1 1 9 6 19
444972 15 1 0 4 6 17
432684 6 1 1 7 6 26
432685 14 1 1 7 6 18
375342 112 1 1 8 6 20
289320 46 0 1 7 6 30
432682 11 1 1 3 6 21
1174077 22 1 1 1 6 55
1296959 5 1 1 2 6 28
432683 3 1 1 2 6 21
432680 5 0 1 8 6 23
383541 6 0 1 5 6 20
1296931 3 0 1 2 6 32
1296930 4 1 1 2 5 20
1296929 2 1 1 7 5 26
432693 3 1 1 4 6 22
113205 41 1 0 1 6 17
432690 18 1 1 1 6 20
1559075 1 1 1 7 6 27
432691 24 1 1 1 6 31
1296934 6 0 1 2 6 53
432688 60 1 1 0 6 21
1296933 7 0 1 2 6 48
432689 21 1 1 6 6 23
162360 18 1 1 1 6 29
55868 118 1 0 1 6 17
1358376 7 1 1 3 6 32
776779 1 1 0 1 5 18
776782 4 1 0 1 6 17
285250 46 0 1 3 6 20
514625 56 1 1 2 6 31
129617 146 1 1 1 6 21
686682 13 0 1 3 6 33
776794 12 1 0 2 6 17
326229 48 1 1 0 6 32
326224 12 1 1 0 6 19
1460801 1 1 1 3 6 41
227931 21 1 1 9 6 18
432734 8 1 1 7 6 18
277084 38 1 0 2 6 20
432735 3 1 1 9 6 22
432732 74 1 1 6 6 19
629330 27 0 0 1 6 19
776784 7 1 0 1 5 16
432733 14 1 1 4 6 20
432730 6 1 1 7 6 21
432731 39 0 1 6 6 19
629332 10 1 0 0 5 16
432728 11 1 1 2 6 21
432742 38 0 1 6 6 20
432740 1 0 1 2 5 20
465509 3 1 1 8 5 19
903790 36 0 1 6 6 24
465508 5 0 0 0 6 12
391777 22 0 1 8 6 18
432738 5 1 1 9 5 19
432739 55 0 1 3 6 29
465506 19 1 1 0 5 13
334435 32 0 1 9 6 21
465505 35 1 1 8 6 11
432737 7 1 1 6 6 26
858725 4 1 1 0 6 31
432748 4 1 1 7 5 23
191080 107 0 0 1 6 23
432747 7 1 1 1 6 18
1006178 5 0 1 4 6 26
227949 15 1 0 7 6 14
432744 4 1 1 0 6 19
432745 8 1 1 2 6 21
473718 58 1 0 1 6 16
1563235 6 1 1 7 6 47
445043 39 0 0 3 6 15
1423968 13 1 1 7 6 24
399997 344 1 1 4 6 20
1342059 3 1 1 6 6 22
199298 47 0 0 2 6 16
318086 29 0 1 2 6 19
555658 44 1 1 1 6 24
1211030 5 1 1 7 6 29
1251990 12 0 1 7 6 51
1354385 4 0 1 1 6 34
6790 65 1 1 7 6 19
84617 31 1 1 9 6 20
1256091 5 0 1 8 6 20
490123 106 1 0 6 6 22
1383066 3 0 1 3 6 26
1133185 16 1 1 1 6 19
764571 9 0 1 6 6 22
326289 5 1 1 1 6 24
166549 49 1 1 0 6 26
191125 171 0 1 1 6 33
703121 78 1 1 2 6 21
629398 18 0 1 0 6 24
277157 112 0 1 4 6 22
924335 12 1 1 1 6 43
457380 26 0 0 8 6 14
383654 8 0 1 1 6 36
1145524 6 1 1 1 6 32
338604 44 1 1 5 6 25
1247930 25 1 1 7 6 29
1256120 21 1 1 4 6 34
465579 1 1 1 0 6 11
1342139 4 1 1 1 6 31
920254 12 1 1 1 5 28
1551014 4 1 1 7 6 19
338609 35 1 1 3 6 20
338608 52 1 1 4 6 21
445104 21 1 0 1 6 18
1591982 5 1 1 7 6 35
539315 20 1 0 1 6 19
1014452 34 1 1 6 6 26
584373 34 1 0 4 6 19
989872 28 0 1 1 6 30
764618 16 1 1 0 6 27
1301201 5 1 1 9 6 29
31428 769 1 1 9 6 42
88773 76 1 1 8 6 21
1309399 5 1 1 4 6 20
1309402 1 1 1 6 5 23
1309401 3 1 0 6 6 8
375503 23 0 1 7 6 27
1309400 2 0 1 6 6 22
731847 38 1 1 1 6 29
35533 94 1 1 3 6 33
350920 65 1 1 1 6 25
629447 57 1 1 2 6 27
486103 30 0 0 5 6 27
1460932 6 1 1 7 6 35
604892 43 1 0 9 5 17
133847 22 1 1 6 5 18
182999 77 1 0 2 6 19
207574 26 0 1 1 6 38
162516 94 1 1 1 6 23
400081 86 1 1 8 6 23
88792 33 0 0 8 6 17
391903 18 1 0 0 6 16
477915 33 1 1 4 6 32
76515 80 1 1 2 6 23
453347 20 1 0 1 6 14
35560 25 1 0 5 6 18
1084153 28 1 0 7 6 39
1055482 18 1 1 1 6 26
441069 21 1 0 2 6 22
338670 12 1 1 4 6 28
170734 37 1 1 0 6 18
191213 21 1 0 2 6 13
1407738 9 1 1 3 6 40
1608425 8 1 1 7 6 30
256753 69 1 1 5 6 20
338673 33 1 1 4 6 25
51958 52 1 0 2 6 18
277234 62 1 0 1 6 14
97019 67 1 1 9 6 19
1280751 8 1 1 3 6 36
776948 4 0 0 1 5 16
977649 9 1 1 4 6 23
68352 34 0 1 0 6 20
1227540 10 1 1 1 6 37
428815 92 1 1 9 6 21
1506074 3 1 1 2 6 29
776966 34 1 0 1 6 18
629508 33 1 0 1 6 18
1506075 4 1 1 2 6 41
908032 48 1 1 2 6 21
1399556 2 1 1 3 6 39
1465092 4 1 1 6 6 24
776984 2 0 1 1 6 20
314135 98 1 0 2 6 18
379677 49 1 0 8 6 17
432925 37 1 0 6 6 42
490267 16 1 0 3 6 22
1424136 13 1 1 2 6 49
383770 57 1 0 4 6 27
326437 9 0 1 0 6 26
117536 63 1 0 2 6 22
482083 16 0 0 3 6 24
31526 24 0 0 1 6 17
457515 49 1 1 8 6 18
523050 90 0 1 1 6 45
359228 113 1 1 3 6 19
469821 6 1 0 1 6 17
109371 47 1 1 5 6 25
502597 55 1 1 4 6 27
43844 51 1 1 0 6 20
1313618 4 0 1 1 6 31
969545 32 1 0 6 6 32
432974 10 0 1 7 6 20
432975 3 0 1 2 6 20
326479 48 1 1 9 6 20
432973 8 1 1 1 6 25
1354585 4 1 1 1 6 42
187213 30 1 1 0 6 28
432982 5 1 1 6 6 20
564057 8 1 1 2 5 17
670555 11 0 1 1 6 32
138064 105 1 0 2 6 18
326480 64 1 1 0 6 19
183126 52 1 1 6 6 31
731999 19 1 0 2 6 32
432979 31 1 1 1 6 22
432977 28 1 1 6 6 23
756572 108 1 0 6 6 15
432988 139 1 1 6 6 19
326495 36 0 1 6 6 23
432989 22 1 1 2 6 19
432986 1 1 1 0 5 25
432987 50 1 1 6 5 22
432984 23 1 1 2 6 20
822125 67 1 1 4 6 34
432994 49 0 1 9 6 21
727918 16 0 0 4 5 22
35688 14 1 0 0 5 14
895844 40 0 1 6 6 23
1031014 7 1 0 2 6 16
858982 15 1 1 6 6 24
338793 9 0 1 1 6 27
35693 104 1 1 0 6 20
170867 56 1 0 2 6 24
11123 210 1 1 7 6 18
433022 8 0 1 4 6 18
433023 31 1 1 1 6 23
154492 79 0 1 3 6 24
433030 19 0 1 0 6 25
72578 103 0 1 6 6 21
433029 45 0 1 2 6 19
1612699 3 1 1 6 6 40
125826 29 1 0 2 6 19
433026 24 0 1 1 6 22
211847 28 0 0 7 6 11
248711 82 1 0 2 6 20
68484 26 0 1 9 6 22
191365 119 1 0 6 6 15
400270 164 1 0 2 6 19
433032 7 0 1 8 6 36
1629079 1 1 1 0 6 36
11153 40 0 1 0 6 19
326557 25 0 1 3 6 26
338844 22 1 1 1 6 26
465820 130 1 0 1 6 16
932783 17 1 1 6 6 19
826285 26 1 0 7 6 22
338852 32 0 1 4 6 14
211879 22 0 1 1 6 19
52133 70 0 0 1 6 16
564128 100 1 1 6 6 19
166824 59 1 1 3 6 18
338863 14 1 1 4 6 26
1022882 7 1 1 4 6 32
338858 8 1 1 7 6 26
191411 53 0 0 1 6 15
801725 44 1 1 8 6 30
338865 47 1 1 7 6 21
433075 68 1 1 9 6 20
109495 178 1 1 2 6 21
433072 31 0 1 7 6 19
433073 131 1 1 3 6 19
232372 180 1 1 2 6 23
1350563 3 1 1 2 6 36
727987 23 0 0 6 6 25
1059754 15 1 1 0 6 42
1022899 17 1 1 6 6 27
818126 4 1 1 4 6 28
211904 111 1 0 1 6 15
252864 94 0 1 4 6 33
121797 74 1 1 7 6 20
117701 63 1 1 2 6 23
60357 43 1 0 2 6 30
121801 186 1 1 2 6 19
129993 56 1 0 1 6 16
695234 26 0 1 4 6 27
662464 38 1 1 6 6 26
1539035 20 1 1 1 6 28
252878 65 1 0 2 6 21
281556 44 0 0 0 6 41
1055683 16 1 1 1 6 23
355292 101 1 0 1 6 16
785362 16 0 0 4 6 27
949204 43 1 1 6 6 20
1309641 8 1 0 5 6 36
261084 48 0 1 7 6 20
1358836 6 0 1 1 6 26
252899 80 1 0 2 6 22
224226 23 1 1 1 6 25
924655 39 1 0 6 6 29
1297394 24 1 1 7 6 40
748527 32 1 0 2 6 25
519138 52 0 1 6 6 18
769005 11 0 1 2 6 26
338924 52 1 1 2 6 20
650213 6 0 0 1 6 16
1330149 4 1 1 0 6 21
732153 8 1 0 1 5 16
949244 38 1 0 6 6 24
1006588 8 0 1 1 6 39
117756 53 1 0 1 6 13
220158 38 1 0 1 6 17
568309 25 1 1 5 6 23
211964 39 1 1 2 6 21
1592346 1 1 1 2 6 32
744457 31 1 0 2 6 21
285703 351 1 0 8 6 19
580620 14 1 1 7 6 37
433167 8 0 1 1 6 20
928775 7 1 1 6 6 22
433165 32 0 1 5 6 22
257036 91 1 0 4 6 18
211987 21 1 0 2 6 21
433173 11 1 1 1 6 18
1420290 2 1 0 8 6 21
1559552 1 1 1 6 5 24
433182 95 1 1 6 6 19
1006614 15 0 1 7 6 37
736274 5 0 0 4 6 25
326686 23 0 1 0 6 31
338975 31 0 1 3 6 22
273438 48 1 0 1 6 20
433176 57 0 1 8 6 18
289819 181 1 0 1 6 26
502822 25 1 0 1 6 26
39972 176 1 0 8 6 14
326689 9 0 1 0 6 23
277538 72 1 1 2 6 20
1526832 4 1 1 7 5 13
1592383 3 1 1 1 6 23
1555519 1 1 1 4 6 26
183338 21 1 1 3 6 26
326696 20 1 1 0 6 25
212014 68 1 1 2 6 23
72751 210 0 1 4 6 19
31791 134 0 1 6 6 18
302128 79 1 1 2 6 20
3128 104 1 0 2 6 16
433214 43 1 1 6 6 20
93240 96 1 1 2 6 19
433215 10 0 1 6 6 22
404541 20 1 1 9 6 19
453690 35 1 0 1 5 15
31807 223 1 1 9 6 21
60483 101 1 0 3 6 20
433217 5 0 1 7 6 25
502863 22 0 0 2 6 16
11339 29 0 0 0 6 24
273492 7 1 0 9 6 22
19540 33 0 1 4 6 23
359506 28 0 1 1 6 20
433247 8 0 1 8 6 21
326750 59 1 1 0 6 23
433244 27 0 1 2 6 17
433245 50 1 1 3 6 20
326744 54 1 1 8 6 20
433252 33 0 1 5 6 28
412773 33 1 1 7 6 17
433253 59 1 1 7 6 20
433250 80 1 1 8 6 19
1297527 6 0 1 2 6 29
433251 28 0 1 7 6 19
498786 26 1 0 2 6 16
1309813 36 1 1 7 6 54
433249 5 0 1 7 6 24
343145 63 1 0 1 6 15
1354852 7 1 1 3 6 37
658552 15 1 1 1 6 31
920698 1 1 0 2 5 19
760956 9 0 0 4 6 15
248948 70 1 1 3 6 20
359549 74 1 1 9 6 19
904309 35 1 1 4 6 26
35961 23 1 0 1 6 13
765040 16 1 1 1 6 35
343161 40 1 1 7 6 18
1612903 5 1 1 3 6 23
433286 25 1 1 1 6 20
1199250 22 1 1 6 6 35
433287 3 0 1 4 6 26
1059985 43 1 0 6 6 28
134272 57 0 0 1 6 34
433285 60 1 1 6 6 20
64644 45 0 1 0 6 19
228487 56 1 1 1 6 20
433282 36 1 1 6 6 18
433283 33 1 1 9 6 20
433281 44 0 1 6 6 25
838795 37 0 1 1 6 41
416911 41 1 1 7 6 19
1055898 9 1 1 1 6 27
1330335 6 1 1 4 6 37
474251 93 1 0 2 6 19
433288 13 1 1 1 6 25
375946 74 0 1 6 6 35
760964 23 1 0 4 5 25
1436805 23 1 0 7 6 35
1248386 6 1 1 7 5 23
1436804 8 1 0 7 6 39
1600651 8 1 1 6 6 32
208025 62 1 1 2 6 19
867478 7 1 0 7 6 10
470171 68 1 0 2 6 18
212126 70 1 1 2 6 19
1592504 6 1 1 1 6 21
1531062 2 1 1 2 6 40
212129 47 1 1 2 6 23
330913 6 1 0 1 5 15
1469618 9 1 1 0 6 26
273580 47 1 0 1 6 19
605368 49 1 1 2 6 22
433333 29 0 1 8 6 20
433331 3 0 1 5 6 20
1170596 27 1 1 8 6 22
11446 129 0 0 3 6 15
732349 23 1 0 5 6 24
609460 27 1 0 1 6 13
408763 33 0 1 1 6 18
769205 38 1 0 6 6 29
797900 24 1 1 6 6 45
920782 2 1 0 1 6 17
724171 37 0 1 4 6 32
1195216 7 0 1 1 6 31
670921 61 1 1 7 6 23
335040 97 1 0 2 6 18
191685 21 1 1 6 6 20
269516 79 1 0 1 6 16
1215706 7 0 1 1 6 39
515279 9 0 1 1 6 29
163016 50 1 1 2 6 18
195785 79 1 0 2 6 16
1199321 11 1 0 2 6 19
89290 139 1 0 8 6 11
1174720 8 1 0 2 6 14
920797 1 0 0 1 5 17
920795 1 1 1 1 5 16
470224 119 1 0 1 6 16
920791 19 0 1 4 5 35
666833 102 1 0 1 6 16
191705 18 0 1 1 6 20
920787 5 1 0 1 5 27
1035473 15 1 1 6 6 23
920784 1 1 0 2 6 18
920785 7 0 0 1 6 16
228578 30 0 0 8 6 15
294117 78 0 0 1 6 15
371943 60 1 0 0 6 26
1555701 2 1 1 1 6 27
97506 151 1 1 9 6 21
1379569 1 0 1 0 6 29
1248506 36 1 1 1 6 45
609507 13 0 1 1 6 34
920800 2 1 0 4 5 18
367850 51 1 1 3 6 19
433398 21 0 1 3 6 27
433396 46 0 1 6 6 19
433395 37 0 1 9 6 27
945400 10 1 1 7 6 41
27897 8 0 1 0 6 20
1625314 2 1 1 4 6 43
1572076 3 1 1 1 6 25
1113325 4 1 1 6 6 41
1023218 5 0 1 2 6 21
150784 89 1 0 2 6 19
1531154 4 0 1 6 6 27
384258 40 1 1 9 6 20
822532 17 1 1 6 6 19
1023236 70 1 1 8 6 19
253192 13 0 1 2 6 19
1428762 2 0 1 2 6 26
89365 98 1 0 2 6 16
920858 2 1 0 2 5 23
920859 5 1 0 1 6 18
953624 50 1 0 0 6 25
36119 49 1 1 0 6 19
1277188 5 1 1 7 6 23
896282 16 1 1 8 6 19
433438 34 1 1 7 6 21
1199370 2 0 1 5 6 35
433436 14 0 1 1 6 27
1494284 3 0 1 5 5 58
433437 47 1 1 1 6 28
433434 38 0 1 1 6 20
433435 118 1 1 3 6 23
1338633 19 1 1 6 6 31
433433 23 1 1 6 6 20
433446 19 1 1 1 6 24
429351 109 1 1 1 6 21
433447 55 0 1 8 6 18
1256754 5 1 1 1 6 35
1223984 9 1 1 4 6 27
433445 42 0 1 3 6 24
699694 12 1 1 7 6 28
920868 1 1 0 4 6 22
634147 32 0 1 1 6 31
171305 31 1 0 1 6 14
920866 2 1 0 1 6 16
920867 14 1 0 1 6 19
306475 11 1 1 0 6 28
384298 50 1 1 2 6 30
920865 2 1 0 5 6 10
798015 8 1 1 6 6 23
23861 36 1 1 0 6 14
1326370 15 1 1 7 6 26
1277225 25 1 0 7 6 33
232767 97 1 1 7 6 21
1256750 41 1 1 1 6 31
126276 41 1 1 1 6 30
351555 58 1 0 1 6 15
843083 12 1 1 1 6 28
384332 102 0 0 8 6 17
494925 196 0 1 1 6 24
843074 30 0 1 5 6 29
433494 13 0 1 6 6 21
245074 91 1 0 2 6 20
1408327 3 1 1 7 6 24
433493 89 1 1 6 6 18
200023 49 1 0 2 6 22
433491 40 0 1 7 6 19
1453377 5 0 1 5 6 29
339292 103 0 1 8 6 19
331103 5 0 1 1 5 18
433500 12 1 1 8 6 27
507229 22 1 1 2 6 21
1170762 6 1 1 3 6 22
433496 61 1 1 9 6 20
433497 21 1 1 1 6 25
920942 8 1 0 1 6 17
920943 1 1 0 6 6 20
920941 2 1 0 1 6 22
437602 16 1 0 8 6 14
347488 70 1 1 9 6 18
183658 56 1 0 2 6 18
879972 33 1 1 1 6 23
339310 33 1 1 1 6 30
1060194 3 1 1 1 6 34
433534 53 1 1 5 6 19
130427 58 0 0 1 6 17
155001 34 1 0 1 6 15
920946 2 1 0 1 6 20
400762 57 1 0 2 6 26
920947 18 1 0 1 6 24
920944 11 1 0 1 6 22
920945 3 0 0 1 6 16
834956 9 1 1 0 6 23
433536 38 1 1 9 6 22
265612 97 0 0 1 6 29
744833 36 1 0 2 6 19
920965 3 0 0 1 6 17
531843 49 1 1 0 6 35
138636 76 1 1 1 6 21
318859 47 1 1 0 6 30
3472 18 0 0 0 6 17
1330565 23 1 1 2 6 50
851357 45 0 1 3 6 25
1465730 1 1 0 7 6 33
396701 30 1 0 0 5 18
339353 118 1 0 8 6 15
339365 11 1 1 8 6 24
286117 21 0 1 5 6 19
331172 208 1 1 9 6 19
339364 22 0 1 2 6 24
212385 82 1 1 2 6 24
40355 28 1 1 6 6 21
331169 322 1 1 9 6 19
724399 21 1 0 6 6 36
28069 248 1 0 1 6 15
93608 65 1 1 2 6 21
675233 10 1 0 1 6 16
769447 8 1 0 1 6 18
331178 319 1 1 9 6 19
433577 52 1 1 9 6 20
1043902 16 1 0 1 5 37
937404 19 1 1 8 6 46
228791 66 0 0 7 6 13
36279 42 0 0 1 6 16
200116 108 1 0 2 6 18
1064361 4 0 1 1 6 25
122299 177 1 1 8 6 26
146873 107 1 1 6 6 20
1547692 7 1 1 7 6 22
724404 98 1 1 1 6 35
85443 66 1 0 1 6 24
413125 17 0 1 1 6 20
69058 34 0 1 2 6 21
1064408 23 1 1 1 6 27
433615 71 0 1 8 6 19
433612 8 1 1 2 6 23
474571 62 1 0 2 6 17
433611 43 0 1 7 6 18
77262 335 1 1 1 6 17
60879 73 0 1 6 6 43
581080 8 0 1 4 6 27
564696 19 1 1 1 6 28
323030 51 0 0 7 6 15
339414 34 1 1 5 6 20
171478 20 0 1 3 6 26
433616 66 1 1 6 6 18
3542 202 1 0 0 6 19
339410 19 1 1 2 6 25
921049 14 0 1 6 5 23
1330627 7 1 1 7 6 20
392665 73 0 1 1 6 22
929235 63 1 1 1 6 39
695790 34 1 1 2 6 28
1019370 15 0 1 1 6 33
48615 49 0 0 1 6 42
351724 42 0 1 1 6 21
490988 47 1 1 6 6 18
1228281 25 0 1 1 6 32
134638 49 1 0 1 6 16
454123 39 1 1 0 6 22
454121 21 0 1 1 6 24
1330661 9 1 1 9 6 18
212465 95 1 1 4 6 20
40434 48 1 1 1 6 22
433650 15 1 1 2 6 19
433651 14 1 1 9 6 20
572925 18 0 1 1 6 31
400895 43 1 1 2 6 20
224761 42 1 0 2 6 20
351742 54 0 0 1 6 15
40444 34 1 1 6 6 21
368121 147 1 1 8 6 19
167420 12 1 1 6 6 21
122369 140 1 1 0 6 22
433671 58 1 1 3 6 20
40451 95 1 1 9 6 18
36359 14 1 1 0 6 27
884229 35 1 0 0 6 20
433676 27 0 1 3 6 18
433674 8 0 1 5 6 28
433675 3 0 1 1 6 25
433672 52 1 1 7 6 21
962048 18 1 0 7 6 27
433673 16 0 1 9 6 21
396822 14 0 0 4 6 18
323094 13 0 1 0 6 20
278039 70 1 0 2 6 21
212496 106 1 0 2 6 20
335379 21 1 1 8 6 19
122390 39 0 1 1 6 23
1252873 41 1 1 4 6 33
286239 46 1 1 0 6 24
118301 40 1 1 3 6 26
228897 76 1 0 3 6 18
212512 85 1 1 5 6 21
433710 17 0 1 9 6 22
1588785 3 0 0 5 6 36
433708 19 1 1 5 6 20
273967 55 0 0 8 6 16
433709 45 1 1 6 6 24
347689 32 1 1 2 6 18
433706 14 1 1 3 6 28
433707 13 1 1 1 6 26
163372 46 0 1 4 6 22
433705 27 1 1 1 6 26
343601 40 1 0 1 6 19
380464 6 1 1 8 6 20
474673 19 1 0 8 6 18
302652 61 1 1 1 6 20
20027 22 1 1 0 6 21
183865 105 1 0 2 6 21
970293 3 0 1 4 6 24
48701 47 0 1 1 6 20
609864 9 1 1 7 6 28
151105 44 1 0 2 6 24
1064531 18 1 1 4 6 32
1330768 15 1 1 9 6 22
142923 40 0 0 1 6 15
1588817 1 0 0 3 6 29
314952 31 1 0 0 6 21
347722 33 1 1 3 6 28
155213 21 1 1 1 6 34
704069 72 1 1 1 6 37
335440 48 1 1 3 6 16
618065 27 1 0 0 6 15
368222 7 1 0 2 5 21
454234 47 0 1 3 6 42
7773 40 0 0 1 6 24
1519176 7 1 1 7 6 29
691819 21 1 1 6 6 33
1244787 23 1 1 2 6 38
1330802 4 1 1 6 6 23
61034 495 1 0 0 5 23
1195647 43 1 1 1 6 27
77420 44 1 1 2 6 23
933473 11 1 0 2 6 19
1384058 8 1 1 8 6 27
941695 6 1 1 7 6 24
745082 15 1 1 1 6 26
216690 30 0 1 1 6 27
843390 30 1 1 5 6 25
97909 86 1 0 2 6 22
310898 145 1 0 2 6 17
265842 131 1 1 5 6 18
130681 216 1 0 4 6 19
1359468 6 0 1 1 6 39
593523 35 1 1 1 6 31
7803 37 0 0 8 6 16
802417 74 1 0 7 6 25
470661 54 1 0 4 6 20
126595 53 1 1 7 6 34
466564 41 0 0 2 6 14
401026 7 1 1 6 6 29
1195670 7 1 1 1 6 22
3717 28 1 0 0 6 11
134789 14 0 1 1 6 18
323210 75 0 0 6 6 15
757403 7 1 1 1 5 49
1285762 31 1 1 5 6 29
310935 46 1 1 2 6 27
925341 11 1 0 5 6 26
1064581 4 1 1 1 6 30
306834 30 1 1 1 6 33
433822 41 1 1 0 6 21
212634 35 1 1 2 5 23
589459 12 0 1 1 6 28
212638 64 1 1 2 6 26
200350 118 1 0 2 6 20
937647 8 1 1 1 6 22
1416887 11 1 1 1 6 19
159392 20 0 1 0 6 28
917156 6 1 0 1 6 23
695971 32 0 1 9 6 29
298671 79 1 0 1 6 17
65195 57 0 1 4 6 16
163500 54 0 1 4 6 24
1261244 8 1 0 7 6 24
212652 28 1 1 0 6 21
52913 46 1 0 7 6 38
1244835 9 1 1 3 6 34
339639 122 1 1 6 6 21
1371808 5 1 1 6 6 26
1023673 22 1 1 6 6 39
1244837 16 1 1 3 6 32
339641 51 1 1 1 6 23
3775 17 1 1 0 6 27
691914 33 1 1 6 6 30
847560 7 0 1 1 6 27
36551 90 1 1 1 6 18
687821 42 1 1 2 6 18
618190 54 1 1 6 6 25
1162966 6 1 1 8 6 29
356045 51 1 0 1 6 22
7883 81 0 0 0 6 37
917212 30 1 1 6 6 23
1027803 34 1 0 6 6 18
1027802 39 1 1 0 6 51
3797 39 0 0 0 6 23
110294 131 1 1 5 6 19
1023702 23 1 1 6 6 25
388825 13 0 0 2 6 18
155356 177 1 1 8 6 41
1027793 39 1 1 6 6 22
155367 92 1 1 8 6 24
511726 76 1 1 8 6 22
3818 178 1 1 0 6 20
384751 121 1 0 2 6 21
159470 224 1 1 1 6 20
581369 35 1 1 9 6 27
233201 57 1 1 2 6 18
765694 15 0 0 1 5 17
36598 21 1 0 0 6 24
335602 143 0 1 6 6 20
765680 7 1 1 2 6 18
335608 71 1 1 1 6 21
1314580 4 1 1 1 6 20
1261328 1 1 0 1 5 22
847626 9 1 1 2 6 25
89864 107 1 0 2 6 21
1543965 7 1 1 2 6 24
397069 71 1 0 1 6 15
401162 18 1 0 0 5 14
757508 26 1 0 6 6 40
421655 50 1 1 7 6 48
417557 41 0 0 5 6 15
69396 132 1 1 0 6 19
683805 4 1 1 4 6 25
515870 69 1 1 8 6 22
1261322 2 1 1 4 6 19
1011473 14 1 1 5 6 43
446246 131 1 1 4 6 19
577323 34 1 1 6 6 18
212777 77 1 1 2 6 21
130861 134 1 1 9 6 17
1400633 21 1 1 2 6 27
376630 38 1 1 9 6 21
327473 508 1 0 4 6 25
200502 10 0 1 1 6 25
1478446 10 1 1 1 6 32
53050 46 1 0 5 6 15
384826 67 1 1 6 6 18
1216301 12 1 1 1 6 36
282437 64 0 1 1 6 26
1261393 3 1 0 4 6 23
175937 118 0 0 1 6 15
1261392 2 1 0 8 6 25
1208151 19 1 1 6 6 19
20294 121 1 0 0 6 19
847690 11 1 1 6 6 39
184142 26 1 1 7 6 18
724807 17 1 1 6 6 20
1261406 1 1 0 1 5 21
1216351 8 1 1 6 6 29
847710 18 1 1 1 6 32
520021 57 1 1 6 6 21
311120 21 1 0 9 6 16
1244998 7 0 1 4 6 31
212825 41 0 1 8 6 15
458588 63 1 1 2 6 19
32604 30 0 1 9 6 21
810833 12 0 1 8 6 21
1384266 4 1 1 0 5 33
929646 18 0 0 1 6 33
147296 96 1 0 1 6 16
20324 177 1 1 0 6 25
286572 114 1 1 2 6 18
1015655 10 1 1 8 6 24
1527679 1 1 1 4 6 21
28521 115 1 1 0 6 20
474988 44 1 0 2 6 18
675686 51 1 1 6 6 24
36718 97 1 0 7 6 17
253811 77 1 1 6 6 27
1257314 17 1 1 4 6 25
61298 182 0 0 1 6 15
1261409 9 0 0 1 6 26
1412961 5 1 1 1 6 37
388976 29 0 0 1 6 18
184187 27 1 0 2 6 13
1556333 3 1 1 1 6 58
499578 56 1 1 0 6 16
12166 96 1 0 2 6 24
774029 20 1 1 0 6 21
458638 58 1 0 1 6 16
769920 15 1 0 4 6 16
167817 71 1 1 6 6 21
671642 81 1 1 4 5 31
618395 50 1 1 8 6 28
262039 59 1 1 1 6 21
73623 144 1 1 5 5 19
692125 29 1 1 6 6 27
212889 101 1 0 2 6 20
163742 28 1 0 2 6 21
180125 40 1 1 1 6 21
774059 29 1 1 4 6 23
470950 105 1 0 6 6 17
1056689 43 1 1 5 6 37
667554 32 1 1 0 6 48
8110 47 0 1 0 6 19
1339322 6 0 1 1 6 31
229292 27 1 1 0 6 20
77742 14 1 1 0 5 13
397238 55 1 1 0 6 19
774076 40 1 1 0 6 39
1236905 8 1 1 3 6 29
4027 68 0 1 0 6 28
1056685 24 1 1 3 6 27
638920 18 1 1 1 6 36
933837 4 1 1 1 6 32
1085399 11 1 1 1 6 30
524235 66 0 1 6 6 30
339912 30 0 1 1 6 28
1359833 2 1 1 1 6 31
491464 10 1 0 5 6 23
208853 13 1 1 4 6 26
245716 74 0 1 3 6 26
520159 45 1 1 0 6 30
131032 39 0 0 1 6 17
339932 43 1 1 4 6 28
503771 84 1 0 3 6 17
503769 51 0 1 1 6 36
16351 88 0 1 0 6 18
397273 37 0 1 7 6 19
233445 45 1 1 1 6 19
921574 15 0 1 2 6 28
155624 25 0 1 0 6 19
1196030 14 1 1 7 6 26
53229 102 0 0 2 6 16
172023 27 1 1 7 6 21
1220583 5 1 1 7 6 31
311292 25 0 0 1 6 15
958455 70 1 1 5 6 43
679923 13 0 1 1 6 39
196601 85 1 1 1 6 41
1163245 12 1 1 0 6 26
31428 434549
342121 490267
77262 776572
342121 590744
1436805 1614787
22809 559410
22809 807380
927476 1257314
1547692 1591313
712801 118301
479745 516860
31428 96733
31428 431762
1066636 1410349
774076 1245449
1051106 843074
77262 530480
31428 433491
1066636 1559018
479745 658552
31428 338975
479745 808266
77262 3128
31428 431264
22809 60357
1384058 340210
31428 91569
120409 124726
1487111 808331
808331 1197209
927476 357487
77262 676691
345298 1342059
399055 1309206
1246098 341751
22809 198929
31428 433217
31428 432386
77262 144144
77262 609460
724171 1087869
31428 75340
22809 914401
120409 151922
31428 255907
31428 382605
342121 727918
31428 348992
34737 32954
34737 3717
31428 431724
77262 36718
31428 154492
31428 36119
22809 50189
808331 85443
31428 43844
120409 55868
345298 214638
31428 88773
724171 1608425
342121 807104
31428 432119
1087751 834956
77262 168827
31428 432194
22809 444633
808331 838795
77262 776204
31428 373977
31428 433283
77262 776497
516475 594992
77262 292196
31428 305091
1087751 523050
77262 774763
1530395 938306
345298 691819
77262 776660
31428 432200
31428 431847
432337 1066636
479745 689624
516475 1106703
1055683 1123977
808331 1497082
34737 89290
516475 543226
1066636 1400633
22565 190957
712801 661894
31428 337807
712801 1399556
1069128 215123
1401291 1610625
31428 233201
31428 433073
77262 693641
266520 325363
712801 1296577
479745 1209219
77262 55494
31428 337571
479745 1043902
77262 448066
342121 88123
1384058 1148977
338865 366601
938306 126595
1066636 1336016
479745 844936
22809 328175
516475 628042
77262 776720
31428 166549
31428 433244
1144616 1248386
31428 40995
77262 419577
31428 381693
31428 431671
1255315 1244998
77262 111573
77262 191365
31428 431318
345298 858982
1354585 782347
31428 40434
31428 433030
479745 615686
31428 91490
1066636 945400
927476 432491
31428 433615
22809 746
31428 28971
31428 433072
77262 228578
31428 431939
537309 1131426
342121 747925
31428 22690
31428 432974
31428 88441
31428 320251
1255315 1082479
31428 106783
36598 271662
77262 565488
120409 920943
31428 433447
77262 463212
77262 358792
31428 31791
31428 62257
342121 600328
22809 163016
31428 432000
342121 1031014
120409 920868
266520 337492
31428 367850
724171 1460932
454234 606274
77262 5054
77262 349978
31428 431763
1384058 1526222
77262 260086
516475 534333
31428 432122
31428 225984
34737 34517
31428 382779
1069128 339932
31428 233445
338865 657342
266520 1256750
479745 487948
479745 491663
1246098 835859
77262 559451
472003 675860
31428 432432
31428 383057
338865 904309
31428 373140
22565 252899
120409 920795
1005682 155356
537309 42433
342121 172758
31428 432435
920782 619902
774076 927132
516475 847560
31428 431463
36598 1111
22565 344631
454234 1409888
31428 227931
31428 413125
266520 325379
31428 433250
77262 468332
479745 1139472
31428 432441
31428 432977
1087751 1563235
31428 159470
516475 757508
22809 454933
1246098 1590791
1055683 1174077
120409 539315
77262 444972
77262 471922
31428 432679
516475 624433
454234 898789
338865 312166
1436805 1526832
77262 476685
1152590 600239
479745 763948
22565 208994
342121 1111414
345298 1225860
22809 257036
77262 460759
31428 331178
399055 1020140
77262 300640
22565 252878
1509794 1309641
77262 561567
1436805 1131525
31428 312112
382728 1296933
31428 338608
120409 783384
1296931 1401291
516475 577323
479745 311322
31428 217134
120409 809118
1233063 955514
120409 291616
31428 132921
382728 25878
77262 252266
77262 357713
31428 337619
1246098 1064531
120409 920858
31428 84183
808331 1394938
774076 1380841
31428 432332
31428 266443
31428 432193
22809 396701
479745 825773
516475 225820
31428 228487
31428 432008
31428 35693
77262 62893
120409 292751
77262 276172
516475 1111462
1436805 375503
1069128 614899
479745 1006588
77262 446992
31428 384826
515279 40444
31428 433434
31428 311967
31428 277538
31428 433673
537309 1185069
22565 212014
454234 620673
77262 775989
31428 122299
841142 796875
31428 431326
34737 394369
516475 329833
516475 505126
516475 519138
22809 38705
31428 408763
619902 241952
31428 431767
77262 467752
31428 432603
77262 87165
266520 1209579
77262 173466
516475 756572
77262 432096
345298 160020
537309 253811
22565 200350
767334 338852
31428 208025
724171 729922
31428 27897
120409 297268
1087751 1326370
31428 431075
34737 35688
31428 431508
516475 677630
77262 168577
31428 431324
1246098 1379569
479745 697532
31428 434722
724171 67877
1458458 266520
77262 227704
22809 125826
22809 6485
1330661 724404
22809 58880
120409 343601
31428 432439
432335 927476
31428 431950
1625314 1547692
31428 164917
808331 358460
454234 1282546
767334 771404
774076 394158
338865 841831
479745 1167500
1246098 771420
77262 182043
1246098 927209
31428 326479
774076 1066202
619902 391903
724171 1394917
342121 884229
31428 359506
266520 338924
77262 469821
31428 432748
77262 226882
77262 445104
77262 210181
345298 21721
31428 432126
776659 22809
120409 107257
31428 433445
342121 235903
1055683 530163
77262 13102
1066636 1010051
774076 33798
31428 93240
1556590 1258508
31428 434496
338865 569968
1087751 1266145
77262 747817
31428 16424
266520 96733
1266263 1227540
36598 11339
1144616 1314580
31428 410101
479745 1205532
120409 472978
77262 323904
479745 209345
479745 1024285
31428 6790
516475 1365880
77262 62841
120409 305094
31428 399223
465509 34737
31428 432199
31428 434550
338865 1196929
479745 571036
120409 231070
724171 774029
479745 923074
31428 157960
338865 339365
77262 382570
338865 1021043
77262 14611
1547692 1144828
479745 1336599
31428 212638
345298 1577965
1246098 1590632
266520 1330149
31428 433333
724171 1556590
454234 76515
927476 764571
120409 920698
774076 573449
31428 395489
77262 212825
516475 768197
1246098 1590941
724171 1598229
1246098 927912
77262 273580
31428 63003
77262 776682
712801 1389535
31428 156293
31428 431082
31428 8643
338865 896282
712801 1285762
266520 83524
479745 46770
31428 238493
619902 470950
1255315 1539035
472003 788481
31428 432680
399055 1309008
77262 155001
22565 160692
516475 924655
537309 1196030
31428 168080
31428 432085
724171 609864
1556333 1354585
382728 410152
479745 1024268
31428 339364
479745 570758
31428 432132
454234 471639
927302 318859
22809 440175
31428 432075
34737 3472
77262 79185
342121 289819
938306 209344
724171 1296773
77262 161827
77262 28069
31428 432129
77262 474673
516475 724399
454234 183338
77262 161405
1509794 1588785
345298 36953
22809 116385
77262 230679
77262 776062
516475 274728
266520 120403
1246098 1066917
808331 682024
1066636 262039
31428 40451
1066636 1102561
120409 675233
31428 110294
31428 431761
31428 431730
479745 607855
77262 287693
1428762 1330565
31428 433494
941695 511726
338865 1005008
1592383 1256754
808331 1460433
31428 22455
77262 191213
774076 955843
399055 339639
619902 477365
1069128 183126
342121 584373
77262 200116
1614833 1436805
1066636 465509
1021044 162360
338865 841279
31428 431850
120409 920800
1246098 1530395
31428 431617
77262 258371
77262 291624
77262 51958
31428 120402
1436805 1436804
537309 146873
721227 652088
1255315 1556642
77262 776010
120409 629332
774076 774059
31428 431943
34737 34696
120409 565651
31428 432197
516475 564128
22809 725169
77262 693869
77262 776203
77262 387561
31428 326224
1330661 246090
516475 575105
77262 483484
927476 122299
22809 286783
31428 235849
31428 431941
31428 432012
77262 776684
36598 5574
479745 1208344
31428 339641
77262 775987
31428 22531
1066636 989091
31428 376630
77262 629330
31428 432428
1266263 347722
516475 969545
77262 337770
712801 1222356
77262 395249
31428 384258
1233063 925341
921049 942343
120409 317977
77262 385098
31428 431933
36598 4027
454234 757764
77262 776619
338865 581080
1233063 894809
1246098 520245
31428 432394
1246098 326289
31428 432121
1529224 1573959
516475 1381446
22809 173355
338865 1059754
77262 304916
345298 1465092
31428 340300
515279 1611635
120409 230637
31428 432975
516475 505932
1246098 1258631
36598 1110
31428 265842
1246098 1551014
22565 10093
77262 469029
31428 382611
31428 432988
1066636 1559062
1529224 1195670
31428 359228
399055 1309401
31428 36551
31428 426949
724171 1246135
120409 276046
471643 1531062
712801 729666
1066636 1464382
36598 36359
77262 351555
77262 723359
31428 431516
77262 360484
479745 216690
479745 286239
1401291 1407738
1152590 758815
31428 431759
516475 553870
77262 18750
77262 423392
77262 396822
767334 299076
345298 591540
31428 129260
22809 183865
31428 219263
77262 188467
774076 1487132
31428 359549
31428 326111
31428 431512
921049 1256120
31428 432486
479745 1107943
77262 775778
342121 933473
31428 374531
537309 627706
479745 822125
31428 431321
937647 1005022
479745 191080
31428 433251
34737 13932
31428 431078
120409 265612
382728 253192
808331 1453377
479745 591026
22809 605368
724171 1544519
1436805 759663
77262 441069
937647 680146
22565 407052
1123977 1509794
77262 29393
77262 311120
31428 158069
1246098 1512170
31428 357911
479745 564696
31428 111874
1233063 1588817
31428 433247
31428 433651
537309 230061
31428 432493
34737 33153
31428 433435
31428 431760
1246098 1296931
382728 917964
31428 431328
77262 227253
77262 776230
1233063 815663
31428 403710
724171 1408327
31428 431618
31428 338670
120409 440395
479745 1302535
345298 932783
31428 433253
537309 570534
31428 233606
342121 442827
22809 194573
77262 136076
724171 1590939
1055683 1556747
1233063 491464
31428 326437
77262 473718
22809 29848
31428 434340
22809 840839
479745 1202032
516475 1011870
342121 624904
31428 432689
31428 16530
31428 432437
31428 166824
22809 206525
31428 431464
31428 432693
399055 446246
31428 32604
77262 140289
31428 431727
31428 339912
77262 150042
1384058 618395
77262 355292
31428 432678
77262 58021
31428 33886
479745 520021
342121 371943
1598038 927302
724171 1351692
77262 391777
34737 12449
479745 1199370
77262 28695
619902 618065
31428 432010
399055 724807
1255315 1064361
1246098 1330768
479745 1165768
31428 432433
1401291 1006614
345298 490988
36598 7773
77262 212465
22565 406329
31428 84617
516475 1027802
31428 432438
77262 53229
345298 400081
31428 433577
808331 714556
479745 530121
1401291 1064581
31428 68352
938306 172616
941695 127505
1258508 898500
1055683 1556661
31428 432343
22809 335040
77262 61298
22809 474571
77262 454679
36598 3775
77262 776164
472003 245892
345298 570254
516475 723229
77262 604892
774076 433249
454234 1590669
31428 121801
22809 571831
31428 433671
77262 385681
22809 58680
77262 50641
22565 254911
120409 920942
31428 431946
382728 1296929
479745 201211
22809 116634
841142 447790
724171 1211030
22809 145903
338865 937404
338865 381273
31428 215184
77262 776948
31428 432740
120409 22917
399055 895844
31428 434339
941695 1531154
31428 433167
938306 1216351
1255315 1451005
120409 458638
31428 307914
454234 431413
31428 432202
382728 1252873
537309 165118
1066636 1277188
921049 336693
454234 1612903
22809 278039
342121 317363
808331 1259013
31428 412773
31428 433676
1547692 1479118
31428 119019
724171 1450473
31428 331784
31428 431085
31428 271284
31428 335440
774076 1245233
31428 211879
31428 433282
77262 467059
22809 78067
31428 39046
31428 326495
31428 49764
31428 122390
77262 468184
31428 176566
31428 410152
120409 53875
774076 1487111
22809 224761
479745 882732
120409 451102
1506074 336760
1255315 1592346
516475 1381434
345298 401026
77262 227949
1066636 324360
1066636 1251990
120409 389791
31428 432687
1590939 1246098
338865 1170596
266520 1549794
77262 330913
31428 250884
712801 1144538
77262 388825
808331 440502
479745 609507
31428 114986
1401291 1177662
31428 340978
921049 534584
342121 684371
77262 506392
454234 1600651
479745 731097
1504825 1005791
808331 134272
808331 1422805
382728 629447
619902 410701
921049 1504825
31428 397238
22565 554481
31428 67803
345298 691914
1066636 1339834
31428 91406
479745 589459
808331 1412961
921049 1259230
721227 1465730
31428 337150
338865 730198
31428 374460
1055683 1197365
31428 431766
774076 426990
22809 185337
342121 1261244
454234 927822
31428 434836
1246098 1590806
77262 388976
77262 717401
479745 207574
479745 392665
31428 434342
120409 448005
338865 568309
31428 431419
767334 338924
31428 50993
516475 686261
77262 565608
31428 229842
31428 431731
31428 431465
22809 411001
1399326 1156641
31428 431729
808331 1247467
1484905 1021044
77262 134638
712801 764618
516475 1381402
774076 1487221
479745 497759
77262 88612
31428 370966
808331 1266279
1532716 300343
77262 7803
77262 193267
31428 35165
31428 433446
1055683 1556648
479745 704069
1487119 1228281
1055683 787741
1123977 1409972
342121 356045
31428 161626
77262 38079
31428 122369
1330661 920033
516991 917212
31428 416911
31428 306475
31428 432732
120409 356727
31428 433611
31428 431848
774076 166385
808331 306834
454234 1214208
77262 454923
31428 433675
537309 524773
31428 431947
22809 541473
31428 75881
479745 69058
22809 624249
342121 61034
77262 472978
31428 397273
77262 28945
31428 91222
77262 353212
31428 381664
1255315 780225
22565 51460
338865 629398
31428 176773
938306 665668
31428 318086
1087751 770918
31428 431322
454234 1170762
399055 585794
479745 1286300
338865 534584
22565 361646
479745 1060194
31428 431949
22809 280691
1614787 1093714
120409 920941
31428 432124
31428 433674
31428 432077
77262 776008
77262 131032
345298 1037905
31428 433396
77262 298671
22565 845013
31428 78635
31428 431896
382728 1081557
479745 769005
1066636 1309813
31428 239213
345298 1346047
31428 16351
31428 434796
22809 470661
31428 431764
31428 431076
31428 357671
808331 1497083
22565 211987
31428 432007
31428 80293
338865 882010
382728 1296930
479745 1247334
774076 427807
808331 1259320
1399326 1556696
77262 258256
345298 1199250
31428 341824
774076 1456349
31428 431673
120409 5054
77262 467178
22565 426447
22809 418408
31428 347689
77262 323210
1547692 1016905
77262 88792
77262 776658
31428 337218
516475 382344
454234 1520596
537309 1332054
77262 450747
1087751 1332533
516475 543190
31428 86730
345298 246744
342121 1028322
338865 1245228
1152590 419233
77262 776521
537309 433822
338865 627351
338865 1185435
479745 459421
774076 1487119
266520 108016
31428 431732
515279 40355
345298 693401
31428 431460
454234 1236905
31428 432443
31428 431669
1464382 721227
516475 538902
22565 949244
22565 585
1266263 1259052
1246098 1292051
266520 331886
22809 547281
516475 330156
1255315 335608
1005791 164917
31428 338793
266520 1301201
31428 431087
479745 339310
77262 343145
338865 131440
515279 340304
77262 653776
31428 433395
1588785 1233063
1246098 1370531
31428 432384
342121 705427
31428 348948
22809 181428
266520 1026167
1087751 1297527
454234 246754
77262 456840
537309 488878
1066636 375946
927476 176571
120409 468980
338865 1258729
1246098 1381187
120409 445043
34737 448106
479745 1238555
516475 508272
342121 181740
31428 340417
31428 432682
22565 883033
31428 432683
1255315 1532645
921049 896282
31428 49709
472003 1212648
479745 41918
31428 432442
1401291 1582720
808331 1342139
31428 381662
31428 337438
31428 191685
31428 191705
516475 698402
31428 371073
31428 431894
937647 841672
338865 326229
1087751 394480
77262 645155
31428 35333
31428 432127
31428 31807
77262 776662
938306 765040
454234 618501
399055 1280218
537309 903790
721227 1462553
1266263 1054975
432195 431080
22565 848483
31428 432347
1246098 1160358
31428 302652
31428 433215
31428 10109
77262 164877
77262 311292
1255315 1195647
31428 164466
537309 1309400
1556333 1185297
31428 38968
31428 434795
921049 801725
1055683 543026
31428 51207
77262 107150
31428 66301
338865 731847
120409 920947
1436805 1055063
31428 383088
1487221 724171
1152590 111758
927476 1527679
22565 28847
31428 432123
31428 285250
31428 73771
345298 1015655
22565 877477
31428 431951
31428 325360
77262 128676
338865 1258716
22809 117254
31428 70074
31428 331169
454234 1149044
479745 647905
31428 381666
1504825 836893
774076 1163245
472003 611976
31428 323094
77262 776659
77262 456626
516475 516602
77262 191411
77262 304850
31428 431410
338865 1258718
338865 336794
34737 1457
31428 12601
342121 577760
937647 337373
34737 34733
120409 95303
31428 261084
31428 432196
31428 434798
31428 64644
712801 66063
515279 927919
774076 477915
1246098 1513352
77262 8716
345298 1362084
808331 1497053
724171 1423968
1255315 587486
1233063 340414
31428 431621
31428 432492
31428 68484
31428 432430
342121 456978
712801 638920
34737 34695
31428 433252
31428 431411
31428 432003
479745 686682
31428 403311
36598 9811
342121 1168730
22565 98359
31428 432071
31428 433026
774076 1487222
472003 847710
77262 623627
31428 432382
22809 163742
31428 145478
34737 77742
31428 246061
31428 433173
342121 883025
1436805 427892
31428 285703
479745 1313618
808331 1266256
31428 432338
31428 389729
841811 1245307
1381439 516475
774076 1267002
1197365 277084
266520 254855
712801 1019370
31428 429351
22809 299274
342121 283961
31428 432986
22565 1199321
77262 336520
1246098 1258717
77262 228791
31428 289320
31428 331103
31428 370673
31428 434483
22809 153618
120409 920785
479745 1223984
1246098 1590938
31428 433438
808331 1216301
342121 629508
479745 669799
31428 433612
776658 120409
619902 95829
774076 1127439
77262 227784
776230 937647
31428 351724
22809 117701
120409 171305
516475 1028963
1066636 1226130
479745 191125
342121 1261393
77262 465820
1246098 1116644
479745 1073409
77262 732153
31428 33540
31428 430858
1255315 214467
77262 228897
342121 400762
31428 432348
77262 465114
31428 433287
345298 555250
77262 310898
31428 184142
1051106 327473
77262 91308
194775 1087751
479745 596499
342121 1174720
31428 433214
1087751 1120584
515279 908032
31428 431846
22809 205020
31428 341740
31428 176558
1087869 194775
77262 453690
619902 997463
399055 1309402
77262 769920
808331 1339322
31428 214467
712801 523050
266520 499578
22565 212126
77262 665012
22809 278591
31428 433029
31428 114948
31428 434724
1309008 921049
31428 432195
77262 132596
1246098 1590921
454234 1488876
1069128 163500
479745 808743
1087751 1330335
77262 706201
31428 432491
31428 433023
1087751 771421
31428 432072
1436805 1384774
31428 72578
31428 138636
516475 130681
77262 11446
22565 212129
712801 695971
31428 381988
1152590 281556
345298 1063058
1436805 1093714
1246098 1548821
454234 433245
937647 792624
31428 434834
1436805 962048
808331 1496911
31428 98766
31428 432198
31428 431999
22565 234032
1246098 1428762
1330661 1307427
77262 775962
31428 133847
767334 765680
1296931 382728
712801 1280751
516475 778932
345298 208853
22565 502597
22809 108941
920800 22565
31428 109495
22565 371019
22809 914380
31428 431029
31428 432742
774076 1464238
1436805 1277225
77262 756100
31428 360488
479745 522309
382728 920254
31428 338604
31428 432677
1255315 1133185
77262 178476
22809 687821
31428 432335
31428 433032
22565 96028
338865 159392
31428 431028
77262 299124
77262 776661
342121 21001
31428 434337
1255315 1055099
31428 41852
31428 432489
1255315 1246602
31428 432485
31428 433182
724171 1102830
77262 246860
77262 336130
1066636 1475328
479745 196601
399055 431765
1144616 337141
454234 1566092
31428 326689
537309 510299
31428 222932
479745 480495
31428 433285
841142 467332
1246098 1022899
22565 399270
31428 66806
31428 307786
77262 650213
31428 134789
22565 496785
31428 145060
712801 66810
1066636 1383066
516475 1028980
31428 373972
1509794 48615
1399326 1259738
31428 326480
31428 366559
77262 776642
77262 31526
31428 48701
941695 566580
77262 457515
516475 1034544
1401291 1424136
22565 91015
338865 531843
266520 766459
1055683 1354385
31428 431893
767334 1243211
1144616 337147
927302 673000
619902 543117
1069128 252864
77262 775990
345298 673790
454234 1354852
77262 437602
31428 432730
345298 76212
841811 1329061
1246098 682024
712801 810833
77262 117756
31428 71361
454234 1506074
31428 340032
31428 1300
399055 1020002
1556648 1005682
77262 776657
31428 334435
22565 212496
479745 308549
338865 671642
77262 386294
516475 594588
22809 292555
77262 20294
516475 1027793
724171 670921
22809 470171
31428 326557
31428 432684
619902 120714
22809 10301
77262 455295
1555701 1051106
34737 1504
1066636 1559075
31428 432016
22809 353007
345298 958455
382728 518197
382728 920791
721227 67073
516475 1059985
1436805 627156
120409 316965
1531062 941695
345298 675686
712801 1458459
808331 1145524
31428 432341
399055 797900
31428 431507
1575308 1152590
31428 381872
342121 340470
342121 1000437
1266263 1594041
120409 920797
31428 433536
31428 432006
774076 1245965
516475 1013866
345298 673751
1258508 1384266
31428 310935
31428 432745
774076 1373595
1233063 763397
31428 431406
31428 434341
1255315 1056999
1246098 1590830
31428 336760
399055 879972
77262 283666
31428 382504
22565 213813
31428 432488
1436805 1280211
516475 277157
479745 670555
77262 220158
454234 1262334
22809 212777
1246098 1247100
338865 187213
1547692 1297394
77262 460795
31428 28521
479745 610476
22809 197622
1484812 767334
1246098 1148832
479745 156730
338865 1008906
1393423 537309
31428 371048
31428 433022
77262 762598
31428 339292
266520 343161
31428 20027
77262 275850
808331 178642
77262 270870
479745 57406
31428 434797
927476 1026167
1401291 836446
938306 503769
1066636 1184294
927476 1256091
120409 147296
1399326 955331
77262 211063
120409 471592
1401291 1556333
767334 1120495
22809 430127
465509 1350563
712801 780221
345298 1612699
31428 432333
31428 337498
31428 432690
1258508 580620
31428 243106
22565 458588
31428 432192
120409 920944
454234 726792
31428 398988
345298 418768
77262 325469
31428 5048
342121 1261409
31428 432484
31428 11123
479745 1184392
22809 35560
516475 769205
266520 229292
1592383 1399326
338865 1258641
1255315 336760
77262 776068
31428 431032
31428 432734
479745 1359468
31428 97019
120409 802417
382728 1296934
31428 163372
31428 434490
1255315 895029
22809 278776
31428 431135
516475 398161
77262 295166
1144616 843083
382728 1296959
31428 431509
77262 61710
537309 375342
342121 537881
77262 308803
31428 432994
1066636 574639
774076 155367
342121 588047
767334 75736
31428 432744
31428 432973
516475 336757
342121 273492
31428 333121
1380841 454234
479745 731656
36598 2232
22565 211964
77262 776794
479745 315664
537309 857282
120409 453347
77262 260334
382728 305670
31428 406801
31428 432120
338865 1216667
712801 1054860
31428 180931
266520 432191
266520 271284
120409 234233
77262 760301
1549794 1023702
31428 311558
472003 35533
345298 1212809
516475 1004786
77262 721097
22809 138064
77262 176339
77262 313648
31428 432005
31428 432738
22809 474251
22565 215291
342121 340148
31428 433709
479745 140558
22809 507229
1588785 1532716
22565 170867
77262 610450
120409 920946
1152590 914754
77262 776575
77262 776782
31428 8110
22565 215047
31428 431514
31428 254823
31428 432747
77262 467089
31428 431938
479745 555658
31428 431765
1144616 337008
77262 594357
31428 399997
479745 473413
479745 1359833
31428 374553
31428 433705
619902 1172133
31428 248948
77262 351742
1246098 339639
515279 1592383
516475 599628
1547692 1244835
77262 776063
120409 266256
516475 657831
77262 775959
31428 433534
1255315 1358836
266520 63974
77262 194567
721227 867478
1401291 1506075
31428 411603
31428 432125
342121 296111
454234 815408
31428 50885
22809 444636
479745 1086193
516475 360924
22565 117536
516475 970293
31428 69396
120409 920965
31428 431413
31428 433288
921049 993178
36598 3797
120409 920784
266520 1026391
479745 574563
22565 490123
479745 383654
479745 251303
31428 432675
31428 433496
266520 180931
77262 447627
31428 108009
454234 685344
570534 731999
120409 598263
767334 727987
516475 1208151
1401291 1610624
31428 76515
927822 738896
77262 417557
34737 156492
345298 649037
22565 151105
342121 1261322
22809 287918
31428 70759
479745 929235
1069128 736274
479745 812727
724171 1330627
120409 917156
77262 211904
31428 432346
1255315 381665
724171 1591982
1399326 1005539
479745 679923
31428 431505
31428 382606
927476 1004589
31428 431619
77262 39972
77262 266815
77262 52133
266520 382671
31428 431849
1556590 1055683
808331 1475306
77262 344309
479745 667554
774076 275561
31428 294938
516475 432925
77262 276046
77262 161683
31428 75168
342121 760964
1258508 1484812
479745 1100308
1436805 1086976
22565 748527
454234 551306
22809 3542
77262 470224
22565 37182
338865 695790
454234 1023673
77262 150040
31428 156403
22565 10090
1475328 774076
31428 146873
31428 326686
1152590 869052
31428 26287
921049 836893
120409 277234
77262 776683
22565 514625
712801 1460801
22809 292944
31428 432436
31428 398879
77262 214400
808331 1064408
342121 525996
345298 1210609
31428 433286
1401291 1267411
77262 477527
1152590 7883
31428 431459
22809 93608
1066636 1066411
1590806 1384058
479745 653823
1246098 1442999
454234 1266092
22565 185156
921049 864679
31428 347488
31428 433433
399055 1004732
1436805 1107202
31428 68105
724171 1259649
31428 63078
77262 139992
31428 30572
31428 431728
120409 273438
77262 465349
22809 328132
31428 433710
22809 159942
120409 469234
767334 989400
31428 434605
712801 1056685
537309 825175
22809 43522
22809 744457
31428 432982
77262 410957
77262 747666
22809 195785
1245307 1266544
31428 296265
31428 432004
516475 51452
22809 52913
1529224 933837
31428 258685
712801 851357
31428 432737
31428 237924
31428 430189
1256754 1085399
31428 432434
537309 524235
767334 768199
1436805 1614852
31428 430993
77262 484031
1529224 1248506
31428 433650
712801 245716
31428 431466
22809 744833
120409 323904
938306 778655
1309400 399055
31428 431030
31428 371078
1055683 1556768
31428 431077
774076 337613
31428 69753
31428 170734
31428 432393
22565 116202
31428 432427
77262 339353
1246098 882654
399055 1035473
77262 776577
454234 1057362
479745 430663
1233063 486103
724171 1598038
31428 432334
31428 433497
77262 279867
537309 168066
454234 1296069
77262 776784
31428 433331
537309 528937
31428 205887
31428 331172
22809 314135
31428 19540
77262 767051
31428 432069
22809 129617
31428 433245
767334 1014452
34737 30449
31428 431897
1487111 1144616
31428 431284
342121 889034
774076 77420
808331 200502
77262 457380
537309 515870
382728 1247111
479745 634147
479745 422909
77262 89365
36598 2562
516475 949204
31428 97506
1458458 712801
1051106 1555519
1066636 1494284
31428 434831
266520 310935
31428 433707
345298 1330802
1233063 1078426
1330661 1004527
516475 534851
22809 418675
724171 1447687
34737 34693
1152590 1011473
31428 109371
31428 432691
31428 432487
31428 434835
454234 1189495
31428 431510
22809 327734
31428 291831
31428 433500
31428 431454
1246098 1259357
31428 431892
31428 255905
1475328 672780
31428 431726
479745 967433
77262 776984
31428 289024
927476 1005626
481572 1069128
1436805 923050
77262 776966
31428 340566
22809 762513
31428 428815
77262 354390
1069128 217238
1066636 410152
120409 920859
724171 1364373
36598 8380
31428 432066
1255315 1066253
516475 953624
31428 432337
22565 324733
31428 180569
31428 340029
31428 434720
120409 920787
399055 528419
479745 1215706
479745 1360065
31428 326750
31428 432989
31428 432388
31428 432739
1436805 99409
31428 165945
479745 1360066
31428 432676
22809 256375
31428 431081
767334 1016754
345298 334014
1069128 350920
22809 384751
921049 1106742
31428 20324
808331 1120450
77262 697484
1598038 1614833
1506074 841811
724171 1327170
31428 433708
338865 21505
31428 433706
22809 60483
31428 121797
22809 383770
454234 1484905
382728 1265718
77262 142923
77262 389455
31428 167420
479745 1360141
77262 492634
77262 469307
1530395 1529224
1401291 1163494
31428 432191
36598 17293
31428 400895
31428 434366
31428 432387
31428 432134
1393427 877512
516475 330142
712801 1259063
31428 337204
31428 431457
1258508 1625314
31428 431083
1066636 1246047
22809 701925
31428 431674
454234 745082
808331 1247566
77262 463513
516475 822532
77262 230768
1256754 434962
537309 958455
537309 570436
399055 440480
399055 516991
479745 1006178
34737 23861
77262 760956
342121 1261406
31428 432490
31428 434606
841811 92518
77262 136096
77262 765694
516475 564057
31428 433493
1066636 1296069
345298 230115
31428 431327
345298 975409
31428 431948
77262 386183
712801 824628
31428 212512
31428 434719
120409 920866
31428 336539
1354585 1495847
31428 338609
31428 335379
31428 239288
31428 336688
31428 431417
516475 379114
1484905 515279
537309 45538
31428 337142
31428 432014
479745 785362
1051106 620708
808331 929646
31428 432390
36598 307643
31428 169459
382728 246653
31428 431462
22565 97909
31428 432068
767334 766633
31428 370024
31428 432392
382728 60879
808331 928775
31428 432336
120409 526613
77262 775961
266520 212652
338865 520159
31428 3818
77262 702112
937647 847690
537309 1371808
454234 45539
77262 611313
31428 432203
31428 431515
77262 722261
479745 124559
537309 232372
382728 180588
34737 34692
31428 432728
22809 418374
77262 775988
31428 321161
724171 843390
479745 514258
1087751 454121
31428 432984
77262 275892
22809 91307
724171 1572076
712801 735724
31428 432130
342121 296109
31428 431420
479745 1008350
31428 71645
31428 1239
22809 245074
22809 278692
342121 457239
77262 384332
31428 99541
31428 120339
472003 1073587
1246098 1262343
479745 554037
767334 318086
34737 34735
454234 977649
1005791 1050803
22565 12166
1354585 757403
77262 33253
77262 379677
345298 1113325
479745 569399
77262 374238
774076 818126
479745 989872
77262 614851
1590938 1629079
712801 171478
1066636 604282
774076 581369
22809 275010
120409 920782
516475 640558
77262 223366
31428 373946
34737 463760
1373595 504792
1591313 1247930
31428 337738
767334 1020411
31428 256753
516475 695234
31428 152353
77262 26953
31428 335608
22809 248711
31428 432987
31428 433437
31428 433075
712801 1162966
619902 401162
1152590 46416
537309 1393427
31428 381779
266520 454123
31428 431031
34737 465505
31428 193239
479745 699694
1005791 1022882
1246098 518197
1246098 1590688
77262 53050
31428 431469
927476 337895
31428 432735
77262 294117
31428 432688
1330661 180950
472003 1092043
31428 259742
22809 404541
22809 557133
808331 1246988
1051106 1239208
31428 155624
432133 345298
516475 1381411
1256754 1102783
31428 108016
22809 474988
516475 517928
1526222 1555701
31428 165734
31428 432979
31428 434346
1401291 921574
31428 431323
266520 338863
1246098 1045205
77262 130427
399055 83763
31428 432017
31428 434334
22809 328131
31428 172023
31428 78424
31428 383256
77262 31428
724171 1540423
31428 335602
22809 418167
77262 244115
515279 1259487
77262 317391
31428 431079
31428 431080
1436805 923051
31428 434347
1152590 238329
31428 382496
266520 397238
77262 467842
31428 416094
31428 433165
31428 348944
1233063 1010201
22809 328289
808331 1478446
22809 1226484
31428 431998
479745 533729
454234 176147
77262 423461
31428 341820
1258715 481572
516475 1027803
345298 170373
77262 776620
31428 383541
479745 180125
31428 431895
1381402 519138
479745 889750
31428 431084
1069128 1559552
77262 324977
31428 38556
31428 432133
22809 284423
77262 481620
31428 433398
22809 88212
22565 378150
345298 595518
31428 398235
1233063 1131215
77262 193158
808331 1197217
31428 222730
31428 433176
31428 432385
77262 414997
399055 1295811
721227 211847
479745 924335
1051106 627353
77262 776081
1350563 873173
31428 432001
22809 324899
1487222 472003
1005791 155356
481572 36598
712801 1244787
454234 1115581
77262 296547
22565 200023
77262 530601
120409 502822
516991 40444
77262 776034
345298 71414
479745 155213
516475 165734
1069128 610803
77262 776166
22809 184187
77262 127877
399055 337613
77262 35961
537309 1393448
31428 434794
31428 404541
31428 382888
338865 291748
77262 607084
31428 434833
31428 431725
1246098 471729
1087751 65195
31428 160440
77262 323030
22565 150784
77262 62251
1384058 1259257
1384058 374244
1255315 432017
1590669 1244837
120409 598983
34737 465579
31428 157102
22809 129993
77262 284945
22809 672755
22809 111076
120409 312429
31428 232767
31428 432733
120409 230988
516475 764267
516475 167817
22565 212385
338865 338673
31428 295156
31428 384298
77262 444682
479745 1094628
345298 1393423
345298 798015
342121 1261328
31428 337636
22809 185164
31428 302128
31428 432444
77262 713060
31428 434609
77262 188644
1069128 1197384
31428 431415
31428 75495
31428 339414
31428 432190
1246098 938591
77262 397069
22809 725125
345298 976379
34737 181323
31428 147926
31428 337948
1246098 1543965
22565 152609
767334 1485128
516475 751495
1087751 1016905
1069128 698903
1399326 780225
31428 432135
382728 1023218
77262 98636
31428 433249
77262 300922
1309008 1381439
1399326 1418087
77262 199298
31428 40444
31428 432674
34737 1507
774076 858725
77262 776713
31428 432345
120409 314952
454234 33540
516475 275765
36598 95157
31428 410317
31428 79178
31428 33994
77262 466564
77262 776496
479745 1106805
31428 75736
479745 1360078
31428 8287
516475 509122
841142 92645
1152590 930769
77262 774869
927476 1469618
1197365 479745
712801 1368916
31428 431940
342121 864760
1246098 582745
22809 989235
454234 618190
1266263 680846
31428 434492
1255315 1416887
31428 393359
22809 212889
36598 59224
31428 432065
1420290 594232
619902 1304077
120409 920867
31428 434723
31428 432344
937647 126276
342121 826285
1436805 1230038
31428 393236
399055 380464
1055683 1195216
345298 692125
479745 1127815
338865 326696
941695 250509
36598 482083
1246098 1185297
31428 434832
77262 775915
31428 337214
345298 397838
724171 1214208
31428 432350
77262 666833
479745 1217267
31428 431935
22809 410931
345298 541087
927302 898500
342121 369706
345298 1351784
77262 472769
31428 433616
77262 776779
1246098 1556875
479745 1360085
31428 129509
31428 433672
774076 268512
77262 87240
77262 218087
34737 465508
31428 370298
31428 383251
22809 202361
31428 337535
479745 144518
31428 176770
22809 185296
841142 128468
516475 88472
472003 831909
927302 122299
338865 1258715
31428 382974
22565 182999
22809 1084153
31428 238494
31428 208944
774076 1487220
31428 433436
31428 78491
31428 434335
36598 4483
938306 639286
77262 300309
77262 279823
31428 266521
712801 1102581
1350563 841142
31428 430996
22809 89864
77262 391306
22809 196984
31428 252261
31428 339410
31428 5373
22565 212634
31428 430994
34737 465506
31428 368121
1393427 1420290
120409 397069
1144616 1295811
31428 434338
120409 920865
1233063 832037
808331 162516
1258508 1458458
345298 735110
1246098 1020751
774076 706446
77262 312900
454234 1056689
479745 932262
808331 1095669
1087751 1091310
724171 1220583
1055683 683805
938306 280666
31428 432685
31428 76264
399055 1309399
77262 155866
516475 979183
537309 1393254
31428 432002
120409 705159
342121 1261392
31428 325627
34737 1458
1487119 1266263
345298 1023236
31428 222629
31428 431964
31428 32870
31428 224226
31428 432073
1330661 282437
1245307 176515
31428 277157
1556696 1055482
31428 235361
927302 1081449
31428 326744
77262 113205
724171 1519176
31428 120085
432129 1255315
1055683 1339633
266520 533663
537309 218846
22809 204980
31428 11153
31428 100555
31428 130861
382728 375946
31428 84484
619902 160528
921049 254855
77262 502863
34737 30450
22809 183658
382728 516601
31428 431467
1256754 1592504
1330661 33650
1384058 677210
31428 431086
774076 237664
1066636 421655
31428 166200
77262 36279
808331 1266117
1399326 758921
77262 61919
1055683 1556748
1380841 235360
1258508 338858
399055 1308915
120409 920945
724171 1246406
1258508 1144828
31428 433281
1087751 243797
77262 273967
77262 503771
774076 431621
22809 181228
1233063 816624
471643 35533
479745 494925
1401291 471643
479745 1055898
712801 593523
77262 775175
31428 156197
31428 286572
31428 432128
22809 498786
22809 500315
1258508 673000
1529224 1331366
31428 432429
31428 20579
31428 432391
31428 432731
516475 72751
31428 432070
22809 1249996
22809 400270
479745 572925
342121 705373
570534 46210
724171 1527994
767334 1484971
841811 1456360
537309 662464
22565 279710
619902 668807
77262 243497
77262 175937
77262 444408
77262 172643
537309 295879
22809 42833
77262 471860
342121 300592
31428 431937
22565 368222
516475 808500
31428 34850
1436805 1107328
1258717 338865
1410349 574639
1401291 847626
77262 269516
31428 431997
22809 703121
1087751 336793
31428 338844
77262 90511
22809 732349
516475 768200
31428 431504
432130 1330661
31428 286117
1332533 1575308
345298 1338633
31428 73623
31428 215557
31428 342195
454234 1358376
120409 769447
31428 358907
920858 342121
808331 1496928
1144616 682024
31428 434604
997463 241952
712801 1460335
31428 381720
31428 434494
120409 50607
712801 792799
