1801 1823
5 0
331784 51 0 1 8 6 22
454679 5 0 0 3 6 16
958495 33 1 1 1 6 36
393236 11 1 1 0 6 21
28695 95 1 0 1 6 23
1421325 11 1 0 5 6 47
294938 46 1 1 3 6 19
360484 45 1 0 0 6 15
483365 9 0 0 5 6 44
40995 163 1 1 2 6 20
737326 58 1 0 1 6 19
16424 73 0 1 0 6 19
73771 25 0 1 0 6 19
528419 4 0 1 6 6 26
401450 124 1 1 8 6 18
217134 102 1 1 0 6 18
360488 26 1 1 0 6 26
188467 67 0 0 6 6 17
208944 120 0 1 2 6 25
1507360 5 0 0 5 6 38
340029 80 1 1 7 6 23
319549 203 1 1 6 6 19
1138769 16 1 0 7 6 37
340032 31 0 1 8 6 17
1531999 10 1 1 8 5 37
585794 14 0 1 6 6 20
385098 44 0 0 0 6 16
278614 30 1 0 1 6 41
352336 30 1 0 6 6 21
36953 219 1 1 5 6 26
893012 31 1 0 7 6 21
8287 55 1 1 0 6 20
20579 34 0 1 4 6 19
32870 26 0 1 3 6 17
680034 16 0 0 7 6 43
430189 1 1 1 2 6 21
1020002 9 0 1 4 6 21
299124 28 1 0 1 6 15
467059 49 1 0 1 6 17
69753 78 1 1 8 6 18
1351784 3 1 1 2 6 22
143485 13 0 0 5 6 37
168066 90 1 1 6 6 37
233606 77 0 1 3 6 20
393359 65 1 1 5 6 21
1044613 10 1 0 4 6 19
16530 23 1 1 0 6 24
168080 128 1 1 9 6 23
413842 15 1 0 1 5 38
467089 64 1 0 1 6 21
434334 8 0 1 1 6 22
434335 21 0 1 3 6 18
483484 15 1 0 5 6 14
610450 50 1 0 1 6 16
434342 28 1 1 2 6 19
434340 79 1 1 7 6 16
434341 11 1 1 0 6 21
434338 70 1 1 5 6 19
434339 19 1 1 1 6 26
434337 69 1 1 2 6 19
905380 4 1 0 7 5 35
434346 21 1 1 9 6 25
434347 31 1 1 1 6 29
1417400 11 1 0 7 6 53
1556642 9 1 1 1 6 28
508080 135 1 0 6 6 18
434366 24 0 1 4 6 18
1224872 8 0 0 7 6 45
450747 44 0 0 6 6 14
708791 35 0 0 5 6 31
721097 15 1 0 6 6 14
266443 192 1 1 9 6 18
176339 145 1 0 2 6 17
258256 21 1 0 7 6 15
577757 66 1 0 7 6 36
155866 81 1 0 4 6 16
680146 13 0 1 8 6 21
442590 55 1 0 5 6 37
532692 107 1 0 3 6 50
1020140 11 1 1 1 6 22
663785 57 1 0 6 6 20
188644 78 1 0 1 6 14
827626 9 1 0 5 6 48
119019 104 1 1 1 6 25
467178 58 1 0 1 6 15
344309 16 1 0 1 6 16
295156 46 1 1 6 6 26
958719 41 1 1 8 6 32
352500 47 0 0 4 6 20
569594 4 1 1 1 5 32
352502 103 1 1 6 6 19
1056999 60 0 1 1 6 35
565488 7 1 0 1 6 20
958711 18 1 1 0 6 29
295166 41 1 0 0 6 15
938229 42 1 0 5 6 30
1052909 27 1 1 6 6 31
311558 24 1 1 2 6 25
114948 27 1 1 0 6 27
336130 9 1 0 4 6 16
569601 7 1 1 6 6 40
454923 76 1 0 7 6 17
61710 136 1 0 4 5 13
1462553 1 1 1 0 5 11
28945 47 0 0 0 6 19
438548 27 1 1 7 6 23
160020 68 1 1 6 6 26
508177 71 1 1 6 6 24
266521 22 0 1 3 6 22
106783 90 1 1 2 6 18
28971 45 1 1 1 6 25
114986 68 0 1 9 6 20
246061 94 1 1 1 6 18
434483 11 0 1 1 6 29
143668 78 1 0 6 6 20
434494 35 0 1 6 6 18
12601 158 1 1 0 6 19
434492 211 1 1 6 6 20
434490 22 0 1 1 6 22
352569 68 1 0 6 6 18
209214 104 1 1 8 6 35
258371 16 1 0 1 6 16
721227 7 1 0 7 6 10
323904 98 0 0 1 6 14
434496 47 0 1 7 6 19
340300 28 0 1 4 6 22
246090 32 0 1 0 6 33
389455 16 1 0 1 6 16
98636 6 1 0 2 6 15
1286494 11 0 1 7 6 31
180569 66 1 1 6 6 22
565608 6 1 0 2 6 20
233824 91 1 0 7 6 42
209254 59 1 1 6 6 17
237924 11 0 1 1 6 17
463212 9 1 0 4 5 16
713060 10 0 1 8 6 17
131436 74 1 1 3 6 22
434550 25 0 1 6 6 17
434549 35 1 1 0 6 19
946557 2 1 1 6 6 39
1126800 11 1 1 1 6 39
487819 18 1 0 7 6 31
90511 128 1 0 1 6 15
373140 57 1 1 8 6 28
561567 71 1 0 4 6 15
541087 10 1 1 6 6 28
729491 34 0 0 5 6 34
717203 30 0 0 7 6 45
1212809 9 1 1 0 6 33
475547 23 1 0 2 6 33
1040785 14 1 0 7 6 42
434606 24 0 1 9 6 21
434604 4 1 1 1 6 18
434605 50 1 1 9 6 21
176558 27 0 1 1 6 21
1339834 16 1 0 7 6 46
344502 89 1 0 6 6 19
176566 64 0 1 0 6 19
434609 16 1 1 0 6 26
176571 67 1 1 2 6 27
70074 24 0 1 7 6 24
594357 37 1 0 2 6 19
156094 132 1 0 1 6 24
147903 31 1 0 1 6 25
8643 216 1 1 0 6 23
340417 21 0 1 7 6 19
614851 13 0 0 1 6 17
582083 27 1 0 4 5 47
98766 40 1 1 3 6 20
229842 40 1 1 9 6 24
147926 42 0 1 0 6 20
78299 25 0 1 6 6 18
61919 133 0 0 8 6 15
45538 163 1 1 8 6 19
1196528 12 0 0 7 6 39
504292 53 1 0 6 6 20
33253 88 1 0 4 6 17
147950 10 1 0 1 6 25
524773 97 0 0 6 6 25
1040893 27 0 0 5 6 39
410101 3 1 1 1 5 18
1225185 1 0 0 5 6 31
332278 39 1 1 4 6 23
352775 86 1 0 6 6 18
397838 29 1 1 6 6 24
397836 37 1 1 8 6 29
422413 17 0 1 7 6 28
8716 46 1 0 2 6 16
270870 57 1 1 8 6 18
446992 39 0 0 4 6 17
434719 20 0 1 1 6 25
578066 10 0 0 2 6 38
352799 111 1 1 6 6 25
528937 13 1 1 1 6 40
434724 33 0 1 3 6 18
434722 66 0 1 9 6 21
434723 34 1 1 7 6 17
434720 6 1 1 9 6 20
156197 34 0 1 2 6 18
1552959 3 1 1 5 6 37
49709 49 0 1 0 6 23
410152 74 0 1 6 6 35
1184294 10 0 1 6 6 23
266815 65 1 0 6 6 15
975409 23 1 1 6 6 20
74309 64 1 1 1 6 32
307786 55 0 1 0 6 21
717401 64 1 0 1 6 22
340566 22 0 1 1 6 22
78424 56 0 1 5 6 26
1176141 5 1 1 6 6 23
774763 6 1 0 1 5 16
172643 68 0 0 8 6 17
49764 72 1 1 2 6 18
389729 192 1 1 9 6 20
434798 81 1 1 8 6 18
434796 14 0 1 1 6 20
434797 38 0 1 1 6 20
1278584 5 1 0 7 5 42
434794 8 1 1 9 6 20
434795 47 1 1 3 6 19
1294973 11 1 0 5 6 52
164466 33 0 1 2 6 25
1393254 1 1 1 6 6 24
455295 26 1 0 1 6 16
258685 68 0 1 1 6 23
176770 29 0 1 1 6 27
1589913 1 0 0 5 5 41
111235 304 1 0 6 6 19
168577 41 1 1 8 6 15
193158 24 1 0 2 6 15
156293 21 0 1 7 6 18
176773 53 0 1 2 6 19
434831 30 0 1 0 6 18
352911 141 1 0 6 6 18
336520 95 1 0 4 6 17
107150 70 1 0 8 6 15
434836 24 0 1 1 6 22
385681 19 0 0 6 6 15
434834 100 1 1 4 6 20
434835 20 0 1 5 6 19
434832 33 1 1 8 6 18
434833 1 0 1 9 6 21
78491 15 0 1 5 6 26
311967 12 0 1 0 6 23
463513 31 1 0 2 6 15
336539 110 1 1 6 6 18
565929 49 1 1 8 6 27
58021 81 1 0 1 6 21
123562 92 0 0 6 6 16
230061 85 1 1 4 6 24
484031 11 0 0 4 6 17
160440 97 0 1 1 6 20
1598117 8 1 0 1 6 44
180931 302 1 1 1 6 18
467654 31 1 0 2 6 25
893647 36 1 0 1 6 27
225984 61 0 1 7 6 23
799439 32 1 0 7 6 37
1336016 14 1 1 7 6 45
1073876 36 1 0 5 6 42
1266388 36 1 1 7 6 36
86730 14 1 1 1 6 19
410317 102 1 1 6 6 20
307914 42 1 1 2 6 20
29393 46 0 0 1 6 17
1417926 7 1 0 7 6 49
180950 369 0 1 5 6 37
172758 496 1 0 8 6 20
193239 71 1 1 0 6 18
537309 36 1 0 6 6 23
434897 54 1 0 7 6 40
139992 66 1 1 8 6 18
37594 14 0 0 0 6 19
381662 9 0 1 6 6 25
541397 34 1 1 7 6 23
774869 22 0 0 1 6 14
1589959 1 1 0 7 6 36
230115 136 1 1 6 6 23
86755 16 0 0 7 6 15
1467124 6 0 0 7 6 37
381665 23 1 1 4 6 24
381664 39 1 1 5 6 26
381666 27 0 1 1 6 18
762598 46 1 0 1 6 15
193267 147 1 0 1 6 16
156403 44 0 1 2 6 21
1102561 111 1 1 5 6 26
1532645 1 0 1 8 6 26
1589996 1 1 0 5 6 42
553725 30 1 0 5 6 42
66295 204 1 1 8 6 31
381693 42 1 1 7 6 18
66301 116 1 1 9 6 21
221950 116 1 0 6 6 29
320251 61 0 1 3 6 20
1061648 87 1 0 7 6 22
33540 103 1 1 0 6 23
1393427 3 0 1 8 6 40
430858 35 1 1 5 6 21
324360 381 0 1 7 6 23
348948 7 1 1 0 6 20
402199 33 1 0 7 6 35
144144 7 0 0 2 6 15
348944 33 0 1 1 6 18
1475328 3 0 1 1 6 28
1393423 2 1 1 6 6 24
381720 23 1 1 1 6 18
152353 46 0 1 5 6 21
1106742 7 1 1 4 6 26
78635 35 0 1 2 6 18
62251 46 1 0 6 6 13
1274680 19 1 0 7 6 41
291624 78 1 0 4 6 17
131887 102 1 0 8 6 19
13102 142 1 0 1 6 19
467752 18 1 0 4 6 15
1307427 4 1 1 3 6 19
62257 36 0 1 9 6 18
652088 283 1 0 7 6 11
615227 33 0 1 1 6 32
471860 20 0 0 6 6 15
312112 33 1 1 0 6 22
336688 31 1 1 4 6 21
213814 113 1 1 8 6 23
451386 47 1 1 8 6 35
1393448 4 1 0 6 6 23
1332054 5 0 1 6 6 30
348992 5 1 1 7 6 19
521038 21 0 0 5 6 31
848711 17 1 1 7 6 32
1246047 46 1 1 7 6 24
381779 10 0 1 9 6 19
676691 10 1 0 6 6 15
58201 77 1 0 0 6 20
287577 144 1 0 1 6 19
1106801 8 1 1 1 6 39
1389431 6 0 0 7 6 45
254823 17 1 1 5 6 18
607084 1 0 0 1 5 18
1246078 6 1 0 7 6 36
33650 103 1 0 0 6 20
869241 11 0 0 2 6 34
471922 25 1 0 6 6 16
1409890 7 0 1 1 6 55
516991 3 0 1 8 5 20
168827 108 1 0 6 6 14
41852 13 0 1 0 6 17
336760 58 0 1 1 6 20
504711 106 1 0 6 6 21
680840 30 1 1 6 6 16
127877 16 1 0 2 5 19
467842 23 0 0 1 6 16
570254 8 1 1 6 6 32
1352606 10 0 1 3 6 39
136076 87 1 0 3 6 14
430996 13 1 1 6 5 25
430994 3 0 1 1 6 20
430993 6 1 1 3 6 26
238494 25 1 1 0 6 28
398235 23 0 1 4 6 26
238493 13 1 1 0 6 28
136096 51 1 0 1 5 15
1213368 9 1 1 1 6 24
271284 71 1 1 6 6 26
431030 25 1 1 1 6 19
431031 31 1 1 7 6 20
431028 14 1 1 6 6 21
431029 9 1 1 3 6 22
1131426 18 1 1 6 6 23
381872 19 1 1 1 6 23
287666 108 1 0 6 6 19
5048 182 0 1 0 6 20
353212 36 1 0 1 6 19
471998 42 0 1 2 6 33
582579 19 0 0 7 6 38
1205167 23 1 1 6 6 32
5054 270 1 1 5 6 20
431032 2 1 1 2 6 20
1094575 20 0 1 5 6 28
426949 44 0 1 7 6 25
295879 27 0 1 3 6 19
287693 6 0 0 0 6 16
1323997 9 1 1 7 6 51
426964 25 1 1 7 6 23
111573 24 0 0 0 6 17
418768 19 1 1 3 6 26
246744 65 1 1 8 6 23
345049 88 1 0 1 6 17
431078 9 1 1 1 6 26
1004527 14 0 1 4 6 20
431079 5 0 1 7 6 25
431076 31 0 1 9 6 21
431077 7 0 1 2 6 23
218087 46 1 1 8 6 23
431075 5 0 1 1 6 18
431086 6 0 1 0 6 22
431087 7 0 1 7 5 21
431084 11 0 1 6 6 20
431085 36 1 1 4 6 19
1451005 9 1 1 1 6 30
431082 3 0 1 0 6 21
431083 13 1 1 3 6 19
431080 12 1 1 2 6 18
431081 4 0 1 4 6 19
291831 56 1 1 4 6 26
627706 29 0 1 6 6 18
1577965 3 1 1 4 6 22
340978 23 1 1 3 6 22
611313 31 1 0 1 6 14
1528813 3 1 0 1 6 58
312318 59 1 0 1 6 24
287738 102 1 0 6 6 20
623627 8 0 0 2 6 17
140289 75 1 0 1 6 16
250884 47 1 1 0 6 30
1410079 5 0 1 0 6 43
369679 57 0 0 5 6 35
775175 15 1 1 8 5 16
164877 20 1 0 0 5 13
1410074 5 1 0 7 6 34
287766 111 1 0 6 6 20
1344519 9 1 1 4 6 30
283666 66 1 0 5 6 16
431135 9 0 1 7 6 19
381988 14 1 1 2 6 20
570409 145 1 1 2 6 24
1004589 15 1 1 8 6 27
328739 97 1 1 8 6 19
1188917 13 1 0 8 5 43
1520703 20 1 0 1 6 50
750651 67 1 0 7 6 29
734270 15 0 0 9 6 43
164917 76 1 1 5 6 21
205887 122 1 1 8 6 18
1197102 15 0 1 7 6 35
767051 12 1 0 8 6 17
160839 74 1 0 6 6 19
1311839 13 1 1 7 6 32
451661 24 1 0 5 6 47
570436 23 1 1 7 6 28
246860 83 1 0 1 6 16
91222 31 1 1 5 6 20
492634 67 0 0 1 6 16
627796 36 1 0 3 6 22
33886 73 0 1 0 6 20
70759 84 1 1 2 6 18
607343 36 1 0 5 6 41
357487 15 0 1 8 6 19
1004643 11 0 0 7 6 39
582771 53 1 0 5 6 38
87165 93 1 0 8 6 18
1082479 9 1 1 1 6 28
386183 20 0 0 1 6 19
320646 169 1 0 5 6 39
697484 20 0 1 8 6 17
447627 16 1 0 1 6 15
341140 32 1 0 7 6 22
693401 51 1 1 6 6 24
1225860 18 1 1 6 6 27
1188997 39 1 1 6 6 31
62616 49 0 0 4 6 19
431264 8 1 1 2 6 26
574639 48 1 1 7 6 36
91308 79 0 0 2 6 17
959651 15 0 0 1 6 37
570534 3 1 1 6 6 35
431284 30 1 1 8 6 19
1004732 14 1 1 6 6 20
1508525 3 1 0 5 6 39
951472 48 1 1 0 6 58
38079 21 1 0 4 6 19
373946 79 1 1 9 6 18
795853 4 0 0 5 6 43
136384 78 1 0 5 6 24
726223 37 0 0 7 6 28
87240 41 0 0 8 5 16
33994 56 1 1 1 6 19
1119455 29 1 1 4 6 32
857282 4 1 1 2 5 25
431318 1 1 1 1 6 20
373972 18 1 1 9 6 17
99541 51 1 1 2 6 19
1239 82 1 1 0 6 19
345298 56 0 0 6 6 23
431326 17 1 1 3 6 22
820436 16 0 0 5 6 34
431327 12 0 1 7 6 18
21721 216 1 1 1 6 25
431324 32 1 1 1 6 17
373977 76 1 1 9 6 18
431322 29 0 1 9 6 19
431323 48 0 1 6 6 29
468184 7 0 0 1 6 16
431321 9 0 1 0 6 23
570583 190 1 1 2 6 32
431328 35 1 1 1 6 20
865504 3 1 0 5 6 38
386294 51 1 0 1 6 16
337142 32 1 1 1 6 22
570619 58 1 1 8 6 25
66806 53 1 1 8 6 18
1463521 5 1 1 6 6 30
337150 65 1 1 2 6 18
1410286 5 0 1 7 6 51
165118 61 1 1 5 6 40
374009 97 0 0 7 6 31
5373 91 1 1 0 6 18
1410327 4 1 1 7 5 36
111874 26 1 1 6 6 19
210181 8 0 0 5 5 18
1074455 9 1 0 7 6 48
1078553 8 0 0 7 6 43
279823 109 1 0 8 6 11
1410334 9 1 1 7 6 27
1410328 3 1 1 7 6 54
91406 94 1 1 3 6 20
300309 89 1 0 6 6 17
414997 60 1 0 1 6 16
230679 42 0 0 4 6 16
1300 76 1 1 0 6 19
120085 74 0 1 5 6 19
406801 68 0 1 6 6 20
1410316 2 1 0 7 6 34
1410318 7 1 1 7 5 41
1066253 12 1 1 1 6 25
357671 40 1 1 9 6 23
574765 33 0 1 7 6 32
570671 38 1 1 7 6 24
431406 33 1 1 0 6 22
120109 46 1 0 7 6 47
820515 17 0 0 5 6 46
337204 23 0 1 6 6 20
431415 4 0 1 0 6 21
431413 74 1 1 7 6 26
431410 36 1 1 1 6 21
800056 6 1 1 6 6 31
431411 36 0 1 6 6 20
1410349 2 0 1 7 6 46
431420 25 1 1 9 6 19
337214 11 0 1 1 6 19
1410345 8 0 1 7 6 44
5436 35 1 1 0 6 110
431419 9 0 1 1 6 24
1410347 14 1 1 6 6 69
279867 156 1 0 1 6 14
431417 16 0 1 0 6 20
1185069 31 1 0 6 6 23
333121 45 0 1 8 6 19
337218 23 1 1 7 6 20
1418589 3 1 0 8 5 31
410957 38 0 0 8 6 19
79178 22 0 1 7 6 19
521547 33 1 0 5 6 34
296265 24 1 1 5 6 18
79185 32 0 0 0 6 16
488789 29 1 1 6 6 29
357713 86 1 0 1 6 17
99671 107 1 1 1 6 21
431454 21 1 1 9 6 21
722261 50 1 0 1 6 17
292196 33 0 0 1 6 16
431462 22 1 1 7 6 22
431463 3 1 1 6 6 18
431460 16 0 1 2 6 23
91490 142 1 1 5 6 21
914798 48 1 1 7 6 28
1172850 13 1 0 7 6 30
431459 31 1 1 2 6 18
431457 24 0 1 6 6 20
468332 36 0 0 1 6 15
431469 41 0 1 2 6 19
431466 34 0 1 0 6 24
370024 32 0 1 2 6 20
431467 17 1 1 9 5 20
431464 1 0 1 7 6 20
1205628 12 1 1 5 6 30
431465 16 1 1 7 6 19
1303932 22 1 0 1 6 45
230768 12 0 0 4 6 19
324977 28 0 0 1 6 17
91510 13 0 0 0 6 47
62841 50 0 0 7 6 16
181627 72 1 1 2 6 25
656759 26 1 0 5 6 37
1226130 60 1 1 7 6 32
214400 56 0 0 1 6 15
693641 55 1 0 8 6 17
570767 50 1 1 7 6 20
841099 59 1 1 8 6 36
783747 26 1 0 5 6 50
1246619 22 1 1 1 6 34
275850 120 1 0 0 6 14
431510 7 1 1 2 6 27
431508 74 1 1 8 6 21
431509 36 1 1 6 6 16
431507 30 0 1 8 6 25
431504 12 1 1 5 6 34
431505 9 0 1 6 6 29
173466 146 1 0 9 6 18
1246602 27 1 1 7 6 27
431516 15 1 1 7 6 22
431514 3 0 1 7 6 21
431515 1 1 1 1 6 24
431512 18 1 1 5 6 18
75168 52 0 1 4 6 19
243106 56 1 1 0 6 21
1090994 23 0 1 5 6 30
222629 123 1 1 7 6 17
488878 4 1 1 4 5 22
157102 143 1 1 8 6 19
1418681 8 1 0 6 6 23
62893 85 0 0 8 6 18
566693 84 0 0 8 6 22
275892 23 0 0 4 6 15
91569 34 1 1 2 6 14
1398179 9 0 0 7 6 52
1066411 10 1 1 1 6 61
665012 24 1 0 1 6 17
214467 35 0 1 1 6 22
42433 140 1 1 7 6 21
1369557 5 1 1 7 6 35
857548 14 0 0 5 6 43
861643 22 0 0 7 6 32
1295811 13 1 1 2 6 32
1574344 2 1 0 7 6 35
50641 58 1 0 8 6 15
1005022 6 1 1 6 6 27
796125 13 1 0 5 6 40
337373 17 0 1 6 6 24
1291723 8 1 0 1 6 47
615889 14 1 1 8 6 26
374238 21 0 0 1 6 17
419291 24 1 0 1 6 45
648680 105 1 0 6 6 18
423392 27 1 0 1 6 15
108009 44 0 1 4 6 21
796129 13 0 0 7 6 38
796130 10 1 0 5 6 47
108016 64 1 1 0 6 23
169459 21 0 1 5 6 23
976379 21 1 1 8 6 27
132596 55 1 0 3 6 16
869873 7 0 0 7 6 42
67073 55 1 0 7 6 10
431621 30 1 1 4 6 20
431618 22 1 1 1 6 22
783887 6 0 0 5 6 52
431619 48 1 1 2 6 24
431617 12 1 1 9 6 21
1574416 1 0 0 7 6 39
353805 160 1 1 1 6 24
222730 55 1 1 9 6 22
476685 95 1 0 8 6 15
1558043 2 1 0 7 6 41
120339 52 1 1 1 6 19
357911 16 0 1 1 6 21
919062 21 1 0 7 5 33
398879 21 1 1 0 6 20
63003 458 1 0 8 6 20
337438 26 0 1 9 5 23
1574403 1 0 0 7 6 39
1390088 5 1 1 0 6 25
423461 74 1 0 1 6 15
1271344 6 1 1 8 6 28
382496 28 0 1 1 6 20
333359 155 1 1 8 6 20
382504 68 1 1 8 6 19
431671 47 1 1 9 6 21
431669 13 1 1 9 6 25
42549 98 1 1 5 6 26
1234468 12 1 0 1 6 43
595518 24 1 1 7 6 22
742972 7 1 1 6 6 23
1140267 13 1 0 1 6 27
431674 13 0 1 7 6 22
1029681 12 0 0 7 6 42
431673 31 1 1 7 6 23
312900 93 1 0 1 6 15
964174 28 1 0 5 6 37
226882 26 1 0 1 6 16
570953 134 1 1 6 6 34
448066 45 1 0 1 6 15
177734 53 1 0 1 6 24
308803 30 0 0 7 6 15
276046 19 1 0 1 6 16
75340 19 0 1 2 6 23
996928 29 1 1 7 6 33
120402 79 0 1 0 6 19
1574468 2 1 0 7 6 36
1037905 8 1 1 6 6 31
337498 59 1 1 4 6 21
300640 142 1 0 8 6 14
63078 62 0 1 0 6 21
296547 28 1 0 1 6 16
693869 16 1 0 2 6 16
431726 13 0 1 7 6 17
775778 2 1 0 1 6 15
431727 8 0 1 8 6 31
431724 35 0 1 5 6 21
431725 7 1 1 3 6 28
697958 19 0 0 5 6 41
214638 28 1 1 0 6 24
239213 108 0 1 6 6 24
460393 23 0 0 5 6 40
382570 85 1 1 8 6 18
431732 32 0 1 6 6 18
431730 39 1 1 6 6 20
431731 38 1 1 7 6 16
431728 20 1 1 0 6 19
431729 5 1 1 1 6 26
337535 41 1 1 1 6 23
771696 32 0 0 1 6 50
435837 62 1 1 6 6 19
161405 143 0 0 8 6 18
370298 69 1 1 2 5 18
276100 92 1 0 5 6 37
382605 25 1 1 6 6 24
431759 15 1 1 2 6 22
398988 54 0 1 6 6 20
382606 26 0 1 1 6 28
321161 18 0 1 6 6 22
431766 14 1 1 9 6 18
431767 1 0 1 1 6 28
431764 7 1 1 2 6 25
706201 17 1 0 2 6 14
431765 41 0 1 6 6 21
431762 3 0 1 8 6 19
1201798 5 0 0 5 6 32
431763 7 0 1 1 6 21
1242759 10 1 1 4 6 30
382611 11 0 1 4 6 22
431760 4 0 1 1 6 24
431761 11 0 1 6 6 21
38556 41 1 1 0 6 25
1066636 32 1 1 7 6 47
259742 41 0 1 5 6 21
677524 28 0 0 7 6 46
685739 54 1 0 6 6 22
128676 38 0 0 2 6 16
145060 37 0 1 0 6 20
337571 53 1 1 4 6 19
702112 5 0 0 6 6 16
26287 55 1 1 0 6 18
374460 80 1 1 6 6 18
239288 13 0 1 1 6 20
591540 11 1 1 6 6 27
71361 146 1 1 9 6 23
50885 202 0 1 2 6 20
1353425 5 1 0 7 6 29
472769 67 1 0 6 6 16
276172 132 1 0 0 6 4
337613 24 1 1 6 6 22
399055 27 1 1 6 6 37
399058 7 1 1 4 6 29
304850 49 0 0 8 6 14
337619 16 1 1 8 6 27
587486 19 0 1 6 6 28
1296069 27 1 1 7 6 23
222932 99 1 1 3 6 20
218846 145 1 1 8 6 23
775915 22 1 0 1 6 13
431846 9 0 1 1 5 21
337636 22 1 1 3 6 19
431847 26 1 1 7 6 22
75495 319 1 1 9 6 19
308972 84 1 0 6 6 22
341740 36 0 1 8 6 19
431850 7 0 1 7 6 20
431848 21 0 1 2 6 18
431849 88 1 1 7 6 17
1119971 6 0 0 7 6 42
325360 12 1 1 1 6 18
1308389 9 1 1 8 6 22
71414 529 1 1 6 6 19
927476 14 1 1 8 6 19
419577 91 1 1 8 6 20
374531 22 0 1 3 6 25
304916 19 0 0 4 6 16
431894 18 0 1 9 6 19
775962 6 1 0 4 6 18
431895 3 1 1 9 6 19
775961 12 1 0 6 6 13
431892 6 0 1 7 6 25
431893 6 1 1 5 6 23
829215 16 1 1 7 5 28
972570 20 0 0 5 6 39
1029913 17 1 0 1 6 22
182043 60 1 0 3 6 14
775959 8 1 0 6 6 13
374553 33 0 1 8 6 20
431896 30 1 1 9 6 22
349978 36 0 0 4 6 17
431897 18 1 1 9 6 19
243497 82 1 0 1 6 16
50993 27 0 1 0 6 20
83763 48 0 1 6 6 22
1304352 12 1 0 7 6 36
1038137 73 1 0 5 6 34
775987 3 1 0 1 6 15
341820 81 1 1 1 6 24
431935 1 1 1 0 6 23
640816 48 1 1 8 6 20
132921 44 1 1 0 6 21
431933 10 1 1 9 6 25
775990 6 0 0 1 6 16
775989 12 1 0 1 6 14
382779 32 0 1 3 6 22
46910 74 1 0 7 6 12
775988 2 1 0 1 6 19
776010 38 0 0 8 6 14
431943 3 1 1 1 6 27
124736 97 1 0 1 6 22
431940 21 1 1 2 6 19
776008 2 1 1 1 6 17
431941 1 0 1 0 6 21
431938 19 1 1 1 6 21
649037 14 1 1 6 6 30
341824 30 0 1 8 6 26
431939 42 1 1 2 6 21
1324881 6 0 0 7 6 44
431937 7 1 1 1 6 19
395073 53 1 1 8 6 23
431950 3 0 1 8 6 20
431951 4 1 1 4 6 32
431948 14 0 1 0 6 24
431949 1 1 1 6 6 22
431946 13 1 1 9 6 19
431947 51 1 1 2 6 18
337738 29 0 1 6 6 21
161626 15 0 1 2 6 22
325469 67 1 0 4 6 18
431964 17 1 1 0 6 21
825175 15 1 1 6 6 27
264037 81 1 0 6 6 20
235361 74 0 1 3 6 20
165734 110 1 1 6 6 24
776034 2 1 0 2 6 15
403311 46 1 1 9 6 22
690016 71 0 1 7 6 34
30572 86 1 1 9 6 21
337770 25 0 0 1 6 17
612198 108 1 1 5 6 34
399223 168 1 1 5 6 19
776063 17 1 0 1 6 15
776062 7 0 0 1 6 16
1156966 6 0 0 5 6 40
431998 30 1 1 8 6 18
431999 102 1 1 4 6 18
431997 7 0 1 6 6 22
10109 87 0 1 0 6 19
30589 23 0 0 5 6 38
300922 24 0 0 4 6 22
432006 6 0 1 0 6 22
1255315 25 1 1 1 6 36
432007 8 0 1 8 6 18
432004 5 0 1 4 6 21
370567 44 1 0 5 6 52
432005 19 1 1 3 6 20
432002 14 1 1 0 6 22
432003 5 1 1 1 6 22
432000 7 1 1 1 6 21
432001 24 1 1 2 6 28
432014 37 1 1 1 6 27
337807 23 0 1 6 6 22
432012 23 1 1 1 6 19
432010 23 1 1 1 6 18
735110 176 1 1 6 6 26
432008 8 1 1 7 6 19
776068 18 0 0 1 6 16
1222530 10 1 0 1 6 50
161683 283 1 0 1 6 13
472978 32 1 0 1 6 15
432016 1 1 1 0 6 25
685980 21 1 1 8 6 24
432017 25 0 1 1 6 20
776081 4 1 0 9 5 15
255907 26 0 1 1 6 22
255905 63 1 1 5 6 25
989091 20 1 1 2 6 22
1193918 34 1 0 7 6 48
382888 72 1 1 6 6 24
333738 121 1 1 8 6 26
522167 361 1 1 1 6 35
456626 30 0 0 8 6 16
227253 94 1 0 1 5 12
1304485 12 0 0 1 6 40
22455 56 1 1 0 6 19
432070 4 1 1 9 6 19
1406933 5 0 1 7 6 42
432071 1 1 1 9 6 18
432068 27 1 1 7 6 20
432069 6 1 1 7 6 18
432066 7 1 1 0 6 21
841672 26 1 1 4 6 31
305091 20 1 1 9 6 21
432065 3 0 1 1 6 25
780225 47 1 1 1 6 29
317391 32 0 0 3 6 16
432077 5 1 1 2 6 18
432075 6 1 1 1 6 20
432072 1 1 1 3 6 23
432073 9 1 1 7 6 19
460759 31 0 0 8 6 15
432085 12 1 1 2 6 23
411603 85 1 1 8 6 18
550878 31 1 1 8 6 30
1529793 5 1 1 6 5 20
75736 43 1 1 2 6 19
919511 14 1 1 4 6 20
366559 40 1 1 9 6 21
71645 22 0 1 7 6 22
673751 6 1 1 6 6 20
337895 15 1 1 8 6 26
432096 6 0 0 6 5 15
1021925 27 0 0 7 6 26
776166 13 1 1 8 6 17
776164 3 0 0 1 5 17
432119 2 0 1 1 6 24
583673 65 0 0 6 6 15
620538 33 1 0 3 6 26
370673 13 1 1 1 6 15
673790 35 1 1 6 6 26
260086 59 1 0 7 6 19
395249 23 1 0 9 6 15
1259492 20 1 1 7 6 30
432126 10 0 1 6 6 23
432127 2 0 1 1 6 25
432124 3 1 1 7 6 21
382974 90 1 1 1 6 23
432125 9 0 1 6 6 20
460795 31 1 0 8 5 19
432122 2 1 1 1 6 21
313336 63 1 0 1 5 20
432123 2 1 1 1 6 18
444408 46 1 0 1 6 15
432120 4 1 1 2 6 21
325627 69 0 1 1 6 19
432121 8 1 1 9 6 20
776203 17 1 0 1 6 16
432134 3 0 1 4 6 18
432135 3 1 1 1 6 22
432132 4 0 1 1 6 18
22531 62 1 1 0 6 21
432133 2 1 1 9 6 20
432130 2 1 1 2 6 21
194567 84 1 0 8 6 15
432128 3 1 1 2 6 21
776204 6 1 0 1 6 16
51207 66 1 1 0 6 22
432129 2 1 1 1 6 23
329741 79 0 1 6 6 18
22540 151 1 0 6 6 19
686109 54 1 1 6 6 20
337948 74 0 1 4 6 20
1390600 7 1 0 9 6 49
161827 69 1 0 1 6 15
469029 17 1 0 1 6 16
34850 75 1 1 4 6 20
1456178 13 1 0 6 6 28
1464382 2 1 1 5 5 24
645155 12 0 0 1 6 15
776230 2 0 1 4 6 25
88112 14 1 0 5 6 17
1329191 4 1 1 4 6 35
1005626 12 0 1 8 6 22
530480 12 0 0 1 6 15
38968 59 0 1 2 6 19
432190 14 1 1 9 6 22
895029 48 1 1 1 6 23
432191 7 1 1 2 6 21
165945 39 0 1 9 6 20
505916 115 1 0 6 6 19
792624 20 1 1 5 6 31
432198 25 1 1 1 6 20
432199 23 1 1 0 6 22
432196 6 0 1 4 6 24
432197 8 0 1 4 6 18
145478 98 1 1 7 6 18
432194 4 0 1 6 6 22
432195 2 0 1 2 6 18
432192 6 0 1 8 6 21
673868 42 1 1 8 6 31
432193 5 1 1 6 6 20
165957 101 1 0 6 6 16
247883 53 1 0 6 6 24
682050 35 1 0 6 6 21
432202 3 1 1 1 6 21
432203 9 1 1 4 6 18
432200 6 0 1 1 6 22
354390 3 0 0 4 6 18
383057 11 0 1 6 6 23
358483 95 1 0 5 6 31
1067082 12 1 1 8 6 23
854096 35 0 1 6 6 17
75881 46 1 1 0 6 17
604282 34 1 0 7 6 47
211063 55 0 0 7 6 18
383088 54 0 1 9 6 20
1026167 121 1 1 8 6 23
247929 19 0 0 1 6 47
403580 143 1 0 6 6 15
219263 190 1 1 4 6 19
1394792 4 1 0 1 6 49
1063058 7 1 1 6 6 23
223366 16 1 0 6 6 16
39046 16 0 1 0 6 22
682115 70 1 0 6 6 18
456840 49 1 1 8 6 21
391306 56 0 0 4 6 14
215184 67 1 1 1 6 19
747666 15 1 0 4 6 19
530601 17 0 0 8 6 17
22690 79 1 1 0 6 20
321697 22 0 0 7 5 35
440480 18 0 1 6 6 26
792740 19 0 0 4 6 39
1362084 4 1 1 6 6 26
342195 59 1 1 2 6 20
334014 64 1 1 4 6 34
538805 14 1 0 7 6 36
55494 96 0 0 2 6 17
432334 10 0 1 6 6 20
432335 2 0 1 8 6 19
1280218 1 0 1 6 6 26
100555 24 1 1 5 6 21
432332 5 1 1 6 6 22
432333 4 0 1 2 6 21
1276125 4 1 0 5 6 42
432343 16 1 1 1 6 22
432341 7 1 1 6 6 23
432338 9 0 1 6 6 24
1267911 8 0 1 4 6 40
84183 30 0 1 8 6 19
432336 1 0 1 2 6 19
432337 2 1 1 2 6 19
432350 4 1 1 9 6 21
67803 7 1 1 9 6 21
432348 7 1 1 1 6 22
432346 48 1 1 6 6 22
465114 15 1 0 1 6 15
432347 5 0 1 2 6 18
432344 3 1 1 1 6 20
432345 5 1 1 3 6 20
1308915 1 1 1 6 6 22
1423607 8 1 0 1 6 39
1210609 8 1 1 6 6 22
395489 32 1 1 1 6 22
125162 69 1 1 6 6 17
1571067 2 1 0 5 6 41
260334 24 0 0 1 6 17
129260 149 1 1 2 6 22
157943 78 1 1 1 6 29
403710 52 0 1 3 6 19
432382 4 1 1 7 6 25
555250 62 1 1 6 6 25
1218793 23 1 0 7 6 42
432390 5 1 1 2 6 18
993551 6 1 0 5 6 30
432391 4 1 1 1 6 32
432388 26 1 1 6 6 19
289024 150 1 1 1 6 18
432386 44 1 1 1 6 19
141574 8 0 0 5 6 37
432387 15 0 1 2 6 22
432384 9 1 1 1 6 29
432385 1 1 1 7 6 19
1165590 31 1 0 8 6 33
1063193 8 0 1 4 6 19
157960 59 0 1 9 6 20
1612051 9 1 0 1 6 49
444682 17 0 0 1 6 17
432394 3 0 1 0 6 42
690438 47 1 0 5 6 39
432392 19 1 1 9 6 22
432393 7 1 1 4 6 22
14611 50 0 1 8 6 17
370966 6 0 1 3 6 19
284945 32 0 0 8 6 16
383251 74 0 1 1 6 25
383256 21 1 1 9 6 20
1427722 19 1 0 7 6 49
747817 33 0 0 1 6 17
432430 9 1 1 9 6 20
432428 1 0 1 6 6 20
432429 19 1 1 7 6 24
432427 1 1 1 2 6 23
178476 112 1 0 4 6 14
432438 48 1 1 1 6 20
432439 13 1 1 6 6 22
432436 8 1 1 0 6 19
432437 17 0 1 8 6 20
313648 23 1 0 2 6 16
432434 15 1 1 6 6 19
432435 1 1 1 4 6 20
432432 20 1 1 9 6 20
432433 32 0 1 6 6 20
776497 8 1 0 8 5 19
166200 40 1 1 6 6 23
432444 36 1 1 1 6 39
776496 3 0 0 4 6 17
469307 29 0 0 1 6 16
432442 16 1 1 6 6 21
432443 18 1 1 5 6 17
18750 56 0 0 0 6 16
432441 16 1 1 9 6 21
776521 23 0 0 1 6 16
1399127 4 1 1 7 6 41
1309008 3 1 1 6 6 23
26953 34 1 0 4 6 16
235849 64 1 1 2 6 21
661824 7 0 0 5 6 37
477527 38 1 0 1 6 17
481620 35 1 0 2 6 18
559451 12 0 1 8 6 31
416094 28 1 1 6 6 18
1517900 5 1 0 0 6 55
510299 64 1 1 8 6 19
35165 9 1 1 1 6 17
432486 9 1 1 9 6 21
661866 33 1 1 6 6 27
432487 9 0 1 2 6 19
432484 11 1 1 7 6 20
432485 9 0 1 1 6 24
1423729 9 1 0 1 6 50
252261 22 0 1 1 6 24
252266 88 1 0 1 6 18
432492 25 1 1 3 6 20
432493 4 1 1 1 6 35
1055099 7 1 1 1 6 22
125290 57 1 1 6 6 20
432490 35 1 1 4 6 22
371048 29 1 1 1 6 19
432491 32 1 1 1 6 27
432488 7 1 1 9 6 19
432489 34 0 1 1 6 26
207216 16 0 0 7 6 34
776575 30 0 0 6 6 13
776572 4 0 0 1 6 18
158069 37 1 1 6 6 18
88441 21 1 1 0 6 20
227704 83 1 0 1 6 15
371078 61 1 1 1 6 20
371073 74 1 1 1 6 19
170373 344 1 1 6 6 26
776577 6 0 0 1 6 17
870790 3 0 0 5 6 42
1010051 11 1 1 5 6 23
358792 13 1 0 1 6 15
756100 8 1 0 3 6 16
244115 65 1 0 1 6 14
723359 42 0 0 1 6 13
776619 4 1 0 1 6 17
80293 53 0 1 0 6 24
743853 47 0 0 5 6 39
776620 6 1 0 1 5 15
76212 228 1 1 6 6 25
1239463 24 1 1 4 6 28
1096102 12 0 0 5 6 40
465349 40 0 0 1 6 16
776642 13 1 0 2 6 15
227784 4 0 0 7 6 17
879069 4 1 0 0 6 33
776659 2 1 0 1 6 17
653776 35 1 0 1 5 16
776658 2 1 0 1 6 16
686547 27 0 1 7 6 25
1071561 30 1 0 7 6 47
776657 1 1 0 2 6 15
326111 18 0 1 3 6 19
1055179 62 1 1 1 6 35
96733 60 1 1 7 6 22
776662 4 1 0 5 6 15
432603 66 1 1 0 6 30
776661 3 0 0 1 6 16
776660 3 1 0 9 6 17
776683 5 1 0 7 6 15
776682 4 1 0 1 6 15
129509 58 1 1 7 6 20
760301 6 1 0 9 6 17
776684 5 1 0 1 6 16
76264 14 0 1 6 6 20
1346047 8 1 1 6 6 34
629218 107 1 1 6 6 23
387561 21 1 0 4 6 17
920033 22 0 1 4 6 19
879100 2 0 1 7 6 34
1559018 12 1 1 7 6 40
358907 55 1 1 8 6 20
891379 6 1 1 1 6 23
1559062 4 1 1 0 6 46
932367 110 1 1 6 6 32
776713 3 0 0 4 6 16
35333 18 1 1 1 6 17
84484 71 1 1 3 6 19
1309206 4 1 1 6 6 23
215557 24 0 1 4 6 23
68105 22 0 1 2 6 18
346642 210 1 1 5 6 24
150042 117 1 1 8 6 26
150040 196 1 1 8 6 20
776720 21 1 0 1 6 14
506392 58 1 0 8 6 20
432678 6 1 1 6 6 24
1313332 17 1 0 7 6 34
432679 12 1 1 9 6 23
121376 12 1 1 0 6 20
432676 5 1 1 4 6 27
432677 7 1 1 3 6 29
1423926 4 0 0 5 6 35
432674 54 1 1 1 6 20
88612 145 1 0 8 6 17
432675 12 1 1 6 6 19
432687 5 1 1 9 6 19
444972 15 1 0 4 6 17
432684 6 1 1 7 6 26
432685 14 1 1 7 6 18
375342 112 1 1 8 6 20
289320 46 0 1 7 6 30
432682 11 1 1 3 6 21
432683 3 1 1 2 6 21
432680 5 0 1 8 6 23
383541 6 0 1 5 6 20
432693 3 1 1 4 6 22
113205 41 1 0 1 6 17
432690 18 1 1 1 6 20
1559075 1 1 1 7 6 27
432691 24 1 1 1 6 31
432688 60 1 1 0 6 21
432689 21 1 1 6 6 23
776779 1 1 0 1 5 18
776782 4 1 0 1 6 17
285250 46 0 1 3 6 20
776794 12 1 0 2 6 17
326224 12 1 1 0 6 19
1112647 6 0 0 7 6 38
227931 21 1 1 9 6 18
432734 8 1 1 7 6 18
432735 3 1 1 9 6 22
432732 74 1 1 6 6 19
629330 27 0 0 1 6 19
776784 7 1 0 1 5 16
432733 14 1 1 4 6 20
432730 6 1 1 7 6 21
432731 39 0 1 6 6 19
432728 11 1 1 2 6 21
432742 38 0 1 6 6 20
432740 1 0 1 2 5 20
465509 3 1 1 8 5 19
903790 36 0 1 6 6 24
391777 22 0 1 8 6 18
432738 5 1 1 9 5 19
432739 55 0 1 3 6 29
334435 32 0 1 9 6 21
432737 7 1 1 6 6 26
432748 4 1 1 7 5 23
1510012 7 1 0 5 6 53
432747 7 1 1 1 6 18
227949 15 1 0 7 6 14
432744 4 1 1 0 6 19
432745 8 1 1 2 6 21
920161 27 0 1 1 6 52
473718 58 1 0 1 6 16
588413 24 0 0 1 6 40
555647 14 0 0 7 6 29
625278 38 1 0 5 6 40
51834 21 1 0 7 6 39
399997 344 1 1 4 6 20
580212 25 1 0 7 6 50
1342059 3 1 1 6 6 22
199298 47 0 0 2 6 16
318086 29 0 1 2 6 19
969356 37 1 1 5 6 26
1251990 12 0 1 7 6 51
6790 65 1 1 7 6 19
84617 31 1 1 9 6 20
1256091 5 0 1 8 6 20
1329821 21 1 1 7 5 27
1321630 5 0 0 5 6 27
1383066 3 0 1 3 6 26
1133185 16 1 1 1 6 19
764571 9 0 1 6 6 22
166549 49 1 1 0 6 26
641683 10 1 1 8 6 38
481946 44 0 0 7 6 40
277157 112 0 1 4 6 22
457380 26 0 0 8 6 14
338604 44 1 1 5 6 25
596642 88 1 0 5 6 38
338609 35 1 1 3 6 20
338608 52 1 1 4 6 21
445104 21 1 0 1 6 18
826043 43 1 0 5 6 45
31428 769 1 1 9 6 42
88773 76 1 1 8 6 21
1309399 5 1 1 4 6 20
1309402 1 1 1 6 5 23
1309401 3 1 0 6 6 8
1309400 2 0 1 6 6 22
604892 43 1 0 9 5 17
133847 22 1 1 6 5 18
400081 86 1 1 8 6 23
88792 33 0 0 8 6 17
248538 261 1 1 8 6 19
862931 18 0 0 7 6 41
76515 80 1 1 2 6 23
1514229 7 1 0 9 6 31
187114 37 0 0 1 6 52
441069 21 1 0 2 6 22
338670 12 1 1 4 6 28
170734 37 1 1 0 6 18
420584 153 1 0 7 6 30
191213 21 1 0 2 6 13
1182461 29 1 1 8 6 30
256753 69 1 1 5 6 20
51958 52 1 0 2 6 18
97019 67 1 1 9 6 19
776948 4 0 0 1 5 16
68352 34 0 1 0 6 20
428815 92 1 1 9 6 21
776966 34 1 0 1 6 18
1465092 4 1 1 6 6 24
776984 2 0 1 1 6 20
379677 49 1 0 8 6 17
138011 12 1 1 6 6 22
531221 54 1 0 1 6 23
326437 9 0 1 0 6 26
31526 24 0 0 1 6 17
457515 49 1 1 8 6 18
219949 27 1 0 1 6 42
359228 113 1 1 3 6 19
469821 6 1 0 1 6 17
109371 47 1 1 5 6 25
43844 51 1 1 0 6 20
1289047 47 1 0 7 6 43
432974 10 0 1 7 6 20
432975 3 0 1 2 6 20
326479 48 1 1 9 6 20
432973 8 1 1 1 6 25
432982 5 1 1 6 6 20
326480 64 1 1 0 6 19
432979 31 1 1 1 6 22
432977 28 1 1 6 6 23
432988 139 1 1 6 6 19
326495 36 0 1 6 6 23
432989 22 1 1 2 6 19
432986 1 1 1 0 5 25
432987 50 1 1 6 5 22
432984 23 1 1 2 6 20
432994 49 0 1 9 6 21
895844 40 0 1 6 6 23
858982 15 1 1 6 6 24
338793 9 0 1 1 6 27
35693 104 1 1 0 6 20
11123 210 1 1 7 6 18
1346400 12 1 0 7 6 47
1379171 15 1 0 5 6 39
433022 8 0 1 4 6 18
433023 31 1 1 1 6 23
1170284 16 0 0 7 6 36
813937 14 0 0 2 6 42
1346409 4 1 1 8 6 32
154492 79 0 1 3 6 24
433030 19 0 1 0 6 25
72578 103 0 1 6 6 21
433029 45 0 1 2 6 19
1612699 3 1 1 6 6 40
433026 24 0 1 1 6 22
211847 28 0 0 7 6 11
68484 26 0 1 9 6 22
39814 44 1 0 6 6 18
191365 119 1 0 6 6 15
433032 7 0 1 8 6 36
11153 40 0 1 0 6 19
326557 25 0 1 3 6 26
338844 22 1 1 1 6 26
465820 130 1 0 1 6 16
527253 59 1 1 6 6 19
932783 17 1 1 6 6 19
211879 22 0 1 1 6 19
52133 70 0 0 1 6 16
166824 59 1 1 3 6 18
809889 58 1 0 7 6 34
191411 53 0 0 1 6 15
965567 9 0 1 5 6 46
641976 54 1 1 8 6 25
433075 68 1 1 9 6 20
109495 178 1 1 2 6 21
433072 31 0 1 7 6 19
433073 131 1 1 3 6 19
232372 180 1 1 2 6 23
347058 13 1 1 8 6 33
707504 62 1 0 5 6 47
707530 45 1 1 4 6 40
211904 111 1 0 1 6 15
1211345 23 1 1 4 6 36
121797 74 1 1 7 6 20
121801 186 1 1 2 6 19
662464 38 1 1 6 6 26
1539035 20 1 1 1 6 28
891864 15 0 0 5 6 30
355292 101 1 0 1 6 16
777168 44 0 1 5 6 34
261084 48 0 1 7 6 20
1358836 6 0 1 1 6 26
224226 23 1 1 1 6 25
723939 28 1 0 1 6 48
859108 21 1 1 4 6 21
650213 6 0 0 1 6 16
732153 8 1 0 1 5 16
117756 53 1 0 1 6 13
220158 38 1 0 1 6 17
1592346 1 1 1 2 6 32
285703 351 1 0 8 6 19
433167 8 0 1 1 6 20
433165 32 0 1 5 6 22
433173 11 1 1 1 6 18
506897 17 0 0 2 6 41
1080326 4 1 0 1 6 58
433182 95 1 1 6 6 19
326686 23 0 1 0 6 31
338975 31 0 1 3 6 22
1428494 7 0 0 7 6 50
433176 57 0 1 8 6 18
769044 18 0 0 7 6 46
736299 44 1 0 8 6 26
39972 176 1 0 8 6 14
326689 9 0 1 0 6 23
1223735 22 1 1 5 6 23
277538 72 1 1 2 6 20
187428 25 0 0 5 6 34
31791 134 0 1 6 6 18
302128 79 1 1 2 6 20
3128 104 1 0 2 6 16
433214 43 1 1 6 6 20
93240 96 1 1 2 6 19
433215 10 0 1 6 6 22
404541 20 1 1 9 6 19
453690 35 1 0 1 5 15
31807 223 1 1 9 6 21
1027120 27 1 0 7 6 39
433217 5 0 1 7 6 25
502863 22 0 0 2 6 16
1023044 25 1 1 2 6 37
302165 126 1 0 6 6 19
19540 33 0 1 4 6 23
359506 28 0 1 1 6 20
433247 8 0 1 8 6 21
326750 59 1 1 0 6 23
433244 27 0 1 2 6 17
433245 50 1 1 3 6 20
785488 32 1 0 1 6 22
326744 54 1 1 8 6 20
269400 50 1 1 8 6 22
433252 33 0 1 5 6 28
412773 33 1 1 7 6 17
433253 59 1 1 7 6 20
433250 80 1 1 8 6 19
433251 28 0 1 7 6 19
1309813 36 1 1 7 6 54
433249 5 0 1 7 6 24
1617023 2 1 0 5 6 40
343145 63 1 0 1 6 15
760956 9 0 0 4 6 15
248948 70 1 1 3 6 20
359549 74 1 1 9 6 19
35961 23 1 0 1 6 13
433286 25 1 1 1 6 20
1199250 22 1 1 6 6 35
433287 3 0 1 4 6 26
433285 60 1 1 6 6 20
281735 131 1 1 6 6 23
64644 45 0 1 0 6 19
228487 56 1 1 1 6 20
433282 36 1 1 6 6 18
433283 33 1 1 9 6 20
433281 44 0 1 6 6 25
416911 41 1 1 7 6 19
433288 13 1 1 1 6 25
375946 74 0 1 6 6 35
261260 10 0 0 7 6 38
208025 62 1 1 2 6 19
867478 7 1 0 7 6 10
330913 6 1 0 1 5 15
1469618 9 1 1 0 6 26
273580 47 1 0 1 6 19
433333 29 0 1 8 6 20
433331 3 0 1 5 6 20
11446 129 0 0 3 6 15
908475 10 1 0 7 6 26
609460 27 1 0 1 6 13
408763 33 0 1 1 6 18
1596581 4 1 0 1 6 44
797900 24 1 1 6 6 45
105665 7 1 0 0 6 36
191685 21 1 1 6 6 20
85190 53 1 0 0 6 20
269516 79 1 0 1 6 16
470224 119 1 0 1 6 16
666833 102 1 0 1 6 16
191705 18 0 1 1 6 20
1035473 15 1 1 6 6 23
228578 30 0 0 8 6 15
294117 78 0 0 1 6 15
1326326 7 1 1 7 6 32
97506 151 1 1 9 6 21
367850 51 1 1 3 6 19
433398 21 0 1 3 6 27
433396 46 0 1 6 6 19
433395 37 0 1 9 6 27
945400 10 1 1 7 6 41
27897 8 0 1 0 6 20
1113325 4 1 1 6 6 41
1428757 1 0 0 5 5 39
1428756 1 1 0 7 6 49
1428758 1 1 0 5 5 33
1428755 4 1 0 7 6 41
384258 40 1 1 9 6 20
1428754 1 0 0 5 6 27
1023236 70 1 1 8 6 19
89365 98 1 0 2 6 16
36119 49 1 1 0 6 19
1277188 5 1 1 7 6 23
761116 132 1 0 2 6 19
433438 34 1 1 7 6 21
52504 270 1 0 0 6 20
433436 14 0 1 1 6 27
1494284 3 0 1 5 5 58
433437 47 1 1 1 6 28
433434 38 0 1 1 6 20
433435 118 1 1 3 6 23
1338633 19 1 1 6 6 31
433433 23 1 1 6 6 20
433446 19 1 1 1 6 24
429351 109 1 1 1 6 21
433447 55 0 1 8 6 18
433445 42 0 1 3 6 24
884008 12 0 1 7 5 33
1436987 2 0 0 5 6 42
306475 11 1 1 0 6 28
384298 50 1 1 2 6 30
1080609 10 1 0 1 6 36
1486119 5 1 0 5 6 52
798015 8 1 1 6 6 23
728380 15 1 0 0 6 27
232767 97 1 1 7 6 21
1490217 1 0 0 7 6 44
195901 70 1 1 2 6 29
1428821 3 1 0 7 6 35
1428820 3 0 0 5 6 48
1428823 2 0 1 7 6 41
1428822 4 1 0 1 6 42
126276 41 1 1 1 6 30
1428816 3 0 0 5 6 51
351555 58 1 0 1 6 15
1428819 1 1 0 7 6 38
384332 102 0 0 8 6 17
1428825 1 0 0 5 6 59
433494 13 0 1 6 6 21
1428804 3 0 0 5 6 29
433493 89 1 1 6 6 18
1428801 2 1 0 5 6 60
589148 5 1 1 6 6 25
433491 40 0 1 7 6 19
1428803 2 0 0 5 6 47
1428802 2 0 0 5 6 40
1428813 7 1 0 4 6 56
339292 103 0 1 8 6 19
331103 5 0 1 1 5 18
433500 12 1 1 8 6 27
1428815 2 1 0 7 6 44
458075 42 1 1 6 6 17
433496 61 1 1 9 6 20
458072 54 1 1 6 6 19
433497 21 1 1 1 6 25
458073 86 1 0 6 6 14
1457527 13 1 1 5 6 43
437602 16 1 0 8 6 14
347488 70 1 1 9 6 18
879972 33 1 1 1 6 23
1015137 5 0 0 7 6 31
843107 8 0 0 5 6 38
433534 53 1 1 5 6 19
130427 58 0 0 1 6 17
155001 34 1 0 1 6 15
1314198 7 1 0 7 6 37
433536 38 1 1 9 6 22
544143 53 0 1 6 6 18
458122 31 1 0 7 6 38
486794 28 0 0 7 6 30
138636 76 1 1 1 6 21
798083 14 0 0 5 6 41
490903 63 1 0 7 6 33
105875 13 1 0 0 5 36
1465730 1 1 0 7 6 33
105877 12 1 0 0 6 33
1416578 4 1 0 5 6 35
1015190 4 0 0 5 6 50
339353 118 1 0 8 6 15
286117 21 0 1 5 6 19
331172 208 1 1 9 6 19
339364 22 0 1 2 6 24
331169 322 1 1 9 6 19
28069 248 1 0 1 6 15
585135 66 1 1 6 6 11
331178 319 1 1 9 6 19
433577 52 1 1 9 6 20
228791 66 0 0 7 6 13
372144 20 0 0 1 6 27
888251 7 1 1 2 6 29
36279 42 0 0 1 6 16
200116 108 1 0 2 6 18
1064361 4 0 1 1 6 25
122299 177 1 1 8 6 26
146873 107 1 1 6 6 20
613813 11 1 0 1 6 29
736694 46 1 0 1 6 27
724404 98 1 1 1 6 35
413125 17 0 1 1 6 20
433615 71 0 1 8 6 19
433612 8 1 1 2 6 23
433611 43 0 1 7 6 18
904643 12 1 1 8 5 32
77262 335 1 1 1 6 17
77264 20 1 1 5 6 27
323030 51 0 0 7 6 15
105939 4 1 1 0 5 40
339414 34 1 1 5 6 20
433616 66 1 1 6 6 18
339410 19 1 1 2 6 25
105952 7 1 1 0 6 36
781805 6 1 1 4 6 19
48615 49 0 0 1 6 42
351724 42 0 1 1 6 21
490988 47 1 1 6 6 18
134638 49 1 0 1 6 16
1330661 9 1 1 9 6 18
1211875 7 1 0 5 6 56
212465 95 1 1 4 6 20
40434 48 1 1 1 6 22
1519077 5 0 1 7 6 25
433650 15 1 1 2 6 19
466419 14 0 0 7 6 40
433651 14 1 1 9 6 20
1105382 26 1 1 8 6 22
400895 43 1 1 2 6 20
351742 54 0 0 1 6 15
40444 34 1 1 6 6 21
368121 147 1 1 8 6 19
167420 12 1 1 6 6 21
122369 140 1 1 0 6 22
433671 58 1 1 3 6 20
40451 95 1 1 9 6 18
269827 75 1 0 4 6 20
433676 27 0 1 3 6 18
433674 8 0 1 5 6 28
433675 3 0 1 1 6 25
433672 52 1 1 7 6 21
433673 16 0 1 9 6 21
396822 14 0 0 4 6 18
323094 13 0 1 0 6 20
126483 58 1 0 6 6 16
1539586 2 0 0 7 6 44
335379 21 1 1 8 6 19
122390 39 0 1 1 6 23
228897 76 1 0 3 6 18
212512 85 1 1 5 6 21
433710 17 0 1 9 6 22
355885 18 1 0 0 6 25
433708 19 1 1 5 6 20
273967 55 0 0 8 6 16
433709 45 1 1 6 6 24
347689 32 1 1 2 6 18
433706 14 1 1 3 6 28
433707 13 1 1 1 6 26
163372 46 0 1 4 6 22
589350 14 1 1 8 6 25
433705 27 1 1 1 6 26
142893 41 0 1 7 6 17
1240614 34 1 1 5 6 37
380464 6 1 1 8 6 20
474673 19 1 0 8 6 18
302652 61 1 1 1 6 20
835124 19 1 0 4 6 16
20027 22 1 1 0 6 21
48701 47 0 1 1 6 20
142923 40 0 0 1 6 15
949831 11 0 0 5 6 30
278101 131 1 0 8 6 21
335440 48 1 1 3 6 16
978523 13 1 0 5 6 40
691819 21 1 1 6 6 33
1330802 4 1 1 6 6 23
1195647 43 1 1 1 6 27
1187452 10 0 0 6 5 50
310898 145 1 0 2 6 17
265842 131 1 1 5 6 18
7803 37 0 0 8 6 16
466564 41 0 0 2 6 14
401026 7 1 1 6 6 29
134789 14 0 1 1 6 18
261769 90 1 1 3 6 22
323210 75 0 0 6 6 15
310935 46 1 1 2 6 27
433822 41 1 1 0 6 21
212638 64 1 1 2 6 26
937647 8 1 1 1 6 22
1416887 11 1 1 1 6 19
1502899 7 1 0 5 6 49
298671 79 1 0 1 6 17
339639 122 1 1 6 6 21
1371808 5 1 1 6 6 26
339641 51 1 1 1 6 23
417466 31 0 1 6 6 19
454331 13 1 1 6 6 26
691914 33 1 1 6 6 30
36551 90 1 1 1 6 18
110294 131 1 1 5 6 19
1023701 43 1 1 7 6 35
618195 29 1 1 5 6 22
376543 27 1 1 4 6 28
388825 13 0 0 2 6 18
376549 30 1 1 0 6 41
3818 178 1 1 0 6 20
159470 224 1 1 1 6 20
233201 57 1 1 2 6 18
765694 15 0 0 1 5 17
335602 143 0 1 6 6 20
1244904 17 0 1 7 6 31
335608 71 1 1 1 6 21
397069 71 1 0 1 6 15
757510 46 1 0 7 6 51
1040159 89 1 0 7 6 33
421655 50 1 1 7 6 48
417557 41 0 0 5 6 15
69396 132 1 1 0 6 19
515870 69 1 1 8 6 22
446246 131 1 1 4 6 19
540457 9 0 1 7 6 22
200485 97 1 0 3 6 50
130861 134 1 1 9 6 17
1400633 21 1 1 2 6 27
376630 38 1 1 9 6 21
53050 46 1 0 5 6 15
61242 207 1 1 6 6 24
384826 67 1 1 6 6 18
962382 23 1 0 5 6 40
282437 64 0 1 1 6 26
1007438 9 1 0 7 6 38
175937 118 0 0 1 6 15
20294 121 1 0 0 6 19
847690 11 1 1 6 6 39
1335123 11 1 0 5 6 60
184142 26 1 1 7 6 18
724807 17 1 1 6 6 20
311120 21 1 0 9 6 16
1244998 7 0 1 4 6 31
212825 41 0 1 8 6 15
32604 30 0 1 9 6 21
20324 177 1 1 0 6 25
286572 114 1 1 2 6 18
1015655 10 1 1 8 6 24
1527679 1 1 1 4 6 21
28521 115 1 1 0 6 20
675686 51 1 1 6 6 24
36718 97 1 0 7 6 17
253811 77 1 1 6 6 27
1257314 17 1 1 4 6 25
61298 182 0 0 1 6 15
388976 29 0 0 1 6 18
769920 15 1 0 4 6 16
262039 59 1 1 1 6 21
73623 144 1 1 5 5 19
692125 29 1 1 6 6 27
1113994 16 0 0 5 6 46
311193 60 0 0 5 6 18
1146767 24 1 1 7 6 42
733077 7 1 0 7 6 45
728999 11 1 0 2 6 18
8110 47 0 1 0 6 19
397238 55 1 1 0 6 19
581553 13 1 1 0 6 33
1183697 6 0 0 7 6 38
524235 66 0 1 6 6 30
339912 30 0 1 1 6 28
208853 13 1 1 4 6 26
131032 39 0 0 1 6 17
503771 84 1 0 3 6 17
16351 88 0 1 0 6 18
397273 37 0 1 7 6 19
843756 11 0 0 4 6 57
233445 45 1 1 1 6 19
155624 25 0 1 0 6 19
573411 75 1 1 8 6 19
1196030 14 1 1 7 6 26
53229 102 0 0 2 6 16
856062 20 0 0 5 6 37
172023 27 1 1 7 6 21
311292 25 0 0 1 6 15
958455 70 1 1 5 6 43
31428 434549
566693 1531999
77262 776572
835124 123562
612198 370567
612198 596642
927476 122299
31428 96733
31428 431762
1066636 1226130
352500 573411
77262 530480
31428 433491
1066636 1296069
31428 338975
77262 3128
31428 431264
574639 438548
31428 91569
612198 796130
431080 172758
77262 676691
345298 1342059
399055 1309206
574639 1410316
31428 433217
31428 432386
77262 144144
77262 609460
31428 75340
612198 707504
612198 809889
31428 255907
31428 382605
835124 458072
31428 348992
31428 431724
77262 36718
31428 154492
31428 36119
574639 46910
31428 43844
612198 783747
345298 214638
31428 88773
835124 544143
31428 432119
77262 168827
31428 432194
612198 51834
77262 776204
31428 373977
31428 433283
77262 776497
566693 332278
77262 292196
31428 305091
77262 774763
345298 691819
77262 776660
31428 432200
31428 431847
927476 357487
566693 841099
566693 138011
1066636 1184294
1457527 857548
31428 337807
31428 233201
31428 433073
77262 693641
77262 55494
31428 337571
77262 448066
566693 1023044
1066636 1010051
1146767 1119971
566693 347058
77262 776720
31428 166549
31428 433244
31428 40995
77262 419577
31428 381693
31428 431671
1255315 1244998
77262 111573
77262 191365
31428 431318
345298 858982
31428 40434
31428 433030
31428 91490
927476 1527679
431080 319549
31428 433615
1066636 1559075
31428 28971
31428 433072
77262 228578
31428 431939
537309 1131426
835124 458073
31428 22690
31428 432974
31428 88441
31428 320251
1255315 1082479
31428 106783
77262 565488
1519077 893012
31428 433447
77262 463212
77262 358792
31428 31791
31428 62257
835124 125162
574639 1267911
31428 432000
105877 91510
1410328 884008
31428 367850
77262 5054
77262 349978
31428 431763
77262 260086
566693 45538
31428 432122
31428 225984
31428 382779
31428 233445
77262 559451
31428 432432
31428 383057
31428 373140
1428815 615227
612198 1428815
537309 42433
566693 1052909
31428 432435
1240614 434897
352500 435837
566693 570619
31428 431463
920161 580212
31428 227931
31428 413125
31428 433250
77262 468332
31428 432441
31428 432977
31428 159470
566693 508177
612198 88112
612198 1321630
77262 444972
77262 471922
31428 432679
566693 346642
77262 476685
1457527 1276125
105877 105665
345298 1225860
1311839 750651
77262 460759
31428 331178
399055 1020140
77262 300640
1351784 728999
77262 561567
31428 312112
31428 338608
612198 1428755
566693 213814
31428 217134
612198 1428757
612198 959651
31428 132921
77262 252266
77262 357713
31428 337619
612198 1428820
31428 84183
352500 663785
31428 432332
31428 266443
31428 432193
1146767 1428755
615227 413842
31428 228487
31428 432008
31428 35693
77262 62893
612198 962382
77262 276172
566693 859108
77262 446992
31428 384826
31428 433434
31428 311967
31428 277538
31428 433673
537309 1185069
1617023 965567
77262 775989
31428 122299
31428 431326
615227 728380
615227 1514229
1577965 1165590
721227 1462553
31428 408763
1240614 521038
31428 431767
77262 467752
31428 432603
77262 87165
77262 173466
566693 488789
77262 432096
345298 160020
537309 253811
1457527 1156966
31428 208025
31428 27897
612198 964174
31428 431075
31428 431508
566693 395073
77262 168577
31428 431324
31428 434722
77262 227704
574639 1055179
721227 67073
1330661 724404
574639 422413
612198 1080609
31428 432439
431080 62616
31428 431950
31428 164917
352500 287766
77262 182043
31428 326479
352500 504711
1240614 578066
835124 854096
31428 359506
77262 469821
31428 432748
77262 226882
77262 445104
77262 210181
345298 21721
31428 432126
1066636 1559062
612198 796125
31428 433445
566693 1105382
77262 13102
1066636 262039
352500 261769
31428 93240
31428 434496
77262 747817
31428 16424
31428 410101
612198 1303932
77262 323904
31428 6790
566693 891379
77262 62841
612198 993551
31428 399223
31428 432199
31428 434550
612198 829215
31428 157960
77262 382570
77262 14611
31428 212638
345298 1577965
31428 433333
431080 328739
612198 1428801
352500 352569
31428 395489
77262 212825
566693 550878
77262 273580
31428 63003
77262 776682
31428 156293
31428 431082
31428 8643
31428 238493
1240614 757510
1255315 1539035
31428 432680
399055 1309008
77262 155001
1457527 483365
566693 570671
537309 1196030
31428 168080
31428 432085
31428 339364
31428 432132
612198 48615
31428 432075
77262 79185
566693 1131426
77262 161827
77262 28069
31428 432129
77262 474673
566693 451386
77262 161405
345298 36953
574639 914798
77262 230679
77262 776062
615227 531221
927476 432491
31428 40451
1066636 375946
612198 1417400
31428 110294
31428 431761
31428 431730
77262 287693
31428 433494
31428 22455
77262 191213
352500 504292
399055 339639
1240614 795853
835124 42549
77262 200116
927476 1256091
31428 431850
612198 1428819
31428 431617
77262 258371
77262 291624
77262 51958
31428 120402
537309 146873
1066636 1410349
1255315 1556642
77262 776010
612198 1398179
352500 352911
31428 431943
612198 1324881
31428 432197
566693 195901
612198 555647
77262 693869
77262 776203
77262 387561
31428 326224
1330661 246090
566693 209214
77262 483484
431080 63003
1311839 1574468
31428 235849
31428 431941
31428 432012
77262 776684
31428 339641
77262 775987
31428 22531
432337 1066636
31428 376630
77262 629330
31428 432428
566693 581553
77262 337770
77262 395249
31428 384258
1126800 1423607
612198 1040159
77262 385098
31428 431933
77262 776619
31428 432394
31428 432121
566693 951472
574639 1304352
77262 304916
345298 1465092
31428 340300
612198 820515
31428 432975
615227 1596581
31428 265842
1240614 1073876
77262 469029
31428 382611
31428 432988
1066636 1309813
31428 359228
399055 1309401
31428 36551
31428 426949
612198 938229
1066636 1246047
77262 351555
77262 723359
31428 431516
77262 360484
31428 431759
566693 157943
77262 18750
77262 423392
77262 396822
345298 591540
31428 129260
574639 1336016
31428 219263
77262 188467
352500 1188917
31428 359549
31428 326111
31428 431512
615227 58201
31428 432486
77262 775778
105877 5436
31428 374531
537309 627706
31428 431321
937647 1005022
31428 433251
31428 431078
612198 843756
612198 420584
77262 441069
937647 680146
920161 1303932
77262 29393
77262 311120
31428 158069
31428 357911
31428 111874
31428 433247
31428 433651
537309 230061
31428 432493
31428 433435
31428 431760
31428 431328
77262 227253
77262 776230
31428 403710
31428 431618
31428 338670
612198 1187452
345298 932783
31428 433253
537309 570534
31428 233606
566693 1390088
574639 1409890
77262 136076
31428 326437
77262 473718
721227 652088
31428 434340
612198 613813
566693 641683
835124 126483
31428 432689
31428 16530
31428 432437
31428 166824
574639 1410334
31428 431464
31428 432693
399055 446246
31428 32604
77262 140289
31428 431727
31428 339912
77262 150042
77262 355292
31428 432678
77262 58021
31428 33886
566693 1329191
77262 391777
77262 28695
1240614 856062
31428 432010
399055 724807
1255315 1064361
31428 432433
345298 490988
77262 212465
920161 1234468
31428 84617
566693 673868
31428 432438
77262 53229
345298 400081
31428 433577
31428 68352
31428 432343
1146767 1183697
77262 61298
612198 187114
77262 454679
77262 776164
345298 570254
566693 426964
77262 604892
352500 352336
31428 121801
612198 374009
31428 433671
77262 385681
574639 340029
77262 50641
920161 120109
1428803 1240614
31428 431946
574639 919062
574639 1211345
31428 215184
77262 776948
31428 432740
612198 743853
399055 895844
31428 434339
31428 433167
1255315 1451005
612198 1274680
31428 307914
31428 432202
537309 165118
1066636 604282
1126800 369679
1311839 861643
566693 1213368
31428 412773
31428 433676
31428 119019
31428 331784
31428 431085
31428 271284
31428 335440
352500 527253
31428 211879
31428 433282
77262 467059
574639 540457
31428 39046
31428 326495
31428 49764
31428 122390
77262 468184
31428 176566
31428 410152
612198 777168
352500 685739
1410316 1311839
612198 1211875
1255315 1592346
566693 946557
345298 401026
77262 227949
927476 764571
1066636 574639
612198 1113994
31428 432687
77262 330913
31428 250884
77262 388825
31428 114986
31428 340978
1126800 419291
835124 209254
77262 506392
615227 147950
1240614 697958
615227 131887
31428 397238
920161 1423729
31428 67803
345298 691914
1066636 1066411
31428 91406
615227 124736
1066636 1494284
31428 337150
31428 374460
31428 431766
352500 302165
574639 1406933
105877 105952
31428 434836
77262 388976
77262 717401
31428 434342
612198 1205628
31428 431419
31428 50993
566693 397836
77262 565608
31428 229842
31428 431731
31428 431465
1146767 1539586
31428 431729
77262 134638
566693 904643
352500 1529793
77262 88612
31428 370966
77262 7803
77262 193267
31428 35165
31428 433446
566693 1271344
31428 161626
77262 38079
31428 122369
1330661 920033
31428 416911
31428 306475
31428 432732
612198 1090994
31428 433611
31428 431848
352500 269827
77262 454923
31428 433675
537309 524773
31428 431947
612198 311193
31428 75881
612198 451661
566693 996928
77262 472978
31428 397273
77262 28945
31428 91222
77262 353212
31428 381664
1255315 780225
1240614 1423926
31428 176773
31428 318086
31428 431322
399055 585794
920161 827626
31428 431949
1311839 1244904
1410328 1519077
31428 432124
31428 433674
31428 432077
77262 776008
77262 131032
345298 1037905
31428 433396
77262 298671
920161 1486119
31428 78635
31428 431896
1066636 989091
31428 239213
345298 1346047
31428 16351
31428 434796
612198 141574
31428 431764
31428 431076
31428 357671
1457527 1617023
31428 432007
31428 80293
352500 333359
77262 258256
345298 1199250
31428 341824
352500 680840
31428 431673
612198 734270
77262 467178
920161 1335123
1146767 1574403
31428 347689
77262 323210
77262 88792
77262 776658
31428 337218
615227 1140267
537309 1332054
77262 450747
566693 131436
31428 86730
345298 246744
105877 85190
77262 776521
537309 433822
352500 686109
31428 431732
345298 693401
31428 431460
31428 432443
31428 431669
1066636 1339834
566693 74309
920161 1520703
1240614 1027120
612198 321697
615227 736694
1255315 335608
615227 177734
31428 338793
31428 431087
77262 343145
77262 653776
31428 433395
31428 432384
835124 417466
31428 348948
574639 1326326
77262 456840
537309 488878
927476 1004589
431080 86755
612198 1278584
612198 1196528
615227 1598117
566693 1067082
31428 340417
31428 432682
920161 1517900
31428 432683
1255315 1532645
1126800 1040893
31428 49709
31428 432442
31428 381662
31428 337438
31428 191685
31428 191705
566693 401450
31428 371073
31428 431894
937647 841672
77262 645155
31428 35333
31428 432127
31428 31807
77262 776662
399055 1280218
537309 903790
1066636 1475328
432195 431080
920161 1502899
31428 432347
31428 302652
31428 433215
31428 10109
77262 164877
77262 311292
1255315 1195647
31428 164466
537309 1309400
31428 38968
31428 434795
1126800 553725
31428 51207
77262 107150
31428 66301
1240614 320646
31428 383088
1612699 1456178
927476 337895
1240614 1201798
31428 432123
31428 285250
31428 73771
345298 1015655
920161 1510012
31428 431951
31428 325360
77262 128676
574639 969356
31428 70074
31428 331169
31428 381666
615227 147903
352500 508080
31428 323094
77262 776659
77262 456626
879100 105877
77262 191411
77262 304850
31428 431410
31428 12601
946557 486794
937647 337373
612198 792740
31428 261084
31428 432196
31428 434798
31428 64644
352500 352502
77262 8716
345298 1362084
1255315 587486
31428 431621
31428 432492
31428 68484
31428 432430
566693 1418589
31428 433252
31428 431411
31428 432003
31428 403311
105877 105875
1240614 1589913
31428 432071
31428 433026
1558043 1061648
77262 623627
31428 432382
574639 1286494
31428 145478
31428 246061
31428 433173
835124 781805
31428 285703
31428 432338
31428 389729
1126800 219949
352500 640816
31428 429351
1146767 680034
566693 1119455
31428 432986
920161 1528813
77262 336520
77262 228791
31428 289320
31428 331103
31428 370673
31428 434483
574639 1259492
612198 1428804
31428 433438
835124 165957
31428 433612
612198 733077
1240614 442590
352500 505916
77262 227784
776230 937647
31428 351724
574639 1023701
612198 820436
566693 707530
1066636 421655
352500 22540
77262 465820
77262 732153
31428 33540
31428 430858
1255315 214467
77262 228897
566693 1346409
31428 432348
77262 465114
31428 433287
345298 555250
77262 310898
31428 184142
77262 91308
105877 105939
31428 433214
31428 431846
574639 1410328
31428 341740
31428 176558
77262 453690
1240614 869241
399055 1309402
77262 769920
31428 214467
965567 487819
77262 665012
1311839 905380
31428 433029
31428 114948
31428 434724
920161 1612051
31428 432195
77262 132596
77262 706201
31428 432491
31428 433023
31428 432072
31428 72578
31428 138636
615227 341140
77262 11446
965567 607343
31428 381988
345298 1063058
937647 792624
31428 434834
31428 98766
31428 432198
31428 431999
1351784 467654
1330661 1307427
77262 775962
31428 133847
566693 569601
345298 208853
920161 1417926
574639 869873
1240614 978523
31428 109495
920161 1074455
612198 677524
31428 431029
31428 432742
352500 682050
77262 756100
31428 360488
31428 338604
31428 432677
1255315 1133185
77262 178476
612198 481946
31428 432335
31428 433032
1240614 1508525
31428 431028
77262 299124
77262 776661
566693 958719
31428 434337
1255315 1055099
31428 41852
31428 432489
1255315 1246602
31428 432485
31428 433182
77262 246860
77262 336130
1066636 1251990
399055 431765
31428 326689
537309 510299
31428 222932
31428 433285
920161 1222530
31428 66806
31428 307786
77262 650213
31428 134789
920161 1394792
31428 145060
1066636 1102561
566693 742972
31428 373972
31428 326480
31428 366559
77262 776642
77262 31526
31428 48701
77262 457515
566693 761116
1240614 1436987
31428 431893
1240614 813937
77262 775990
345298 673790
77262 437602
31428 432730
345298 76212
77262 117756
31428 71361
31428 340032
31428 1300
399055 1020002
77262 776657
31428 334435
965567 625278
77262 386294
566693 248538
1146767 233824
77262 20294
566693 661866
612198 136384
31428 326557
31428 432684
1240614 458122
721227 211847
77262 455295
1066636 1336016
31428 432016
1146767 1193918
345298 958455
1066636 1383066
566693 800056
612198 1038137
345298 675686
31428 432341
399055 797900
31428 431507
31428 381872
566693 1242759
105877 37594
612198 1428816
31428 433536
31428 432006
352500 629218
566693 641976
345298 673751
31428 310935
31428 432745
352500 648680
31428 431406
31428 434341
1255315 1056999
31428 336760
399055 879972
77262 283666
31428 382504
965567 1040159
31428 432488
615227 627796
77262 220158
574639 1410345
77262 460795
31428 28521
574639 1410286
1393423 537309
31428 371048
31428 433022
77262 762598
31428 339292
31428 20027
77262 275850
77262 270870
31428 434797
431080 1044613
1066636 410152
432335 927476
612198 799439
77262 211063
612198 1294973
1428823 612198
345298 1612699
31428 432333
31428 337498
31428 432690
31428 243106
920161 1346400
31428 432192
1519077 1223735
31428 398988
345298 418768
77262 325469
31428 5048
352500 61242
31428 432484
31428 11123
721227 867478
566693 569594
1255315 336760
77262 776068
31428 431032
31428 432734
31428 97019
612198 1428756
31428 163372
31428 434490
1255315 895029
1311839 1021925
31428 431135
615227 1291723
77262 295166
31428 431509
77262 61710
537309 375342
1342059 835124
77262 308803
31428 432994
927476 1257314
352500 269400
835124 78299
31428 432744
31428 432973
615227 737326
566693 1106742
31428 333121
1457527 1423926
77262 776794
537309 857282
612198 1218793
77262 260334
31428 406801
31428 432120
31428 180931
612198 843107
77262 760301
31428 311558
345298 1212809
566693 615889
77262 721097
574639 1197102
77262 176339
77262 313648
31428 432005
31428 432738
612198 143485
965567 1552959
566693 1239463
31428 433709
612198 278614
1457527 690438
77262 610450
1519077 1344519
77262 776575
77262 776782
31428 8110
965567 1416578
31428 431514
31428 254823
31428 432747
77262 467089
31428 431938
31428 431765
77262 594357
31428 399997
31428 374553
31428 433705
1240614 870790
31428 248948
77262 351742
566693 333738
77262 776063
612198 856062
566693 376549
77262 775959
31428 433534
1255315 1358836
77262 194567
1066636 1464382
31428 411603
31428 432125
566693 1182461
31428 50885
612198 77264
615227 785488
1240614 1589996
566693 589148
31428 69396
1240614 372144
31428 431413
31428 433288
1126800 1507360
612198 1428803
920161 1390600
31428 432675
31428 433496
77262 447627
31428 108009
612198 1379171
566693 888251
31428 76515
77262 417557
345298 649037
1457527 30589
105877 121376
1574468 1146767
31428 70759
612198 1428758
77262 211904
31428 432346
1255315 381665
31428 431505
31428 382606
431080 682115
31428 431619
77262 39972
77262 266815
77262 52133
31428 431849
77262 344309
352500 287666
31428 294938
615227 1353425
77262 276046
77262 161683
31428 75168
835124 458075
920161 1427722
1464382 721227
77262 470224
1240614 1225185
77262 150040
31428 156403
1240614 1029681
352500 160839
31428 146873
31428 326686
31428 26287
1126800 577757
612198 949831
77262 776683
920161 1421325
1146767 261260
31428 432436
31428 398879
77262 214400
1342059 352500
345298 1210609
31428 433286
77262 477527
31428 431459
574639 690016
1066636 324360
1457527 798083
1126800 708791
31428 347488
31428 433433
399055 1004732
31428 68105
31428 63078
77262 139992
31428 30572
31428 431728
612198 862931
77262 465349
1146767 1112647
31428 433710
574639 1266388
612198 1289047
31428 434605
537309 825175
1410349 574639
612198 582579
31428 432982
77262 410957
77262 747666
574639 1410074
31428 296265
31428 432004
615227 308972
574639 324360
31428 258685
31428 432737
31428 237924
31428 430189
31428 432434
537309 524235
31428 430993
77262 484031
31428 433650
31428 431466
612198 582771
612198 1040785
1309400 399055
31428 431030
31428 371078
31428 431077
352500 287738
31428 69753
31428 170734
31428 432393
1240614 1589959
31428 432427
77262 339353
399055 1035473
77262 776577
31428 432334
31428 433497
77262 279867
537309 168066
77262 776784
31428 433331
537309 528937
31428 205887
31428 331172
1146767 769044
31428 19540
77262 767051
31428 432069
574639 1094575
31428 433245
31428 431897
31428 431284
835124 1063193
352500 264037
77262 457380
537309 515870
77262 89365
566693 570767
31428 97506
1066636 1277188
31428 434831
31428 433707
345298 1330802
1330661 1004527
566693 66295
1146767 1574416
31428 109371
31428 432691
31428 432487
31428 434835
31428 431510
1146767 1029913
31428 291831
31428 433500
31428 431454
31428 431892
31428 255905
352500 143668
31428 431726
77262 776984
31428 289024
431080 919511
77262 776966
31428 340566
612198 588413
31428 428815
77262 354390
927476 1005626
612198 1428821
31428 432066
1255315 1066253
566693 570953
31428 432337
920161 532692
31428 180569
31428 340029
31428 434720
612198 1428813
399055 528419
31428 326750
31428 432989
31428 432388
31428 432739
31428 165945
31428 432676
1311839 475547
31428 431081
345298 334014
1146767 1246078
615227 52504
31428 20324
77262 697484
31428 433708
31428 433706
574639 471998
31428 121797
1146767 1224872
77262 142923
77262 389455
31428 167420
77262 492634
77262 469307
31428 432191
31428 400895
31428 434366
31428 432387
31428 432134
352500 99671
615227 736299
31428 337204
31428 431457
31428 431083
1066636 465509
612198 490903
31428 431674
77262 463513
566693 570583
77262 230768
537309 958455
537309 570436
399055 440480
399055 516991
77262 760956
352500 39814
31428 432490
31428 434606
77262 136096
77262 765694
566693 181627
31428 433493
1066636 945400
345298 230115
31428 431327
345298 975409
31428 431948
77262 386183
31428 212512
31428 434719
612198 1428825
31428 336539
31428 338609
31428 335379
31428 239288
31428 336688
31428 431417
615227 893647
537309 45538
31428 337142
31428 432014
31428 432390
31428 169459
31428 431462
1240614 1571067
31428 432068
31428 370024
31428 432392
31428 432336
612198 1314198
77262 775961
31428 3818
77262 702112
937647 847690
537309 1371808
77262 611313
31428 432203
31428 431515
77262 722261
537309 232372
31428 432728
1146767 1574344
77262 775988
31428 321161
31428 432984
77262 275892
574639 686547
31428 432130
566693 1176141
31428 431420
31428 71645
31428 1239
1311839 207216
1311839 1015137
566693 1463521
77262 384332
31428 99541
31428 120339
615227 287577
1240614 1138769
77262 33253
77262 379677
345298 1113325
77262 374238
352500 353805
77262 614851
927476 1469618
352500 352775
1311839 848711
612198 1428802
566693 376543
77262 223366
31428 373946
31428 337738
31428 256753
566693 399058
31428 152353
77262 26953
31428 335608
1311839 402199
31428 432987
31428 433437
31428 433075
1240614 661824
537309 1393427
31428 381779
31428 431031
31428 193239
615227 247883
77262 53050
31428 431469
431080 142893
31428 432735
77262 294117
31428 432688
1330661 180950
31428 259742
1146767 1467124
612198 358483
31428 155624
432133 345298
566693 932367
31428 108016
612198 187428
1577965 566693
31428 165734
31428 432979
31428 434346
31428 431323
77262 130427
399055 83763
31428 432017
31428 434334
1146767 1078553
31428 172023
31428 78424
31428 383256
77262 31428
31428 335602
1146767 1558043
77262 244115
77262 317391
31428 431079
31428 431080
31428 434347
31428 382496
77262 467842
31428 416094
31428 433165
31428 348944
1146767 1170284
612198 726223
31428 431998
77262 423461
31428 341820
566693 685980
345298 170373
77262 776620
31428 383541
31428 431895
566693 958495
31428 431084
77262 324977
31428 38556
31428 432133
1311839 1313332
77262 481620
31428 433398
574639 541397
920161 1080326
345298 595518
31428 398235
77262 193158
31428 222730
31428 433176
31428 432385
77262 414997
399055 1295811
1066636 1400633
77262 776081
31428 432001
1146767 1004643
1612699 1418681
615227 156094
77262 296547
1457527 1096102
77262 530601
612198 1304485
77262 776034
345298 71414
615227 345049
77262 776166
574639 1352606
77262 127877
399055 337613
77262 35961
537309 1393448
31428 434794
31428 404541
31428 382888
77262 607084
31428 434833
31428 431725
31428 160440
77262 323030
1428802 1457527
77262 62251
1255315 432017
612198 1389431
31428 157102
574639 1106801
77262 284945
612198 466419
574639 908475
612198 1007438
31428 232767
31428 432733
612198 826043
566693 522167
615227 355885
965567 618195
31428 295156
31428 384298
77262 444682
345298 1393423
345298 798015
105877 796129
31428 337636
574639 1369557
31428 302128
31428 432444
77262 713060
31428 434609
77262 188644
31428 431415
31428 75495
31428 339414
31428 432190
77262 397069
612198 538805
345298 976379
31428 147926
31428 337948
1457527 460393
566693 454331
31428 432135
77262 98636
31428 433249
77262 300922
1571067 1126800
77262 199298
31428 40444
31428 432674
352500 403580
77262 776713
31428 432345
612198 1015190
615227 620538
31428 410317
31428 79178
31428 33994
77262 466564
77262 776496
31428 75736
31428 8287
1574344 879100
77262 774869
927476 176571
31428 431940
835124 585135
612198 717203
31428 434492
1255315 1416887
31428 393359
574639 1410347
31428 432065
352500 125290
1240614 891864
1428801 920161
31428 434723
31428 432344
937647 126276
835124 583673
31428 393236
399055 380464
345298 692125
31428 434832
77262 775915
31428 337214
345298 397838
31428 432350
77262 666833
31428 431935
1146767 1490217
345298 541087
566693 1308389
345298 1351784
77262 472769
31428 433616
77262 776779
31428 129509
31428 433672
352500 281735
77262 87240
77262 218087
31428 370298
31428 383251
574639 1410318
31428 337535
31428 176770
574639 1399127
615227 313336
31428 382974
1457527 783887
612198 723939
31428 238494
31428 208944
352500 1188997
31428 433436
31428 78491
31428 434335
77262 300309
77262 279823
31428 266521
31428 430996
574639 574765
77262 391306
574639 1410079
31428 252261
31428 339410
31428 5373
965567 656759
31428 430994
31428 368121
352500 111235
612198 1172850
31428 434338
612198 1428822
345298 735110
352500 352799
77262 312900
31428 432685
31428 76264
399055 1309399
77262 155866
566693 589350
537309 1393254
31428 432002
612198 1428494
105877 879069
31428 325627
345298 1023236
31428 222629
31428 431964
31428 32870
31428 224226
31428 432073
1330661 282437
31428 277157
31428 235361
31428 326744
77262 113205
31428 120085
432129 1255315
537309 218846
574639 1410327
31428 11153
31428 100555
31428 130861
31428 84484
1240614 506897
1126800 276100
77262 502863
574639 1329821
31428 431467
1330661 33650
31428 431086
352500 278101
927476 1026167
31428 166200
77262 36279
77262 61919
399055 1308915
1519077 1246619
31428 433281
77262 273967
77262 503771
352500 344502
574639 1323997
77262 775175
31428 156197
31428 286572
31428 432128
612198 221950
612198 247929
31428 432429
31428 20579
31428 432391
31428 432731
615227 312318
31428 432070
612198 729491
1146767 1428823
835124 329741
537309 662464
920161 200485
1240614 865504
77262 243497
77262 175937
77262 444408
77262 172643
537309 295879
721227 1465730
77262 471860
566693 1205167
31428 431937
920161 1071561
566693 570409
31428 34850
1066636 1559018
77262 269516
31428 431997
612198 521547
31428 338844
77262 90511
612198 582083
566693 565929
31428 431504
432130 1330661
31428 286117
345298 1338633
31428 73623
31428 215557
31428 342195
612198 1428754
31428 358907
566693 958711
31428 434604
1240614 972570
31428 381720
31428 434494
612198 771696
