2673 2812
5 0
319492 27 1 0 1 6 19
438275 26 0 0 1 6 21
499714 41 1 1 2 6 27
1564690 2 1 0 6 6 25
540673 9 0 0 1 6 19
409610 156 1 1 8 6 20
1564699 1 1 1 8 6 28
331784 51 0 1 8 6 22
364552 62 1 1 7 6 20
454679 5 0 0 3 6 16
958495 33 1 1 1 6 36
393236 11 1 1 0 6 21
282640 36 0 0 7 6 19
28695 95 1 0 1 6 23
372764 82 1 1 4 6 25
176153 81 1 1 8 6 19
192537 45 0 0 8 6 20
487452 6 1 1 0 6 23
294938 46 1 1 3 6 19
249885 119 0 0 2 6 16
270362 34 0 0 4 6 21
1556535 2 1 1 2 6 29
360484 45 1 0 0 6 15
1486903 2 0 1 0 6 21
40995 163 1 1 2 6 20
397347 18 1 0 1 6 18
16424 73 0 1 0 6 19
372780 56 0 1 4 6 19
73771 25 0 1 0 6 19
528419 4 0 1 6 6 26
217134 102 1 1 0 6 18
360488 26 1 1 0 6 26
188467 67 0 0 6 6 17
1019966 15 1 1 5 6 35
1564709 3 1 1 2 6 20
208944 120 0 1 2 6 25
725048 3 1 1 6 6 32
1564708 1 1 1 8 6 23
696382 29 0 1 8 6 22
380976 54 0 1 8 6 27
696383 19 1 1 8 6 43
184372 76 0 1 2 6 21
1331235 10 0 1 4 6 19
340029 80 1 1 7 6 23
348216 29 1 1 1 6 30
1454120 6 1 1 6 6 40
340032 31 0 1 8 6 17
1564754 1 1 1 2 6 31
1019974 6 1 1 1 6 30
585794 14 0 1 6 6 20
385098 44 0 0 0 6 16
696415 22 1 1 8 6 24
352336 30 1 0 6 6 21
57429 135 1 0 6 6 29
696412 38 1 1 8 6 22
696413 47 1 1 1 6 35
36953 219 1 1 5 6 26
1265737 4 0 1 7 6 20
127066 7 0 0 1 6 20
1564748 6 1 1 0 6 34
1405003 5 1 0 6 6 23
8287 55 1 1 0 6 20
467032 5 1 0 1 6 21
20579 34 0 1 4 6 19
32870 26 0 1 3 6 17
1564785 1 0 1 8 6 28
1245306 4 0 1 0 6 29
696416 81 1 1 8 6 24
430189 1 1 1 2 6 21
1020002 9 0 1 4 6 21
1253500 26 0 0 6 6 32
299124 28 1 0 1 6 15
1441894 16 1 1 6 6 21
1163360 7 1 1 2 6 36
561275 14 0 0 0 6 26
467059 49 1 0 1 6 17
69753 78 1 1 8 6 18
327807 99 1 1 6 6 28
1351784 3 1 1 2 6 22
1523818 5 1 1 7 6 22
1265773 8 1 1 6 6 61
168066 90 1 1 6 6 37
348292 46 1 1 2 6 27
233606 77 0 1 3 6 20
696461 12 0 1 1 6 38
1163414 13 0 1 1 6 34
393359 65 1 1 5 6 21
1163421 17 1 1 4 6 22
127117 52 0 0 6 6 18
565382 18 0 1 4 6 21
1265794 21 1 1 6 6 27
16530 23 1 1 0 6 24
168080 128 1 1 9 6 23
209040 19 0 1 8 6 21
467089 64 1 0 1 6 21
434334 8 0 1 1 6 22
168090 11 1 0 1 6 19
434335 21 0 1 3 6 18
483484 15 1 0 5 6 14
610450 50 1 0 1 6 16
1486987 1 1 1 2 6 24
434342 28 1 1 2 6 19
434340 79 1 1 7 6 16
434341 11 1 1 0 6 21
434338 70 1 1 5 6 19
434339 19 1 1 1 6 26
696495 18 0 1 3 6 51
434337 69 1 1 2 6 19
696493 27 0 1 8 6 22
696482 68 1 1 1 6 23
434346 21 1 1 9 6 25
434347 31 1 1 1 6 29
1527994 12 1 1 4 6 23
1487015 2 1 1 0 6 39
1618089 5 1 1 5 6 30
1331367 10 1 1 3 6 29
565438 56 0 1 6 6 14
508080 135 1 0 6 6 18
434366 24 0 1 4 6 18
446652 33 0 0 6 6 19
696497 75 1 1 1 6 32
483515 15 1 1 5 6 29
450747 44 0 0 6 6 14
721097 15 1 0 6 6 14
1487060 1 1 1 7 6 18
86210 40 1 1 8 6 21
1487061 1 0 1 2 6 21
1306847 8 0 1 1 6 24
266443 192 1 1 9 6 18
176339 145 1 0 2 6 17
577754 45 0 1 6 6 35
258256 21 1 0 7 6 15
1044697 43 0 1 1 6 37
155866 81 1 0 4 6 16
151771 35 1 0 2 6 19
1020141 10 1 1 1 6 21
647402 29 1 1 8 6 22
1020140 11 1 1 1 6 22
663785 57 1 0 6 6 20
164071 147 1 1 8 6 18
188644 78 1 0 1 6 14
721133 45 1 1 6 6 30
340204 60 0 1 8 6 37
119019 104 1 1 1 6 25
774369 48 1 1 5 6 28
717030 26 0 0 1 6 41
569572 16 0 1 1 6 49
467178 58 1 0 1 6 15
344309 16 1 0 1 6 16
295156 46 1 1 6 6 26
1601769 2 1 1 5 6 29
352500 47 0 0 4 6 20
352502 103 1 1 6 6 19
73973 64 1 1 1 6 21
729341 44 1 0 6 6 39
762108 3 1 1 1 6 21
565488 7 1 0 1 6 20
295166 41 1 0 0 6 15
1245416 7 1 1 4 6 23
311558 24 1 1 2 6 25
688392 11 1 1 5 6 16
114948 27 1 1 0 6 27
1327378 4 0 1 1 6 33
336130 9 1 0 4 6 16
512268 52 1 0 6 6 20
454923 76 1 0 7 6 17
61710 136 1 0 4 5 13
1319194 2 1 1 3 5 35
397590 6 1 0 1 6 25
28945 47 0 0 0 6 19
160020 68 1 1 6 6 26
696595 74 0 1 6 6 18
815381 59 1 1 1 6 25
696592 36 1 0 8 6 18
266521 22 0 1 3 6 22
106783 90 1 1 2 6 18
1331467 3 0 1 8 6 40
1122608 6 1 0 1 6 19
737577 57 0 0 6 6 27
1548596 3 1 1 6 6 19
246055 53 1 0 1 6 20
1319217 11 1 1 0 6 33
299308 6 1 1 5 6 17
299309 34 1 1 1 6 19
201001 31 1 1 4 6 19
28971 45 1 1 1 6 25
114986 68 0 1 9 6 20
213295 78 1 0 6 6 19
246061 94 1 1 1 6 18
160050 26 0 1 6 6 25
1478951 5 1 1 4 6 27
1470757 8 1 1 0 6 18
434483 11 0 1 1 6 29
794937 29 0 0 1 6 22
143668 78 1 0 6 6 20
434494 35 0 1 6 6 18
12601 158 1 1 0 6 19
434492 211 1 1 6 6 20
389439 20 1 1 8 6 18
434490 22 0 1 1 6 22
78141 61 0 1 8 6 18
479547 39 0 0 1 6 27
352569 68 1 0 6 6 18
258371 16 1 0 1 6 16
323904 98 0 0 1 6 14
434496 47 0 1 7 6 19
246091 42 1 1 0 6 20
340300 28 0 1 4 6 22
389455 16 1 0 1 6 16
414029 35 1 1 3 6 46
98636 6 1 0 2 6 15
893248 12 0 1 7 6 21
696666 77 1 1 8 6 18
696664 17 0 1 8 6 32
1184074 5 1 1 6 6 20
180569 66 1 1 6 6 22
311641 184 1 1 8 6 15
1200463 4 0 1 8 6 34
180573 200 1 1 1 6 33
565608 6 1 0 2 6 20
1319285 4 0 1 3 6 22
1196400 52 1 0 2 6 33
168292 87 1 0 1 6 19
237924 11 0 1 1 6 17
463212 9 1 0 4 5 16
721255 12 0 0 2 6 41
557413 58 1 1 8 6 23
713060 10 0 1 8 6 17
434550 25 0 1 6 6 17
696699 40 0 1 8 6 21
889212 38 1 0 3 6 23
696696 136 1 1 8 6 21
434549 35 1 1 0 6 19
696697 14 0 1 8 6 22
819578 42 1 1 8 6 19
1454432 18 0 1 1 6 31
450928 51 1 0 8 6 18
192884 20 0 1 6 6 35
1319267 2 0 1 6 6 30
622960 8 1 1 8 6 23
156024 82 1 1 6 6 29
291195 68 0 1 4 6 23
524681 62 1 1 6 5 18
303494 51 0 1 5 6 23
635277 77 1 1 8 6 22
676239 10 0 1 8 6 23
287105 110 0 0 8 6 22
1618334 1 1 1 0 6 18
90511 128 1 0 1 6 15
373140 57 1 1 8 6 28
696735 6 0 1 2 6 21
561567 71 1 0 4 6 15
541087 10 1 1 6 6 28
1319308 19 1 1 3 6 37
1319310 9 1 1 3 6 24
1212809 9 1 1 0 6 33
1319350 2 1 1 3 6 30
1286582 10 0 1 4 6 20
1319346 2 0 1 4 6 32
434606 24 0 1 9 6 21
1319357 7 0 1 3 6 19
434604 4 1 1 1 6 18
283054 54 0 1 0 6 19
696736 15 1 1 4 6 30
1266105 3 1 1 6 6 32
434605 50 1 1 9 6 21
696737 12 1 1 5 6 24
176558 27 0 1 1 6 21
1319354 4 1 1 3 6 28
45489 47 1 0 1 6 19
344502 89 1 0 6 6 19
176566 64 0 1 0 6 19
946618 10 1 1 1 6 18
176564 109 1 1 6 6 26
434609 16 1 1 0 6 26
565681 3 1 1 1 6 27
70074 24 0 1 7 6 24
594357 37 1 0 2 6 19
1319337 8 1 1 0 6 23
1474984 5 1 1 1 6 24
1319338 10 1 1 3 6 31
86465 58 1 1 1 6 18
213441 83 1 0 9 6 23
8643 216 1 1 0 6 23
340417 21 0 1 7 6 19
381376 19 0 1 0 6 20
332237 34 0 1 8 6 19
614851 13 0 0 1 6 17
98766 40 1 1 3 6 20
229842 40 1 1 9 6 24
147926 42 0 1 0 6 20
1319360 6 0 1 3 6 34
639452 44 1 1 8 6 20
586193 39 1 1 3 6 20
61919 133 0 0 8 6 15
881132 10 0 0 6 6 27
45538 163 1 1 8 6 19
45539 907 1 1 1 6 21
504292 53 1 0 6 6 20
33253 88 1 0 4 6 17
299502 134 1 0 8 6 17
455146 95 0 1 8 6 17
524773 97 0 0 6 6 25
1266172 13 0 1 6 6 35
1053183 4 1 1 0 6 32
258546 74 1 1 2 6 25
1577449 4 1 1 2 6 28
410101 3 1 1 1 5 18
467443 39 1 0 1 6 21
168436 22 1 1 8 6 22
532976 19 1 1 8 6 27
840183 31 1 1 3 6 21
336376 60 1 0 1 6 20
1262061 8 0 1 5 6 30
1266156 14 1 1 4 6 28
352775 86 1 0 6 6 18
516611 77 1 0 3 6 39
279040 17 0 0 1 6 19
397838 29 1 1 6 6 24
8715 96 0 0 8 6 19
8716 46 1 0 2 6 16
918018 9 1 1 0 6 19
279050 252 1 1 8 6 17
270870 57 1 1 8 6 18
647709 23 0 1 8 6 22
446992 39 0 0 4 6 17
442897 10 1 0 1 6 17
434719 20 0 1 1 6 25
352799 111 1 1 6 6 25
442909 11 1 0 1 6 18
12829 115 1 1 0 6 18
528937 13 1 1 1 6 40
434724 33 0 1 3 6 18
434722 66 0 1 9 6 21
434723 34 1 1 7 6 17
434720 6 1 1 9 6 20
156197 34 0 1 2 6 18
180778 60 1 0 8 6 16
49709 49 0 1 0 6 23
410152 74 0 1 6 6 35
729663 5 0 1 5 6 36
729662 8 1 1 5 6 25
729661 23 0 1 5 6 30
729660 22 1 1 6 6 35
1184296 27 1 1 4 6 39
266815 65 1 0 6 6 15
1266216 1 1 1 6 6 33
1356330 4 1 1 6 6 37
975409 23 1 1 6 6 20
78407 53 0 1 2 6 22
209483 119 1 1 3 6 21
508495 7 0 1 8 6 33
1057368 4 0 0 1 6 18
729666 30 0 1 5 6 31
365135 41 1 0 1 6 19
729665 16 1 1 2 6 21
1233497 3 1 1 5 6 22
729664 13 1 1 5 6 25
729670 23 1 1 5 6 33
307786 55 0 1 0 6 21
729669 5 1 1 5 6 38
385610 68 1 1 8 6 18
1217090 16 1 1 6 6 34
369239 110 1 0 3 6 20
717401 64 1 0 1 6 22
340566 22 0 1 1 6 22
66132 157 1 1 1 6 31
102999 63 0 0 8 6 21
246356 80 1 1 8 6 21
139861 72 1 1 5 6 19
156250 60 1 0 1 6 20
78424 56 0 1 5 6 26
176728 8 1 0 8 6 23
1593923 5 1 1 5 6 33
774763 6 1 0 1 5 16
16992 9 1 1 0 6 25
172643 68 0 0 8 6 17
49764 72 1 1 2 6 18
389729 192 1 1 9 6 20
500323 78 1 1 8 6 18
434798 81 1 1 8 6 18
1102457 42 1 1 1 6 33
434796 14 0 1 1 6 20
29290 136 1 1 3 6 28
434797 38 0 1 1 6 20
434794 8 1 1 9 6 20
512619 21 1 1 6 6 29
434795 47 1 1 3 6 19
164466 33 0 1 2 6 25
1393254 1 1 1 6 6 24
426609 111 1 1 8 6 23
1524320 1 1 1 2 6 21
455295 26 1 0 1 6 16
1266280 16 1 0 6 6 23
1553002 5 1 1 6 6 42
258685 68 0 1 1 6 23
529014 76 1 0 4 6 16
176770 29 0 1 1 6 27
70272 91 1 1 8 6 24
279174 48 1 1 6 6 27
111235 304 1 0 6 6 19
168577 41 1 1 8 6 15
193158 24 1 0 2 6 15
156293 21 0 1 7 6 18
176773 53 0 1 2 6 19
434831 30 0 1 0 6 18
299661 49 1 0 8 6 16
352911 141 1 0 6 6 18
1368728 7 1 1 6 6 26
336520 95 1 0 4 6 17
107150 70 1 0 8 6 15
299659 35 1 0 8 6 16
434836 24 0 1 1 6 22
385681 19 0 0 6 6 15
434834 100 1 1 4 6 20
434835 20 0 1 5 6 19
434832 33 1 1 8 6 18
1000089 22 1 1 8 6 32
434833 1 0 1 9 6 21
78491 15 0 1 5 6 26
508573 88 1 1 8 6 23
311967 12 0 1 0 6 23
766608 10 1 1 6 6 17
1053323 17 1 1 2 6 25
463513 31 1 0 2 6 15
336539 110 1 1 6 6 18
25251 81 0 0 1 6 16
266919 35 1 1 0 6 24
58021 81 1 0 1 6 21
21157 62 1 1 8 6 24
512673 55 1 1 8 6 22
365231 25 1 1 8 6 16
254632 74 0 0 1 6 32
230061 85 1 1 4 6 24
946873 12 1 1 8 6 29
484031 11 0 0 4 6 17
402111 13 1 1 5 6 22
160440 97 0 1 1 6 20
766640 19 1 1 3 6 15
1094319 12 1 1 4 6 22
180931 302 1 1 1 6 18
467654 31 1 0 2 6 25
225984 61 0 1 7 6 23
766659 35 1 1 1 6 21
86730 14 1 1 1 6 19
410317 102 1 1 6 6 20
307914 42 1 1 2 6 20
541382 32 1 0 6 6 22
29393 46 0 0 1 6 17
193239 71 1 1 0 6 18
537309 36 1 0 6 6 23
139992 66 1 1 8 6 18
1045205 14 1 1 8 6 23
381662 9 0 1 6 6 25
1045203 9 1 1 0 6 26
774869 22 0 0 1 6 14
230115 136 1 1 6 6 23
729839 17 0 1 9 5 24
381664 39 1 1 5 6 26
381666 27 0 1 1 6 18
1475326 2 1 1 1 6 26
762598 46 1 0 1 6 15
1475320 11 1 1 5 6 30
193267 147 1 0 1 6 16
156403 44 0 1 2 6 21
1102561 111 1 1 5 6 26
381693 42 1 1 7 6 18
127739 126 0 0 4 6 19
70394 41 0 0 5 6 23
66301 116 1 1 9 6 21
320251 61 0 1 3 6 20
508679 30 1 1 8 6 20
488198 70 1 1 8 6 18
1131283 11 1 1 2 5 20
33540 103 1 1 0 6 23
381696 14 1 1 8 6 26
1282838 7 1 1 8 6 33
1393427 3 0 1 8 6 40
955145 12 1 1 8 6 21
1434399 6 1 1 1 6 21
430858 35 1 1 5 6 21
348948 7 1 1 0 6 20
144144 7 0 0 2 6 15
443154 48 0 1 6 6 18
1528579 12 1 1 6 6 20
348944 33 0 1 1 6 18
221974 16 1 0 2 6 16
1516290 2 1 1 8 6 30
361247 43 0 1 8 6 16
1393423 2 1 1 6 6 24
938772 14 0 0 1 6 19
889622 4 1 1 1 6 24
381720 23 1 1 1 6 18
287526 87 1 0 2 6 17
1553205 4 1 1 6 6 31
598827 8 1 1 6 5 26
152353 46 0 1 5 6 21
607018 32 0 1 5 6 31
78635 35 0 1 2 6 18
62251 46 1 0 6 6 13
291624 78 1 0 4 6 17
13102 142 1 0 1 6 19
467752 18 1 0 4 6 15
62257 36 0 1 9 6 18
471860 20 0 0 6 6 15
582459 39 1 1 0 6 18
312112 33 1 1 0 6 22
336688 31 1 1 4 6 21
582462 28 1 1 4 6 19
504624 19 1 1 8 6 29
1147688 16 0 1 5 6 29
1409839 5 1 1 1 6 22
975669 15 1 0 8 6 30
1147690 23 1 1 5 6 35
623413 5 1 1 4 6 29
1393448 4 1 0 6 6 23
844594 29 1 1 2 6 25
1090384 8 1 1 3 6 32
1332054 5 0 1 6 6 30
725833 5 1 1 8 6 22
516931 44 1 1 8 6 22
348992 5 1 1 7 6 19
181064 109 0 1 2 6 39
807751 15 1 1 5 5 16
381771 7 1 1 2 6 19
242508 63 1 1 8 6 20
430921 132 1 1 6 6 26
1094495 91 1 1 6 6 37
1020765 17 0 1 5 6 52
381779 10 0 1 9 6 19
676691 10 1 0 6 6 15
590675 40 1 0 1 6 21
406365 257 1 0 8 6 13
521052 92 1 1 8 6 21
127839 126 1 0 6 6 18
254823 17 1 1 5 6 18
607084 1 0 0 1 5 18
742243 7 0 0 8 6 27
160619 102 1 0 1 6 18
598880 37 1 1 5 6 14
402282 154 1 1 1 6 29
1422202 7 0 1 6 6 47
1397626 2 1 1 5 6 19
471922 25 1 0 6 6 16
516991 3 0 1 8 5 20
168827 108 1 0 6 6 14
1512300 5 0 1 8 6 19
41852 13 0 1 0 6 17
336760 58 0 1 1 6 20
426872 16 1 1 8 6 35
1258348 18 1 1 4 6 25
504711 106 1 0 6 6 21
578441 61 1 1 2 6 33
533386 45 1 0 6 6 27
680840 30 1 1 6 6 16
127877 16 1 0 2 5 19
467842 23 0 0 1 6 16
570254 8 1 1 6 6 32
172936 130 1 0 2 6 17
136076 87 1 0 3 6 14
430996 13 1 1 6 5 25
430994 3 0 1 1 6 20
349075 35 1 1 2 6 17
430993 6 1 1 3 6 26
381853 23 1 1 8 6 31
1020823 13 0 0 6 6 50
238494 25 1 1 0 6 28
398235 23 0 1 4 6 26
1545098 2 1 1 8 6 24
238493 13 1 1 0 6 28
578473 20 1 0 1 6 18
136096 51 1 0 1 5 15
29614 81 1 1 5 6 22
271284 71 1 1 6 6 26
431030 25 1 1 1 6 19
431031 31 1 1 7 6 20
1475495 4 1 1 1 6 23
431028 14 1 1 6 6 21
431029 9 1 1 3 6 22
1131426 18 1 1 6 6 23
381872 19 1 1 1 6 23
1106853 4 0 1 6 6 34
471985 41 1 0 1 6 17
287666 108 1 0 6 6 19
406449 53 1 1 8 6 24
5048 182 0 1 0 6 20
353212 36 1 0 1 6 19
410555 96 1 1 8 6 17
5054 270 1 1 5 6 20
431032 2 1 1 2 6 20
426949 44 0 1 7 6 25
295879 27 0 1 3 6 19
922568 23 1 1 1 6 25
1594320 3 1 1 5 6 19
287693 6 0 0 0 6 16
353237 78 1 0 8 6 20
1258433 11 1 1 2 6 22
111573 24 0 0 0 6 17
1258439 9 1 1 1 6 33
418768 19 1 1 3 6 26
246744 65 1 1 8 6 23
431078 9 1 1 1 6 26
1176561 94 1 0 2 5 22
889837 8 0 0 6 6 27
431079 5 0 1 7 6 25
431076 31 0 1 9 6 21
431077 7 0 1 2 6 23
218087 46 1 1 8 6 23
431075 5 0 1 1 6 18
394211 9 0 1 0 6 21
1057781 21 1 1 5 6 30
730093 62 0 0 1 6 20
414688 6 0 1 3 6 32
431086 6 0 1 0 6 22
431087 7 0 1 7 5 21
431084 11 0 1 6 6 20
431085 36 1 1 4 6 19
431082 3 0 1 0 6 21
431083 13 1 1 3 6 19
431080 12 1 1 2 6 18
431081 4 0 1 4 6 19
963580 6 1 1 2 6 15
291831 56 1 1 4 6 26
627706 29 0 1 6 6 18
1577965 3 1 1 4 6 22
82932 428 1 1 0 6 36
340978 23 1 1 3 6 22
1610735 1 0 0 0 6 41
611313 31 1 0 1 6 14
771059 107 1 1 1 6 25
287738 102 1 0 6 6 20
623627 8 0 0 2 6 17
140289 75 1 0 1 6 16
336896 43 1 1 1 6 22
1172500 5 1 1 0 6 15
672780 200 1 1 1 6 28
37894 179 1 0 6 6 19
250884 47 1 1 0 6 30
680973 8 0 1 1 6 30
99337 11 0 1 8 6 22
1381405 2 1 1 1 6 20
1258522 3 1 1 1 6 23
1332255 13 1 1 1 6 29
775175 15 1 1 8 5 16
427016 3 1 1 3 6 25
164877 20 1 0 0 5 13
177165 33 0 0 1 6 28
443415 14 1 0 1 6 17
287766 111 1 0 6 6 20
394258 16 1 1 2 6 33
283666 66 1 0 5 6 16
320530 152 1 0 8 6 17
283667 341 0 1 1 6 41
431135 9 0 1 7 6 19
1004591 13 0 1 8 6 33
381988 14 1 1 2 6 20
1123379 7 1 1 2 6 37
345126 82 1 0 1 6 22
381987 29 1 1 6 6 18
1188917 13 1 0 8 5 43
87081 27 0 1 8 6 23
488489 14 0 1 8 6 19
1004604 9 0 1 1 6 56
848954 14 0 1 6 6 29
164917 76 1 1 5 6 21
205887 122 1 1 8 6 18
435257 19 1 1 8 6 16
767051 12 1 0 8 6 17
160839 74 1 0 6 6 19
246856 93 1 0 1 6 17
1082459 8 1 1 5 6 39
570436 23 1 1 7 6 28
566340 4 1 1 8 6 24
1516634 3 1 1 1 6 37
246860 83 1 0 1 6 16
996416 40 1 0 2 6 25
1168450 5 0 1 3 6 30
91222 31 1 1 5 6 20
1545293 8 1 1 8 6 45
492634 67 0 0 1 6 16
33886 73 0 1 0 6 20
1082481 7 0 1 5 6 27
70759 84 1 1 2 6 18
181348 66 0 1 2 6 22
74856 66 1 1 8 6 22
955491 43 1 1 2 6 26
337003 26 1 1 1 6 30
1479778 1 0 1 1 6 26
803961 21 1 1 8 6 22
1021048 45 0 1 4 6 32
1258602 3 0 1 6 6 32
87165 93 1 0 8 6 18
312440 133 1 0 1 6 19
1082512 11 1 1 8 6 27
386183 20 0 0 1 6 19
390278 58 1 0 1 6 18
1258646 1 1 1 1 5 22
697484 20 0 1 8 6 17
713868 85 1 0 8 6 24
1578131 2 1 1 5 6 32
345225 81 1 0 6 6 25
447627 16 1 0 1 6 15
70799 113 0 1 6 6 17
693401 51 1 1 6 6 24
791704 5 0 0 6 6 21
1127556 7 1 0 3 6 29
1225860 18 1 1 6 6 27
1188997 39 1 1 6 6 31
1004693 10 1 1 8 6 22
1004692 3 1 1 8 6 19
91292 40 1 1 0 6 33
1545396 1 1 1 6 6 37
431264 8 1 1 2 6 26
91308 79 0 0 2 6 17
570534 3 1 1 6 6 35
431284 30 1 1 8 6 19
1004732 14 1 1 6 6 20
1066151 9 1 1 3 6 16
1549472 4 1 1 6 6 30
410814 57 0 1 2 6 17
873652 18 0 0 1 6 21
345278 84 0 1 8 6 19
38079 21 1 0 4 6 19
373946 79 1 1 9 6 18
1488041 4 0 1 5 6 19
472262 52 1 0 1 6 16
1000651 14 1 0 8 6 27
562383 88 1 0 8 6 19
87240 41 0 0 8 5 16
33994 56 1 1 1 6 19
857282 4 1 1 2 5 25
431318 1 1 1 1 6 20
373972 18 1 1 9 6 17
435412 74 1 1 8 6 23
287959 35 0 1 8 6 22
99541 51 1 1 2 6 19
136404 219 1 1 8 6 19
1239 82 1 1 0 6 19
345298 56 0 0 6 6 23
431326 17 1 1 3 6 22
431327 12 0 1 7 6 18
21721 216 1 1 1 6 25
443615 34 1 0 1 6 24
525521 11 1 1 3 6 28
431324 32 1 1 1 6 17
1012949 51 1 1 7 6 29
373977 76 1 1 9 6 18
431322 29 0 1 9 6 19
431323 48 0 1 6 6 29
468184 7 0 0 1 6 16
431321 9 0 1 0 6 23
570583 190 1 1 2 6 32
840941 17 1 1 5 6 30
681193 32 1 1 6 6 21
673006 90 1 1 7 6 24
431328 35 1 1 1 6 20
1438971 1 1 0 6 6 50
963838 18 0 0 4 5 37
386294 51 1 0 1 6 16
337142 32 1 1 1 6 22
394480 33 1 1 1 6 33
66806 53 1 1 8 6 18
230650 20 1 0 8 6 19
337150 65 1 1 2 6 18
165118 61 1 1 5 6 40
5373 91 1 1 0 6 18
111874 26 1 1 6 6 19
337153 12 0 1 6 6 21
210181 8 0 0 5 5 18
591105 4 0 1 1 5 19
279823 109 1 0 8 6 11
263439 42 0 1 8 6 16
312591 24 0 1 2 6 19
1139997 8 1 0 1 6 19
369931 252 1 1 8 6 15
484617 9 1 1 5 6 19
91406 94 1 1 3 6 20
1139998 2 1 0 1 6 19
1295619 8 1 1 3 6 33
419094 58 0 0 6 6 19
300309 89 1 0 6 6 17
414997 60 1 0 1 6 16
230679 42 0 0 4 6 16
1300 76 1 1 0 6 19
120085 74 0 1 5 6 19
988442 17 1 1 5 6 19
1393920 2 1 1 8 6 23
1565953 4 1 1 6 6 42
406801 68 0 1 6 6 20
283923 156 0 1 8 6 19
357671 40 1 1 9 6 23
943405 40 1 1 2 6 28
165156 9 0 1 5 6 23
886059 47 1 1 3 6 24
1545520 3 1 1 8 6 37
431406 33 1 1 0 6 22
337198 4 0 1 6 6 24
324904 159 1 1 3 6 28
337204 23 0 1 6 6 20
431415 4 0 1 0 6 21
1545510 5 1 1 6 6 24
431413 74 1 1 7 6 26
431410 36 1 1 1 6 21
431411 36 0 1 6 6 20
1316130 9 1 1 5 6 29
324925 8 0 0 1 6 23
431420 25 1 1 9 6 19
337214 11 0 1 1 6 19
652594 39 0 1 8 6 19
767280 14 1 1 2 6 29
181566 55 1 0 1 6 18
431419 9 0 1 1 6 24
1140012 6 1 0 1 6 22
279867 156 1 0 1 6 14
431417 16 0 1 0 6 20
439609 57 1 1 6 6 19
1185069 31 1 0 6 6 23
1140014 1 1 0 1 6 23
333121 45 0 1 8 6 19
1295703 18 1 1 1 6 40
177479 53 1 0 1 6 18
767309 14 1 1 3 6 24
337218 23 1 1 7 6 20
410957 38 0 0 8 6 19
79178 22 0 1 7 6 19
382286 127 1 1 5 6 23
296265 24 1 1 5 6 18
1082718 20 1 1 2 6 26
30031 174 1 0 0 6 17
79185 32 0 0 0 6 16
1545540 3 0 1 6 6 43
1332551 1 1 1 5 6 27
357713 86 1 0 1 6 17
1344832 10 0 1 6 6 40
99671 107 1 1 1 6 21
431454 21 1 1 9 6 21
1463631 7 1 1 1 6 38
324958 76 1 1 4 6 41
722261 50 1 0 1 6 17
1578310 2 1 1 7 6 28
292196 33 0 0 1 6 16
431462 22 1 1 7 6 22
341349 85 1 1 8 6 22
509287 90 1 0 8 6 16
1209714 1 0 1 1 6 23
431463 3 1 1 6 6 18
431460 16 0 1 2 6 23
91490 142 1 1 5 6 21
882030 9 1 1 8 6 28
431459 31 1 1 2 6 18
324962 93 0 1 1 6 26
365923 53 0 0 6 6 16
431457 24 0 1 6 6 20
1545584 2 1 1 2 6 30
468332 36 0 0 1 6 15
431469 41 0 1 2 6 19
431466 34 0 1 0 6 24
370024 32 0 1 2 6 20
431467 17 1 1 9 5 20
1545594 2 1 1 6 6 37
431464 1 0 1 7 6 20
767333 23 1 1 4 6 21
1545593 5 1 1 6 6 36
431465 16 1 1 7 6 19
230768 12 0 0 4 6 19
914809 23 0 1 5 6 31
324977 28 0 0 1 6 17
62841 50 0 0 7 6 16
1197416 3 1 1 6 6 38
42364 151 1 0 6 6 18
808305 49 1 0 1 6 20
1324436 5 1 1 0 6 32
214400 56 0 0 1 6 15
693641 55 1 0 8 6 17
120194 80 1 1 8 6 20
1295766 14 1 1 1 6 37
984455 8 1 1 4 6 33
955783 4 0 1 1 6 21
443787 22 0 0 1 6 19
275850 120 1 0 0 6 14
431510 7 1 1 2 6 27
431508 74 1 1 8 6 21
431509 36 1 1 6 6 16
431507 30 0 1 8 6 25
431504 12 1 1 5 6 34
431505 9 0 1 6 6 29
173466 146 1 0 9 6 18
1287563 8 0 1 4 6 34
501150 25 0 0 1 6 22
431516 15 1 1 7 6 22
431514 3 0 1 7 6 21
431515 1 1 1 1 6 24
431512 18 1 1 5 6 18
1574278 3 0 1 7 6 42
75168 52 0 1 4 6 19
243106 56 1 1 0 6 21
431525 82 1 0 2 6 16
222629 123 1 1 7 6 17
1246651 6 1 1 3 6 29
488878 4 1 1 4 5 22
157102 143 1 1 8 6 19
1418681 8 1 0 6 6 23
62893 85 0 0 8 6 18
566693 84 0 0 8 6 22
411049 127 1 1 8 6 20
275892 23 0 0 4 6 15
91569 34 1 1 2 6 14
665012 24 1 0 1 6 17
214467 35 0 1 1 6 22
210371 42 1 0 8 6 18
42433 140 1 1 7 6 21
214465 78 1 0 1 6 27
75205 75 1 0 1 6 19
230862 24 1 0 1 6 18
1295811 13 1 1 2 6 32
50641 58 1 0 8 6 15
955865 6 1 1 8 6 19
1439181 2 0 1 8 6 33
374238 21 0 0 1 6 17
1455607 12 1 1 8 6 32
648680 105 1 0 6 6 18
1021421 49 1 0 8 6 33
423392 27 1 0 1 6 15
1197556 14 0 1 1 6 41
108009 44 0 1 4 6 21
218603 23 0 1 8 6 16
108016 64 1 1 0 6 23
169459 21 0 1 5 6 23
325110 14 1 1 0 6 32
976379 21 1 1 8 6 27
132596 55 1 0 3 6 16
382451 21 1 1 7 6 25
562673 61 1 1 8 6 25
1185262 4 1 1 3 6 22
431621 30 1 1 4 6 20
431618 22 1 1 1 6 22
431619 48 1 1 2 6 24
431617 12 1 1 9 6 21
353805 160 1 1 1 6 24
222730 55 1 1 9 6 22
476685 95 1 0 8 6 15
599555 74 1 0 6 5 22
230920 61 1 0 1 6 16
181772 82 1 1 2 6 23
120339 52 1 1 1 6 19
357911 16 0 1 1 6 21
927260 19 1 1 8 6 30
108052 35 1 0 1 6 21
341520 44 1 1 3 6 22
398879 21 1 1 0 6 20
63003 458 1 0 8 6 20
337438 26 0 1 9 5 23
767509 19 1 1 2 6 20
423461 74 1 0 1 6 15
382496 28 0 1 1 6 20
1185338 29 1 1 2 6 22
333359 155 1 1 8 6 20
353833 8 1 1 1 6 27
382504 68 1 1 8 6 19
431671 47 1 1 9 6 21
431669 13 1 1 9 6 25
218672 46 1 0 1 6 24
800319 4 0 0 0 6 38
595518 24 1 1 7 6 22
431674 13 0 1 7 6 22
239166 203 1 1 5 6 20
1369642 11 0 1 5 6 49
431673 31 1 1 7 6 23
1590823 8 1 1 1 6 32
312900 93 1 0 1 6 15
226882 26 1 0 1 6 16
448066 45 1 0 1 6 15
308803 30 0 0 7 6 15
276046 19 1 0 1 6 16
169544 41 0 1 8 6 18
75340 19 0 1 2 6 23
1611337 3 1 1 5 6 18
259666 53 0 0 6 6 17
120402 79 0 1 0 6 19
1025627 9 1 0 8 6 21
1185351 10 0 1 4 6 25
144981 4 1 1 1 6 37
558674 91 1 1 8 6 20
337497 66 1 1 3 6 20
271961 128 0 1 4 6 20
382552 24 0 1 5 6 23
1037905 8 1 1 6 6 31
955984 8 1 1 1 6 19
337498 59 1 1 4 6 21
382567 92 1 1 8 6 18
300646 88 0 0 7 6 29
300640 142 1 0 8 6 14
63078 62 0 1 0 6 21
296547 28 1 0 1 6 16
693869 16 1 0 2 6 16
1386098 7 0 1 6 6 43
796267 39 1 1 3 6 19
431726 13 0 1 7 6 17
308844 51 1 1 8 6 21
58984 93 1 0 1 6 18
775778 2 1 0 1 6 15
431727 8 0 1 8 6 31
431724 35 0 1 5 6 21
1156731 4 1 0 4 6 24
431725 7 1 1 3 6 28
214638 28 1 1 0 6 24
239213 108 0 1 6 6 24
382570 85 1 1 8 6 18
218738 97 0 1 8 6 17
431732 32 0 1 6 6 18
587386 10 0 1 1 6 26
1058403 11 0 1 6 6 27
431730 39 1 1 6 6 20
431731 38 1 1 7 6 16
427635 40 0 0 8 6 17
1005178 4 0 1 8 6 25
431728 20 1 1 0 6 19
431729 5 1 1 1 6 26
1197669 20 1 1 6 6 19
337535 41 1 1 1 6 23
435837 62 1 1 6 6 19
161405 143 0 0 8 6 18
370298 69 1 1 2 5 18
345734 89 0 1 8 6 25
550540 8 1 0 3 6 30
153220 49 0 1 8 6 16
382605 25 1 1 6 6 24
431759 15 1 1 2 6 22
398988 54 0 1 6 6 20
382606 26 0 1 1 6 28
1259160 5 1 1 1 6 24
321161 18 0 1 6 6 22
726662 16 1 1 0 6 31
1275550 6 1 0 8 6 16
730757 39 0 1 3 6 18
431766 14 1 1 9 6 18
431767 1 0 1 1 6 28
431764 7 1 1 2 6 25
706201 17 1 0 2 6 14
431765 41 0 1 6 6 21
431762 3 0 1 8 6 19
431763 7 0 1 1 6 21
591516 15 1 1 1 6 28
382611 11 0 1 4 6 22
431760 4 0 1 1 6 24
431761 11 0 1 6 6 21
1300105 4 1 1 1 6 21
38556 41 1 1 0 6 25
583316 10 0 1 2 6 22
259742 41 0 1 5 6 21
685739 54 1 0 6 6 22
681641 30 1 1 2 6 20
128676 38 0 0 2 6 16
145060 37 0 1 0 6 20
337571 53 1 1 4 6 19
67239 9 1 1 1 6 28
734882 9 1 1 5 6 31
702112 5 0 0 6 6 16
681638 22 1 1 2 6 26
26287 55 1 1 0 6 18
288427 25 0 0 1 6 23
1447609 7 1 1 2 6 21
239282 95 1 1 5 6 23
1611433 3 1 1 5 6 34
517813 48 1 1 8 6 31
718520 31 1 0 6 6 22
263863 42 1 0 3 6 17
120501 68 0 1 1 6 29
374460 80 1 1 6 6 18
239288 13 0 1 1 6 20
591540 11 1 1 6 6 27
870064 18 1 0 6 6 40
71361 146 1 1 9 6 23
210627 126 1 0 2 5 16
50885 202 0 1 2 6 20
472769 67 1 0 6 6 16
276172 132 1 0 0 6 4
337613 24 1 1 6 6 22
399055 27 1 1 6 6 37
1435329 6 1 1 4 6 29
304850 49 0 0 8 6 14
337619 16 1 1 8 6 27
222932 99 1 1 3 6 20
784083 31 1 0 4 6 37
1464015 10 0 0 5 6 42
399069 30 1 1 0 6 26
218846 145 1 1 8 6 23
775915 22 1 0 1 6 13
431846 9 0 1 1 5 21
161506 49 1 0 1 6 18
1574648 1 1 1 8 6 28
337636 22 1 1 3 6 19
431847 26 1 1 7 6 22
75495 319 1 1 9 6 19
341740 36 0 1 8 6 19
431850 7 0 1 7 6 20
431848 21 0 1 2 6 18
431849 88 1 1 7 6 17
734971 14 1 1 8 6 27
620280 7 1 0 5 5 19
1558246 4 1 1 8 6 30
325360 12 1 1 1 6 18
71414 529 1 1 6 6 19
1267428 12 1 0 8 6 30
452350 10 0 1 0 6 26
1304296 10 0 0 8 6 22
419577 91 1 1 8 6 20
1509142 2 0 1 2 6 23
661257 29 1 0 6 6 17
1459989 3 1 1 2 6 31
374531 22 0 1 3 6 25
452352 13 1 1 8 6 17
927495 9 0 1 6 6 20
382729 55 1 1 2 6 21
304916 19 0 0 4 6 16
431894 18 0 1 9 6 19
775962 6 1 0 4 6 18
431895 3 1 1 9 6 19
775961 12 1 0 6 6 13
431892 6 0 1 7 6 25
431893 6 1 1 5 6 23
112404 51 1 1 1 6 28
231188 46 1 1 8 6 19
120598 84 1 0 3 6 23
1304331 5 1 0 2 6 21
1320716 5 1 0 7 6 29
182043 60 1 0 3 6 14
775959 8 1 0 6 6 13
374553 33 0 1 8 6 20
1304335 5 1 0 1 6 40
431896 30 1 1 9 6 22
349978 36 0 0 4 6 17
431897 18 1 1 9 6 19
558889 27 0 0 1 6 20
374562 223 1 1 8 6 18
243497 82 1 0 1 6 16
50993 27 0 1 0 6 20
829245 5 1 1 6 6 36
83763 48 0 1 6 6 22
235312 95 0 1 7 6 28
1304359 3 1 1 8 6 14
775987 3 1 0 1 6 15
341820 81 1 1 1 6 24
431935 1 1 1 0 6 23
640816 48 1 1 8 6 20
132921 44 1 1 0 6 21
431933 10 1 1 9 6 25
440122 62 0 0 5 6 16
775990 6 0 0 1 6 16
382776 20 0 1 8 6 19
775989 12 1 0 1 6 14
382779 32 0 1 3 6 22
775988 2 1 0 1 6 19
341818 9 1 1 8 6 30
1550120 4 1 1 8 6 21
776010 38 0 0 8 6 14
431943 3 1 1 1 6 27
431940 21 1 1 2 6 19
857935 18 1 1 1 6 18
776008 2 1 1 1 6 17
431941 1 0 1 0 6 21
431938 19 1 1 1 6 21
649037 14 1 1 6 6 30
341824 30 0 1 8 6 26
431939 42 1 1 2 6 21
431937 7 1 1 1 6 19
870218 14 1 0 8 6 26
431950 3 0 1 8 6 20
337741 69 1 0 6 5 21
431951 4 1 1 4 6 32
431948 14 0 1 0 6 24
431949 1 1 1 6 6 22
431946 13 1 1 9 6 19
431947 51 1 1 2 6 18
1181535 9 1 1 8 6 42
337738 29 0 1 6 6 21
591707 10 0 1 1 6 35
214868 58 0 1 8 6 24
161626 15 0 1 2 6 22
325469 67 1 0 4 6 18
382812 5 0 1 9 6 31
431964 17 1 1 0 6 21
169816 52 1 1 8 6 15
1558349 9 1 1 5 6 32
825175 15 1 1 6 6 27
264037 81 1 0 6 6 20
235361 74 0 1 3 6 20
165734 110 1 1 6 6 24
280428 115 1 1 6 6 17
776034 2 1 0 2 6 15
403311 46 1 1 9 6 22
30572 86 1 1 9 6 21
337770 25 0 0 1 6 17
399223 168 1 1 5 6 19
1529700 5 1 1 1 6 29
776063 17 1 0 1 6 15
776062 7 0 0 1 6 16
1496928 5 1 1 5 6 26
431998 30 1 1 8 6 18
431999 102 1 1 4 6 18
305022 56 0 1 8 6 19
431997 7 0 1 6 6 22
10109 87 0 1 0 6 19
280441 124 1 0 8 6 17
300922 24 0 0 4 6 22
432006 6 0 1 0 6 22
1574808 2 1 1 1 6 39
432007 8 0 1 8 6 18
432004 5 0 1 4 6 21
1574810 2 1 1 1 6 19
432005 19 1 1 3 6 20
432002 14 1 1 0 6 22
706446 74 1 1 2 6 26
432003 5 1 1 1 6 22
530317 10 0 1 8 6 22
432000 7 1 1 1 6 21
432001 24 1 1 2 6 28
1574815 2 1 1 1 6 22
432014 37 1 1 1 6 27
1574800 1 0 1 8 6 39
337807 23 0 1 6 6 22
432012 23 1 1 1 6 19
432010 23 1 1 1 6 18
735110 176 1 1 6 6 26
432008 8 1 1 7 6 19
341899 73 1 0 6 5 25
776068 18 0 0 1 6 16
604038 4 0 0 1 6 21
161683 283 1 0 1 6 13
366484 35 1 1 2 6 25
858015 8 1 1 0 5 33
472978 32 1 0 1 6 15
432016 1 1 1 0 6 25
1574798 1 1 1 6 6 27
726941 74 1 0 5 6 22
432017 25 0 1 1 6 20
1296267 13 0 1 1 6 24
1574785 3 1 1 1 6 36
776081 4 1 0 9 5 15
362399 39 0 1 4 6 21
1574786 4 1 1 2 6 26
1148810 9 0 1 6 6 20
346011 83 1 1 8 6 18
255907 26 0 1 1 6 22
1034159 39 1 1 8 6 19
313253 119 0 0 4 6 19
866220 13 1 1 2 6 15
1574841 2 1 1 5 6 22
1038254 17 1 1 6 6 19
255905 63 1 1 5 6 25
67490 50 0 0 6 6 20
124839 38 0 1 0 6 40
382883 62 0 1 1 6 28
1255348 5 1 1 1 6 32
1066937 2 0 1 2 6 21
1574833 1 1 1 1 6 19
333742 7 0 1 5 6 25
382888 72 1 1 6 6 24
1050557 6 1 1 0 6 27
1574838 1 1 1 1 6 20
1148832 11 0 1 2 6 26
456626 30 0 0 8 6 16
1066917 31 1 1 2 6 30
661439 16 0 1 5 6 22
706495 23 0 1 5 6 29
227253 94 1 0 1 5 12
1148839 182 1 1 8 6 23
780221 36 0 1 4 6 33
22455 56 1 1 0 6 19
587703 5 1 1 3 6 24
432070 4 1 1 9 6 19
432071 1 1 1 9 6 18
1050577 5 1 1 0 6 23
432068 27 1 1 7 6 20
432069 6 1 1 7 6 18
432066 7 1 1 0 6 21
305091 20 1 1 9 6 21
432065 3 0 1 1 6 25
587713 5 1 1 5 6 29
317391 32 0 0 3 6 16
432077 5 1 1 2 6 18
915393 10 0 1 1 6 28
432075 6 1 1 1 6 20
432072 1 1 1 3 6 23
1619926 3 1 1 1 6 30
432073 9 1 1 7 6 19
460759 31 0 0 8 6 15
731097 48 1 1 1 6 27
432085 12 1 1 2 6 23
370646 55 0 1 4 5 19
411603 85 1 1 8 6 18
444371 43 1 1 2 6 16
1529793 5 1 1 6 5 20
624606 26 1 1 8 6 16
1112008 12 1 1 4 6 23
636881 29 1 0 6 6 28
75736 43 1 1 2 6 19
366559 40 1 1 9 6 21
71645 22 0 1 7 6 22
673751 6 1 1 6 6 20
71646 41 0 1 8 6 23
1574855 3 1 1 8 6 18
268260 17 0 1 4 6 21
1574904 1 1 1 1 6 27
1574907 1 1 1 6 6 23
1148914 4 1 1 6 6 32
1574908 1 1 1 8 6 19
341985 17 1 0 8 6 19
1574909 1 0 1 1 6 25
432096 6 0 0 6 5 15
1574910 1 1 1 8 6 18
776166 13 1 1 8 6 17
776164 3 0 0 1 5 17
1574903 1 1 1 1 6 25
432119 2 0 1 1 6 24
956412 1 1 1 6 6 22
1066979 11 0 1 8 6 36
370673 13 1 1 1 6 15
673790 35 1 1 6 6 26
260086 59 1 0 7 6 19
1619949 1 0 1 1 6 29
395249 23 1 0 9 6 15
1574895 3 1 1 1 6 22
432126 10 0 1 6 6 23
514047 64 1 1 2 6 23
432127 2 0 1 1 6 25
432124 3 1 1 7 6 21
382974 90 1 1 1 6 23
432125 9 0 1 6 6 20
460795 31 1 0 8 5 19
432122 2 1 1 1 6 21
518139 52 0 0 8 6 20
432123 2 1 1 1 6 18
444408 46 1 0 1 6 15
432120 4 1 1 2 6 21
325627 69 0 1 1 6 19
432121 8 1 1 9 6 20
100350 45 0 1 2 6 20
1492969 3 0 1 6 6 22
776203 17 1 0 1 6 16
432134 3 0 1 4 6 18
71681 52 0 1 8 6 22
1484822 5 1 1 1 6 26
432135 3 1 1 1 6 22
432132 4 0 1 1 6 18
518149 46 1 0 4 6 17
563210 12 0 0 1 6 19
22531 62 1 1 0 6 21
432133 2 1 1 9 6 20
432130 2 1 1 2 6 21
194567 84 1 0 8 6 15
432128 3 1 1 2 6 21
776204 6 1 0 1 6 16
51207 66 1 1 0 6 22
432129 2 1 1 1 6 23
817156 50 1 0 8 6 18
1415199 7 1 1 5 6 30
22540 151 1 0 6 6 19
514057 21 1 1 6 6 16
505879 47 0 1 1 6 26
1574920 1 1 1 8 6 18
223250 90 1 0 1 5 19
1574921 2 0 1 5 6 23
1574922 1 0 1 1 6 26
1574924 1 1 1 1 6 32
1574925 2 1 1 8 6 25
686109 54 1 1 6 6 20
927769 12 1 1 4 6 27
1619968 4 1 1 3 6 18
337948 74 0 1 4 6 20
1574914 3 1 1 4 6 19
1566733 9 1 1 1 6 31
1574915 1 1 1 5 6 18
1574968 3 1 1 8 6 32
161827 69 1 0 1 6 15
165923 98 1 1 8 6 25
469029 17 1 0 1 6 16
34850 75 1 1 4 6 20
1456178 13 1 0 6 6 28
645155 12 0 0 1 6 15
79917 59 1 1 6 6 16
1337400 16 1 1 6 6 38
776230 2 0 1 4 6 25
1574966 2 1 1 5 6 19
333877 170 0 1 6 6 31
100400 41 1 1 2 6 25
1005627 8 1 1 8 6 23
530480 12 0 0 1 6 15
38968 59 0 1 2 6 19
432190 14 1 1 9 6 22
432191 7 1 1 2 6 21
1075241 12 0 1 5 6 33
165945 39 0 1 9 6 20
505916 115 1 0 6 6 19
432198 25 1 1 1 6 20
432199 23 1 1 0 6 22
260162 88 1 0 8 6 20
510022 49 1 1 9 6 18
1349717 10 1 1 1 6 25
432196 6 0 1 4 6 24
432197 8 0 1 4 6 18
927821 39 1 1 1 6 24
145478 98 1 1 7 6 18
432194 4 0 1 6 6 22
432195 2 0 1 2 6 18
432192 6 0 1 8 6 21
1349714 1 1 1 6 6 19
432193 5 1 1 6 6 20
682050 35 1 0 6 6 21
1005637 2 1 1 8 6 23
284751 49 1 1 8 6 19
432202 3 1 1 1 6 21
432203 9 1 1 4 6 18
432200 6 0 1 1 6 22
370772 111 1 1 8 6 18
354390 3 0 0 4 6 18
383057 11 0 1 6 6 23
120917 107 1 0 8 6 18
63573 23 0 1 8 6 23
751699 11 1 1 8 6 23
370783 175 1 1 8 6 18
882799 82 1 0 1 6 36
239717 53 1 0 8 6 21
75881 46 1 1 0 6 17
1063032 41 1 0 4 6 26
1063033 23 1 0 5 6 20
1136765 22 1 1 7 6 33
538726 25 0 0 1 6 19
211063 55 0 0 7 6 18
1149029 6 0 1 5 6 36
383088 54 0 1 9 6 20
436336 66 1 1 8 6 19
67705 201 1 0 6 6 19
587889 64 1 1 8 6 21
63610 42 1 0 1 6 17
1218664 33 1 0 8 6 38
403580 143 1 0 6 6 15
219263 190 1 1 4 6 19
1063058 7 1 1 6 6 23
1296528 9 1 1 5 6 21
223366 16 1 0 6 6 16
624780 35 1 1 3 6 22
39046 16 0 1 0 6 22
166025 51 1 0 8 6 18
243854 40 0 0 1 6 21
456840 49 1 1 8 6 21
391306 56 0 0 4 6 14
1005727 20 1 1 8 6 21
215184 67 1 1 1 6 19
1259648 24 1 1 1 6 27
1005723 26 1 1 6 6 32
1525891 2 1 1 3 6 21
1255558 9 1 1 2 6 22
747666 15 1 0 4 6 19
530601 17 0 0 8 6 17
22690 79 1 1 0 6 20
1251510 13 0 1 4 6 30
440480 18 0 1 6 6 26
129192 11 0 1 1 6 43
1005732 6 0 1 3 6 18
75951 37 1 1 2 6 18
1005729 15 1 1 8 6 27
1362084 4 1 1 6 6 26
747706 31 1 1 5 6 26
342195 59 1 1 2 6 20
1218731 2 1 1 0 6 19
334014 64 1 1 4 6 34
731339 10 1 1 5 6 29
768201 22 1 1 0 6 22
1005772 3 0 1 8 6 32
456899 54 1 1 8 6 18
55494 96 0 0 2 6 17
944329 8 1 1 2 6 29
432334 10 0 1 6 6 20
432335 2 0 1 8 6 19
1280218 1 0 1 6 6 26
747714 5 1 0 1 6 16
100555 24 1 1 5 6 21
432332 5 1 1 6 6 22
624835 13 1 1 5 6 20
432333 4 0 1 2 6 21
436427 14 1 1 1 5 22
432343 16 1 1 1 6 22
125139 30 0 1 2 6 36
432341 7 1 1 6 6 23
792799 19 0 1 1 6 29
432338 9 0 1 6 6 24
84183 30 0 1 8 6 19
432336 1 0 1 2 6 19
141524 74 1 1 5 6 17
760029 37 1 1 3 6 37
432337 2 1 1 2 6 19
432350 4 1 1 9 6 21
1485007 2 1 1 1 6 22
67803 7 1 1 9 6 21
432348 7 1 1 1 6 22
764112 24 1 0 1 6 24
432346 48 1 1 6 6 22
1005779 4 1 1 4 6 30
465114 15 1 0 1 6 15
432347 5 0 1 2 6 18
432344 3 1 1 1 6 20
432345 5 1 1 3 6 20
1308915 1 1 1 6 6 22
1210609 8 1 1 6 6 22
141542 125 1 1 3 6 25
395489 32 1 1 1 6 22
71914 236 0 1 1 6 18
260334 24 0 0 1 6 17
129260 149 1 1 2 6 22
1005794 9 1 1 8 6 19
649446 7 1 0 8 6 26
166130 37 1 1 3 6 20
399606 26 1 1 5 6 26
1263841 13 1 1 6 6 31
407794 29 1 0 8 6 17
403710 52 0 1 3 6 19
432382 4 1 1 7 6 25
542961 22 1 1 2 6 23
555250 62 1 1 6 6 25
43260 147 1 0 8 6 19
719092 20 1 1 8 6 22
833779 34 1 1 2 6 24
432390 5 1 1 2 6 18
436486 54 1 0 1 6 16
432391 4 1 1 1 6 32
76032 45 1 1 2 6 21
432388 26 1 1 6 6 19
289024 150 1 1 1 6 18
432386 44 1 1 1 6 19
432387 15 0 1 2 6 22
432384 9 1 1 1 6 29
432385 1 1 1 7 6 19
1165590 31 1 0 8 6 33
76040 98 0 1 6 6 20
157960 59 0 1 9 6 20
657664 50 1 0 1 6 19
444682 17 0 0 1 6 17
432394 3 0 1 0 6 42
125196 29 1 0 1 5 19
432392 19 1 1 9 6 22
432393 7 1 1 4 6 22
1259779 14 1 1 6 6 27
1485063 2 0 1 2 6 21
14611 50 0 1 8 6 17
370966 6 0 1 3 6 19
1485058 3 0 1 8 6 22
284945 32 0 0 8 6 16
1550594 4 1 1 1 6 24
383251 74 0 1 1 6 25
1120521 10 1 1 3 6 21
383256 21 1 1 9 6 20
334104 102 1 1 6 6 23
399654 56 1 1 0 6 19
747817 33 0 0 1 6 17
432430 9 1 1 9 6 20
276780 64 0 0 8 6 19
1018150 3 1 1 2 6 18
502062 32 0 1 4 6 112
432428 1 0 1 6 6 20
432429 19 1 1 7 6 24
416042 68 0 1 8 6 20
432427 1 1 1 2 6 23
178476 112 1 0 4 6 14
694564 50 1 0 8 6 14
432438 48 1 1 1 6 20
432439 13 1 1 6 6 22
432436 8 1 1 0 6 19
432437 17 0 1 8 6 20
313648 23 1 0 2 6 16
432434 15 1 1 6 6 19
432435 1 1 1 4 6 20
432432 20 1 1 9 6 20
166196 34 0 0 8 6 28
432433 32 0 1 6 6 20
776497 8 1 0 8 5 19
166200 40 1 1 6 6 23
432444 36 1 1 1 6 39
776496 3 0 0 4 6 17
469307 29 0 0 1 6 16
432442 16 1 1 6 6 21
1354024 17 1 1 1 6 22
432443 18 1 1 5 6 17
18750 56 0 0 0 6 16
432441 16 1 1 9 6 21
108862 20 0 0 0 6 19
776521 23 0 0 1 6 16
1026381 17 1 1 4 6 41
1309008 3 1 1 6 6 23
555340 35 1 1 8 6 25
395587 53 0 0 3 6 28
629057 30 1 0 4 6 27
26953 34 1 0 4 6 16
317773 42 1 1 2 6 28
235849 64 1 1 2 6 21
1481048 3 1 1 5 6 22
477527 38 1 0 1 6 17
1116480 20 1 1 2 6 32
518485 252 0 0 8 6 17
481620 35 1 0 2 6 18
559451 12 0 1 8 6 31
1022297 16 1 0 4 6 27
416094 28 1 1 6 6 18
158043 12 1 1 2 6 19
362847 56 0 0 8 6 17
1055051 39 1 0 6 6 39
518491 16 1 0 8 6 29
510299 64 1 1 8 6 19
35165 9 1 1 1 6 17
518489 25 1 0 8 6 16
432486 9 1 1 9 6 21
432487 9 0 1 2 6 19
256354 4 0 1 1 6 24
432484 11 1 1 7 6 20
465253 22 1 0 6 6 17
432485 9 0 1 1 6 24
1296752 6 1 1 8 6 17
252261 22 0 1 1 6 24
252266 88 1 0 1 6 18
432492 25 1 1 3 6 20
1399167 9 1 0 3 6 29
432493 4 1 1 1 6 35
125290 57 1 1 6 6 20
432490 35 1 1 4 6 22
31084 160 1 0 3 6 21
371048 29 1 1 1 6 19
432491 32 1 1 1 6 27
551269 10 0 1 6 6 27
452971 86 1 1 7 6 33
432488 7 1 1 9 6 19
432489 34 0 1 1 6 26
551271 8 0 1 4 6 19
715128 11 1 0 1 6 21
412020 40 1 0 3 6 19
1247584 2 1 1 1 6 26
776575 30 0 0 6 6 13
633213 48 1 0 3 6 18
776572 4 0 0 1 6 18
158069 37 1 1 6 6 18
88441 21 1 1 0 6 20
227704 83 1 0 1 6 15
31099 490 1 0 2 6 20
731511 7 0 1 1 6 22
383353 35 1 0 8 6 22
682357 100 1 1 6 6 40
149888 82 1 1 6 6 22
371078 61 1 1 1 6 20
371073 74 1 1 1 6 19
473473 6 1 0 1 5 19
170373 344 1 1 6 6 26
293260 50 1 0 1 6 20
305548 138 1 0 6 6 22
326029 28 1 0 1 6 23
776577 6 0 0 1 6 17
1010051 11 1 1 5 6 23
358792 13 1 0 1 6 15
756100 8 1 0 3 6 16
244115 65 1 0 1 6 14
1026462 10 1 1 1 6 18
1354117 4 1 1 4 6 47
723359 42 0 0 1 6 13
608656 58 1 1 6 6 30
776619 4 1 0 1 6 17
1264050 6 1 1 7 6 30
80293 53 0 1 0 6 24
1485232 8 1 1 5 6 23
776620 6 1 0 1 5 15
1485233 3 0 1 2 6 23
944548 45 1 1 1 6 29
694693 26 0 1 1 6 30
715194 44 0 0 6 6 21
1145250 15 1 1 1 6 31
661945 19 1 1 8 6 20
76212 228 1 1 6 6 25
194999 287 1 0 5 6 26
2486 84 1 1 0 6 22
567728 17 0 1 1 6 39
432574 32 1 0 6 6 20
858551 47 1 0 6 6 24
395705 64 1 0 1 6 22
465349 40 0 0 1 6 16
776642 13 1 0 2 6 15
149960 398 1 1 8 6 20
227784 4 0 0 7 6 17
444875 19 1 0 1 6 31
371147 132 1 1 3 6 19
1255901 1 0 1 6 6 22
178642 20 0 1 0 6 27
305623 178 1 1 8 5 20
776659 2 1 0 1 6 17
653776 35 1 0 1 5 16
776658 2 1 0 1 6 16
272861 82 1 0 1 6 24
776657 1 1 0 2 6 15
326111 18 0 1 3 6 19
96733 60 1 1 7 6 22
276952 46 1 0 1 6 23
776662 4 1 0 5 6 15
432603 66 1 1 0 6 30
776661 3 0 0 1 6 16
776660 3 1 0 9 6 17
260572 35 1 0 1 6 19
776683 5 1 0 7 6 15
944622 11 0 1 2 6 20
776682 4 1 0 1 6 15
514533 49 1 1 8 6 20
129509 58 1 1 7 6 20
760301 6 1 0 9 6 17
326114 40 1 1 1 6 25
776684 5 1 0 1 6 16
563695 14 1 1 5 6 16
76264 14 0 1 6 6 20
1346047 8 1 1 6 6 34
629218 107 1 1 6 6 23
453101 43 1 0 6 6 22
387561 21 1 0 4 6 17
326122 19 0 1 4 6 27
1116643 17 1 1 1 6 32
563708 59 1 0 1 6 20
719346 45 0 1 1 6 31
641523 18 1 1 8 6 24
1436136 6 0 1 8 6 23
358907 55 1 1 8 6 20
399865 31 1 1 6 6 16
453127 114 1 1 6 6 35
776713 3 0 0 4 6 16
31235 81 1 1 8 6 19
35333 18 1 1 1 6 17
84484 71 1 1 3 6 19
1309206 4 1 1 6 6 23
1214999 6 1 1 6 6 30
911880 60 1 1 3 6 19
215557 24 0 1 4 6 23
68105 22 0 1 2 6 18
1219102 5 0 1 0 6 24
223758 69 1 1 8 6 18
1219100 2 0 1 0 6 18
150039 80 1 1 8 6 17
612894 15 1 1 5 6 25
150042 117 1 1 8 6 26
150040 196 1 1 8 6 20
776720 21 1 0 1 6 14
506392 58 1 0 8 6 20
432678 6 1 1 6 6 24
444966 27 1 0 1 6 16
432679 12 1 1 9 6 23
432676 5 1 1 4 6 27
432677 7 1 1 3 6 29
432674 54 1 1 1 6 20
444962 25 1 0 1 6 18
981546 4 0 1 5 6 37
88612 145 1 0 8 6 17
432675 12 1 1 6 6 19
641580 38 1 1 8 6 26
1534514 5 1 1 1 6 19
887338 6 1 1 7 6 28
178730 185 1 1 3 6 20
432687 5 1 1 9 6 19
444972 15 1 0 4 6 17
432684 6 1 1 7 6 26
432685 14 1 1 7 6 18
375342 112 1 1 8 6 20
289320 46 0 1 7 6 30
432682 11 1 1 3 6 21
432683 3 1 1 2 6 21
432680 5 0 1 8 6 23
727589 31 1 1 1 6 38
383541 6 0 1 5 6 20
55856 98 1 0 1 6 19
432693 3 1 1 4 6 22
113205 41 1 0 1 6 17
432690 18 1 1 1 6 20
1219110 3 1 1 0 6 21
432691 24 1 1 1 6 31
1219111 8 0 1 0 6 24
432688 60 1 1 0 6 21
432689 21 1 1 6 6 23
1047096 11 0 1 5 6 31
776779 1 1 0 1 5 18
350789 25 1 0 1 6 20
776782 4 1 0 1 6 17
338496 81 1 0 1 6 20
285250 46 0 1 3 6 20
1526365 4 1 1 1 6 25
502348 65 1 1 2 6 27
776794 12 1 0 2 6 17
567898 20 1 1 5 6 25
326224 12 1 1 0 6 19
227931 21 1 1 9 6 18
432734 8 1 1 7 6 18
432735 3 1 1 9 6 22
432732 74 1 1 6 6 19
629330 27 0 0 1 6 19
776784 7 1 0 1 5 16
432733 14 1 1 4 6 20
432730 6 1 1 7 6 21
23132 55 0 1 0 6 25
432731 39 0 1 6 6 19
432728 11 1 1 2 6 21
629335 22 1 1 6 6 24
432742 38 0 1 6 6 20
432740 1 0 1 2 5 20
1329782 9 1 1 0 6 26
903790 36 0 1 6 6 24
391777 22 0 1 8 6 18
432738 5 1 1 9 5 19
432739 55 0 1 3 6 29
334435 32 0 1 9 6 21
432737 7 1 1 6 6 26
432748 4 1 1 7 5 23
432747 7 1 1 1 6 18
227949 15 1 0 7 6 14
432744 4 1 1 0 6 19
432745 8 1 1 2 6 21
473718 58 1 0 1 6 16
535161 49 0 1 8 6 27
363122 156 1 1 6 6 22
1366636 6 1 1 3 6 24
399997 344 1 1 4 6 20
518780 73 0 1 2 6 21
1342059 3 1 1 6 6 22
199298 47 0 0 2 6 16
318086 29 0 1 2 6 19
6790 65 1 1 7 6 19
440961 42 1 0 1 6 22
84617 31 1 1 9 6 20
14985 9 0 1 3 6 23
264847 29 0 0 6 6 16
649861 26 0 1 8 6 18
289419 75 1 0 6 6 22
297621 13 1 1 0 6 18
166549 49 1 1 0 6 26
412318 19 1 0 5 6 17
793237 9 1 0 1 6 19
72351 41 0 1 6 6 18
277157 112 0 1 4 6 22
813741 24 1 1 5 6 18
457380 26 0 0 8 6 14
166566 47 0 1 0 6 21
338604 44 1 1 5 6 25
551586 24 1 1 6 6 22
1231520 2 1 1 6 6 30
338609 35 1 1 3 6 20
1321632 8 0 1 3 6 36
993979 39 1 0 8 6 21
338608 52 1 1 4 6 21
445104 21 1 0 1 6 18
187066 20 1 0 8 6 16
60090 36 0 1 8 6 19
1247913 3 0 1 6 6 40
1612450 2 1 1 0 6 24
580279 105 1 1 2 6 30
424645 58 1 1 8 6 20
31428 769 1 1 9 6 42
88773 76 1 1 8 6 21
1309399 5 1 1 4 6 20
1309402 1 1 1 6 5 23
1309401 3 1 0 6 6 8
1309400 2 0 1 6 6 22
604892 43 1 0 9 5 17
133847 22 1 1 6 5 18
400081 86 1 1 8 6 23
88792 33 0 0 8 6 17
248538 261 1 1 8 6 19
162520 39 1 1 4 6 32
1297138 3 1 1 8 6 18
76515 80 1 1 2 6 23
1149687 15 1 0 8 6 20
441069 21 1 0 2 6 22
338670 12 1 1 4 6 28
170734 37 1 1 0 6 18
191213 21 1 0 2 6 13
256753 69 1 1 5 6 20
51958 52 1 0 2 6 18
973558 22 1 0 1 6 21
97019 67 1 1 9 6 19
453372 127 1 0 6 6 20
1161965 2 0 1 2 6 33
776948 4 0 0 1 5 16
68352 34 0 1 0 6 20
645898 16 1 1 1 6 31
1055512 10 1 1 4 6 23
428815 92 1 1 9 6 21
776966 34 1 0 1 6 18
1465092 4 1 1 6 6 24
776984 2 0 1 1 6 20
277271 94 1 0 4 6 19
1227526 13 1 1 1 6 32
379677 49 1 0 8 6 17
506654 9 0 1 5 6 18
936724 8 1 1 8 6 28
326437 9 0 1 0 6 26
31526 24 0 0 1 6 17
1121078 8 0 1 1 6 23
797476 16 1 1 3 6 44
445226 4 1 0 1 6 18
457515 49 1 1 8 6 18
1391416 27 1 1 6 6 38
326443 26 0 1 0 6 24
1080096 19 1 1 4 6 29
744251 1 1 1 1 6 36
97074 35 1 0 1 6 22
432945 95 1 0 8 6 26
359228 113 1 1 3 6 19
469821 6 1 0 1 6 17
109371 47 1 1 5 6 25
43844 51 1 1 0 6 20
318272 11 0 0 3 6 21
432974 10 0 1 7 6 20
432975 3 0 1 2 6 20
326479 48 1 1 9 6 20
432973 8 1 1 1 6 25
432982 5 1 1 6 6 20
326480 64 1 1 0 6 19
432979 31 1 1 1 6 22
432977 28 1 1 6 6 23
535391 178 1 0 8 6 16
11097 73 1 0 1 6 21
432988 139 1 1 6 6 19
326495 36 0 1 6 6 23
432989 22 1 1 2 6 19
490332 100 1 1 8 6 21
432986 1 1 1 0 5 25
432987 50 1 1 6 5 22
432984 23 1 1 2 6 20
23390 89 1 1 8 6 19
338790 3 1 1 0 5 23
432994 49 0 1 9 6 21
64356 66 0 1 2 6 33
1575807 3 1 1 1 6 20
895844 40 0 1 6 6 23
858982 15 1 1 6 6 24
338793 9 0 1 1 6 27
719718 25 1 0 1 6 24
35693 104 1 1 0 6 20
338792 25 1 1 6 6 19
138092 22 0 1 2 6 26
695141 30 1 1 6 6 21
1448806 3 1 1 8 6 39
11123 210 1 1 7 6 18
125813 35 0 0 1 6 21
1227622 10 1 1 2 6 41
56180 88 0 0 6 6 25
433022 8 0 1 4 6 18
433023 31 1 1 1 6 23
342908 91 0 1 8 6 19
154492 79 0 1 3 6 24
1006449 52 1 1 6 6 31
412537 92 1 1 8 6 17
433030 19 0 1 0 6 25
2945 34 1 1 5 6 26
445316 68 0 0 6 6 17
72578 103 0 1 6 6 21
433029 45 0 1 2 6 19
1612699 3 1 1 6 6 40
433026 24 0 1 1 6 22
68484 26 0 1 9 6 22
39814 44 1 0 6 6 18
1256341 4 1 1 1 6 38
191365 119 1 0 6 6 15
43917 587 1 1 3 6 29
433032 7 0 1 8 6 36
11153 40 0 1 0 6 19
428951 24 0 0 8 6 17
695193 1 1 0 7 6 20
920477 31 1 1 1 6 32
375709 25 1 1 0 6 26
326557 25 0 1 3 6 26
338844 22 1 1 1 6 26
1514381 5 1 0 8 6 28
465820 130 1 0 1 6 16
60315 74 1 0 1 6 22
195487 23 0 0 1 6 21
527253 59 1 1 6 6 19
228253 97 1 1 1 6 22
1416074 6 1 1 3 5 36
625577 1 1 1 1 6 21
932783 17 1 1 6 6 19
211879 22 0 1 1 6 19
52133 70 0 0 1 6 16
158628 22 0 0 8 6 21
453537 44 1 1 1 6 32
166824 59 1 1 3 6 18
977829 22 1 0 6 6 28
191411 53 0 0 1 6 15
1354661 10 1 1 1 6 34
433075 68 1 1 9 6 20
146359 29 1 0 8 6 15
695231 49 0 0 8 6 17
109495 178 1 1 2 6 21
433072 31 0 1 7 6 19
433073 131 1 1 3 6 19
232372 180 1 1 2 6 23
465840 44 0 0 4 6 16
588720 13 1 1 1 6 25
588721 5 1 1 8 6 19
1305512 13 1 1 1 6 25
695242 5 1 0 8 6 29
695243 1 1 1 8 6 15
695240 3 1 1 6 6 29
175040 220 1 1 4 6 20
1309649 20 0 1 6 6 31
211904 111 1 0 1 6 15
695241 29 1 0 8 6 15
121797 74 1 1 7 6 20
605134 6 1 0 1 6 15
121801 186 1 1 2 6 19
695234 26 0 1 4 6 27
695235 27 1 1 8 6 19
695232 10 1 0 8 6 13
662464 38 1 1 6 6 26
695233 32 1 1 6 6 16
695238 1 1 1 8 6 16
695239 1 1 1 5 6 13
695236 1 1 1 8 6 19
695237 1 1 1 8 6 13
207824 17 0 1 5 6 29
474064 27 0 0 1 6 16
60376 32 0 1 8 6 23
355292 101 1 0 1 6 16
1399753 3 1 0 6 6 21
261084 48 0 1 7 6 20
224226 23 1 1 1 6 25
244706 66 1 1 5 6 19
289766 20 1 0 1 6 19
338924 52 1 1 2 6 20
338927 8 0 1 8 6 20
650213 6 0 0 1 6 16
695290 1 0 1 8 6 21
695291 1 1 1 6 6 17
732153 8 1 0 1 5 16
695288 1 1 1 0 6 19
408564 26 1 0 1 6 20
695289 1 1 1 3 6 17
695294 3 1 1 8 6 16
199671 301 1 0 7 6 41
695295 1 1 1 2 6 17
695292 51 1 0 8 6 14
695293 2 1 1 5 6 17
1211365 10 1 1 8 6 31
1035253 5 1 0 1 6 17
1178603 11 1 1 8 6 29
117756 53 1 0 1 6 13
220158 38 1 0 1 6 17
568309 25 1 1 5 6 23
1453035 5 0 0 6 6 18
568329 4 0 1 8 6 25
285703 351 1 0 8 6 19
130054 11 1 0 1 6 17
695298 1 1 1 6 6 14
433167 8 0 1 1 6 20
695299 1 1 0 8 6 16
695296 1 1 1 8 6 29
433165 32 0 1 5 6 22
695297 38 1 0 8 6 16
695302 3 1 1 8 6 16
695300 2 1 1 1 6 20
695301 15 1 0 8 6 29
695322 3 1 1 8 6 23
695323 10 1 1 8 6 16
695320 1 1 1 8 6 20
433173 11 1 1 1 6 18
695321 1 1 1 2 6 20
695326 2 1 1 8 6 17
695324 1 1 1 8 6 14
1219588 24 1 1 7 6 28
695325 1 1 1 8 6 14
433182 95 1 1 6 6 19
326686 23 0 1 0 6 31
338975 31 0 1 3 6 22
285726 53 0 0 8 6 18
695318 1 1 0 2 6 20
695319 2 1 1 6 6 17
433176 57 0 1 8 6 18
1481736 14 1 1 7 6 32
1276941 9 1 1 8 6 30
695317 3 1 1 3 6 29
662570 9 0 1 8 6 28
588841 10 1 1 0 6 22
39972 176 1 0 8 6 14
326689 9 0 1 0 6 23
351264 298 1 0 1 6 14
1592381 1 1 1 5 6 27
277538 72 1 1 2 6 20
515105 56 0 1 4 6 19
597027 75 1 0 5 6 21
1297465 19 1 1 5 6 32
1297469 9 1 1 5 6 25
31791 134 0 1 6 6 18
113712 67 1 0 1 6 18
695352 3 1 1 8 6 17
281655 54 0 0 8 6 29
695353 9 1 1 8 6 18
302128 79 1 1 2 6 20
269360 85 1 0 1 6 18
3128 104 1 0 2 6 16
433214 43 1 1 6 6 20
93240 96 1 1 2 6 19
433215 10 0 1 6 6 22
408639 217 1 1 8 6 20
404541 20 1 1 9 6 19
453690 35 1 0 1 5 15
695350 1 1 1 8 6 13
695351 1 1 1 8 6 17
695348 18 1 0 8 6 13
31807 223 1 1 9 6 21
998475 46 1 1 1 6 37
1256534 7 0 1 1 6 28
433217 5 0 1 7 6 25
502863 22 0 0 2 6 16
1330269 8 1 1 4 5 19
1625174 1 1 1 8 6 18
429129 24 0 1 2 6 26
302165 126 1 0 6 6 19
19540 33 0 1 4 6 23
1215559 31 1 1 1 6 42
359506 28 0 1 1 6 20
920662 73 1 1 1 6 29
52312 110 0 0 6 6 18
433247 8 0 1 8 6 21
326750 59 1 1 0 6 23
433244 27 0 1 2 6 17
433245 50 1 1 3 6 20
326744 54 1 1 8 6 20
396378 23 1 0 7 6 19
269400 50 1 1 8 6 22
1162353 14 1 1 2 6 30
1162352 6 1 1 2 6 19
433252 33 0 1 5 6 28
412773 33 1 1 7 6 17
433253 59 1 1 7 6 20
1162354 8 0 1 2 6 32
433250 80 1 1 8 6 19
1248375 8 1 1 2 6 27
433251 28 0 1 7 6 19
433249 5 0 1 7 6 24
1162361 4 0 1 2 6 32
142443 89 1 1 5 6 19
343145 63 1 0 1 6 15
1162367 7 0 1 2 6 30
588902 25 0 0 1 6 24
289908 88 1 0 1 6 21
760956 9 0 0 4 6 15
248948 70 1 1 3 6 20
359549 74 1 1 9 6 19
35961 23 1 0 1 6 13
343160 28 1 1 4 6 28
433286 25 1 1 1 6 20
1199250 22 1 1 6 6 35
1256595 15 1 1 1 6 29
433287 3 0 1 4 6 26
1256593 2 1 1 5 6 31
433285 60 1 1 6 6 20
281735 131 1 1 6 6 23
64644 45 0 1 0 6 19
228487 56 1 1 1 6 20
433282 36 1 1 6 6 18
433283 33 1 1 9 6 20
1223828 31 1 1 1 6 20
433281 44 0 1 6 6 25
416911 41 1 1 7 6 19
433288 13 1 1 1 6 25
31887 42 0 1 0 6 20
375946 74 0 1 6 6 35
68753 22 0 0 6 6 24
1440902 6 1 1 1 6 21
1174661 7 1 0 3 6 20
150676 38 1 1 8 6 18
158868 46 0 0 1 6 23
208025 62 1 1 2 6 19
593043 15 1 0 1 6 23
920720 43 1 1 5 6 19
1162382 5 1 1 0 6 23
453797 88 1 0 1 6 22
330913 6 1 0 1 5 15
433314 45 1 1 8 6 23
638126 11 1 1 8 6 22
273580 47 1 0 1 6 19
887973 60 1 0 2 6 21
466093 38 1 0 1 6 16
588962 2 0 1 0 6 19
68782 108 1 1 5 6 20
433333 29 0 1 8 6 20
433331 3 0 1 5 6 20
1354913 10 1 1 4 6 42
11446 129 0 0 3 6 15
421054 67 1 1 8 6 13
343230 107 1 1 5 6 28
674998 47 1 1 8 6 17
1354920 8 0 1 6 6 41
355513 23 1 1 0 6 39
609460 27 1 0 1 6 13
408763 33 0 1 1 6 18
425147 27 1 1 3 6 15
314554 13 0 0 1 6 21
797900 24 1 1 6 6 45
171201 35 1 1 8 6 18
68807 14 1 1 1 6 30
847050 12 1 1 0 6 22
191685 21 1 1 6 6 20
269516 79 1 0 1 6 16
1256669 4 0 1 3 6 22
408784 20 0 1 8 6 19
515281 54 1 1 4 6 22
470224 119 1 0 1 6 16
175320 199 1 0 4 6 26
666833 102 1 0 1 6 16
191705 18 0 1 1 6 20
1035473 15 1 1 6 6 23
228578 30 0 0 8 6 15
294117 78 0 0 1 6 15
130272 21 0 1 2 6 27
97506 151 1 1 9 6 21
679151 75 1 0 8 6 21
634083 39 1 1 0 6 30
453866 193 1 1 8 6 17
60654 130 1 1 0 6 24
367850 51 1 1 3 6 19
453865 67 1 0 8 6 13
433398 21 0 1 3 6 27
543992 16 1 1 9 6 30
433396 46 0 1 6 6 19
400628 44 1 1 8 6 23
97522 77 0 0 1 6 23
433395 37 0 1 9 6 27
122103 42 0 0 1 6 23
27897 8 0 1 0 6 20
900342 15 1 1 1 6 19
871670 16 0 1 7 6 23
1113325 4 1 1 6 6 41
384258 40 1 1 9 6 20
400641 7 1 1 2 6 28
445710 60 1 0 1 6 24
1023236 70 1 1 8 6 19
1506584 6 0 1 1 6 26
515336 17 0 1 1 6 35
1195266 27 1 1 6 6 41
89365 98 1 0 2 6 16
638236 45 1 1 8 6 22
1592589 3 1 1 1 6 27
1506563 5 1 1 1 6 29
36119 49 1 1 0 6 19
920857 3 0 1 3 6 35
433438 34 1 1 7 6 21
322845 30 0 1 2 6 22
1326349 4 1 1 5 5 19
433436 14 0 1 1 6 27
1023253 25 1 1 1 6 28
433437 47 1 1 1 6 28
433434 38 0 1 1 6 20
433435 118 1 1 3 6 23
1338633 19 1 1 6 6 31
1453320 12 1 1 1 6 27
433433 23 1 1 6 6 20
433446 19 1 1 1 6 24
429351 109 1 1 1 6 21
433447 55 0 1 8 6 18
433445 42 0 1 3 6 24
1314099 26 1 1 6 6 32
519465 112 1 1 6 6 18
306475 11 1 1 0 6 28
384298 50 1 1 2 6 30
798015 8 1 1 6 6 23
351537 21 1 0 1 6 19
548147 148 1 1 8 6 27
232767 97 1 1 7 6 21
77119 89 1 1 8 6 19
392516 74 1 1 8 6 18
396615 26 1 1 1 6 19
68928 34 1 1 5 6 37
1195345 7 0 1 8 6 24
351555 58 1 0 1 6 15
384332 102 0 0 8 6 17
433494 13 0 1 6 6 21
1174848 12 1 1 1 6 37
433493 89 1 1 6 6 18
433491 40 0 1 7 6 19
339292 103 0 1 8 6 19
331103 5 0 1 1 5 18
433500 12 1 1 8 6 27
109914 141 1 1 8 6 20
433496 61 1 1 9 6 20
433497 21 1 1 1 6 25
462180 16 1 1 4 6 24
437602 16 1 0 8 6 14
347488 70 1 1 9 6 18
879972 33 1 1 1 6 23
1092991 3 0 1 2 6 32
310644 46 1 1 5 6 23
454002 52 1 0 8 6 15
433534 53 1 1 5 6 19
130427 58 0 0 1 6 17
155001 34 1 0 1 6 15
1404265 2 1 1 8 6 26
920947 18 1 0 1 6 24
1510762 2 1 1 4 6 27
1047922 40 0 0 7 6 26
671093 10 1 1 5 6 22
834956 9 1 1 0 6 23
1592728 1 1 1 2 5 19
843151 17 0 1 2 5 20
679311 42 1 1 5 6 21
433536 38 1 1 9 6 22
748940 17 1 1 3 6 26
273805 71 1 0 8 6 17
138636 76 1 1 1 6 21
253329 109 1 0 4 6 20
630173 23 1 0 6 6 17
1027482 3 1 1 3 6 22
339353 118 1 0 8 6 15
89500 99 0 0 3 6 16
699799 108 1 0 8 6 20
105886 87 1 1 2 6 26
286117 21 0 1 5 6 19
331172 208 1 1 9 6 19
339364 22 0 1 2 6 24
331169 322 1 1 9 6 19
695726 24 1 1 6 6 42
28069 248 1 0 1 6 15
695727 78 1 0 8 6 19
695724 2 1 0 5 6 21
695725 5 0 0 8 5 16
1592767 1 1 1 1 6 19
339369 27 1 1 8 6 26
1064382 6 1 1 5 6 32
331178 319 1 1 9 6 19
433577 52 1 1 9 6 20
658853 28 1 1 8 6 22
961982 4 1 0 1 6 22
454068 124 1 0 8 6 18
429493 38 0 1 1 6 21
228791 66 0 0 7 6 13
482737 145 1 1 8 6 19
36279 42 0 0 1 6 16
200116 108 1 0 2 6 18
118201 16 0 0 3 6 24
568753 16 0 1 8 6 23
1027510 3 0 1 4 6 22
122299 177 1 1 8 6 26
146873 107 1 1 6 6 20
1592792 1 1 1 1 6 22
486855 106 1 1 6 6 31
413125 17 0 1 1 6 20
454094 42 1 0 8 6 23
433615 71 0 1 8 6 19
433612 8 1 1 2 6 23
433611 43 0 1 7 6 18
77262 335 1 1 1 6 17
146898 78 0 1 8 6 19
323030 51 0 0 7 6 15
339414 34 1 1 5 6 20
339409 10 0 1 1 6 21
433616 66 1 1 6 6 18
339410 19 1 1 2 6 25
654805 28 1 0 6 6 19
695790 34 1 1 2 6 28
1330684 8 1 1 4 6 19
351724 42 0 1 1 6 21
490988 47 1 1 6 6 18
134638 49 1 0 1 6 16
425463 50 1 0 8 6 26
212465 95 1 1 4 6 20
40434 48 1 1 1 6 22
433650 15 1 1 2 6 19
433651 14 1 1 9 6 20
1371619 5 0 1 1 6 21
400895 43 1 1 2 6 20
351742 54 0 0 1 6 15
40444 34 1 1 6 6 21
368121 147 1 1 8 6 19
1306094 14 1 1 1 6 44
167420 12 1 1 6 6 21
593398 7 1 0 1 6 23
122369 140 1 1 0 6 22
212483 37 1 1 8 6 19
433671 58 1 1 3 6 20
589322 10 1 1 6 6 26
523781 24 1 1 6 6 39
40451 95 1 1 9 6 18
1330707 3 1 1 2 6 20
392706 303 1 1 7 6 27
269827 75 1 0 4 6 20
433676 27 0 1 3 6 18
1064474 13 1 1 2 6 25
433674 8 0 1 5 6 28
433675 3 0 1 1 6 25
433672 52 1 1 7 6 21
433673 16 0 1 9 6 21
396822 14 0 0 4 6 18
323094 13 0 1 0 6 20
335379 21 1 1 8 6 19
695836 35 0 0 0 6 12
122390 39 0 1 1 6 23
347675 134 1 1 6 6 29
228897 76 1 0 3 6 18
212512 85 1 1 5 6 21
433710 17 0 1 9 6 22
433708 19 1 1 5 6 20
163368 42 1 0 6 6 21
273967 55 0 0 8 6 16
433709 45 1 1 6 6 24
1343039 9 1 1 2 5 39
347689 32 1 1 2 6 18
433706 14 1 1 3 6 28
433707 13 1 1 1 6 26
163372 46 0 1 4 6 22
433705 27 1 1 1 6 26
380464 6 1 1 8 6 20
474673 19 1 0 8 6 18
302652 61 1 1 1 6 20
835124 19 1 0 4 6 16
970292 3 1 1 3 6 24
20027 22 1 1 0 6 21
48701 47 0 1 1 6 20
1015375 4 1 1 0 6 16
1257042 12 1 1 6 6 36
155200 124 1 1 8 6 22
474691 9 1 0 1 5 18
142923 40 0 0 1 6 15
454221 4 1 1 0 6 21
454216 50 1 1 1 6 17
1486406 2 1 1 1 6 18
278101 131 1 0 8 6 21
1592907 1 0 0 1 5 36
335440 48 1 1 3 6 16
61013 142 1 0 1 6 19
48725 102 0 0 6 6 18
1064519 16 1 1 1 6 48
1486415 8 1 1 1 6 27
695888 19 1 1 1 6 18
695889 11 1 0 8 6 15
171612 117 1 1 8 6 26
691819 21 1 1 6 6 33
1330802 4 1 1 6 6 23
781933 24 0 1 3 6 28
77420 44 1 1 2 6 23
372328 32 1 1 3 6 30
1195645 4 1 1 8 6 29
925311 8 1 1 1 6 37
392820 14 1 1 8 6 19
695935 84 1 0 8 6 16
310898 145 1 0 2 6 17
265842 131 1 1 5 6 18
7803 37 0 0 8 6 16
1183342 19 1 1 0 6 20
1244816 14 0 1 1 6 25
466564 41 0 0 2 6 14
401026 7 1 1 6 6 29
134789 14 0 1 1 6 18
695938 5 1 1 8 6 22
306828 11 1 1 0 6 24
1330844 4 0 1 1 6 20
261769 90 1 1 3 6 22
229000 7 1 1 0 6 19
134798 11 1 1 8 6 13
695942 3 0 1 7 5 19
175759 92 0 1 8 6 19
323210 75 0 0 6 6 15
482953 66 1 1 8 6 19
695941 8 1 1 8 6 17
310935 46 1 1 2 6 27
1576587 2 1 1 1 6 34
695966 34 1 1 2 6 21
695967 31 1 1 5 6 39
695954 18 1 1 1 6 20
433822 41 1 1 0 6 21
695955 62 1 1 8 6 23
155288 76 1 1 8 6 23
32410 83 1 1 3 6 32
212638 64 1 1 2 6 26
958099 12 1 1 8 6 29
298662 30 0 1 1 6 23
1023661 66 1 1 1 6 34
286370 28 1 1 1 6 30
511663 118 1 1 8 6 19
695970 53 1 1 8 6 18
695971 32 0 1 9 6 29
695968 39 1 1 8 6 18
298671 79 1 0 1 6 17
695969 9 1 1 1 6 26
695974 25 1 1 6 6 32
695972 3 1 1 8 6 17
695973 2 0 1 6 6 23
339639 122 1 1 6 6 21
1371808 5 1 1 6 6 26
1527471 2 1 1 4 6 25
339641 51 1 1 1 6 23
265912 28 0 0 8 6 22
319162 67 1 1 3 6 29
368315 360 1 1 4 6 18
433862 85 1 0 8 6 18
691914 33 1 1 6 6 30
921292 20 1 0 3 6 20
671438 16 1 0 1 6 23
696015 2 1 1 7 6 12
36551 90 1 1 1 6 18
1257177 5 1 1 6 6 28
515784 72 1 1 8 5 16
1015519 2 1 0 6 5 19
540378 35 1 0 1 6 18
110294 131 1 1 5 6 19
1015511 8 1 0 1 5 19
696019 16 1 1 8 6 15
1023702 23 1 1 6 6 25
696016 3 1 1 6 6 27
1273544 4 0 1 4 6 26
843479 6 1 1 1 6 20
388825 13 0 0 2 6 18
696022 24 1 0 8 6 15
696023 11 1 1 1 6 31
696020 31 1 0 8 6 14
155356 177 1 1 8 6 41
696021 10 1 0 8 6 17
155367 92 1 1 8 6 24
3818 178 1 1 0 6 20
159470 224 1 1 1 6 20
1015522 6 1 1 4 6 23
1015521 3 1 1 4 6 28
1220349 13 1 1 5 6 28
1015520 3 0 0 6 6 20
696058 7 0 1 0 5 14
696059 89 1 1 8 6 19
233201 57 1 1 2 6 18
921341 2 0 1 1 6 30
1359591 1 1 0 8 6 20
765694 15 0 0 1 5 17
696060 8 1 1 8 6 25
1187556 3 0 1 0 4 27
335602 143 0 1 6 6 20
1015544 5 1 0 8 6 40
1015542 1 1 0 6 5 20
696048 4 1 1 2 6 17
1015541 1 1 0 6 5 26
1015540 1 1 0 6 5 21
1015539 2 0 0 1 6 37
335608 71 1 1 1 6 21
1052397 14 1 1 8 6 21
175871 31 0 0 4 6 24
1015538 3 0 0 6 6 21
548599 63 1 1 8 6 21
728843 30 1 1 6 6 26
483076 32 1 0 1 6 19
1015560 15 0 0 8 6 25
347916 42 0 0 1 6 30
397069 71 1 0 1 6 15
462602 103 1 1 8 6 22
188175 18 0 0 1 6 23
487190 27 1 0 4 6 22
417557 41 0 0 5 6 15
782111 15 1 1 2 6 25
69396 132 1 1 0 6 19
73492 51 0 1 8 6 16
347933 54 1 0 1 6 19
515870 69 1 1 8 6 22
446246 131 1 1 4 6 19
1396543 4 1 1 0 6 19
130861 134 1 1 9 6 17
376630 38 1 1 9 6 21
1244961 28 1 1 1 6 25
327473 508 1 0 4 6 25
69431 103 1 0 1 6 22
53050 46 1 0 5 6 15
61242 207 1 1 6 6 24
81722 107 1 1 8 6 23
601908 27 0 1 5 6 23
384826 67 1 1 6 6 18
130878 25 0 1 0 6 20
1216301 12 1 1 1 6 36
175937 118 0 0 1 6 15
20294 121 1 0 0 6 19
20295 17 0 1 0 6 25
184142 26 1 1 7 6 18
724807 17 1 1 6 6 20
679751 14 0 0 6 6 18
159565 38 1 0 1 6 23
1101633 62 1 1 6 6 32
311120 21 1 0 9 6 16
241499 146 1 1 8 6 22
212825 41 0 1 8 6 15
32604 30 0 1 9 6 21
175967 26 0 1 0 6 33
147297 101 0 0 1 6 16
53091 34 0 0 8 6 31
20324 177 1 1 0 6 25
1044329 12 1 0 1 6 21
286572 114 1 1 2 6 18
1015655 10 1 1 8 6 24
28521 115 1 1 0 6 20
1195896 4 1 1 1 6 23
675686 51 1 1 6 6 24
1564538 3 1 1 8 6 31
36718 97 1 0 7 6 17
253811 77 1 1 6 6 27
20337 67 1 1 4 6 22
556921 33 1 1 2 6 20
339828 24 0 1 8 6 33
888700 22 1 1 2 6 29
61298 182 0 0 1 6 15
388976 29 0 0 1 6 18
642929 23 0 0 6 6 25
188283 111 1 0 8 6 16
122748 76 1 1 8 6 20
188285 68 1 0 8 6 16
774025 24 1 1 0 6 21
839563 14 1 1 6 6 16
139146 13 1 1 8 6 17
696194 6 1 1 8 6 21
696195 6 1 1 0 6 26
774018 24 1 1 0 6 24
769920 15 1 0 4 6 16
696198 2 1 1 6 6 21
139150 145 1 1 6 6 33
696199 5 1 1 8 5 29
696196 31 1 1 7 6 29
696197 4 1 1 8 6 21
73623 144 1 1 5 5 19
1163143 3 0 1 8 6 22
692125 29 1 1 6 6 27
1564556 5 1 1 8 6 27
1208242 7 1 1 1 6 30
696235 31 1 1 1 6 21
1056689 43 1 1 5 6 37
569258 21 0 1 5 6 43
1167283 32 1 1 5 6 36
581546 26 0 1 3 6 38
282535 439 1 1 2 6 20
696239 1 1 1 5 6 24
696236 9 1 1 8 6 18
696237 2 1 1 2 6 22
61351 50 0 0 6 6 20
728999 11 1 0 2 6 18
8110 47 0 1 0 6 19
397238 55 1 1 0 6 19
1236899 10 1 1 8 6 30
389041 56 1 0 1 6 18
155575 215 0 1 8 6 16
225205 181 1 0 8 6 18
1417123 16 1 1 5 6 62
1331107 7 1 1 4 6 19
380860 38 0 1 3 6 31
430010 56 1 1 8 6 24
1564585 8 1 1 6 6 47
53183 147 1 1 1 6 29
425913 47 0 1 8 6 18
696266 2 1 1 8 6 23
696265 7 1 1 8 6 22
1327058 7 1 1 6 6 14
204741 30 1 1 5 6 23
1318879 4 0 1 4 6 30
524235 66 0 1 6 6 30
339912 30 0 1 1 6 28
1445828 5 1 1 8 6 20
208853 13 1 1 4 6 26
466896 65 1 0 1 6 20
245716 74 0 1 3 6 26
131032 39 0 0 1 6 17
503771 84 1 0 3 6 17
16351 88 0 1 0 6 18
397273 37 0 1 7 6 19
233445 45 1 1 1 6 19
172004 49 0 1 7 6 23
155624 25 0 1 0 6 19
696289 31 0 1 8 6 25
573411 75 1 1 8 6 19
1196030 14 1 1 7 6 26
1261567 5 1 0 3 6 21
53229 102 0 0 2 6 16
172023 27 1 1 7 6 21
311292 25 0 0 1 6 15
958455 70 1 1 5 6 43
32762 33 0 1 8 6 21
282619 248 1 0 8 6 17
1253356 3 0 1 2 6 27
31428 434549
767309 165156
77262 776572
767309 516611
414688 886059
63003 612894
63003 658853
63003 361247
1454432 1453320
636881 207824
1258439 1592907
31428 96733
31428 431762
63003 394480
228253 445710
1148839 1297138
77262 530480
31428 433491
160020 61351
63003 399865
921292 141542
1167283 922568
31428 338975
921292 796267
77262 3128
31428 431264
63003 431081
1148839 381853
31428 91569
63003 695240
228253 764112
1148839 1574907
63003 342908
160020 102999
77262 676691
63003 134798
63003 271961
429493 473473
63003 436336
31428 433217
31428 432386
77262 144144
77262 609460
228253 1057368
31428 75340
63003 681641
63003 695242
31428 255907
31428 382605
228253 52133
31428 348992
717030 731097
717030 453537
31428 431724
77262 36718
31428 154492
31428 36119
63003 429129
1148839 1556535
31428 43844
63003 695237
63003 31887
31428 88773
429493 443415
228253 61013
31428 432119
1148839 1435329
77262 168827
31428 432194
63003 529014
1148839 1574833
77262 776204
31428 373977
31428 433283
77262 776497
399055 1035473
77262 292196
31428 305091
1148839 1371619
77262 774763
1148839 338792
63003 70799
77262 776660
31428 432200
31428 431847
63003 365231
921292 372328
246091 944622
774018 433287
444875 565681
1576587 254632
399055 724807
63003 392516
345298 214638
1470757 1050557
636881 541382
31428 337807
1094495 192537
1094495 300646
1148839 588962
31428 233201
31428 433073
77262 693641
1006449 1545396
1094495 166196
68928 1592381
77262 55494
31428 337571
68928 729662
77262 448066
1161965 1485007
1148839 431077
1148839 834956
1094495 1026462
63003 385610
1266105 347675
63003 512268
399055 1308915
77262 776720
31428 166549
31428 433244
1148839 312591
31428 40995
77262 419577
31428 381693
31428 431671
63003 326122
77262 111573
77262 191365
31428 431318
63003 75951
1148839 1257042
31428 40434
31428 433030
1416074 1331235
31428 91490
63003 372780
63003 345278
31428 433615
63003 412773
31428 28971
31428 433072
77262 228578
31428 431939
63003 180931
228253 58984
31428 22690
31428 432974
31428 88441
31428 320251
63003 319162
31428 106783
1094495 1005723
77262 565488
63003 696059
31428 433447
77262 463212
77262 358792
31428 31791
31428 62257
767309 1082481
63003 432002
31428 432000
228253 125813
63003 696023
1006449 1545540
31428 367850
429493 230920
565681 194999
77262 5054
77262 349978
31428 431763
1148839 431406
160020 1015521
77262 260086
399055 446246
31428 432122
31428 225984
717030 888700
31428 382779
1094495 353833
31428 233445
1148839 955865
721255 1123379
1258439 1330844
1258439 1464015
429493 900342
160020 127117
337003 1208242
77262 559451
228253 593398
31428 432432
31428 383057
1148839 1005637
31428 373140
1167283 569572
345298 675686
63003 695973
774018 1253356
63003 150676
1485007 767280
31428 432435
63003 696198
352500 352799
228253 438275
1167283 303494
246091 322845
31428 431463
1094495 727589
345298 693401
1006449 1106853
31428 227931
31428 413125
1006449 1545510
160020 341899
31428 433250
77262 468332
68928 1145250
31428 432441
31428 432977
1148839 1486903
31428 159470
246091 91292
63003 535161
432119 1148839
774018 434337
63003 695790
77262 444972
77262 471922
31428 432679
399055 1295811
1006449 400641
1148839 726662
414688 29290
337003 1256534
77262 476685
444875 1131283
921292 726941
345298 334014
228253 127066
63003 122748
63003 454216
77262 460759
31428 331178
63003 250884
77262 300640
345298 673790
1052397 993979
77262 561567
1475326 672780
31428 312112
1094495 1441894
31428 338608
63003 695954
1148839 432010
399055 1020002
1509142 1524320
31428 217134
63003 695966
414029 1319346
63003 695297
31428 132921
1094495 1197556
1167283 338604
77262 252266
77262 357713
31428 337619
298662 435257
63003 696016
31428 84183
427016 31084
228253 471985
31428 432332
31428 266443
31428 432193
63003 515105
1247913 1266105
537309 825175
31428 228487
1167283 1020765
1612699 1418681
31428 432008
31428 35693
77262 62893
63003 695298
337003 1219588
77262 276172
1167283 1578310
246091 955491
1454432 1516634
1094495 467032
68928 587703
77262 446992
31428 384826
569258 747706
31428 433434
31428 311967
31428 277538
31428 433673
297621 1219111
63003 187066
345298 401026
1006449 156024
77262 775989
31428 122299
717030 66132
31428 431326
1342059 352500
537309 1131426
1309400 399055
399055 440480
63003 426609
31428 408763
63003 696237
31428 431767
77262 467752
31428 432603
77262 87165
721255 925311
77262 173466
246091 64644
77262 432096
63003 25251
63003 164917
345298 246744
414029 166566
31428 208025
228253 973558
31428 27897
63003 695299
1148839 1479778
31428 431075
717030 1463631
31428 431508
399055 1309399
77262 168577
31428 431324
298662 963580
921292 412020
31428 434722
228253 794937
1454432 672780
1167283 927769
77262 227704
63003 431763
63003 421054
63003 283054
63003 431080
63003 695320
31428 432439
63003 339292
31428 431950
414029 1185262
31428 164917
1148839 1574800
1006449 1058403
414029 729839
228253 324925
1148839 1004692
68928 1295703
429493 857935
77262 182043
429493 1174661
31428 326479
228253 442897
63003 696239
429493 156250
228253 97074
31428 359506
1006449 1545593
77262 469821
31428 432748
77262 226882
77262 445104
77262 210181
63003 20337
31428 432126
63003 412537
63003 695239
160020 52312
31428 433445
767280 130272
774018 77420
77262 13102
63003 375709
228253 272861
31428 93240
1148839 1331107
31428 434496
1148839 927495
1148839 1459989
77262 747817
31428 16424
1006449 1331467
774018 1487015
1094495 893248
1148839 333742
31428 410101
68928 1397626
63003 695725
77262 323904
1258602 339639
68928 729661
1470757 551271
31428 6790
246091 1082718
77262 62841
63003 695300
31428 399223
1258348 1453035
31428 432199
31428 434550
1148839 1053323
1244816 1305512
63003 695290
228253 1035253
68928 2945
1326349 78424
31428 157960
1148839 819578
77262 382570
1148839 1005772
77262 14611
1454432 1259779
1258348 169459
297621 45539
31428 212638
63003 149888
298662 1594320
721255 1227622
31428 433333
429493 365135
1319346 550540
352500 1529793
63003 345734
63003 695968
1256593 337003
228253 350789
31428 395489
77262 212825
246091 125139
1148839 114986
429493 442909
429493 1304331
77262 273580
31428 63003
77262 776682
1094495 177165
31428 156293
31428 431082
31428 8643
1148839 1005627
1094495 70394
1006449 1266172
1094495 1549472
160020 341985
31428 238493
63003 696289
63003 337150
297621 1183342
228253 604038
31428 432680
337003 1215559
63003 268260
77262 155001
345298 76212
246091 326114
63003 188283
31428 168080
31428 432085
228253 873652
1148839 1255558
1094495 1266280
68928 729660
31428 339364
1244816 1255348
31428 432132
550540 1366636
1148839 1548596
63003 524681
160020 1015522
31428 432075
717030 453127
77262 79185
767280 944329
1094495 1047922
429493 55856
77262 161827
77262 28069
31428 432129
77262 474673
246091 12829
550540 760029
77262 161405
1052397 1004591
63003 21157
63003 431507
77262 230679
77262 776062
537309 857282
1006449 1349714
298662 563695
1148839 1574810
63003 368121
31428 40451
63003 380976
63003 695938
31428 110294
1167283 1019966
337003 587386
31428 431761
31428 431730
1416074 339828
77262 287693
1454432 1259160
31428 433494
1148839 1211365
1148839 1005729
569258 1481048
444875 239282
31428 22455
337003 1021048
77262 191213
228253 440961
63003 214868
63003 696382
1094495 276952
767309 382883
352500 333359
77262 200116
1148839 1534514
63003 370783
569258 624835
1148839 1004604
31428 431850
63003 696015
298662 1296752
1167283 1354117
31428 431617
77262 258371
77262 291624
77262 51958
31428 120402
1319194 414688
63003 155200
63003 408784
63003 337153
77262 776010
63003 695935
160020 718520
228253 397347
31428 431943
717030 1195896
63003 695836
31428 432197
399055 895844
63003 641580
77262 693869
160020 679751
77262 776203
77262 387561
31428 326224
63003 282535
399055 1004732
77262 483484
63003 339409
63003 490332
1167283 1332551
31428 235849
31428 431941
31428 432012
77262 776684
1094495 881132
68928 1415199
31428 339641
77262 775987
31428 22531
63003 374562
31428 376630
77262 629330
31428 432428
774018 1381405
246091 381376
77262 337770
636881 1356330
77262 395249
31428 384258
414029 1319338
537309 168066
63003 695318
160020 48725
77262 385098
31428 431933
1094495 870064
1006449 348216
77262 776619
1148839 943405
414029 1319337
429493 661257
31428 432394
429493 445226
31428 432121
297621 1219102
1148839 381696
352500 352911
246091 1162353
63003 432010
1148839 1005794
77262 304916
63003 146898
31428 340300
569258 1082459
1470757 744251
63003 695288
31428 432975
399055 83763
298662 696196
1094495 713868
31428 265842
298662 1330269
63003 696592
77262 469029
31428 382611
31428 432988
63003 402111
1148839 341818
31428 359228
63003 277271
31428 36551
31428 426949
228253 1140014
63003 695295
1148839 1195266
636881 589322
63003 398879
1094495 975669
77262 351555
77262 723359
31428 431516
77262 360484
1258602 1337400
1545520 800319
1148839 530317
444875 1264050
31428 431759
399055 797900
77262 18750
77262 423392
77262 396822
414029 120501
63003 60376
31428 129260
63003 432338
31428 219263
77262 188467
228253 538726
31428 359549
31428 326111
31428 431512
537309 232372
31428 432486
68928 840941
77262 775778
160020 30031
160020 599555
228253 108052
31428 374531
63003 176153
1247913 327807
31428 431321
63003 338608
1094495 1564754
31428 433251
717030 486855
31428 431078
63003 695292
1094495 1253500
444875 239166
1244816 1612450
63003 622960
429493 319492
1454432 1590823
77262 441069
63003 337498
345298 976379
1052397 699799
77262 29393
77262 311120
31428 158069
298662 1066151
31428 357911
1244816 1027482
31428 111874
414029 1319360
31428 433247
31428 433651
1005637 155356
1218731 297621
63003 158628
31428 432493
717030 887338
31428 433435
31428 431760
298662 839563
1094495 1282838
31428 431328
77262 227253
77262 776230
414029 1319285
31428 403710
429493 161506
31428 431618
31428 338670
63003 695324
1351784 728999
63003 76040
31428 433253
63003 175759
31428 233606
767309 75736
63003 433707
77262 136076
1167283 661439
429493 390278
774018 1162352
414029 1319194
31428 326437
77262 473718
63003 425463
31428 434340
63003 673006
68928 1297469
246091 518780
160020 446652
767309 1256669
352500 504711
31428 432689
31428 16530
31428 432437
160020 1015520
31428 166824
63003 444371
31428 431464
31428 432693
63003 223758
31428 32604
77262 140289
31428 431727
160020 53091
31428 339912
77262 150042
1148839 396615
77262 355292
31428 432678
77262 58021
160020 1015539
31428 33886
1574815 1244816
1066937 181772
1148839 1528579
429493 130054
77262 391777
717030 484617
68928 1297465
77262 28695
63003 696412
31428 432010
63003 235312
63003 311641
298662 866220
68928 1256593
31428 432433
1148839 488489
63003 49709
1094495 882030
77262 212465
345298 975409
31428 84617
246091 583316
31428 432438
160020 369239
77262 53229
63003 40451
31428 433577
1148839 1574815
1244816 339369
1148839 499714
31428 68352
1094495 1034159
1148839 1195645
1619968 1245306
774018 1055512
31428 432343
63003 512673
77262 61298
63003 558674
77262 454679
1094495 784083
77262 776164
228253 590675
63003 60090
160020 654805
246091 5048
77262 604892
228253 345126
1006449 1247913
31428 121801
63003 620280
31428 433671
77262 385681
63003 431079
77262 50641
345298 691819
63003 696058
31428 431946
1094495 1391416
1331467 927260
63003 431525
1258348 1592792
228253 1139997
160020 345225
63003 431894
1148839 1005727
1148839 844594
31428 215184
77262 776948
31428 432740
63003 695234
63003 244706
31428 434339
1148839 1223828
31428 433167
1094495 1156731
1326349 1209714
63003 333742
63003 695351
31428 307914
550540 963838
31428 432202
1094495 1354920
63003 155288
63003 382567
345298 1612699
1006449 1262061
63003 455146
767280 1306847
1148839 1574920
31428 412773
31428 433676
1454432 1354024
31428 119019
429493 223250
31428 331784
31428 431085
31428 271284
31428 335440
228253 444962
31428 211879
160020 742243
31428 433282
77262 467059
63003 431322
31428 39046
31428 326495
31428 49764
31428 122390
77262 468184
31428 176566
31428 410152
63003 695236
228253 483076
63003 453866
1266105 1004693
63003 695348
352500 269400
63003 337198
246091 1162352
63003 41852
77262 227949
63003 368315
63003 382552
63003 695322
31428 432687
429493 444966
1167283 557413
1148839 1020141
721255 1343039
77262 330913
31428 250884
636881 1197416
77262 388825
1148839 1574808
1416074 586193
31428 114986
1148839 515281
31428 340978
1393423 537309
775778 228253
77262 506392
1006449 1258602
921292 598827
537309 433822
1148839 1564709
444875 32410
1094495 1276941
63003 696266
537309 295879
31428 397238
345298 1210609
31428 67803
63003 71646
63003 389439
31428 91406
1244816 1506563
427016 444875
537309 253811
63003 410814
31428 337150
1148839 1000089
31428 374460
774018 706446
31428 431766
228253 326029
63003 433494
228253 159565
1006449 430993
31428 434836
337003 1244961
1148839 5048
77262 388976
77262 717401
1404265 562383
1545540 1038254
352500 352502
31428 434342
63003 695326
1148839 921341
31428 431419
414029 318272
31428 50993
399055 1309401
337003 1256341
77262 565608
31428 229842
31428 431731
31428 431465
63003 518149
352500 125290
31428 431729
1148839 1574914
569258 399606
77262 134638
636881 629057
246091 1092991
228253 540673
1258439 1592589
77262 88612
31428 370966
1148839 1574925
414029 14985
77262 7803
77262 193267
31428 35165
297621 16992
31428 433446
774018 943405
921292 597027
1148839 1492969
774018 306828
1052397 695141
767280 1485232
31428 161626
77262 38079
31428 122369
63003 283923
1094495 1178603
31428 416911
31428 306475
31428 432732
63003 695321
31428 433611
31428 431848
228253 289766
1148839 1574798
1006449 829245
77262 454923
31428 433675
63003 172004
31428 431947
63003 582462
31428 75881
1094495 1564538
160020 163368
63003 625577
246091 1162382
1612699 1456178
77262 472978
31428 397273
337003 245716
77262 28945
31428 91222
77262 353212
31428 381664
63003 305022
63003 696696
1148839 955145
31428 176773
1094495 1148914
31428 318086
1148839 1393920
160020 8715
31428 431322
1006449 676239
63003 231188
1351784 467654
1148839 920947
345298 735110
68928 729664
31428 431949
63003 482953
1094495 1196400
63003 696048
31428 432124
31428 433674
31428 432077
1167283 1147690
77262 776008
77262 131032
63003 84617
31428 433396
77262 298671
345298 1225860
31428 78635
31428 431896
1094495 1320716
921292 748940
63003 383251
31428 239213
63003 136404
31428 16351
31428 434796
63003 548599
31428 431764
31428 431076
31428 357671
444875 566340
345298 400081
31428 432007
31428 80293
1148839 1005178
1094495 1399753
1448806 1610735
228253 336376
1148839 1574921
352500 261769
77262 258256
63003 100400
31428 341824
228253 472262
31428 431673
63003 695233
77262 467178
345298 1015655
63003 518491
1397626 548147
31428 347689
77262 323210
1454432 1259648
77262 88792
77262 776658
31428 337218
537309 1393254
1006449 1217090
63003 191685
77262 450747
1148839 1486406
399055 585794
31428 86730
63003 33540
228253 122103
1148839 1066979
444875 1064382
337003 915393
77262 776521
63003 168436
1148839 946873
1148839 1023702
1574810 1258439
228253 501150
1006449 1344832
31428 431732
569258 734882
63003 73492
31428 431460
1006449 889622
1167283 1010051
160020 67490
31428 432443
31428 431669
63003 406449
399055 528419
345298 1346047
63003 696495
774018 1487060
298662 807751
1006449 1545520
63003 587889
537309 1196030
63003 299308
537309 510299
31428 338793
721255 1176561
31428 431087
800319 623413
77262 343145
1148839 696194
569258 751699
77262 653776
1167283 324962
31428 433395
1052397 1275550
298662 955984
31428 432384
228253 45489
31428 348948
63003 432126
721255 578441
1148839 1474984
550540 889212
77262 456840
63003 169544
297621 1219100
63003 369931
63003 340204
63003 695352
1148839 1148832
1470757 1050577
298662 988442
63003 695325
1342059 835124
160020 858551
1454120 1553002
1448806 661945
399055 337613
767280 76032
31428 340417
31428 432682
345298 1342059
31428 432683
63003 334104
537309 165118
31428 49709
228253 719718
352500 344502
1094495 1516290
31428 432442
1148839 588720
1148839 1574968
31428 381662
31428 337438
160020 383353
31428 191685
31428 191705
431032 246091
31428 371073
31428 431894
63003 337807
1148839 731511
1148839 1354661
77262 645155
31428 35333
1219100 1470757
31428 432127
31428 31807
77262 776662
1094495 1149029
1545098 1006449
63003 260162
63003 180573
1167283 1047096
63003 410555
774018 1486987
63003 338609
345298 1330802
31428 432347
298662 624606
31428 302652
31428 433215
31428 10109
77262 164877
77262 311292
63003 325110
31428 164466
63003 188285
1148839 1233497
1470757 506654
31428 38968
31428 434795
537309 42433
774018 105886
31428 51207
1167283 581546
77262 107150
31428 66301
1148839 1004591
63003 696196
1486415 1258522
31428 383088
228253 563708
444875 813741
63003 362847
63003 696664
31428 432123
31428 285250
31428 73771
63003 78407
345298 1338633
31428 431951
31428 325360
77262 128676
1148839 1121078
160020 42364
63003 431674
31428 70074
31428 331169
1006449 662570
1525891 921292
31428 381666
537309 375342
228253 443787
228253 593043
31428 323094
77262 776659
77262 456626
399055 380464
77262 191411
77262 304850
31428 431410
1148839 1148810
1148839 766659
717030 248538
31428 12601
767309 380860
63003 337497
717030 1220349
63003 695238
31428 261084
31428 432196
31428 434798
31428 64644
636881 81722
569258 927821
160020 259666
228253 347933
298662 1172500
77262 8716
63003 141524
444875 551586
429493 168292
63003 302128
414029 1187556
31428 431621
31428 432492
31428 68484
31428 432430
767309 100350
160020 127739
636881 504624
717030 1136765
31428 433252
31428 431411
31428 432003
921292 341520
31428 403311
1094495 889837
228253 147297
63003 696736
31428 432071
160020 630173
31428 433026
352500 629218
228253 558889
228253 657664
77262 623627
31428 432382
63003 432006
31428 145478
717030 1576587
31428 246061
31428 433173
228253 75205
1454432 1526365
31428 285703
1574921 1258348
1148839 1574924
31428 432338
31428 389729
352500 281735
345298 1465092
228253 466093
1052397 450928
1006449 1439181
636881 815381
31428 429351
63003 508495
160020 715194
767280 681638
31428 432986
345298 1351784
77262 336520
298662 766608
77262 228791
31428 289320
31428 331103
31428 370673
31428 434483
63003 431896
63003 695971
68928 1611433
1148839 108009
31428 433438
1148839 1574909
767309 1485058
921292 178730
31428 433612
63003 695232
63003 696199
228253 443615
337003 680973
77262 227784
63003 337204
31428 351724
63003 431726
63003 695243
246091 774025
160020 67705
63003 381987
1094495 1564785
228253 177479
77262 465820
298662 598880
68928 729665
77262 732153
31428 33540
31428 430858
63003 287959
77262 228897
1485063 767309
31428 432348
77262 465114
31428 433287
63003 53183
1454120 577754
77262 310898
31428 184142
1148839 1265794
160020 68753
77262 91308
1148839 1329782
1612450 1416074
228253 158868
31428 433214
1148839 1447609
569258 920720
297621 49709
31428 431846
63003 443154
31428 341740
31428 176558
1148839 1327378
77262 453690
63003 696415
63003 279050
77262 769920
1148839 1574966
31428 214467
636881 363122
721255 305548
345298 418768
77262 665012
63003 456899
31428 433029
31428 114948
31428 434724
345298 1362084
31428 432195
337003 719346
77262 132596
1148839 99337
1006449 1200463
1094495 276780
921292 797476
1148839 1481736
77262 706201
31428 432491
31428 433023
1148839 1396543
31428 432072
338790 1258646
31428 72578
31428 138636
537309 570534
77262 11446
345298 490988
636881 543992
31428 381988
444875 970292
352500 573411
63003 86210
1486415 1475326
298662 1327058
550540 1127556
160020 289419
63003 337738
31428 434834
1486415 771059
444875 430921
160020 37894
31428 98766
31428 432198
31428 431999
345298 673751
298662 1015375
63003 285726
77262 775962
31428 133847
414029 382812
1148839 431765
636881 1438971
160020 1015542
246091 181064
63003 31791
345298 1113325
63003 431467
63003 696493
31428 109495
345298 858982
63003 674998
1167283 1295766
31428 431029
31428 432742
228253 474064
1258522 1245416
1326349 918018
77262 756100
31428 360488
1244816 324904
1094495 1304296
31428 338604
31428 432677
63003 320530
77262 178476
63003 638126
31428 432335
31428 433032
63003 696699
1148839 696699
31428 431028
77262 299124
77262 776661
246091 1162367
31428 434337
63003 308844
31428 41852
31428 432489
63003 326480
31428 432485
31428 433182
228253 1122608
77262 246860
77262 336130
63003 399069
1331467 432945
63003 218738
1148839 254823
1006449 1236899
31428 326689
63003 169816
31428 222932
1258439 1063033
31428 433285
1574925 717030
298662 86465
345298 958455
31428 66806
31428 307786
77262 650213
31428 134789
345298 1063058
31428 145060
636881 139150
63003 389729
246091 833779
31428 373972
1052397 817156
352500 143668
31428 326480
31428 366559
77262 776642
77262 31526
31428 48701
1148839 1218731
77262 457515
246091 843151
1148839 542961
63003 696697
1148839 920477
721255 394258
774018 782111
31428 431893
414029 1082512
1148839 271284
1148839 1550120
63003 696383
1094495 348292
1167283 914809
77262 775990
63003 68782
1006449 1101633
77262 437602
31428 432730
63003 23390
352500 287666
429493 840183
636881 649446
77262 117756
31428 71361
1006449 1214999
31428 340032
31428 1300
63003 249885
774018 1248375
77262 776657
31428 334435
345298 555250
160020 337741
1545520 1625174
1148839 956412
77262 386294
399055 1020140
63003 502348
77262 20294
246091 580279
228253 938772
63003 535391
31428 326557
31428 432684
63003 696235
63003 424645
352500 682050
1167283 981546
160020 1015560
77262 455295
1148839 1181535
717030 402282
63003 406365
31428 432016
63003 514047
63003 76515
1094495 1273544
1094495 1304335
63003 407794
246091 858015
1454432 1566733
63003 695317
1148839 1195345
63003 70272
1094495 192884
1148839 1574904
31428 432341
63003 241499
31428 431507
1148839 1510762
31428 381872
767280 1485063
228253 118201
774018 1487061
63003 695974
31428 433536
31428 432006
228253 453797
246091 556921
63003 64356
1052397 87081
31428 310935
31428 432745
228253 467443
414029 1319217
31428 431406
31428 434341
63003 310644
1148839 71681
31428 336760
63003 242508
77262 283666
31428 382504
345298 591540
352500 403580
31428 432488
338790 1094319
537309 958455
921292 263863
77262 220158
1006449 1005779
63003 452352
298662 688392
1148839 725048
1454432 1306094
77262 460795
31428 28521
1416074 730757
63003 435412
1052397 1025627
298662 622960
160020 56180
1094495 1564708
1148839 1005732
63003 150039
31428 371048
31428 433022
77262 762598
31428 339292
1006449 1545594
31428 20027
77262 275850
1148839 1574785
77262 270870
1094495 1558246
31428 434797
63003 351264
1148839 432492
1094495 1063032
63003 381662
352500 1188917
63003 353237
63003 695241
352500 99671
77262 211063
160020 1015544
63003 695724
1148839 568329
414029 1075241
63003 521052
1258348 1488041
636881 629335
63003 149960
31428 432333
31428 337498
31428 432690
1619968 601908
31428 243106
345298 1023236
31428 432192
63003 696060
1006449 178642
31428 398988
63003 43260
77262 325469
31428 5048
228253 195487
31428 432484
31428 11123
68928 1296528
63003 425913
246091 175967
1006449 1422202
569258 1577449
1148839 1112008
63003 299502
77262 776068
31428 431032
31428 432734
1258348 338924
31428 97019
63003 695955
337003 871670
1094495 1455607
31428 163372
31428 434490
63003 305623
63003 482737
31428 431135
537309 1393427
77262 295166
1148839 299309
1094495 1514381
31428 431509
77262 61710
63003 166025
767309 208944
77262 308803
31428 432994
63003 371147
228253 288427
767309 427016
414029 29614
352500 508080
1454120 1265773
31428 432744
31428 432973
537309 1309400
767280 381988
31428 333121
1148839 1527471
921292 633213
1094495 729341
345298 397838
77262 776794
800319 82932
63003 176728
63003 695350
77262 260334
1094495 1266156
31428 406801
31428 432120
1148839 1064474
636881 936724
31428 180931
1439181 636881
160020 791704
352500 352775
1006449 1448806
63003 695291
77262 760301
717030 68807
31428 311558
228253 588902
63003 120194
246091 452350
77262 721097
63003 431847
77262 176339
77262 313648
31428 432005
31428 432738
352500 504292
352500 640816
1167283 1056689
63003 555340
345298 649037
767280 1330707
31428 433709
1094495 1564585
63003 568753
1319267 414029
345298 160020
77262 610450
63003 696195
1619926 1454432
77262 776575
77262 776782
31428 8110
345298 595518
31428 431514
31428 254823
31428 432747
77262 467089
31428 431938
352500 680840
1244816 1026381
31428 431765
1148839 184372
77262 594357
31428 399997
1258439 446246
160020 453372
1258348 348944
31428 374553
31428 433705
63003 696416
31428 248948
77262 351742
429493 466896
569258 1056689
297621 1116480
399055 1280218
1454432 1300105
77262 776063
63003 695293
399055 1309206
77262 775959
31428 433534
63003 326557
1006449 1263841
1167283 706495
77262 194567
63003 409610
337003 1227526
1148839 568309
31428 411603
31428 432125
767280 1066937
1006449 395587
31428 50885
63003 532976
68928 729666
537309 1332054
432133 345298
246091 394211
31428 69396
63003 696197
31428 431413
31428 433288
537309 218846
1094495 808305
63003 695970
721255 634083
1244816 1475495
345298 1037905
800319 1218664
1393920 1436136
31428 432675
31428 433496
1006449 1354913
77262 447627
31428 108009
1006449 160050
1258348 1265737
63003 695888
414029 375946
246091 1055512
1148839 588721
31428 76515
352500 22540
77262 417557
1577965 566693
337003 1044697
63003 63573
345298 36953
228253 160619
63003 500323
31428 70759
68928 144981
1094495 523781
921292 1261567
429493 113712
1167283 1558349
63003 695967
77262 211904
31428 432346
63003 299659
337003 1023253
429493 408564
352500 111235
921292 291195
31428 431505
31428 382606
63003 346011
31428 431619
77262 39972
77262 266815
77262 52133
1545584 1094495
31428 431849
1148839 1330684
444875 364552
77262 344309
921292 166130
228253 312440
31428 294938
537309 1393448
77262 276046
77262 161683
31428 75168
228253 60315
1052397 239717
68928 729670
1486415 1296267
345298 1212809
550540 1399167
63003 416042
77262 470224
63003 696666
1148839 984455
1006449 462180
77262 150040
31428 156403
63003 696497
228253 246856
31428 146873
1167283 1574278
160020 445316
31428 326686
1556535 1619926
31428 26287
537309 45538
63003 695296
77262 776683
345298 1199250
1094495 214465
63003 505879
31428 432436
31428 398879
77262 214400
1148839 1574855
767309 181772
63003 109914
31428 433286
1148839 525521
77262 477527
444875 591105
31428 431459
63003 431411
63003 376630
1148839 335608
921292 120598
298662 1018150
1006449 1020823
345298 208853
537309 146873
31428 347488
31428 433433
63003 246356
1486415 1478951
31428 68105
429493 31099
31428 63078
77262 139992
31428 30572
31428 431728
63003 695294
77262 465349
63003 511663
31428 433710
63003 431999
63003 695353
414029 920857
31428 434605
636881 958099
63003 176566
63003 427635
63003 647709
31428 432982
77262 410957
337003 780221
160020 1015511
77262 747666
63003 433862
352500 302165
31428 296265
31428 432004
537309 524773
63003 430010
1148839 340978
31428 258685
636881 734971
31428 432737
31428 237924
31428 430189
569258 1611337
31428 432434
63003 171612
352500 505916
414029 607018
414688 1090384
31428 430993
77262 484031
1148839 351724
31428 433650
636881 279174
160020 127839
31428 431466
63003 649861
63003 695319
1094495 1149687
63003 210627
31428 431030
31428 371078
774018 1185351
1454120 1565953
31428 431077
228253 314554
31428 69753
31428 170734
31428 432393
63003 696737
31428 432427
77262 339353
429493 946618
63003 258546
77262 776577
1006449 551269
1574808 142443
414029 1318879
429493 412318
337003 557413
31428 432334
31428 433497
77262 279867
63003 155367
1006449 1080096
352500 352336
77262 776784
31428 433331
63003 172936
31428 205887
31428 331172
63003 508573
31428 19540
77262 767051
31428 432069
63003 431764
31428 433245
414029 955783
717030 591516
31428 431897
228253 793237
31428 431284
228253 97522
228253 279040
1148839 1574786
77262 457380
160020 465253
63003 171201
1094495 1324436
1416074 1525891
1545540 1454120
77262 89365
1094495 737577
1167283 1057781
246091 326443
31428 97506
1454432 998475
1148839 1321632
63003 399223
31428 434831
1006449 1545293
31428 433707
63003 130861
414029 1319354
63003 284751
399055 516991
63003 519465
429493 181566
717030 1053183
1486903 774018
31428 109371
31428 432691
31428 432487
31428 434835
1006449 728843
31428 431510
63003 509287
31428 291831
31428 433500
31428 431454
298662 766640
31428 431892
31428 255905
228253 246055
31428 431726
68928 343160
77262 776984
31428 289024
63003 349075
1454432 1247584
1247584 327473
77262 776966
31428 340566
63003 652594
31428 428815
77262 354390
1094495 347916
63003 370646
63003 696019
429493 151771
1094495 882799
31428 432066
63003 313253
246091 336896
31428 432337
345298 692125
31428 180569
31428 340029
31428 434720
63003 695972
63003 230650
68928 1593923
1258348 381771
31428 326750
31428 432989
31428 432388
31428 432739
1454432 1484822
31428 165945
1258348 432439
31428 432676
63003 454094
31428 431081
414029 1019974
63003 35333
1094495 392820
63003 514533
537309 230061
31428 20324
1148839 1574903
77262 697484
1148839 1529700
352500 269827
429493 112404
31428 433708
1148839 681193
31428 433706
63003 431084
31428 121797
63003 514057
1006449 1149029
337003 324962
1094495 1359591
77262 142923
77262 389455
31428 167420
1258348 1027510
77262 492634
77262 469307
1148839 338927
1148839 506654
31428 432191
1094495 961982
31428 400895
31428 434366
31428 432387
31428 432134
228253 218672
537309 1185069
636881 1405003
31428 337204
31428 431457
1052397 400628
337003 920662
31428 431083
63003 382451
63003 638236
31428 431674
1006449 333877
1148839 1574915
77262 463513
246091 229000
1167283 587713
77262 230768
569258 1578131
160020 365923
63003 180778
63003 175320
63003 221974
63003 225205
68928 567898
717030 570583
77262 760956
228253 188175
31428 432490
31428 434606
352500 278101
1167283 567728
160020 282640
160020 428951
77262 136096
77262 765694
399055 879972
31428 433493
63003 382729
63003 32762
31428 431327
63003 77119
31428 431948
77262 386183
636881 721133
31428 212512
31428 434719
63003 696021
31428 336539
1148839 1257177
31428 338609
31428 335379
31428 239288
31428 336688
31428 431417
537309 1371808
569258 382286
160020 453101
63003 153220
31428 337142
31428 432014
921292 781933
1148839 1286582
1148839 1574841
31428 432390
1094495 1021421
31428 169459
1094495 1251510
352500 353805
31428 431462
63003 696735
31428 432068
414029 436427
31428 370024
31428 432392
1094495 1216301
1148839 1574838
31428 432336
63003 695727
352500 686109
160020 419094
77262 775961
1006449 1386098
1454120 682357
1148839 848954
31428 3818
77262 702112
63003 338604
63003 201001
1319350 430993
160020 120917
77262 611313
31428 432203
31428 431515
77262 722261
1094495 1564556
63003 164071
1094495 1231520
717030 958495
31428 432728
63003 518489
77262 775988
31428 321161
228253 1044329
1258439 1592767
1148839 1368728
31428 432984
77262 275892
63003 431406
429493 389041
636881 608656
31428 432130
767280 1066917
31428 431420
68928 671093
31428 71645
31428 1239
63003 454002
63003 462602
767309 138092
77262 384332
31428 99541
31428 120339
228253 671438
298662 803961
1244816 843479
414029 129192
717030 1316130
1006449 431323
537309 524235
63003 696595
1148839 1255901
77262 33253
77262 379677
63003 89500
1244816 1246651
77262 374238
228253 397590
68928 355513
77262 614851
1148839 431460
636881 213295
63003 372764
228253 351537
63003 454221
352500 352569
63003 695969
399055 1309008
77262 223366
1470757 911880
31428 373946
1574966 569258
228253 730093
414688 1174848
31428 337738
414029 1045205
31428 256753
399055 1309402
31428 152353
77262 26953
31428 335608
63003 454068
31428 432987
160020 57429
31428 433437
31428 433075
636881 1314099
63003 696265
444875 774369
297621 847050
63003 209483
31428 381779
721255 67239
31428 431031
569258 45539
31428 193239
921292 502062
537309 515870
429493 578473
776034 71914
77262 53050
31428 431469
63003 341349
31428 432735
77262 294117
31428 432688
63003 281655
228253 715128
31428 259742
63003 516931
63003 588841
1148839 1574910
1148839 1319267
337003 1116643
31428 155624
63003 2486
246091 1161965
569258 1618089
31428 108016
63003 562673
399055 431765
1148839 1163143
31428 165734
31428 432979
31428 434346
1148839 446246
31428 431323
1006449 1545584
298662 425147
77262 130427
63003 212483
31428 432017
31428 434334
63003 510022
31428 172023
31428 78424
31428 383256
160020 1015541
77262 31428
429493 269360
31428 335602
63003 518485
77262 244115
569258 1045203
77262 317391
31428 431079
31428 431080
1486415 256354
31428 434347
160020 1015540
444875 887973
31428 382496
1545594 721255
77262 467842
31428 416094
31428 433165
337003 283667
31428 348944
414029 1319350
63003 512619
444875 396378
1167283 1475320
63003 695193
31428 431998
1244816 431410
550540 43917
77262 423461
31428 341820
1454432 1102457
246091 767333
160020 270362
63003 31235
77262 776620
31428 383541
1094495 1564748
31428 431895
246091 1162354
1574841 68928
31428 431084
1094495 679151
77262 324977
31428 38556
31428 432133
63003 488198
77262 481620
31428 433398
63003 431324
345298 932783
63003 60654
31428 398235
414029 1319357
77262 193158
1148839 1574908
31428 222730
31428 433176
31428 432385
77262 414997
63003 263439
63003 408639
68928 139861
352500 527253
1148839 1287563
77262 776081
1258348 1527994
31428 432001
63003 508679
228253 563210
537309 488878
1454432 1244961
636881 1404265
1006449 591707
77262 296547
345298 230115
77262 530601
63003 695726
1470757 1618334
1094495 1163360
77262 776034
160020 264847
63003 23132
1094495 1564699
537309 627706
1094495 395587
77262 776166
63003 432689
160020 465840
77262 127877
63003 213441
77262 35961
63003 210371
31428 434794
31428 404541
31428 382888
1148839 725833
77262 607084
31428 434833
31428 431725
429493 474691
1148839 1331367
31428 160440
77262 323030
345298 21721
77262 62251
1148839 431284
1148839 382776
63003 299661
717030 230061
63003 695889
569258 343230
31428 157102
63003 431846
77262 284945
63003 635277
63003 431469
63003 695301
31428 232767
31428 432733
63003 695289
246091 124839
537309 662464
345298 541087
1148839 768201
31428 295156
31428 384298
77262 444682
68928 729669
63003 146359
63003 74856
228253 168090
31428 337636
160020 125196
63003 432737
337003 944548
31428 302128
31428 432444
77262 713060
31428 434609
77262 188644
1094495 561275
31428 431415
31428 75495
31428 339414
31428 432190
775988 565488
77262 397069
63003 641523
63003 78141
1577965 1165590
31428 147926
31428 337948
298662 1304359
345298 71414
414029 1184296
246091 20295
1148839 1436136
1094495 487190
352500 61242
31428 432135
160020 1015538
1094495 1309649
77262 98636
31428 433249
77262 300922
345298 1393423
352500 160839
77262 199298
31428 40444
31428 432674
717030 452971
228253 436486
77262 776713
31428 432345
63003 695302
414688 1295619
537309 903790
1094495 1000651
31428 410317
31428 79178
31428 33994
77262 466564
77262 776496
68928 731339
31428 75736
1258348 679311
31428 8287
399055 339639
1258348 1575807
1619926 1486415
77262 774869
63003 362399
1052397 515336
1094495 175871
31428 431940
228253 69431
429493 747714
63003 694564
565681 479547
774018 1440902
31428 434492
63003 332237
31428 393359
63003 453865
1094495 996416
31428 432065
228253 243854
63003 696461
63003 696022
31428 434723
31428 432344
63003 337218
228253 63610
1258522 338790
31428 393236
63003 218603
774018 681641
63003 72351
68928 1023661
1148839 762108
1148839 1197669
1094495 1022297
298662 624780
31428 434832
77262 775915
31428 337214
63003 38968
228253 1139998
31428 432350
77262 666833
68928 1601769
31428 431935
63003 517813
63003 49764
1148839 1550594
767280 1485233
63003 139146
77262 472769
31428 433616
77262 776779
298662 1434399
1258348 1012949
352500 685739
31428 129509
31428 433672
228253 293260
160020 287105
77262 87240
77262 218087
569258 324958
31428 370298
31428 383251
63003 439609
31428 337535
1094495 1564690
31428 176770
63003 433314
1258348 1592728
537309 570436
228253 605134
1148839 1545098
1148839 1120521
31428 382974
345298 170373
63003 694693
31428 238494
31428 208944
228253 540378
337003 1163414
31428 433436
31428 78491
31428 434335
1094495 870218
1094495 1064519
77262 300309
77262 279823
31428 266521
636881 977829
1258348 1523818
31428 430996
63003 431327
77262 391306
63003 434334
31428 252261
31428 339410
31428 5373
345298 570254
160020 108862
31428 430994
569258 162520
352500 648680
31428 368121
228253 230862
63003 695323
1148839 324904
31428 434338
63003 696020
414029 1319310
1148839 1574648
1052397 175040
63003 73973
776008 298662
228253 395705
77262 312900
1006449 533386
68928 204741
1148839 1574895
1148839 1445828
228253 1140012
774018 283667
1094495 1055051
31428 432685
31428 76264
63003 273805
77262 155866
246091 431507
63003 209040
297621 487452
31428 432002
63003 695941
228253 168292
31428 325627
717030 392706
1148839 1506584
1167283 1147688
63003 79917
31428 222629
31428 431964
31428 32870
31428 224226
31428 432073
1167283 1369642
63003 282619
352500 287766
31428 277157
352500 264037
31428 235361
1148839 1553205
31428 326744
77262 113205
429493 253329
1167283 1417123
31428 120085
63003 287526
774018 767509
721255 317773
63003 155575
63003 440122
31428 11153
31428 100555
31428 130861
1094495 1266216
31428 84484
63003 696236
345298 1577965
77262 502863
717030 645898
337003 1256595
63003 432196
1094495 1267428
31428 431467
1578131 1167283
160020 1015519
63003 280441
1148839 399654
31428 431086
228253 289908
63003 370772
31428 166200
77262 36279
1148839 1574922
352500 39814
77262 61919
774018 1163421
1148839 1512300
1487015 1619968
63003 266919
63003 696194
1139998 429493
1381405 1052397
31428 433281
160020 265912
1148839 1332255
77262 273967
77262 503771
228253 338496
63003 432017
414029 1319308
1148839 1184074
1258439 1496928
1148839 432485
68928 729663
636881 366484
77262 775175
31428 156197
31428 286572
31428 432128
63003 565382
63003 565438
1619968 792799
1148839 381666
352500 663785
31428 432429
31428 20579
31428 432391
31428 432731
537309 528937
31428 432070
297621 582459
160020 432574
160020 518139
63003 695231
63003 515784
1244816 1409839
228253 11097
1258348 1185338
297621 1219110
429493 260572
414029 1168450
352500 287738
63003 176564
352500 435837
345298 691914
63003 696413
77262 243497
77262 175937
77262 444408
77262 172643
63003 165923
63003 426872
77262 471860
767280 1258433
31428 431937
345298 798015
246091 181348
31428 34850
1486415 1619949
1148839 130878
63003 411049
1148839 432747
77262 269516
31428 431997
160020 719092
63003 639452
352500 1188997
1148839 1349717
31428 338844
77262 90511
63003 647402
246091 158043
1601769 1326349
31428 431504
63003 280428
31428 286117
1148839 1509142
63003 132921
31428 73623
31428 215557
31428 342195
1006449 1102561
63003 695942
31428 358907
246091 1162361
444875 483515
1148839 286370
31428 434604
63003 696482
1094495 199671
31428 381720
31428 434494
63003 695235
636881 642929
