1	0.038428137212331744
2	0.029092488059053408
3	0.031914893617021274
4	0.02822405557967868
5	0.024750325662179766
6	0.02822405557967868
7	0.026704298740772906
8	0.02127659574468085
9	0.02105948762483717
10	0.0182370820668693
11	0.024533217542336082
12	0.01910551454624403
13	0.017368649587494574
14	0.015631784628745114
15	0.0158488927485888
16	0.016500217108119844
17	0.0158488927485888
18	0.014980460269214069
19	0.01628310898827616
20	0.013460703430308293
21	0.01606600086843248
22	0.01715154146765089
23	0.011506730351715155
24	0.015631784628745114
25	0.01107251411202779
26	0.01411202778983934
27	0.012375162831089883
28	0.01020408163265306
29	0.011289622231871473
30	0.010855405992184108
31	0.013677811550151976
32	0.012592270950933565
33	0.00911854103343465
34	0.010421189752496743
35	0.00998697351280938
36	0.009335649153278332
37	0.007815892314372557
38	0.008684324793747287
39	0.008467216673903604
40	0.009769865392965697
41	0.008467216673903604
42	0.00911854103343465
43	0.007815892314372557
44	0.0060790273556231
45	0.007598784194528876
46	0.008901432913590968
47	0.009769865392965697
48	0.007598784194528876
49	0.006730351715154147
50	0.005644811115935736
51	0.00803300043421624
52	0.005427702996092054
53	0.006730351715154147
54	0.005427702996092054
55	0.005644811115935736
56	0.006947459834997829
57	0.0034737299174989146
58	0.004776378636561007
59	0.0039079461571862786
60	0.004342162396873643
61	0.0039079461571862786
62	0.0060790273556231
63	0.003256621797655232
64	0.00499348675640469
65	0.003256621797655232
66	0.005427702996092054
67	0.004125054277029961
68	0.00499348675640469
69	0.0034737299174989146
70	0.0034737299174989146
71	0.0036908380373425966
72	0.0023881893182805037
73	0.0026052974381241857
74	0.005427702996092054
75	0.0021710811984368217
76	0.004125054277029961
77	0.0023881893182805037
78	0.0039079461571862786
79	0.003256621797655232
80	0.002822405557967868
81	0.0039079461571862786
82	0.0023881893182805037
83	0.0026052974381241857
84	0.002822405557967868
85	0.0026052974381241857
86	0.0013026487190620929
87	8.684324793747286E-4
88	0.0017368649587494573
89	0.0026052974381241857
90	0.0023881893182805037
91	0.001519756838905775
92	0.00303951367781155
93	0.0013026487190620929
94	0.0023881893182805037
95	0.002822405557967868
96	0.0019539730785931393
97	0.0019539730785931393
98	0.0013026487190620929
99	0.0010855405992184109
100	0.0013026487190620929
101	0.0010855405992184109
102	0.0021710811984368217
103	0.0010855405992184109
104	0.0019539730785931393
105	4.342162396873643E-4
106	0.0013026487190620929
107	4.342162396873643E-4
108	0.0010855405992184109
109	0.001519756838905775
110	0.001519756838905775
111	0.0017368649587494573
112	8.684324793747286E-4
113	0.0013026487190620929
114	8.684324793747286E-4
115	0.0017368649587494573
116	8.684324793747286E-4
117	6.513243595310464E-4
118	0.0013026487190620929
119	0.001519756838905775
120	4.342162396873643E-4
121	4.342162396873643E-4
122	0.0010855405992184109
123	4.342162396873643E-4
124	0.0010855405992184109
125	8.684324793747286E-4
126	4.342162396873643E-4
127	8.684324793747286E-4
128	0.0013026487190620929
129	4.342162396873643E-4
130	0.0013026487190620929
131	0.0017368649587494573
132	0.0019539730785931393
133	6.513243595310464E-4
134	8.684324793747286E-4
136	6.513243595310464E-4
137	2.1710811984368216E-4
138	4.342162396873643E-4
139	6.513243595310464E-4
140	4.342162396873643E-4
141	4.342162396873643E-4
142	0.0010855405992184109
143	8.684324793747286E-4
144	4.342162396873643E-4
145	0.0010855405992184109
146	8.684324793747286E-4
147	0.0013026487190620929
148	2.1710811984368216E-4
149	4.342162396873643E-4
150	2.1710811984368216E-4
151	4.342162396873643E-4
152	4.342162396873643E-4
153	4.342162396873643E-4
154	2.1710811984368216E-4
155	6.513243595310464E-4
156	0.0013026487190620929
157	2.1710811984368216E-4
158	4.342162396873643E-4
159	2.1710811984368216E-4
160	2.1710811984368216E-4
161	2.1710811984368216E-4
162	2.1710811984368216E-4
163	4.342162396873643E-4
164	4.342162396873643E-4
166	2.1710811984368216E-4
168	4.342162396873643E-4
169	2.1710811984368216E-4
170	4.342162396873643E-4
173	4.342162396873643E-4
175	4.342162396873643E-4
176	2.1710811984368216E-4
177	6.513243595310464E-4
178	0.0010855405992184109
179	2.1710811984368216E-4
181	4.342162396873643E-4
182	8.684324793747286E-4
184	6.513243595310464E-4
186	4.342162396873643E-4
190	2.1710811984368216E-4
191	2.1710811984368216E-4
192	4.342162396873643E-4
193	2.1710811984368216E-4
196	6.513243595310464E-4
199	2.1710811984368216E-4
200	6.513243595310464E-4
201	2.1710811984368216E-4
202	2.1710811984368216E-4
203	4.342162396873643E-4
206	2.1710811984368216E-4
207	2.1710811984368216E-4
208	8.684324793747286E-4
210	2.1710811984368216E-4
211	2.1710811984368216E-4
215	2.1710811984368216E-4
216	4.342162396873643E-4
217	2.1710811984368216E-4
219	2.1710811984368216E-4
220	2.1710811984368216E-4
223	4.342162396873643E-4
224	4.342162396873643E-4
227	2.1710811984368216E-4
230	4.342162396873643E-4
234	4.342162396873643E-4
236	2.1710811984368216E-4
239	4.342162396873643E-4
243	2.1710811984368216E-4
244	2.1710811984368216E-4
248	4.342162396873643E-4
252	6.513243595310464E-4
257	2.1710811984368216E-4
259	2.1710811984368216E-4
261	4.342162396873643E-4
270	2.1710811984368216E-4
271	2.1710811984368216E-4
275	4.342162396873643E-4
276	2.1710811984368216E-4
279	2.1710811984368216E-4
283	2.1710811984368216E-4
289	2.1710811984368216E-4
296	2.1710811984368216E-4
297	2.1710811984368216E-4
298	2.1710811984368216E-4
302	4.342162396873643E-4
319	4.342162396873643E-4
321	2.1710811984368216E-4
322	2.1710811984368216E-4
335	2.1710811984368216E-4
344	2.1710811984368216E-4
349	2.1710811984368216E-4
351	4.342162396873643E-4
356	2.1710811984368216E-4
360	2.1710811984368216E-4
373	2.1710811984368216E-4
377	2.1710811984368216E-4
379	2.1710811984368216E-4
383	2.1710811984368216E-4
398	2.1710811984368216E-4
415	2.1710811984368216E-4
439	2.1710811984368216E-4
447	2.1710811984368216E-4
457	2.1710811984368216E-4
458	2.1710811984368216E-4
461	2.1710811984368216E-4
480	2.1710811984368216E-4
496	2.1710811984368216E-4
524	2.1710811984368216E-4
534	2.1710811984368216E-4
555	2.1710811984368216E-4
605	2.1710811984368216E-4
612	2.1710811984368216E-4
644	2.1710811984368216E-4
670	2.1710811984368216E-4
695	2.1710811984368216E-4
700	2.1710811984368216E-4
736	2.1710811984368216E-4
749	2.1710811984368216E-4
760	2.1710811984368216E-4
764	2.1710811984368216E-4
769	2.1710811984368216E-4
796	2.1710811984368216E-4
803	2.1710811984368216E-4
