637119
19
312
637119 37 1 1 9 6 52
54767 20 0 0 7 6 32
54961 48 1 1 7 6 28
55138 201 1 1 7 6 28
107698 31 0 0 1 6 50
136255 247 0 0 7 6 47
146877 106 1 1 4 6 23
176954 28 1 0 7 6 30
196430 18 1 1 2 6 23
209845 52 1 0 6 6 45
219991 43 1 0 4 6 49
225186 166 0 0 7 6 18
347549 66 1 0 3 6 44
350065 49 1 0 2 6 46
452756 53 0 1 7 6 20
465866 13 0 0 8 6 34
511106 42 1 0 3 6 56
547809 30 0 1 7 6 27
578269 23 0 0 1 6 43
596876 18 0 0 0 6 49
617840 15 0 0 7 6 41
630968 21 1 1 7 5 36
637188 15 0 0 5 6 44
637740 30 1 0 7 6 29
656088 81 1 0 5 6 20
676304 48 1 0 7 6 50
699014 53 0 0 1 6 52
811215 21 1 0 7 6 25
858561 29 1 1 1 6 28
964032 13 1 0 7 6 53
984098 22 1 0 7 6 29
1143218 12 0 0 7 6 41
1145617 10 0 0 2 6 43
1161641 10 0 0 7 6 44
1211246 2 1 1 7 5 9
1439146 6 0 0 6 6 47
1439154 7 0 0 7 6 36
1439162 12 1 0 1 6 47
