214728
19
305
214728 398 1 0 1 6 16
10406 37 1 0 1 5 18
19002 26 1 0 1 6 16
26424 63 0 0 1 6 18
28071 22 0 0 2 6 18
29151 44 0 0 4 6 16
31526 24 0 0 1 6 17
32299 18 1 0 1 6 17
43769 6 0 0 3 6 16
43771 11 0 0 1 6 16
47676 40 1 0 6 6 17
50340 215 1 0 7 6 17
58720 236 0 0 8 6 18
61298 182 0 0 1 6 15
63395 566 1 0 2 6 18
68596 508 1 0 4 6 21
68601 272 1 0 2 6 19
68939 88 1 0 1 5 19
79232 9 1 0 2 6 19
87696 16 0 0 4 6 15
88282 8 1 0 1 6 17
88284 29 1 0 2 5 16
88290 89 1 0 4 6 19
102865 45 1 0 2 6 18
107385 19 0 0 2 6 17
113089 31 0 0 4 6 20
113315 168 1 0 2 6 21
121719 33 0 0 1 6 18
124534 31 1 0 1 6 18
125703 51 0 0 4 6 19
141086 312 1 0 9 6 19
142866 29 1 0 2 6 18
146954 276 1 0 6 6 20
147081 48 1 0 4 5 20
147335 64 1 0 1 6 17
147565 23 0 0 4 6 16
147688 30 1 0 2 5 19
150395 23 1 0 2 6 19
151137 32 1 0 2 6 15
156606 67 1 0 5 6 17
158012 37 1 0 4 6 17
159988 106 1 0 8 6 19
162024 25 1 0 2 6 18
162037 420 1 1 2 6 21
163447 564 1 0 2 6 18
166886 57 1 0 1 6 19
173514 12 1 0 1 6 19
182862 36 1 0 2 6 19
184471 26 0 0 2 6 18
186487 27 1 0 2 5 17
190304 435 1 0 5 6 20
193260 15 1 0 2 6 17
194050 21 1 0 1 5 16
194816 62 1 0 2 6 19
195111 5 1 0 2 5 18
195114 6 1 0 2 5 19
197699 25 0 0 2 6 17
203718 137 0 0 4 6 24
209056 71 1 0 8 6 29
209094 11 0 1 6 6 16
214725 349 1 1 1 6 25
218501 39 1 0 1 6 17
222433 72 1 0 9 6 19
222443 200 1 0 9 6 18
222445 20 0 0 9 5 20
222490 19 0 0 4 5 15
226882 26 1 0 1 6 16
230666 36 0 0 1 6 21
231067 8 0 0 2 6 17
231533 62 0 0 6 6 13
232028 22 0 0 5 6 18
246228 58 1 0 2 6 17
246772 25 0 0 1 6 16
249394 24 1 0 4 6 17
250764 123 1 0 1 6 18
252394 6 1 0 1 6 17
254381 14 1 0 4 6 17
256515 29 1 0 2 5 15
256557 9 0 0 2 6 14
256649 35 1 0 2 6 15
256977 24 1 0 2 5 15
258178 47 1 0 1 6 16
268022 9 1 0 2 5 17
274470 138 1 0 2 6 19
275763 31 0 0 2 6 19
276367 200 1 0 8 6 19
276782 25 1 0 1 6 19
277217 8 0 0 1 6 22
277462 104 1 0 4 6 22
277463 59 1 0 4 5 21
280209 18 1 0 4 6 16
280590 37 1 0 9 6 18
280641 6 1 0 1 6 16
283186 8 0 0 0 6 17
284889 4 0 0 4 5 16
287147 38 1 0 7 6 19
287451 25 0 0 4 6 16
290016 35 1 0 1 6 15
291035 34 0 0 9 6 18
296531 23 1 0 1 6 17
297104 31 1 0 4 6 29
297151 52 1 0 2 6 19
305412 51 1 0 1 6 18
311543 28 1 0 2 6 18
312178 13 1 0 1 6 17
313177 38 1 0 2 6 15
316105 92 1 0 1 6 21
317142 14 1 0 6 6 20
317439 150 1 1 1 6 40
322665 28 0 0 1 6 19
323502 74 1 0 4 6 19
325177 29 1 0 9 6 20
331546 31 1 0 9 6 15
331987 27 1 0 2 5 21
334340 72 1 0 2 6 18
338470 36 1 0 1 6 19
347933 54 1 0 1 6 19
349079 15 1 0 4 6 16
349340 46 1 0 1 6 24
352084 20 1 0 2 6 18
352127 28 1 0 4 5 29
353998 14 1 0 1 6 18
354521 10 1 0 1 6 17
355028 79 1 0 1 6 16
355285 23 1 0 4 5 17
355336 91 1 0 7 6 18
355476 59 1 0 3 6 16
355782 85 1 0 1 6 18
360791 6 0 0 9 6 21
363616 32 1 0 1 6 22
364475 17 1 0 1 5 18
364496 16 0 0 4 6 20
364975 187 1 0 1 5 19
365727 73 1 0 2 5 18
367683 61 0 0 7 6 15
367733 38 1 0 9 5 15
367776 15 0 0 9 6 22
367918 14 0 0 4 5 21
370731 11 1 0 1 6 18
371220 12 0 0 2 6 17
384575 15 0 0 8 5 18
384576 35 1 0 2 5 22
384579 15 1 1 4 6 15
384730 31 1 0 4 6 18
384731 35 1 0 4 6 17
384733 12 0 0 5 6 21
384735 38 0 0 5 6 21
384736 42 1 1 6 6 22
384755 34 0 0 4 6 21
384756 1 0 1 4 6 20
384757 7 0 0 4 6 19
384758 23 0 0 4 6 15
384799 4 0 0 4 5 15
384807 19 1 0 4 6 20
384834 26 1 0 9 5 19
384835 6 0 0 9 6 19
384836 79 0 0 2 6 20
384838 17 1 0 2 5 19
384839 63 1 0 9 6 17
384840 32 1 0 2 5 20
384841 13 0 0 4 5 15
384867 20 1 0 2 5 19
384868 8 0 0 1 5 18
384872 14 0 0 4 5 20
384873 12 0 0 4 6 17
384886 26 1 0 6 6 16
384888 13 1 0 8 5 25
384958 13 0 0 4 6 20
384960 9 1 0 2 5 19
384965 9 0 0 4 6 18
385005 14 1 0 4 6 19
385013 20 0 0 1 5 17
385014 21 0 0 4 6 22
385138 8 1 0 2 6 21
385197 57 1 0 2 5 18
385781 18 0 0 2 5 15
385786 29 1 0 8 5 17
385831 33 1 0 2 5 22
385833 41 1 0 1 5 16
385836 12 1 0 9 5 20
385936 25 1 0 7 5 20
385938 15 0 0 1 5 17
385942 7 0 0 9 5 18
385946 9 1 0 3 5 18
385949 8 1 0 2 5 18
385950 15 1 0 9 5 18
385958 7 0 0 9 5 17
386107 22 1 0 6 5 23
386113 17 0 0 7 5 16
386164 43 1 0 1 5 17
386169 33 1 0 4 6 17
386214 36 0 0 9 6 18
386270 8 1 0 3 6 23
386409 19 0 0 6 6 19
386411 26 1 0 1 5 19
386420 10 1 0 2 5 20
387160 38 0 0 6 6 19
387225 14 0 0 1 5 15
387286 47 1 0 2 5 18
388939 15 1 0 1 6 17
389432 28 1 0 1 6 16
391307 18 1 0 2 6 17
398437 42 1 0 1 6 16
400042 10 1 0 1 6 17
425027 15 1 0 2 5 16
427516 15 1 0 1 6 17
430560 22 1 0 2 6 17
441602 2 0 0 1 6 18
443115 18 1 0 1 6 18
447513 46 1 0 1 5 16
447635 14 1 0 1 6 17
447637 7 1 0 1 6 18
447639 11 1 0 1 6 17
447722 19 1 0 1 6 17
447723 10 0 0 1 5 18
447727 9 1 0 1 5 17
449184 105 1 1 6 6 19
456065 18 1 0 1 6 17
458834 19 1 0 2 6 18
458897 11 1 0 1 6 18
462410 11 1 0 1 5 17
463325 5 0 0 2 5 19
464473 55 1 0 8 6 18
465134 51 1 1 2 6 16
466272 51 1 0 1 6 17
468442 12 1 0 1 6 18
468884 20 0 0 2 6 17
469820 13 1 0 1 6 18
471408 14 1 0 1 6 19
471521 16 1 0 1 5 18
472347 47 1 0 1 6 17
473309 17 0 0 1 6 17
476657 8 1 0 1 5 17
487769 8 1 0 1 5 17
488689 7 1 0 2 5 16
488924 15 0 0 2 5 18
489477 46 1 0 2 6 15
514035 240 1 1 2 6 20
524808 20 1 0 2 5 16
529247 6 1 0 1 5 18
529331 10 1 0 1 6 18
531857 20 1 0 1 6 19
535451 9 1 0 1 6 18
538156 274 1 1 2 6 21
542009 22 0 0 2 6 17
562328 8 1 0 2 6 18
563107 35 1 0 2 5 17
568754 15 0 0 2 6 18
569785 33 0 0 1 6 18
576353 35 0 1 6 6 18
583138 52 0 0 1 6 16
586650 21 1 0 2 5 19
587306 36 1 1 2 6 13
597514 53 1 0 2 5 18
614265 89 1 1 2 6 18
637227 11 1 0 1 5 18
646857 31 1 0 1 6 17
647940 14 1 0 4 6 15
648885 5 0 0 2 5 18
668211 5 1 0 1 5 18
672278 15 1 0 1 6 19
681548 32 1 0 1 6 15
688539 8 1 0 1 5 17
695450 29 0 0 2 6 15
695731 30 1 0 1 6 17
703801 2 0 0 2 5 16
713567 10 0 0 1 6 17
718496 6 0 0 1 5 19
724741 14 1 0 1 6 15
726936 15 1 0 1 6 17
747730 11 1 0 1 6 17
752581 16 0 0 4 6 18
753980 21 1 0 2 6 18
758191 32 1 0 2 6 16
758276 31 1 0 2 5 19
770745 7 0 0 2 5 18
773341 24 1 0 2 6 16
776979 21 1 0 2 6 17
777284 13 1 0 2 5 16
778022 4 1 0 2 6 17
778047 2 0 0 2 5 17
778080 7 1 0 2 5 16
778110 9 1 0 2 5 18
778113 27 1 0 2 5 15
778265 4 1 0 2 5 16
779570 10 0 0 1 6 18
783381 27 0 0 4 6 18
783485 7 1 0 6 6 18
786350 3 1 0 1 6 15
793702 22 1 0 2 6 16
800649 48 1 1 1 6 16
809486 16 1 0 1 6 19
810036 4 0 0 2 5 17
817712 9 1 0 1 5 19
820264 9 1 0 1 5 18
826754 8 1 0 1 5 16
827602 3 1 0 1 6 21
828234 4 0 0 1 6 18
831623 36 1 0 2 6 15
835093 12 0 0 1 6 17
837885 3 0 0 1 5 16
843431 5 1 0 2 5 18
845130 22 1 0 2 6 18
846136 7 1 0 2 5 16
852779 3 1 0 4 6 17
860044 7 1 0 2 5 18
862873 15 1 0 1 6 16
866157 6 1 0 1 6 18
867641 9 1 0 2 5 15
889017 4 1 0 1 5 18
893145 3 1 0 1 5 17
897325 5 1 0 2 6 16
903341 9 1 0 1 6 17
910087 8 1 0 1 5 18
921476 2 0 0 3 5 16
928533 4 0 0 2 5 19
938502 10 1 0 2 5 15
938555 4 1 0 2 5 15
953028 7 1 0 1 6 18
954846 6 1 0 2 5 19
969495 10 1 0 1 6 17
969517 5 1 0 1 5 16
970845 9 1 0 1 5 17
974170 7 0 0 1 5 16
974512 12 1 0 1 5 16
977740 7 1 0 1 5 17
982930 10 1 0 2 5 12
986492 12 1 0 1 5 17
986865 5 1 0 1 5 19
986903 6 0 0 2 5 17
987039 6 1 0 1 5 18
987155 7 1 0 1 5 18
987438 4 1 0 1 5 15
987462 4 1 0 1 6 19
987479 4 1 0 1 5 18
987480 3 1 0 1 5 19
987546 3 1 0 1 5 18
987547 5 1 0 1 5 17
987583 10 1 0 1 6 18
987646 5 0 0 1 6 18
988500 9 1 0 2 6 18
1000297 10 1 0 1 6 19
1017606 3 1 0 1 6 18
1019856 9 1 0 2 5 18
1021895 9 0 0 4 6 18
1022073 3 1 0 1 5 17
1022120 5 1 0 2 5 16
1022143 10 1 0 2 6 16
1023285 6 1 0 2 6 16
1024626 4 1 0 1 5 19
1034685 3 1 0 2 5 16
1042028 17 1 0 2 6 18
1048138 5 1 0 1 5 16
1048541 18 1 1 2 6 29
1068045 23 1 1 7 6 11
1083095 4 1 0 2 5 19
1083208 2 1 0 2 6 15
1083211 4 1 0 1 6 15
1083365 4 1 0 1 6 15
1083386 5 1 0 2 5 16
1107011 1 0 0 4 6 15
1119507 1 1 0 1 5 16
1119602 1 1 0 2 5 18
1119758 1 0 0 1 5 16
1119783 3 1 0 2 5 16
1119784 1 1 0 2 5 17
1119785 6 1 0 1 5 17
1119788 2 1 0 1 5 18
1119790 2 0 0 1 5 17
1119818 1 1 0 1 5 16
1119819 6 1 0 1 5 17
1119820 8 1 0 1 6 15
1119825 1 1 0 6 5 16
1119837 1 0 0 1 5 17
1119866 13 1 0 2 6 18
1119867 3 0 0 1 5 18
1119868 3 1 0 1 6 17
1119869 1 1 0 2 6 19
1119870 5 1 0 1 6 18
1119887 2 1 0 1 5 17
1119888 5 1 0 1 6 15
1119889 3 1 0 1 6 19
1119890 1 1 0 1 5 18
1119891 4 1 0 1 5 18
1119896 23 1 0 6 6 15
1119897 1 1 0 1 6 17
1119898 7 1 0 1 5 18
1119904 3 1 0 1 5 18
1119905 3 0 0 2 5 18
1119906 8 1 0 2 5 17
1119907 1 0 0 1 6 17
1119924 1 0 0 2 5 18
1119925 2 1 0 2 5 18
1119942 12 1 0 1 6 16
1119948 10 1 0 1 6 19
1119961 6 1 0 1 5 16
1119977 11 1 0 1 6 15
1119982 5 1 0 1 5 16
1120017 2 0 0 1 5 18
