676304
19
309
676304 48 1 0 7 6 50
60013 34 1 1 0 6 24
78673 98 1 1 6 6 15
157069 31 1 1 1 6 27
212908 58 0 1 2 6 45
216340 351 1 1 4 6 21
228939 47 0 1 4 6 32
282672 66 0 1 3 6 25
284463 24 0 0 4 6 34
284466 33 1 0 0 5 39
308062 13 1 1 7 6 19
372765 33 1 1 7 6 38
398025 99 1 1 4 6 21
413051 77 0 1 7 6 53
421655 50 1 1 7 6 48
444931 125 1 1 7 6 31
476239 77 0 1 8 6 44
550458 32 0 1 7 6 32
584019 47 0 1 0 6 38
628877 30 0 1 7 6 29
634067 20 1 1 4 5 54
637119 37 1 1 9 6 52
657370 112 0 1 4 5 57
666248 27 0 1 7 6 33
700379 29 1 1 7 6 22
826936 3 0 1 7 6 51
835304 47 1 1 1 6 45
851715 20 0 0 5 6 36
899966 36 0 1 2 6 58
933821 14 0 1 5 6 37
941238 71 1 1 2 6 42
996581 19 0 1 5 6 35
1019773 36 1 1 2 6 47
1021057 23 0 1 7 6 30
1028592 32 1 1 7 6 25
1068418 3 1 1 7 6 28
1074764 11 1 1 3 6 44
1098591 17 1 1 4 6 55
1120180 3 0 1 5 6 39
1131327 11 1 1 7 6 45
1163392 14 1 1 7 6 35
1171446 11 0 1 7 6 30
1190781 19 0 1 8 6 44
1205742 5 0 1 7 6 27
1212377 5 0 1 1 6 38
1258622 6 1 1 7 6 54
1367741 19 1 1 7 6 38
1425415 13 1 1 7 6 47
1452988 11 1 1 7 5 32
