1068045
19
306
1068045 23 1 1 7 6 11
181981 169 1 1 4 6 16
214728 398 1 0 1 6 16
282142 69 1 0 2 6 23
285892 28 0 1 7 6 23
320874 70 0 0 7 5 18
324724 95 1 0 7 6 20
344392 8 0 0 7 6 37
361585 28 1 0 2 6 19
367889 48 1 1 7 6 15
600870 39 1 0 4 6 19
728468 34 1 0 4 6 27
750240 73 1 0 2 6 17
779277 20 0 0 7 6 19
835243 13 1 1 7 6 25
861451 23 1 0 7 5 19
962301 55 1 0 7 6 21
983359 10 1 1 2 5 26
1014489 38 1 1 7 6 19
1071484 76 1 1 4 6 21
1207731 13 1 1 4 6 21
1244482 4 1 0 7 6 13
1248331 17 0 0 7 6 42
1445142 4 1 0 7 6 10
