511106
19
313
511106 42 1 0 3 6 56
40007 71 1 0 3 6 55
45657 9 0 1 3 6 57
135275 18 1 0 7 6 59
163839 60 0 0 2 6 55
314615 42 1 0 3 6 12
338756 14 0 0 3 6 55
404753 33 1 1 3 6 13
427834 24 0 0 3 6 30
428303 15 0 0 3 6 41
451219 88 0 1 3 6 27
468052 22 1 0 5 5 46
491685 114 1 0 5 6 52
495818 8 0 0 3 6 32
522108 12 0 1 0 6 57
582012 26 1 0 3 6 57
592293 19 0 1 0 6 50
592346 21 0 1 0 6 52
605292 7 1 1 3 6 15
621500 142 1 0 7 6 56
637119 37 1 1 9 6 52
680310 16 0 0 3 6 52
683753 21 0 1 3 6 34
733134 19 0 0 5 6 61
779651 7 0 0 4 6 38
869367 5 0 1 5 6 53
872025 1 0 0 3 6 99
885961 12 0 1 2 6 52
994933 24 0 1 3 6 48
1098545 12 0 0 5 6 60
1099402 22 0 0 3 6 33
1105723 14 1 0 2 5 31
1168353 12 0 0 3 6 47
1171085 22 1 1 3 6 52
1355035 10 1 0 3 6 50
1377898 4 1 0 5 6 57
1377906 13 1 0 3 6 52
1378027 10 0 1 5 6 58
1378053 6 1 0 3 6 57
1378074 3 0 1 4 6 56
1378075 4 0 0 0 6 54
1378076 2 1 0 7 6 49
1378084 3 1 0 8 6 59
