457067
441602
888698
108607
87845
214728
1345900
605670
232570
385833
290016
819570
224514
108622
1244257
1337512
1034016
1481225
1121491
124243
416237
622069
483826
290458
288089
184992
934438
88570
568945
211485
330261
48872
1208197
229095
49325
55323
86004
157548
48731
998993
331497
322156
1287803
876233
96596
532101
185422
646305
777374
87124
66240
148596
413068
287453
54552
179210
728133
76954
1144017
290028
58273
351233
271112
39909
299780
94968
126480
311888
90677
277897
28236
259523
47672
480116
47831
285456
292196
55958
263430
767351
334522
228652
999386
4206
87931
106639
153407
186345
176246
1345820
49104
1345971
530264
1345970
370978
87921
248164
14057
1345972
354729
