1155360
987488
698934
1536164
201788
348207
614428
501794
721268
501796
714808
501814
1241197
578013
621500
63548
450676
1462622
553019
766233
882135
1344021
1294392
1346473
1107006
1087575
1550675
598243
614425
617766
1279276
1476284
116461
209468
1470687
451598
512747
457689
411612
170592
1042152
1225047
882139
106695
1343731
561153
40007
1343817
934399
1386208
791609
598244
1092426
1379294
1533097
1002163
1198939
673568
168118
178196
511098
882138
787811
281523
1352418
1440174
1007724
1086302
907806
950413
469144
297324
441158
489477
387286
418170
1520077
746111
1007682
524867
332267
214728
163447
41533
333880
1191818
509670
862712
1425826
575529
1019194
780622
280590
366661
970845
1023851
532495
1021000
1019289
338010
